0
21.21371841430664
15.536046028137207
21.775056838989258
1.999999987845058e-08
9.433931350708008
10.208600997924805
15.017915725708008
-1.999999987845058e-08
6.992875099182129
11.513834953308105
7.253015995025635
1.999999987845058e-08
15.90218734741211
15.380011558532715
0.3226069211959839
-1.999999987845058e-08
24.589553833007812
17.074825286865234
-1.2305045127868652
1.999999987845058e-08
21.944623947143555
14.43368148803711
1.1173681020736694
-1.999999987845058e-08
9.73507308959961
7.302187442779541
0.16095954179763794
1.999999987845058e-08
-3.2015044689178467
-0.13104194402694702
-3.932435989379883
-1.999999987845058e-08
-10.586532592773438
-3.101867437362671
-5.49942684173584
1.999999987845058e-08
-10.586533546447754
-3.101867437362671
-5.49942684173584
-1.999999987845058e-08
-11.357584953308105
-3.4321937561035156
-5.8425092697143555
1.999999987845058e-08
-9.919326782226562
-5.805356502532959
-9.215008735656738
-1.999999987845058e-08
-12.291266441345215
-9.858800888061523
-13.324299812316895
1.999999987845058e-08
-16.62465476989746
-12.045809745788574
-15.279099464416504
-1.999999987845058e-08
-13.557486534118652
-9.935539245605469
-16.378984451293945
1.999999987845058e-08
-2.3860390186309814
-2.994502067565918
-15.162696838378906
-1.999999987845058e-08
4.553994178771973
4.649285793304443
-9.175863265991211
1.999999987845058e-08
1.2188202142715454
6.116049766540527
-3.1280617713928223
-1.999999987845058e-08
-4.339909076690674
1.3455320596694946
-1.4694061279296875
1.999999987845058e-08
-35.99813461303711
-21.972766876220703
-7.918277263641357
-1.999999987845058e-08
-45.92661666870117
-31.546051025390625
-16.06441307067871
1.999999987845058e-08
-56.217166900634766
-40.03809356689453
-20.805397033691406
-1.999999987845058e-08
-61.71248245239258
-45.223419189453125
-25.785411834716797
1.999999987845058e-08
-57.723846435546875
-42.83798599243164
-30.06601905822754
-1.999999987845058e-08
-45.141998291015625
-34.546112060546875
-30.702051162719727
1.999999987845058e-08
-28.573017120361328
-27.8148193359375
-29.332780838012695
-1.999999987845058e-08
-17.313640594482422
-25.5655574798584
-26.656715393066406
1.999999987845058e-08
-18.793865203857422
-25.03404998779297
-21.244091033935547
-1.999999987845058e-08
-26.985782623291016
-25.347007751464844
-16.503129959106445
1.999999987845058e-08
-18.793865203857422
-25.03404998779297
-21.244091033935547
-1.999999987845058e-08
-26.985782623291016
-25.347007751464844
-16.503129959106445
1.999999987845058e-08
-29.382495880126953
-27.018999099731445
-16.735326766967773
-1.999999987845058e-08
-23.402870178222656
-27.350032806396484
-19.23130989074707
1.999999987845058e-08
-13.877182960510254
-23.922700881958008
-19.90496826171875
-1.999999987845058e-08
-2.608959197998047
-18.73965835571289
-19.23356819152832
1.999999987845058e-08
9.650076866149902
-13.98436164855957
-16.73110580444336
-1.999999987845058e-08
18.173006057739258
-9.645249366760254
-9.880051612854004
1.999999987845058e-08
17.285982131958008
-7.942765235900879
-1.7198154926300049
-1.999999987845058e-08
9.738842964172363
-10.001954078674316
1.6623882055282593
1.999999987845058e-08
8.115462303161621
-8.677489280700684
2.2240588665008545
-1.999999987845058e-08
18.83461570739746
1.7801308631896973
6.893078804016113
1.999999987845058e-08
30.129507064819336
13.035748481750488
14.598773002624512
-1.999999987845058e-08
26.66631317138672
13.724226951599121
18.0291690826416
1.999999987845058e-08
11.156219482421875
6.204506874084473
15.404949188232422
-1.999999987845058e-08
-1.2339260578155518
0.23722684383392334
10.958440780639648
1.999999987845058e-08
-3.6829631328582764
-1.170162558555603
7.600707530975342
-1.999999987845058e-08
-2.307366132736206
-1.2600806951522827
5.984353542327881
1.999999987845058e-08
-6.541957378387451
-3.173085927963257
6.151226043701172
-1.999999987845058e-08
-15.83630084991455
-6.331592082977295
6.370561599731445
1.999999987845058e-08
-3.6829631328582764
-1.170162558555603
7.600707530975342
-1.999999987845058e-08
-2.307366132736206
-1.2600806951522827
5.984353542327881
1.999999987845058e-08
-6.541957378387451
-3.173085927963257
6.151226043701172
-1.999999987845058e-08
-15.83630084991455
-6.331592082977295
6.370561599731445
1.999999987845058e-08
-16.837331771850586
-5.6906561851501465
5.52073335647583
-1.999999987845058e-08
-3.3664920330047607
0.8453972935676575
5.553377628326416
1.999999987845058e-08
14.549890518188477
7.370944976806641
6.660615921020508
-1.999999987845058e-08
28.945579528808594
9.892106056213379
7.341833591461182
1.999999987845058e-08
38.5390510559082
11.838216781616211
10.421858787536621
-1.999999987845058e-08
40.20748519897461
14.325469017028809
17.174638748168945
1.999999987845058e-08
-9.27662467956543
0.2169136106967926
3.6533255577087402
-1.999999987845058e-08
-15.200874328613281
-4.195220947265625
-2.8637547492980957
1.999999987845058e-08
-8.577676773071289
-2.610841751098633
-8.045427322387695
-1.999999987845058e-08
4.5877685546875
-1.730364441871643
-14.426212310791016
1.999999987845058e-08
10.472740173339844
-2.1300594806671143
-17.13174819946289
-1.999999987845058e-08
3.970926284790039
-0.43840736150741577
-13.281198501586914
1.999999987845058e-08
-4.30137300491333
1.3276052474975586
-10.578069686889648
-1.999999987845058e-08
-1.7879735231399536
1.4420982599258423
-13.271775245666504
1.999999987845058e-08
9.206887245178223
3.5016567707061768
-13.687705039978027
-1.999999987845058e-08
16.1934757232666
7.3716654777526855
-8.063321113586426
1.999999987845058e-08
-0.05295255407691002
0.7500892281532288
-4.500800132751465
-1.999999987845058e-08
-12.832341194152832
-5.977850914001465
-8.18654727935791
1.999999987845058e-08
-18.942537307739258
-9.554773330688477
-12.253442764282227
-1.999999987845058e-08
-16.132421493530273
-9.583233833312988
-15.208993911743164
1.999999987845058e-08
-7.004549503326416
-6.081944465637207
-14.924370765686035
-1.999999987845058e-08
4.344675540924072
-0.8046566247940063
-12.34199333190918
1.999999987845058e-08
13.026151657104492
3.249032974243164
-9.599953651428223
-1.999999987845058e-08
14.174762725830078
5.972244739532471
-5.2148590087890625
1.999999987845058e-08
9.496281623840332
8.722063064575195
0.9420201182365417
-1.999999987845058e-08
6.542393207550049
10.114950180053711
4.126815319061279
1.999999987845058e-08
5.634354114532471
9.007278442382812
3.2139830589294434
-1.999999987845058e-08
0.23331555724143982
7.400081157684326
1.988731026649475
1.999999987845058e-08
-8.486701965332031
5.129312515258789
-0.7745689749717712
-1.999999987845058e-08
-12.058701515197754
0.08596209436655045
-8.056401252746582
1.999999987845058e-08
-7.837308883666992
-3.8726859092712402
-13.754875183105469
-1.999999987845058e-08
-0.7800755500793457
-1.0217348337173462
-10.8914794921875
1.999999987845058e-08
5.565528869628906
5.859472751617432
-4.563335418701172
-1.999999987845058e-08
11.111312866210938
10.43667221069336
-2.601224899291992
1.999999987845058e-08
15.090704917907715
12.616661071777344
-2.817734718322754
-1.999999987845058e-08
18.192747116088867
15.256498336791992
-0.736796498298645
1.999999987845058e-08
18.192747116088867
15.256498336791992
-0.7367965579032898
-1.999999987845058e-08
22.210039138793945
18.151569366455078
2.163224458694458
1.999999987845058e-08
21.934919357299805
19.631555557250977
4.970883369445801
-1.999999987845058e-08
10.584720611572266
17.557415008544922
8.15414810180664
1.999999987845058e-08
-6.473618507385254
9.262530326843262
7.417559623718262
-1.999999987845058e-08
-17.65612030029297
-2.2491631507873535
0.9386506676673889
1.999999987845058e-08
-18.18889808654785
-6.940978050231934
-3.6408393383026123
-1.999999987845058e-08
-10.157013893127441
-1.8642078638076782
-1.6742284297943115
1.999999987845058e-08
0.46179836988449097
2.597088575363159
0.43757498264312744
-1.999999987845058e-08
6.560703277587891
0.05233198404312134
-1.2182321548461914
1.999999987845058e-08
6.560703277587891
0.05233194679021835
-1.218232274055481
-1.999999987845058e-08
5.669816493988037
-2.254473924636841
-0.6020980477333069
1.999999987845058e-08
0.6977225542068481
0.8012489676475525
4.541691780090332
-1.999999987845058e-08
-4.168412685394287
3.676299571990967
6.634892463684082
1.999999987845058e-08
-4.939175128936768
3.3858695030212402
2.594912528991699
-1.999999987845058e-08
-0.8699485659599304
4.213135242462158
-0.5612214207649231
1.999999987845058e-08
2.736546039581299
6.335652828216553
0.9003864526748657
-1.999999987845058e-08
1.408023476600647
5.021353244781494
2.620640993118286
1.999999987845058e-08
-2.147151470184326
0.4462716579437256
2.594160556793213
-1.999999987845058e-08
-1.673464298248291
-2.256072759628296
3.8884847164154053
1.999999987845058e-08
-1.673464298248291
-2.256072759628296
3.8884847164154053
-1.999999987845058e-08
5.0342698097229
0.1727769672870636
8.228191375732422
1.999999987845058e-08
11.74167251586914
6.280086040496826
14.631525039672852
-1.999999987845058e-08
11.080925941467285
10.993087768554688
20.71227264404297
1.999999987845058e-08
5.957948684692383
10.525986671447754
23.123104095458984
-1.999999987845058e-08
6.8830156326293945
8.607232093811035
21.32436180114746
1.999999987845058e-08
18.63714027404785
12.479974746704102
19.24898338317871
-1.999999987845058e-08
32.410484313964844
19.636817932128906
19.03769874572754
1.999999987845058e-08
34.02695083618164
19.232519149780273
18.69721221923828
-1.999999987845058e-08
20.669240951538086
10.510063171386719
19.213966369628906
1.999999987845058e-08
3.425278902053833
3.7209572792053223
22.63116455078125
-1.999999987845058e-08
-6.206155300140381
1.3951693773269653
23.178855895996094
1.999999987845058e-08
-5.959650039672852
-1.1314259767532349
16.84149742126465
-1.999999987845058e-08
-1.7424684762954712
-2.171297788619995
11.508552551269531
1.999999987845058e-08
-0.771825909614563
-0.7588607668876648
10.672435760498047
-1.999999987845058e-08
-4.4129767417907715
-1.8687809705734253
7.278559684753418
1.999999987845058e-08
-9.15391731262207
-3.257523775100708
3.0126078128814697
-1.999999987845058e-08
-11.218384742736816
0.7539818286895752
5.103460788726807
1.999999987845058e-08
-7.82964563369751
4.17288064956665
7.770583152770996
-1.999999987845058e-08
-0.8292068839073181
0.5035162568092346
4.3888163566589355
1.999999987845058e-08
-8.81698226928711
2.2100563049316406
6.539129734039307
-1.999999987845058e-08
-12.102828979492188
-1.7384309768676758
-1.0810048580169678
1.999999987845058e-08
-5.445065021514893
-2.920954465866089
-6.036751747131348
-1.999999987845058e-08
2.5339953899383545
1.3800076246261597
-3.067296028137207
1.999999987845058e-08
0.5654265880584717
3.2612721920013428
1.0662758350372314
-1.999999987845058e-08
-8.398193359375
0.07449877262115479
1.7321267127990723
1.999999987845058e-08
-11.791959762573242
-2.2967846393585205
0.4088253080844879
-1.999999987845058e-08
-5.375253200531006
-0.46831047534942627
-1.6629213094711304
1.999999987845058e-08
3.3217062950134277
3.915395736694336
-2.1157054901123047
-1.999999987845058e-08
6.49542760848999
8.160003662109375
2.2612364292144775
1.999999987845058e-08
6.49542760848999
8.160003662109375
2.2612361907958984
-1.999999987845058e-08
1.9525537490844727
8.589709281921387
8.048501968383789
1.999999987845058e-08
-7.4439005851745605
4.268726348876953
8.714461326599121
-1.999999987845058e-08
-15.084531784057617
1.4629323482513428
6.216121196746826
1.999999987845058e-08
-17.90327262878418
4.077527046203613
6.465001106262207
-1.999999987845058e-08
-18.46132469177246
6.426828861236572
7.624536037445068
1.999999987845058e-08
-14.160263061523438
6.230785846710205
6.028710842132568
-1.999999987845058e-08
0.5028950572013855
10.4866304397583
6.097731113433838
1.999999987845058e-08
20.17226791381836
20.181806564331055
11.863238334655762
-1.999999987845058e-08
33.356895446777344
26.15325927734375
18.259973526000977
1.999999987845058e-08
33.51091766357422
23.174169540405273
20.209640502929688
-1.999999987845058e-08
21.426382064819336
14.805499076843262
18.472070693969727
1.999999987845058e-08
7.640157222747803
6.7702741622924805
13.69334602355957
-1.999999987845058e-08
6.282093524932861
4.1766204833984375
7.784633159637451
1.999999987845058e-08
18.36033058166504
8.759293556213379
6.530001163482666
-1.999999987845058e-08
28.86337661743164
14.001954078674316
10.058165550231934
1.999999987845058e-08
25.77634620666504
12.575828552246094
10.99632740020752
-1.999999987845058e-08
13.225301742553711
7.812137603759766
7.537416934967041
1.999999987845058e-08
0.4878135919570923
5.341371536254883
4.420005798339844
-1.999999987845058e-08
-9.14604663848877
1.352442741394043
0.8288500905036926
1.999999987845058e-08
-13.257625579833984
-10.180598258972168
-11.104024887084961
-1.999999987845058e-08
-9.814364433288574
-6.217000961303711
-9.155426979064941
1.999999987845058e-08
-7.20428466796875
-2.855344772338867
-5.8763909339904785
-1.999999987845058e-08
-4.55085563659668
-3.4999072551727295
-5.013185977935791
1.999999987845058e-08
-0.003416509134694934
-1.7124793529510498
-2.6535322666168213
-1.999999987845058e-08
2.565671920776367
2.314445734024048
0.7793039083480835
1.999999987845058e-08
-2.8632357120513916
0.665064811706543
-0.21517272293567657
-1.999999987845058e-08
-12.704021453857422
-5.87924337387085
-4.929009437561035
1.999999987845058e-08
-15.639203071594238
-9.29830265045166
-8.751791954040527
-1.999999987845058e-08
-7.350657939910889
-7.9199676513671875
-10.891270637512207
1.999999987845058e-08
-2.8632357120513916
0.665064811706543
-0.21517272293567657
-1.999999987845058e-08
-12.704021453857422
-5.87924337387085
-4.929009437561035
1.999999987845058e-08
-15.639203071594238
-9.29830265045166
-8.751791954040527
-1.999999987845058e-08
-7.350657939910889
-7.9199676513671875
-10.891270637512207
1.999999987845058e-08
4.868490219116211
-4.961763858795166
-10.298776626586914
-1.999999987845058e-08
11.142125129699707
-1.8540840148925781
-4.333921432495117
1.999999987845058e-08
7.754551887512207
-0.32758209109306335
3.564175605773926
-1.999999987845058e-08
-0.2901380658149719
-1.855581283569336
6.485313892364502
1.999999987845058e-08
-4.3857879638671875
-3.7277371883392334
4.710796356201172
-1.999999987845058e-08
-3.536180019378662
-3.786759376525879
3.4103264808654785
1.999999987845058e-08
-18.616504669189453
-8.160365104675293
-7.619753360748291
-1.999999987845058e-08
-17.598291397094727
-13.634537696838379
-16.45612907409668
1.999999987845058e-08
-22.379655838012695
-21.762479782104492
-24.186384201049805
-1.999999987845058e-08
-28.906482696533203
-26.893857955932617
-27.868623733520508
1.999999987845058e-08
-26.17329216003418
-27.06591033935547
-30.671693801879883
-1.999999987845058e-08
-12.164737701416016
-23.91327667236328
-33.596473693847656
1.999999987845058e-08
4.621304035186768
-17.569047927856445
-30.85794448852539
-1.999999987845058e-08
15.488208770751953
-9.089310646057129
-21.1605281829834
1.999999987845058e-08
17.30112075805664
-3.06251859664917
-12.469468116760254
-1.999999987845058e-08
12.123739242553711
-1.4556219577789307
-9.029577255249023
1.999999987845058e-08
4.585193634033203
-1.5995100736618042
-6.737955093383789
-1.999999987845058e-08
1.3952301740646362
-1.3154693841934204
-4.322524070739746
1.999999987845058e-08
6.511665344238281
0.3309476673603058
-4.101710796356201
-1.999999987845058e-08
15.075148582458496
3.804839611053467
-4.446613311767578
1.999999987845058e-08
19.86052703857422
6.5203070640563965
-3.7674129009246826
-1.999999987845058e-08
18.476093292236328
5.410794258117676
-3.6741275787353516
1.999999987845058e-08
14.422663688659668
3.5430567264556885
-3.599822521209717
-1.999999987845058e-08
14.275429725646973
5.393625736236572
-1.9901314973831177
1.999999987845058e-08
16.047975540161133
7.1090569496154785
-0.7242926359176636
-1.999999987845058e-08
8.774534225463867
3.469956159591675
-0.9437911510467529
1.999999987845058e-08
-16.61907196044922
-0.8436971306800842
-1.1765135526657104
-1.999999987845058e-08
-9.306013107299805
1.383779764175415
-5.794704914093018
1.999999987845058e-08
3.8751513957977295
2.2594618797302246
-10.67478084564209
-1.999999987845058e-08
7.102286338806152
3.6235415935516357
-8.259978294372559
1.999999987845058e-08
-1.61859929561615
4.790960311889648
-0.8770009279251099
-1.999999987845058e-08
-10.83335018157959
2.615204095840454
2.606095790863037
1.999999987845058e-08
-11.697371482849121
-0.5631963610649109
1.3454514741897583
-1.999999987845058e-08
-9.661734580993652
-2.1398844718933105
0.10764146596193314
1.999999987845058e-08
-14.268279075622559
-6.105277061462402
-2.0249381065368652
-1.999999987845058e-08
-22.220495223999023
-13.739174842834473
-7.07542610168457
1.999999987845058e-08
-24.40472984313965
-19.025423049926758
-10.301810264587402
-1.999999987845058e-08
-19.981672286987305
-19.105854034423828
-8.121026992797852
1.999999987845058e-08
-11.724931716918945
-16.49741554260254
-3.9214701652526855
-1.999999987845058e-08
-1.1166176795959473
-11.558960914611816
0.2109042853116989
1.999999987845058e-08
6.7196269035339355
-5.061706066131592
5.149681568145752
-1.999999987845058e-08
5.10119104385376
-2.8430142402648926
8.054939270019531
1.999999987845058e-08
-3.7692694664001465
-7.090901851654053
6.068304538726807
-1.999999987845058e-08
-9.872631072998047
-11.697953224182129
1.9698747396469116
1.999999987845058e-08
-8.534141540527344
-12.952600479125977
-2.2953221797943115
-1.999999987845058e-08
-3.3633217811584473
-12.63853931427002
-8.034481048583984
1.999999987845058e-08
-3.3633217811584473
-12.63853931427002
-8.034481048583984
-1.999999987845058e-08
0.3291851878166199
-9.805097579956055
-11.450124740600586
1.999999987845058e-08
-1.1103848218917847
-3.4262518882751465
-7.188275337219238
-1.999999987845058e-08
-6.433763027191162
0.28961166739463806
-1.0692408084869385
1.999999987845058e-08
-8.802399635314941
-3.4538815021514893
-2.8936073780059814
-1.999999987845058e-08
-3.9486329555511475
-8.062475204467773
-9.498242378234863
1.999999987845058e-08
3.627974510192871
-6.209849834442139
-11.696378707885742
-1.999999987845058e-08
6.290902137756348
-2.032773017883301
-10.63274097442627
1.999999987845058e-08
2.610036611557007
-1.8626375198364258
-11.397799491882324
-1.999999987845058e-08
-1.76584792137146
-3.2736525535583496
-11.309130668640137
1.999999987845058e-08
-4.617831230163574
-2.309351682662964
-2.4017035961151123
-1.999999987845058e-08
-6.793079376220703
-4.4252238273620605
-0.5561845302581787
1.999999987845058e-08
-7.088800430297852
-7.53432559967041
-0.548930287361145
-1.999999987845058e-08
-4.95625638961792
-10.271846771240234
-1.502891182899475
1.999999987845058e-08
-2.2912261486053467
-11.074925422668457
-2.7444353103637695
-1.999999987845058e-08
-0.5403136014938354
-9.14476203918457
-2.6961281299591064
1.999999987845058e-08
0.05660468339920044
-7.585829257965088
-2.4133012294769287
-1.999999987845058e-08
2.4944241046905518
-6.970663547515869
-2.7374346256256104
1.999999987845058e-08
11.137855529785156
-0.9087557792663574
0.49440324306488037
-1.999999987845058e-08
25.63839340209961
11.917283058166504
8.17759895324707
1.999999987845058e-08
25.63839340209961
11.917283058166504
8.17759895324707
-1.999999987845058e-08
40.952178955078125
21.891035079956055
12.541434288024902
1.999999987845058e-08
48.834354400634766
22.105484008789062
10.197186470031738
-1.999999987845058e-08
40.53472137451172
16.247529983520508
8.247215270996094
1.999999987845058e-08
18.866943359375
10.145098686218262
10.07371997833252
-1.999999987845058e-08
0.9077503681182861
6.003355026245117
10.169124603271484
1.999999987845058e-08
-1.242671012878418
4.8601975440979
6.356226444244385
-1.999999987845058e-08
6.073032855987549
6.571836471557617
3.4034230709075928
1.999999987845058e-08
10.152798652648926
8.845114707946777
4.519883155822754
-1.999999987845058e-08
7.874297618865967
10.065118789672852
7.928468227386475
1.999999987845058e-08
7.874297142028809
10.065118789672852
7.928468227386475
-1.999999987845058e-08
3.099177837371826
9.08859634399414
9.111634254455566
1.999999987845058e-08
-1.5353078842163086
4.0862860679626465
4.172373294830322
-1.999999987845058e-08
-3.893878698348999
-1.7679176330566406
-3.5998620986938477
1.999999987845058e-08
-2.553632974624634
-1.317704677581787
-5.212260723114014
-1.999999987845058e-08
0.7916569709777832
3.5422348976135254
-0.6086769104003906
1.999999987845058e-08
4.558210372924805
3.066880702972412
0.19591526687145233
-1.999999987845058e-08
7.646781921386719
-2.677389621734619
-3.8686861991882324
1.999999987845058e-08
7.127779006958008
-4.311286449432373
-3.690880060195923
-1.999999987845058e-08
3.474973201751709
-1.83291494846344
-0.5542553663253784
1.999999987845058e-08
-13.347594261169434
-18.00428009033203
-14.098653793334961
-1.999999987845058e-08
-21.691871643066406
-16.444923400878906
-12.38331413269043
1.999999987845058e-08
-19.963741302490234
-13.615431785583496
-15.918188095092773
-1.999999987845058e-08
-10.29423999786377
-11.082620620727539
-20.68816566467285
1.999999987845058e-08
-0.7382112145423889
-6.3921685218811035
-18.61366844177246
-1.999999987845058e-08
6.3135857582092285
-0.5892477631568909
-11.924543380737305
1.999999987845058e-08
9.63949203491211
2.364751100540161
-6.156186103820801
-1.999999987845058e-08
6.048140525817871
0.9527542591094971
-2.6185760498046875
1.999999987845058e-08
-1.9267127513885498
-2.577968120574951
-1.6691031455993652
-1.999999987845058e-08
-9.445660591125488
-4.464524269104004
-1.3622595071792603
1.999999987845058e-08
-14.810823440551758
-2.4813711643218994
2.163067102432251
-1.999999987845058e-08
-13.52193832397461
1.1584125757217407
5.83923864364624
1.999999987845058e-08
-1.7487618923187256
2.361260414123535
2.921353816986084
-1.999999987845058e-08
14.066299438476562
2.20815110206604
-3.1264843940734863
1.999999987845058e-08
21.958280563354492
3.7840332984924316
-2.9596691131591797
-1.999999987845058e-08
17.305540084838867
4.01161003112793
2.1568491458892822
1.999999987845058e-08
8.547987937927246
1.1856365203857422
4.567227840423584
-1.999999987845058e-08
6.722373962402344
2.526123523712158
6.047540664672852
1.999999987845058e-08
10.482572555541992
10.680608749389648
12.050872802734375
-1.999999987845058e-08
11.127605438232422
16.131877899169922
18.39531135559082
1.999999987845058e-08
7.6548967361450195
13.849156379699707
19.902135848999023
-1.999999987845058e-08
3.656771183013916
10.35468578338623
20.19091796875
1.999999987845058e-08
-2.6917316913604736
8.388815879821777
20.705324172973633
-1.999999987845058e-08
-11.5137939453125
4.031214714050293
15.851848602294922
1.999999987845058e-08
-14.582295417785645
-0.655246913433075
6.418632984161377
-1.999999987845058e-08
-8.638580322265625
-1.4390803575515747
0.6099162101745605
1.999999987845058e-08
-2.1665942668914795
-1.6823385953903198
0.4653790593147278
-1.999999987845058e-08
-0.697534441947937
-2.9701249599456787
2.556002378463745
1.999999987845058e-08
-0.7050762176513672
-0.046108826994895935
6.241631507873535
-1.999999987845058e-08
0.14907261729240417
5.598654270172119
9.061123847961426
1.999999987845058e-08
-2.1665942668914795
-1.6823385953903198
0.4653790593147278
-1.999999987845058e-08
-0.697534441947937
-2.9701249599456787
2.556002378463745
1.999999987845058e-08
-0.7050762176513672
-0.046108826994895935
6.241631507873535
-1.999999987845058e-08
0.14907261729240417
5.598654270172119
9.061123847961426
1.999999987845058e-08
-0.330531507730484
5.902961730957031
6.11172342300415
-1.999999987845058e-08
-3.4777116775512695
2.6028058528900146
0.6507413983345032
1.999999987845058e-08
-7.123197555541992
3.670438051223755
-0.16758503019809723
-1.999999987845058e-08
-8.462301254272461
6.81660795211792
1.4292898178100586
1.999999987845058e-08
-8.217485427856445
5.10201358795166
0.19730764627456665
-1.999999987845058e-08
-9.128416061401367
0.9484249353408813
-1.331905722618103
1.999999987845058e-08
3.9068102836608887
-1.5494599342346191
-1.9632008075714111
-1.999999987845058e-08
11.385371208190918
7.064603328704834
5.3721771240234375
1.999999987845058e-08
9.95378303527832
12.231337547302246
11.044580459594727
-1.999999987845058e-08
-0.14808247983455658
10.954936027526855
12.314885139465332
1.999999987845058e-08
-12.782794952392578
7.518496513366699
12.233904838562012
-1.999999987845058e-08
-23.655317306518555
4.199465751647949
11.649032592773438
1.999999987845058e-08
-32.00151824951172
1.2419090270996094
9.496870994567871
-1.999999987845058e-08
-34.47195816040039
0.10761111229658127
5.928769111633301
1.999999987845058e-08
-26.473649978637695
0.5095967054367065
1.4326685667037964
-1.999999987845058e-08
-12.819129943847656
0.567223310470581
-1.6142627000808716
1.999999987845058e-08
-4.97529411315918
0.7328857779502869
0.14236514270305634
-1.999999987845058e-08
-5.075953960418701
1.3021502494812012
3.890495777130127
1.999999987845058e-08
-4.133031368255615
1.115947961807251
3.9266464710235596
-1.999999987845058e-08
2.520714521408081
2.728804588317871
3.692283868789673
1.999999987845058e-08
9.622246742248535
9.134881973266602
9.641592025756836
-1.999999987845058e-08
11.451087951660156
15.158222198486328
16.2737979888916
1.999999987845058e-08
7.293710708618164
14.511801719665527
14.952157974243164
-1.999999987845058e-08
2.897109031677246
12.047833442687988
9.677395820617676
1.999999987845058e-08
5.714923858642578
14.887657165527344
8.922358512878418
-1.999999987845058e-08
13.06651496887207
19.316072463989258
12.381399154663086
1.999999987845058e-08
13.06651496887207
19.316072463989258
12.381399154663086
-1.999999987845058e-08
16.239330291748047
20.17439842224121
16.021892547607422
1.999999987845058e-08
14.252215385437012
20.2535457611084
19.813936233520508
-1.999999987845058e-08
10.676473617553711
20.580184936523438
24.074134826660156
1.999999987845058e-08
4.406801700592041
16.787635803222656
26.536012649536133
-1.999999987845058e-08
-3.406470775604248
10.318453788757324
26.24907875061035
1.999999987845058e-08
-3.4500732421875
8.274641036987305
25.113985061645508
-1.999999987845058e-08
6.34667444229126
10.852913856506348
25.050989151000977
1.999999987845058e-08
14.718588829040527
12.965261459350586
26.524763107299805
-1.999999987845058e-08
14.131246566772461
13.802106857299805
28.34772491455078
1.999999987845058e-08
-18.733055114746094
-1.8320719003677368
10.255585670471191
-1.999999987845058e-08
-27.08260154724121
-8.458637237548828
4.804415225982666
1.999999987845058e-08
-35.059417724609375
-15.711380004882812
1.320947527885437
-1.999999987845058e-08
-43.62812423706055
-25.571935653686523
-4.140070915222168
1.999999987845058e-08
-45.58894729614258
-31.50739097595215
-8.332504272460938
-1.999999987845058e-08
-35.92107009887695
-29.536048889160156
-7.5748372077941895
1.999999987845058e-08
-19.907686233520508
-24.308841705322266
-4.233170509338379
-1.999999987845058e-08
-7.540594100952148
-19.128515243530273
-0.03876856714487076
1.999999987845058e-08
-2.65824818611145
-13.28504467010498
4.972936153411865
-1.999999987845058e-08
-0.28587275743484497
-7.862490653991699
7.954237937927246
1.999999987845058e-08
12.636212348937988
-1.0695915222167969
6.3180437088012695
-1.999999987845058e-08
18.701671600341797
-0.752051591873169
2.9807796478271484
1.999999987845058e-08
21.301795959472656
-3.1540286540985107
-2.731631278991699
-1.999999987845058e-08
20.173717498779297
-2.7386012077331543
-4.909791469573975
1.999999987845058e-08
16.127655029296875
3.5808067321777344
-0.20424363017082214
-1.999999987845058e-08
12.329320907592773
9.790651321411133
4.129626274108887
1.999999987845058e-08
9.789426803588867
9.344711303710938
2.572298049926758
-1.999999987845058e-08
4.776825428009033
4.130190372467041
0.846907377243042
1.999999987845058e-08
-3.8132519721984863
-1.2832549810409546
2.7003989219665527
-1.999999987845058e-08
-11.514684677124023
-6.31743860244751
2.5294878482818604
1.999999987845058e-08
-11.514684677124023
-6.31743860244751
2.5294878482818604
-1.999999987845058e-08
-14.92403507232666
-9.029840469360352
-0.7183045744895935
1.999999987845058e-08
-14.469266891479492
-5.656699180603027
-0.8825967311859131
-1.999999987845058e-08
-10.284933090209961
0.27095624804496765
0.45667365193367004
1.999999987845058e-08
-1.980017066001892
1.8051908016204834
-3.889066457748413
-1.999999987845058e-08
7.104740619659424
0.6307379007339478
-10.767959594726562
1.999999987845058e-08
10.752309799194336
1.6003440618515015
-11.274048805236816
-1.999999987845058e-08
6.6653971672058105
2.0308802127838135
-6.473052978515625
1.999999987845058e-08
0.711275577545166
-1.0651190280914307
-3.593177080154419
-1.999999987845058e-08
0.30672723054885864
-3.89123272895813
-3.778709888458252
1.999999987845058e-08
12.499855041503906
-4.212496757507324
-6.977197170257568
-1.999999987845058e-08
18.044038772583008
-2.135672092437744
-6.981033802032471
1.999999987845058e-08
20.99405860900879
3.001216173171997
-3.4993159770965576
-1.999999987845058e-08
20.079486846923828
5.7444868087768555
-1.8824173212051392
1.999999987845058e-08
14.765591621398926
3.806577444076538
-3.9904837608337402
-1.999999987845058e-08
10.622835159301758
5.168015956878662
-2.459386110305786
1.999999987845058e-08
16.216251373291016
13.971896171569824
4.908602714538574
-1.999999987845058e-08
28.702543258666992
21.51230812072754
10.291804313659668
1.999999987845058e-08
36.156864166259766
21.238224029541016
10.287920951843262
-1.999999987845058e-08
33.10848617553711
16.726408004760742
9.251307487487793
1.999999987845058e-08
4.1340861320495605
-2.048875570297241
1.4618250131607056
-1.999999987845058e-08
-7.415444850921631
-11.524063110351562
-6.24416971206665
1.999999987845058e-08
-7.090180397033691
-12.560347557067871
-8.91545295715332
-1.999999987845058e-08
-0.29162025451660156
-9.747511863708496
-7.1642961502075195
1.999999987845058e-08
4.871870517730713
-8.903369903564453
-6.535581111907959
-1.999999987845058e-08
7.996337413787842
-7.860915184020996
-8.113962173461914
1.999999987845058e-08
9.162644386291504
-4.906386375427246
-8.636594772338867
-1.999999987845058e-08
4.072865962982178
-3.0988147258758545
-6.183272838592529
1.999999987845058e-08
-4.597330093383789
-3.4112966060638428
-2.9901862144470215
-1.999999987845058e-08
-6.123495101928711
-4.893560886383057
-4.164979457855225
1.999999987845058e-08
9.162644386291504
-4.906386375427246
-8.636594772338867
-1.999999987845058e-08
4.072865962982178
-3.0988147258758545
-6.183272838592529
1.999999987845058e-08
-4.597330093383789
-3.4112966060638428
-2.9901862144470215
-1.999999987845058e-08
-6.123495101928711
-4.893560886383057
-4.164979457855225
1.999999987845058e-08
1.1769323348999023
-8.269509315490723
-10.879084587097168
-1.999999987845058e-08
8.102907180786133
-10.974838256835938
-15.915908813476562
1.999999987845058e-08
10.79378890991211
-8.061737060546875
-12.823075294494629
-1.999999987845058e-08
11.394579887390137
-3.328965902328491
-6.5090250968933105
1.999999987845058e-08
8.400558471679688
-5.293419361114502
-5.734580039978027
-1.999999987845058e-08
1.329604983329773
-11.574077606201172
-9.699273109436035
1.999999987845058e-08
-4.1423020362854
-13.54417896270752
-12.490005493164062
-1.999999987845058e-08
-4.575763702392578
-11.127799034118652
-13.456439018249512
1.999999987845058e-08
-2.9773528575897217
-7.905381679534912
-12.862948417663574
-1.999999987845058e-08
-0.6110253930091858
-1.5847421884536743
-8.029525756835938
1.999999987845058e-08
4.781504154205322
8.04823112487793
-1.0850926637649536
-1.999999987845058e-08
12.277142524719238
13.985444068908691
1.486462950706482
1.999999987845058e-08
19.725128173828125
13.539251327514648
-0.5568268299102783
-1.999999987845058e-08
25.72024154663086
11.110625267028809
-2.3350884914398193
1.999999987845058e-08
24.5843505859375
6.97832727432251
-3.510117292404175
-1.999999987845058e-08
13.535127639770508
-0.30470016598701477
-5.955312728881836
1.999999987845058e-08
2.0407822132110596
-5.131260395050049
-7.44856071472168
-1.999999987845058e-08
-0.4595400393009186
-4.1380615234375
-7.688900470733643
1.999999987845058e-08
3.7917261123657227
-2.8424785137176514
-11.065629959106445
-1.999999987845058e-08
8.199342727661133
-3.525634765625
-16.031341552734375
1.999999987845058e-08
7.989471435546875
-3.1410999298095703
-15.919459342956543
-1.999999987845058e-08
0.5803232192993164
-4.49138879776001
-13.145367622375488
1.999999987845058e-08
-10.826683044433594
-11.388073921203613
-15.452775001525879
-1.999999987845058e-08
-17.220584869384766
-17.287601470947266
-20.651369094848633
1.999999987845058e-08
-11.388372421264648
-14.28222370147705
-21.55063247680664
-1.999999987845058e-08
3.5937979221343994
-5.866420745849609
-18.40435218811035
1.999999987845058e-08
-11.388372421264648
-14.28222370147705
-21.55063247680664
-1.999999987845058e-08
3.5937979221343994
-5.866420745849609
-18.40435218811035
1.999999987845058e-08
14.146585464477539
-0.48020344972610474
-14.54218864440918
-1.999999987845058e-08
9.601997375488281
-0.6739083528518677
-10.452829360961914
1.999999987845058e-08
-4.946133613586426
-3.7671241760253906
-8.019732475280762
-1.999999987845058e-08
-16.112899780273438
-6.025245666503906
-9.325691223144531
1.999999987845058e-08
-18.188674926757812
-5.068614482879639
-11.067999839782715
-1.999999987845058e-08
-14.214198112487793
-2.503726005554199
-9.33887767791748
1.999999987845058e-08
-8.704863548278809
-1.6595038175582886
-5.40451192855835
-1.999999987845058e-08
-5.825473785400391
-2.115743637084961
-1.3527823686599731
1.999999987845058e-08
-3.732912302017212
0.6620801091194153
0.8219321966171265
-1.999999987845058e-08
-2.81836199760437
0.09612849354743958
-1.9285061359405518
1.999999987845058e-08
-3.5296850204467773
-4.404228687286377
-7.069549560546875
-1.999999987845058e-08
-7.836819648742676
-6.392602443695068
-8.661921501159668
1.999999987845058e-08
-14.091391563415527
-5.7491068840026855
-8.07461929321289
-1.999999987845058e-08
-17.93214988708496
-6.616499423980713
-10.009634017944336
1.999999987845058e-08
-18.10266876220703
-7.648452281951904
-12.00180435180664
-1.999999987845058e-08
-16.244766235351562
-5.687352180480957
-10.73488712310791
1.999999987845058e-08
-11.262063026428223
-2.540677785873413
-10.518563270568848
-1.999999987845058e-08
-0.7959356904029846
0.7189993858337402
-13.222912788391113
1.999999987845058e-08
10.458247184753418
6.414430618286133
-11.723934173583984
-1.999999987845058e-08
12.610639572143555
11.565093994140625
-4.204775333404541
1.999999987845058e-08
3.1128268241882324
10.272941589355469
0.8543938994407654
-1.999999987845058e-08
-12.364360809326172
4.567777633666992
-0.5190065503120422
1.999999987845058e-08
-29.56559181213379
-1.0184950828552246
-5.160289287567139
-1.999999987845058e-08
-44.892181396484375
-8.058846473693848
-12.518181800842285
1.999999987845058e-08
-53.207576751708984
-16.60160255432129
-21.301156997680664
-1.999999987845058e-08
-53.720542907714844
-20.66280746459961
-25.487455368041992
1.999999987845058e-08
-47.88847351074219
-17.99480628967285
-24.80299949645996
-1.999999987845058e-08
-35.09737777709961
-12.980081558227539
-25.518146514892578
1.999999987845058e-08
-17.684499740600586
-7.412834167480469
-26.698535919189453
-1.999999987845058e-08
-0.9303997755050659
0.7895025014877319
-21.688186645507812
1.999999987845058e-08
11.590775489807129
9.454056739807129
-11.83143424987793
-1.999999987845058e-08
16.611501693725586
13.568405151367188
-3.718329668045044
1.999999987845058e-08
12.393416404724121
13.364492416381836
1.9383634328842163
-1.999999987845058e-08
2.3213088512420654
11.311914443969727
6.714577674865723
1.999999987845058e-08
-8.629267692565918
6.740496635437012
8.210543632507324
-1.999999987845058e-08
-17.15096092224121
1.597830057144165
6.390266418457031
1.999999987845058e-08
-19.809635162353516
1.684730887413025
6.344658851623535
-1.999999987845058e-08
-12.277277946472168
7.8290534019470215
9.759547233581543
1.999999987845058e-08
-12.277277946472168
7.8290534019470215
9.759547233581543
-1.999999987845058e-08
6.288295269012451
16.19891357421875
14.110696792602539
1.999999987845058e-08
26.785877227783203
25.110610961914062
20.256772994995117
-1.999999987845058e-08
35.968223571777344
32.2030143737793
28.744091033935547
1.999999987845058e-08
31.545618057250977
32.440433502197266
33.66730880737305
-1.999999987845058e-08
22.702144622802734
26.695938110351562
31.69304084777832
1.999999987845058e-08
15.652265548706055
21.83993911743164
27.61163330078125
-1.999999987845058e-08
7.2874650955200195
18.057077407836914
23.4144344329834
1.999999987845058e-08
-4.282668590545654
10.458015441894531
15.740880012512207
-1.999999987845058e-08
-12.730791091918945
2.238279104232788
6.930463790893555
1.999999987845058e-08
-15.053666114807129
-0.426227867603302
2.7476367950439453
-1.999999987845058e-08
-15.803722381591797
-2.040557622909546
0.06443759053945541
1.999999987845058e-08
-11.331475257873535
-2.361889362335205
-3.4419326782226562
-1.999999987845058e-08
-0.5665714740753174
0.7008488774299622
-3.682770013809204
1.999999987845058e-08
11.15230941772461
4.29046630859375
-1.3142539262771606
-1.999999987845058e-08
16.911821365356445
7.542430400848389
2.8967056274414062
1.999999987845058e-08
11.587044715881348
10.706781387329102
8.630406379699707
-1.999999987845058e-08
1.3831855058670044
11.235942840576172
10.803363800048828
1.999999987845058e-08
0.10814036428928375
9.446982383728027
7.516737937927246
-1.999999987845058e-08
6.884936332702637
9.34178638458252
6.060907363891602
1.999999987845058e-08
6.899088382720947
9.587870597839355
9.036678314208984
-1.999999987845058e-08
-3.2382335662841797
5.187295913696289
8.901143074035645
1.999999987845058e-08
-10.451017379760742
-0.9197439551353455
3.8877367973327637
-1.999999987845058e-08
-6.583624839782715
-1.5378661155700684
1.8729233741760254
1.999999987845058e-08
0.9272875189781189
1.600096583366394
5.530355453491211
-1.999999987845058e-08
4.547201156616211
3.0287704467773438
10.118915557861328
1.999999987845058e-08
7.600434303283691
4.911267280578613
14.129925727844238
-1.999999987845058e-08
13.976186752319336
9.548094749450684
17.5522403717041
1.999999987845058e-08
18.339616775512695
11.561305046081543
16.939416885375977
-1.999999987845058e-08
10.697494506835938
6.728180408477783
12.270116806030273
1.999999987845058e-08
-9.426081657409668
-2.0212082862854004
7.256011009216309
-1.999999987845058e-08
-28.176801681518555
-10.613865852355957
0.8840599656105042
1.999999987845058e-08
-33.997684478759766
-16.950313568115234
-8.355347633361816
-1.999999987845058e-08
-30.172592163085938
-19.155759811401367
-15.614723205566406
1.999999987845058e-08
-25.38558578491211
-18.211074829101562
-18.022079467773438
-1.999999987845058e-08
-23.779451370239258
-18.5039119720459
-19.709896087646484
1.999999987845058e-08
-25.27999496459961
-20.455612182617188
-22.212059020996094
-1.999999987845058e-08
-27.780376434326172
-20.20625877380371
-21.892915725708008
1.999999987845058e-08
-29.578338623046875
-18.72955322265625
-19.63984489440918
-1.999999987845058e-08
-27.876310348510742
-19.006336212158203
-20.21223258972168
1.999999987845058e-08
-27.876310348510742
-19.006336212158203
-20.21223258972168
-1.999999987845058e-08
-17.847795486450195
-17.011632919311523
-21.600147247314453
1.999999987845058e-08
-1.923243522644043
-9.879775047302246
-18.44475555419922
-1.999999987845058e-08
8.022052764892578
-4.605684757232666
-13.160893440246582
1.999999987845058e-08
5.370352745056152
-6.256718635559082
-10.522881507873535
-1.999999987845058e-08
-2.6259689331054688
-9.625788688659668
-9.09514045715332
1.999999987845058e-08
