0
-8.600459098815918
8.810022222860425e-08
8.810022222860425e-08
8.810022222860425e-08
-0.7141738533973694
4.0944307500012656e-08
4.0944307500012656e-08
4.0944307500012656e-08
15.459357261657715
7.466515228315984e-08
7.466515228315984e-08
7.466515228315984e-08
25.11322021484375
3.494466938036567e-08
3.494466938036567e-08
3.494466938036567e-08
25.74823570251465
6.90059209773608e-08
6.90059209773608e-08
6.90059209773608e-08
21.991668701171875
2.032103907367855e-08
2.032103907367855e-08
2.032103907367855e-08
6.499783515930176
4.1181607457474456e-08
4.1181607457474456e-08
4.1181607457474456e-08
-20.528968811035156
-3.506894685756379e-08
-3.506894685756379e-08
-3.506894685756379e-08
-40.42579650878906
-3.163403761163863e-08
-3.163403761163863e-08
-3.163403761163863e-08
-20.528968811035156
3.932937886474974e-08
3.932937886474974e-08
3.932937886474974e-08
-40.42579650878906
8.810022222860425e-08
8.810022222860425e-08
8.810022222860425e-08
-37.11398696899414
4.0944307500012656e-08
4.0944307500012656e-08
4.0944307500012656e-08
-17.009408950805664
7.466515228315984e-08
7.466515228315984e-08
7.466515228315984e-08
-3.5043015480041504
3.494466938036567e-08
3.494466938036567e-08
3.494466938036567e-08
-3.108729362487793
6.90059209773608e-08
6.90059209773608e-08
6.90059209773608e-08
1.9452191591262817
2.032103907367855e-08
2.032103907367855e-08
2.032103907367855e-08
17.272626876831055
4.1181607457474456e-08
4.1181607457474456e-08
4.1181607457474456e-08
27.845258712768555
-3.506894685756379e-08
-3.506894685756379e-08
-3.506894685756379e-08
21.635894775390625
-3.163403761163863e-08
-3.163403761163863e-08
-3.163403761163863e-08
1.9452191591262817
3.932937886474974e-08
3.932937886474974e-08
3.932937886474974e-08
17.272626876831055
8.810022222860425e-08
8.810022222860425e-08
8.810022222860425e-08
27.845258712768555
4.0944307500012656e-08
4.0944307500012656e-08
4.0944307500012656e-08
21.635894775390625
7.466515228315984e-08
7.466515228315984e-08
7.466515228315984e-08
0.47270816564559937
3.494466938036567e-08
3.494466938036567e-08
3.494466938036567e-08
-20.478225708007812
6.90059209773608e-08
6.90059209773608e-08
6.90059209773608e-08
-25.171314239501953
2.032103907367855e-08
2.032103907367855e-08
2.032103907367855e-08
-13.55234146118164
4.1181607457474456e-08
4.1181607457474456e-08
4.1181607457474456e-08
-0.21880827844142914
-3.506894685756379e-08
-3.506894685756379e-08
-3.506894685756379e-08
1.7187567949295044
-3.163403761163863e-08
-3.163403761163863e-08
-3.163403761163863e-08
-10.054466247558594
3.932937886474974e-08
3.932937886474974e-08
3.932937886474974e-08
-6.155257701873779
8.810022222860425e-08
8.810022222860425e-08
8.810022222860425e-08
4.490848064422607
4.0944307500012656e-08
4.0944307500012656e-08
4.0944307500012656e-08
16.27289581298828
7.466515228315984e-08
7.466515228315984e-08
7.466515228315984e-08
22.31861686706543
3.494466938036567e-08
3.494466938036567e-08
3.494466938036567e-08
20.064294815063477
6.90059209773608e-08
6.90059209773608e-08
6.90059209773608e-08
10.625482559204102
2.032103907367855e-08
2.032103907367855e-08
2.032103907367855e-08
-1.3776907920837402
4.1181607457474456e-08
4.1181607457474456e-08
4.1181607457474456e-08
-6.281295299530029
-3.506894685756379e-08
-3.506894685756379e-08
-3.506894685756379e-08
-0.10109340399503708
-3.163403761163863e-08
-3.163403761163863e-08
-3.163403761163863e-08
-7.012716293334961
3.932937886474974e-08
3.932937886474974e-08
3.932937886474974e-08
1.099045753479004
8.810022222860425e-08
8.810022222860425e-08
8.810022222860425e-08
8.539729118347168
4.0944307500012656e-08
4.0944307500012656e-08
4.0944307500012656e-08
3.370466470718384
7.466515228315984e-08
7.466515228315984e-08
7.466515228315984e-08
-2.4880008697509766
3.494466938036567e-08
3.494466938036567e-08
3.494466938036567e-08
-0.017949257045984268
6.90059209773608e-08
6.90059209773608e-08
6.90059209773608e-08
3.040806531906128
2.032103907367855e-08
2.032103907367855e-08
2.032103907367855e-08
-1.2545814514160156
4.1181607457474456e-08
4.1181607457474456e-08
4.1181607457474456e-08
-8.725167274475098
-3.506894685756379e-08
-3.506894685756379e-08
-3.506894685756379e-08
-9.496663093566895
-3.163403761163863e-08
-3.163403761163863e-08
-3.163403761163863e-08
-0.017949294298887253
3.932937886474974e-08
3.932937886474974e-08
3.932937886474974e-08
3.040806531906128
8.810022222860425e-08
8.810022222860425e-08
8.810022222860425e-08
-1.2545814514160156
4.0944307500012656e-08
4.0944307500012656e-08
4.0944307500012656e-08
-8.725167274475098
7.466515228315984e-08
7.466515228315984e-08
7.466515228315984e-08
-9.496663093566895
3.494466938036567e-08
3.494466938036567e-08
3.494466938036567e-08
-4.156057834625244
6.90059209773608e-08
6.90059209773608e-08
6.90059209773608e-08
-4.440120697021484
2.032103907367855e-08
2.032103907367855e-08
2.032103907367855e-08
-9.489588737487793
4.1181607457474456e-08
4.1181607457474456e-08
4.1181607457474456e-08
0.7980777621269226
-3.506894685756379e-08
-3.506894685756379e-08
-3.506894685756379e-08
25.963459014892578
-3.163403761163863e-08
-3.163403761163863e-08
-3.163403761163863e-08
18.187461853027344
3.932937886474974e-08
3.932937886474974e-08
3.932937886474974e-08
2.8208999633789062
8.810022222860425e-08
8.810022222860425e-08
8.810022222860425e-08
-1.7568573951721191
4.0944307500012656e-08
4.0944307500012656e-08
4.0944307500012656e-08
-2.874030351638794
7.466515228315984e-08
7.466515228315984e-08
7.466515228315984e-08
-1.6352983713150024
3.494466938036567e-08
3.494466938036567e-08
3.494466938036567e-08
-0.37117278575897217
6.90059209773608e-08
6.90059209773608e-08
6.90059209773608e-08
-4.254551410675049
2.032103907367855e-08
2.032103907367855e-08
2.032103907367855e-08
-8.926218032836914
4.1181607457474456e-08
4.1181607457474456e-08
4.1181607457474456e-08
-7.0237016677856445
-3.506894685756379e-08
-3.506894685756379e-08
-3.506894685756379e-08
-1.1346356868743896
-3.163403761163863e-08
-3.163403761163863e-08
-3.163403761163863e-08
7.617908477783203
3.932937886474974e-08
3.932937886474974e-08
3.932937886474974e-08
-11.83303451538086
8.810022222860425e-08
8.810022222860425e-08
8.810022222860425e-08
-10.201849937438965
4.0944307500012656e-08
4.0944307500012656e-08
4.0944307500012656e-08
10.857879638671875
7.466515228315984e-08
7.466515228315984e-08
7.466515228315984e-08
14.710660934448242
3.494466938036567e-08
3.494466938036567e-08
3.494466938036567e-08
-11.15681266784668
6.90059209773608e-08
6.90059209773608e-08
6.90059209773608e-08
-37.64788055419922
2.032103907367855e-08
2.032103907367855e-08
2.032103907367855e-08
-38.94902801513672
4.1181607457474456e-08
4.1181607457474456e-08
4.1181607457474456e-08
-24.013734817504883
-3.506894685756379e-08
-3.506894685756379e-08
-3.506894685756379e-08
-16.115276336669922
-3.163403761163863e-08
-3.163403761163863e-08
-3.163403761163863e-08
-10.394125938415527
3.932937886474974e-08
3.932937886474974e-08
3.932937886474974e-08
-11.344533920288086
8.810022222860425e-08
8.810022222860425e-08
8.810022222860425e-08
-8.663134574890137
4.0944307500012656e-08
4.0944307500012656e-08
4.0944307500012656e-08
-6.407092094421387
7.466515228315984e-08
7.466515228315984e-08
7.466515228315984e-08
-2.549607753753662
3.494466938036567e-08
3.494466938036567e-08
3.494466938036567e-08
8.326794624328613
6.90059209773608e-08
6.90059209773608e-08
6.90059209773608e-08
24.17515754699707
2.032103907367855e-08
2.032103907367855e-08
2.032103907367855e-08
34.7907600402832
4.1181607457474456e-08
4.1181607457474456e-08
4.1181607457474456e-08
33.6054801940918
-3.506894685756379e-08
-3.506894685756379e-08
-3.506894685756379e-08
21.004793167114258
-3.163403761163863e-08
-3.163403761163863e-08
-3.163403761163863e-08
-2.549607753753662
3.932937886474974e-08
3.932937886474974e-08
3.932937886474974e-08
8.326794624328613
8.810022222860425e-08
8.810022222860425e-08
8.810022222860425e-08
24.17515754699707
4.0944307500012656e-08
4.0944307500012656e-08
4.0944307500012656e-08
34.7907600402832
7.466515228315984e-08
7.466515228315984e-08
7.466515228315984e-08
33.6054801940918
3.494466938036567e-08
3.494466938036567e-08
3.494466938036567e-08
21.004793167114258
6.90059209773608e-08
6.90059209773608e-08
6.90059209773608e-08
3.096573829650879
2.032103907367855e-08
2.032103907367855e-08
2.032103907367855e-08
-6.5657854080200195
4.1181607457474456e-08
4.1181607457474456e-08
4.1181607457474456e-08
-0.8493196368217468
-3.506894685756379e-08
-3.506894685756379e-08
-3.506894685756379e-08
7.783282279968262
-3.163403761163863e-08
-3.163403761163863e-08
-3.163403761163863e-08
1.7066541910171509
3.932937886474974e-08
3.932937886474974e-08
3.932937886474974e-08
8.08501148223877
8.810022222860425e-08
8.810022222860425e-08
8.810022222860425e-08
14.108834266662598
4.0944307500012656e-08
4.0944307500012656e-08
4.0944307500012656e-08
17.077470779418945
7.466515228315984e-08
7.466515228315984e-08
7.466515228315984e-08
16.087968826293945
3.494466938036567e-08
3.494466938036567e-08
3.494466938036567e-08
6.954347610473633
6.90059209773608e-08
6.90059209773608e-08
6.90059209773608e-08
-10.38786506652832
2.032103907367855e-08
2.032103907367855e-08
2.032103907367855e-08
-19.933055877685547
4.1181607457474456e-08
4.1181607457474456e-08
4.1181607457474456e-08
-10.581456184387207
-3.506894685756379e-08
-3.506894685756379e-08
-3.506894685756379e-08
0.8159085512161255
-3.163403761163863e-08
-3.163403761163863e-08
-3.163403761163863e-08
-28.65427017211914
3.932937886474974e-08
3.932937886474974e-08
3.932937886474974e-08
-29.199024200439453
8.810022222860425e-08
8.810022222860425e-08
8.810022222860425e-08
-15.184943199157715
4.0944307500012656e-08
4.0944307500012656e-08
4.0944307500012656e-08
6.551758289337158
7.466515228315984e-08
7.466515228315984e-08
7.466515228315984e-08
19.400732040405273
3.494466938036567e-08
3.494466938036567e-08
3.494466938036567e-08
15.882734298706055
6.90059209773608e-08
6.90059209773608e-08
6.90059209773608e-08
-0.0789327621459961
2.032103907367855e-08
2.032103907367855e-08
2.032103907367855e-08
-17.788240432739258
4.1181607457474456e-08
4.1181607457474456e-08
4.1181607457474456e-08
-19.642549514770508
-3.506894685756379e-08
-3.506894685756379e-08
-3.506894685756379e-08
-4.415606498718262
-3.163403761163863e-08
-3.163403761163863e-08
-3.163403761163863e-08
15.882734298706055
3.932937886474974e-08
3.932937886474974e-08
3.932937886474974e-08
-0.07893272489309311
8.810022222860425e-08
8.810022222860425e-08
8.810022222860425e-08
-17.788240432739258
4.0944307500012656e-08
4.0944307500012656e-08
4.0944307500012656e-08
-19.642549514770508
7.466515228315984e-08
7.466515228315984e-08
7.466515228315984e-08
-4.415606498718262
3.494466938036567e-08
3.494466938036567e-08
3.494466938036567e-08
3.07629656791687
6.90059209773608e-08
6.90059209773608e-08
6.90059209773608e-08
-6.817471981048584
2.032103907367855e-08
2.032103907367855e-08
2.032103907367855e-08
-14.491026878356934
4.1181607457474456e-08
4.1181607457474456e-08
4.1181607457474456e-08
-12.665704727172852
-3.506894685756379e-08
-3.506894685756379e-08
-3.506894685756379e-08
-10.64844036102295
-3.163403761163863e-08
-3.163403761163863e-08
-3.163403761163863e-08
21.92442512512207
3.932937886474974e-08
3.932937886474974e-08
3.932937886474974e-08
13.00960636138916
8.810022222860425e-08
8.810022222860425e-08
8.810022222860425e-08
-1.915115475654602
4.0944307500012656e-08
4.0944307500012656e-08
4.0944307500012656e-08
-13.43973159790039
7.466515228315984e-08
7.466515228315984e-08
7.466515228315984e-08
-18.310771942138672
3.494466938036567e-08
3.494466938036567e-08
3.494466938036567e-08
-16.324005126953125
6.90059209773608e-08
6.90059209773608e-08
6.90059209773608e-08
-11.01927375793457
2.032103907367855e-08
2.032103907367855e-08
2.032103907367855e-08
-5.5929059982299805
4.1181607457474456e-08
4.1181607457474456e-08
4.1181607457474456e-08
2.0087480545043945
-3.506894685756379e-08
-3.506894685756379e-08
-3.506894685756379e-08
11.563783645629883
-3.163403761163863e-08
-3.163403761163863e-08
-3.163403761163863e-08
-2.6091225147247314
3.932937886474974e-08
3.932937886474974e-08
3.932937886474974e-08
-11.360305786132812
8.810022222860425e-08
8.810022222860425e-08
8.810022222860425e-08
-13.796135902404785
4.0944307500012656e-08
4.0944307500012656e-08
4.0944307500012656e-08
-11.194085121154785
7.466515228315984e-08
7.466515228315984e-08
7.466515228315984e-08
-10.599505424499512
3.494466938036567e-08
3.494466938036567e-08
3.494466938036567e-08
-14.386813163757324
6.90059209773608e-08
6.90059209773608e-08
6.90059209773608e-08
-19.0219669342041
2.032103907367855e-08
2.032103907367855e-08
2.032103907367855e-08
-21.060317993164062
4.1181607457474456e-08
4.1181607457474456e-08
4.1181607457474456e-08
-12.025076866149902
-3.506894685756379e-08
-3.506894685756379e-08
-3.506894685756379e-08
8.691411972045898
-3.163403761163863e-08
-3.163403761163863e-08
-3.163403761163863e-08
-19.0219669342041
3.932937886474974e-08
3.932937886474974e-08
3.932937886474974e-08
-21.060317993164062
8.810022222860425e-08
8.810022222860425e-08
8.810022222860425e-08
-12.025076866149902
4.0944307500012656e-08
4.0944307500012656e-08
4.0944307500012656e-08
8.691411972045898
7.466515228315984e-08
7.466515228315984e-08
7.466515228315984e-08
19.987504959106445
3.494466938036567e-08
3.494466938036567e-08
3.494466938036567e-08
13.15794563293457
6.90059209773608e-08
6.90059209773608e-08
6.90059209773608e-08
6.45782995223999
2.032103907367855e-08
2.032103907367855e-08
2.032103907367855e-08
5.066977024078369
4.1181607457474456e-08
4.1181607457474456e-08
4.1181607457474456e-08
-0.8117318153381348
-3.506894685756379e-08
-3.506894685756379e-08
-3.506894685756379e-08
-6.7549872398376465
-3.163403761163863e-08
-3.163403761163863e-08
-3.163403761163863e-08
5.904801845550537
3.932937886474974e-08
3.932937886474974e-08
3.932937886474974e-08
-2.57197642326355
8.810022222860425e-08
8.810022222860425e-08
8.810022222860425e-08
-10.342248916625977
4.0944307500012656e-08
4.0944307500012656e-08
4.0944307500012656e-08
-2.1556050777435303
7.466515228315984e-08
7.466515228315984e-08
7.466515228315984e-08
17.15545654296875
3.494466938036567e-08
3.494466938036567e-08
3.494466938036567e-08
24.28108787536621
6.90059209773608e-08
6.90059209773608e-08
6.90059209773608e-08
13.949077606201172
2.032103907367855e-08
2.032103907367855e-08
2.032103907367855e-08
4.065073490142822
4.1181607457474456e-08
4.1181607457474456e-08
4.1181607457474456e-08
0.0023623404558748007
-3.506894685756379e-08
-3.506894685756379e-08
-3.506894685756379e-08
-9.091765403747559
-3.163403761163863e-08
-3.163403761163863e-08
-3.163403761163863e-08
4.065073490142822
3.932937886474974e-08
3.932937886474974e-08
3.932937886474974e-08
0.002362380735576153
8.810022222860425e-08
8.810022222860425e-08
8.810022222860425e-08
-9.091765403747559
4.0944307500012656e-08
4.0944307500012656e-08
4.0944307500012656e-08
-20.140846252441406
7.466515228315984e-08
7.466515228315984e-08
7.466515228315984e-08
-18.889890670776367
3.494466938036567e-08
3.494466938036567e-08
3.494466938036567e-08
-9.913925170898438
6.90059209773608e-08
6.90059209773608e-08
6.90059209773608e-08
-10.260849952697754
2.032103907367855e-08
2.032103907367855e-08
2.032103907367855e-08
-19.376258850097656
4.1181607457474456e-08
4.1181607457474456e-08
4.1181607457474456e-08
-22.331876754760742
-3.506894685756379e-08
-3.506894685756379e-08
-3.506894685756379e-08
-11.231696128845215
-3.163403761163863e-08
-3.163403761163863e-08
-3.163403761163863e-08
14.347356796264648
3.932937886474974e-08
3.932937886474974e-08
3.932937886474974e-08
-6.845292091369629
8.810022222860425e-08
8.810022222860425e-08
8.810022222860425e-08
-24.973787307739258
4.0944307500012656e-08
4.0944307500012656e-08
4.0944307500012656e-08
-23.915014266967773
7.466515228315984e-08
7.466515228315984e-08
7.466515228315984e-08
-11.828757286071777
3.494466938036567e-08
3.494466938036567e-08
3.494466938036567e-08
-10.856244087219238
6.90059209773608e-08
6.90059209773608e-08
6.90059209773608e-08
-19.71995735168457
2.032103907367855e-08
2.032103907367855e-08
2.032103907367855e-08
-17.644699096679688
4.1181607457474456e-08
4.1181607457474456e-08
4.1181607457474456e-08
-1.7629510164260864
-3.506894685756379e-08
-3.506894685756379e-08
-3.506894685756379e-08
12.609075546264648
-3.163403761163863e-08
-3.163403761163863e-08
-3.163403761163863e-08
-19.71995735168457
3.932937886474974e-08
3.932937886474974e-08
3.932937886474974e-08
-17.644699096679688
8.810022222860425e-08
8.810022222860425e-08
8.810022222860425e-08
-1.7629510164260864
4.0944307500012656e-08
4.0944307500012656e-08
4.0944307500012656e-08
12.609075546264648
7.466515228315984e-08
7.466515228315984e-08
7.466515228315984e-08
16.227388381958008
3.494466938036567e-08
3.494466938036567e-08
3.494466938036567e-08
13.696945190429688
6.90059209773608e-08
6.90059209773608e-08
6.90059209773608e-08
12.328780174255371
2.032103907367855e-08
2.032103907367855e-08
2.032103907367855e-08
5.711062908172607
4.1181607457474456e-08
4.1181607457474456e-08
4.1181607457474456e-08
-12.783985137939453
-3.506894685756379e-08
-3.506894685756379e-08
-3.506894685756379e-08
-25.4199275970459
-3.163403761163863e-08
-3.163403761163863e-08
-3.163403761163863e-08
6.0294928550720215
3.932937886474974e-08
3.932937886474974e-08
3.932937886474974e-08
-6.5159592628479
8.810022222860425e-08
8.810022222860425e-08
8.810022222860425e-08
-10.379825592041016
4.0944307500012656e-08
4.0944307500012656e-08
4.0944307500012656e-08
-0.6412946581840515
7.466515228315984e-08
7.466515228315984e-08
7.466515228315984e-08
9.368982315063477
3.494466938036567e-08
3.494466938036567e-08
3.494466938036567e-08
11.430078506469727
6.90059209773608e-08
6.90059209773608e-08
6.90059209773608e-08
10.396098136901855
2.032103907367855e-08
2.032103907367855e-08
2.032103907367855e-08
9.375300407409668
4.1181607457474456e-08
4.1181607457474456e-08
4.1181607457474456e-08
4.9058709144592285
-3.506894685756379e-08
-3.506894685756379e-08
-3.506894685756379e-08
0.011337490752339363
-3.163403761163863e-08
-3.163403761163863e-08
-3.163403761163863e-08
0.011337448842823505
3.932937886474974e-08
3.932937886474974e-08
3.932937886474974e-08
-0.25451186299324036
8.810022222860425e-08
8.810022222860425e-08
8.810022222860425e-08
1.5892963409423828
4.0944307500012656e-08
4.0944307500012656e-08
4.0944307500012656e-08
5.63054084777832
7.466515228315984e-08
7.466515228315984e-08
7.466515228315984e-08
13.915456771850586
3.494466938036567e-08
3.494466938036567e-08
3.494466938036567e-08
17.596651077270508
6.90059209773608e-08
6.90059209773608e-08
6.90059209773608e-08
7.677181243896484
2.032103907367855e-08
2.032103907367855e-08
2.032103907367855e-08
-2.7698423862457275
4.1181607457474456e-08
4.1181607457474456e-08
4.1181607457474456e-08
7.334295749664307
-3.506894685756379e-08
-3.506894685756379e-08
-3.506894685756379e-08
29.955984115600586
-3.163403761163863e-08
-3.163403761163863e-08
-3.163403761163863e-08
3.9477639198303223
3.932937886474974e-08
3.932937886474974e-08
3.932937886474974e-08
-7.990560054779053
8.810022222860425e-08
8.810022222860425e-08
8.810022222860425e-08
-9.04331111907959
4.0944307500012656e-08
4.0944307500012656e-08
4.0944307500012656e-08
-3.520740270614624
7.466515228315984e-08
7.466515228315984e-08
7.466515228315984e-08
0.6091806888580322
3.494466938036567e-08
3.494466938036567e-08
3.494466938036567e-08
0.9333822131156921
6.90059209773608e-08
6.90059209773608e-08
6.90059209773608e-08
1.238823652267456
2.032103907367855e-08
2.032103907367855e-08
2.032103907367855e-08
1.9908939599990845
4.1181607457474456e-08
4.1181607457474456e-08
4.1181607457474456e-08
1.6836705207824707
-3.506894685756379e-08
-3.506894685756379e-08
-3.506894685756379e-08
8.714787483215332
-3.163403761163863e-08
-3.163403761163863e-08
-3.163403761163863e-08
22.452064514160156
3.932937886474974e-08
3.932937886474974e-08
3.932937886474974e-08
11.997480392456055
8.810022222860425e-08
8.810022222860425e-08
8.810022222860425e-08
10.887475967407227
4.0944307500012656e-08
4.0944307500012656e-08
4.0944307500012656e-08
6.88340425491333
7.466515228315984e-08
7.466515228315984e-08
7.466515228315984e-08
-0.2370252013206482
3.494466938036567e-08
3.494466938036567e-08
3.494466938036567e-08
-1.265014410018921
6.90059209773608e-08
6.90059209773608e-08
6.90059209773608e-08
1.210994839668274
2.032103907367855e-08
2.032103907367855e-08
2.032103907367855e-08
1.4323935508728027
4.1181607457474456e-08
4.1181607457474456e-08
4.1181607457474456e-08
2.780345916748047
-3.506894685756379e-08
-3.506894685756379e-08
-3.506894685756379e-08
5.096486568450928
-3.163403761163863e-08
-3.163403761163863e-08
-3.163403761163863e-08
-1.265014410018921
3.932937886474974e-08
3.932937886474974e-08
3.932937886474974e-08
1.210994839668274
8.810022222860425e-08
8.810022222860425e-08
8.810022222860425e-08
1.4323934316635132
4.0944307500012656e-08
4.0944307500012656e-08
4.0944307500012656e-08
2.780345916748047
7.466515228315984e-08
7.466515228315984e-08
7.466515228315984e-08
5.096486568450928
3.494466938036567e-08
3.494466938036567e-08
3.494466938036567e-08
-0.007872495800256729
6.90059209773608e-08
6.90059209773608e-08
6.90059209773608e-08
-8.214789390563965
2.032103907367855e-08
2.032103907367855e-08
2.032103907367855e-08
-2.4824724197387695
4.1181607457474456e-08
4.1181607457474456e-08
4.1181607457474456e-08
13.749589920043945
-3.506894685756379e-08
-3.506894685756379e-08
-3.506894685756379e-08
16.996410369873047
-3.163403761163863e-08
-3.163403761163863e-08
-3.163403761163863e-08
2.9847471714019775
3.932937886474974e-08
3.932937886474974e-08
3.932937886474974e-08
6.947747230529785
8.810022222860425e-08
8.810022222860425e-08
8.810022222860425e-08
-3.937039375305176
4.0944307500012656e-08
4.0944307500012656e-08
4.0944307500012656e-08
-10.492950439453125
7.466515228315984e-08
7.466515228315984e-08
7.466515228315984e-08
-0.16042841970920563
3.494466938036567e-08
3.494466938036567e-08
3.494466938036567e-08
6.800350189208984
6.90059209773608e-08
6.90059209773608e-08
6.90059209773608e-08
-4.002504348754883
2.032103907367855e-08
2.032103907367855e-08
2.032103907367855e-08
-15.96310806274414
4.1181607457474456e-08
4.1181607457474456e-08
4.1181607457474456e-08
-10.150118827819824
-3.506894685756379e-08
-3.506894685756379e-08
-3.506894685756379e-08
5.184042930603027
-3.163403761163863e-08
-3.163403761163863e-08
-3.163403761163863e-08
-18.349472045898438
3.932937886474974e-08
3.932937886474974e-08
3.932937886474974e-08
-26.748308181762695
8.810022222860425e-08
8.810022222860425e-08
8.810022222860425e-08
-31.690969467163086
4.0944307500012656e-08
4.0944307500012656e-08
4.0944307500012656e-08
-28.084035873413086
7.466515228315984e-08
7.466515228315984e-08
7.466515228315984e-08
-13.536005020141602
3.494466938036567e-08
3.494466938036567e-08
3.494466938036567e-08
2.4819164276123047
6.90059209773608e-08
6.90059209773608e-08
6.90059209773608e-08
2.523488759994507
2.032103907367855e-08
2.032103907367855e-08
2.032103907367855e-08
-6.47050666809082
4.1181607457474456e-08
4.1181607457474456e-08
4.1181607457474456e-08
1.5961127281188965
-3.506894685756379e-08
-3.506894685756379e-08
-3.506894685756379e-08
27.640968322753906
-3.163403761163863e-08
-3.163403761163863e-08
-3.163403761163863e-08
2.4819164276123047
3.932937886474974e-08
3.932937886474974e-08
3.932937886474974e-08
2.523488759994507
8.810022222860425e-08
8.810022222860425e-08
8.810022222860425e-08
-6.47050666809082
4.0944307500012656e-08
4.0944307500012656e-08
4.0944307500012656e-08
1.5961127281188965
7.466515228315984e-08
7.466515228315984e-08
7.466515228315984e-08
27.640968322753906
3.494466938036567e-08
3.494466938036567e-08
3.494466938036567e-08
47.3501091003418
6.90059209773608e-08
6.90059209773608e-08
6.90059209773608e-08
42.4348030090332
2.032103907367855e-08
2.032103907367855e-08
2.032103907367855e-08
14.075201988220215
4.1181607457474456e-08
4.1181607457474456e-08
4.1181607457474456e-08
-12.437785148620605
-3.506894685756379e-08
-3.506894685756379e-08
-3.506894685756379e-08
-11.001667976379395
-3.163403761163863e-08
-3.163403761163863e-08
-3.163403761163863e-08
-8.43935775756836
3.932937886474974e-08
3.932937886474974e-08
3.932937886474974e-08
-0.5987332463264465
8.810022222860425e-08
8.810022222860425e-08
8.810022222860425e-08
3.519442558288574
4.0944307500012656e-08
4.0944307500012656e-08
4.0944307500012656e-08
9.795454978942871
7.466515228315984e-08
7.466515228315984e-08
7.466515228315984e-08
20.04006576538086
3.494466938036567e-08
3.494466938036567e-08
3.494466938036567e-08
17.00551986694336
6.90059209773608e-08
6.90059209773608e-08
6.90059209773608e-08
-5.030263900756836
2.032103907367855e-08
2.032103907367855e-08
2.032103907367855e-08
-15.879433631896973
4.1181607457474456e-08
4.1181607457474456e-08
4.1181607457474456e-08
1.2379052639007568
-3.506894685756379e-08
-3.506894685756379e-08
-3.506894685756379e-08
17.694040298461914
-3.163403761163863e-08
-3.163403761163863e-08
-3.163403761163863e-08
17.00551986694336
3.932937886474974e-08
3.932937886474974e-08
3.932937886474974e-08
-5.030263900756836
8.810022222860425e-08
8.810022222860425e-08
8.810022222860425e-08
-15.879433631896973
4.0944307500012656e-08
4.0944307500012656e-08
4.0944307500012656e-08
1.2379052639007568
7.466515228315984e-08
7.466515228315984e-08
7.466515228315984e-08
17.694040298461914
3.494466938036567e-08
3.494466938036567e-08
3.494466938036567e-08
12.102773666381836
6.90059209773608e-08
6.90059209773608e-08
6.90059209773608e-08
-0.42994049191474915
2.032103907367855e-08
2.032103907367855e-08
2.032103907367855e-08
-6.078433513641357
4.1181607457474456e-08
4.1181607457474456e-08
4.1181607457474456e-08
-3.7467358112335205
-3.506894685756379e-08
-3.506894685756379e-08
-3.506894685756379e-08
9.229240417480469
-3.163403761163863e-08
-3.163403761163863e-08
-3.163403761163863e-08
2.938244104385376
3.932937886474974e-08
3.932937886474974e-08
3.932937886474974e-08
-0.4883475601673126
8.810022222860425e-08
8.810022222860425e-08
8.810022222860425e-08
-5.227270603179932
4.0944307500012656e-08
4.0944307500012656e-08
4.0944307500012656e-08
-7.513759136199951
7.466515228315984e-08
7.466515228315984e-08
7.466515228315984e-08
-4.517202854156494
3.494466938036567e-08
3.494466938036567e-08
3.494466938036567e-08
-0.3449710011482239
6.90059209773608e-08
6.90059209773608e-08
6.90059209773608e-08
-0.14922206103801727
2.032103907367855e-08
2.032103907367855e-08
2.032103907367855e-08
-2.0046920776367188
4.1181607457474456e-08
4.1181607457474456e-08
4.1181607457474456e-08
3.8738648891448975
-3.506894685756379e-08
-3.506894685756379e-08
-3.506894685756379e-08
20.23554801940918
-3.163403761163863e-08
-3.163403761163863e-08
-3.163403761163863e-08
-7.7318291664123535
3.932937886474974e-08
3.932937886474974e-08
3.932937886474974e-08
-25.491928100585938
8.810022222860425e-08
8.810022222860425e-08
8.810022222860425e-08
-23.629928588867188
4.0944307500012656e-08
4.0944307500012656e-08
4.0944307500012656e-08
-15.248229026794434
7.466515228315984e-08
7.466515228315984e-08
7.466515228315984e-08
-18.859399795532227
3.494466938036567e-08
3.494466938036567e-08
3.494466938036567e-08
-28.370664596557617
6.90059209773608e-08
6.90059209773608e-08
6.90059209773608e-08
-28.964120864868164
2.032103907367855e-08
2.032103907367855e-08
2.032103907367855e-08
-24.214618682861328
4.1181607457474456e-08
4.1181607457474456e-08
4.1181607457474456e-08
-20.675498962402344
-3.506894685756379e-08
-3.506894685756379e-08
-3.506894685756379e-08
-9.913626670837402
-3.163403761163863e-08
-3.163403761163863e-08
-3.163403761163863e-08
-24.214618682861328
3.932937886474974e-08
3.932937886474974e-08
3.932937886474974e-08
-20.675498962402344
8.810022222860425e-08
8.810022222860425e-08
8.810022222860425e-08
-9.913626670837402
4.0944307500012656e-08
4.0944307500012656e-08
4.0944307500012656e-08
6.261411666870117
7.466515228315984e-08
7.466515228315984e-08
7.466515228315984e-08
10.43552017211914
3.494466938036567e-08
3.494466938036567e-08
3.494466938036567e-08
3.189788341522217
6.90059209773608e-08
6.90059209773608e-08
6.90059209773608e-08
-3.444502592086792
2.032103907367855e-08
2.032103907367855e-08
2.032103907367855e-08
-10.813546180725098
4.1181607457474456e-08
4.1181607457474456e-08
4.1181607457474456e-08
-16.252164840698242
-3.506894685756379e-08
-3.506894685756379e-08
-3.506894685756379e-08
-8.713455200195312
-3.163403761163863e-08
-3.163403761163863e-08
-3.163403761163863e-08
1.7121891975402832
3.932937886474974e-08
3.932937886474974e-08
3.932937886474974e-08
-3.009814739227295
8.810022222860425e-08
8.810022222860425e-08
8.810022222860425e-08
-8.976410865783691
4.0944307500012656e-08
4.0944307500012656e-08
4.0944307500012656e-08
5.141323566436768
7.466515228315984e-08
7.466515228315984e-08
7.466515228315984e-08
23.945171356201172
3.494466938036567e-08
3.494466938036567e-08
3.494466938036567e-08
24.109554290771484
6.90059209773608e-08
6.90059209773608e-08
6.90059209773608e-08
13.280025482177734
2.032103907367855e-08
2.032103907367855e-08
2.032103907367855e-08
3.661832809448242
4.1181607457474456e-08
4.1181607457474456e-08
4.1181607457474456e-08
-9.801139831542969
-3.506894685756379e-08
-3.506894685756379e-08
-3.506894685756379e-08
-23.505542755126953
-3.163403761163863e-08
-3.163403761163863e-08
-3.163403761163863e-08
-13.109845161437988
3.932937886474974e-08
3.932937886474974e-08
3.932937886474974e-08
-20.00251007080078
8.810022222860425e-08
8.810022222860425e-08
8.810022222860425e-08
-22.728199005126953
4.0944307500012656e-08
4.0944307500012656e-08
4.0944307500012656e-08
-15.71288013458252
7.466515228315984e-08
7.466515228315984e-08
7.466515228315984e-08
2.7849717140197754
3.494466938036567e-08
3.494466938036567e-08
3.494466938036567e-08
23.861974716186523
6.90059209773608e-08
6.90059209773608e-08
6.90059209773608e-08
26.596538543701172
2.032103907367855e-08
2.032103907367855e-08
2.032103907367855e-08
5.950120449066162
4.1181607457474456e-08
4.1181607457474456e-08
4.1181607457474456e-08
-20.428508758544922
-3.506894685756379e-08
-3.506894685756379e-08
-3.506894685756379e-08
-34.502037048339844
-3.163403761163863e-08
-3.163403761163863e-08
-3.163403761163863e-08
5.950120449066162
3.932937886474974e-08
3.932937886474974e-08
3.932937886474974e-08
-20.428508758544922
8.810022222860425e-08
8.810022222860425e-08
8.810022222860425e-08
-34.502037048339844
4.0944307500012656e-08
4.0944307500012656e-08
4.0944307500012656e-08
-30.099716186523438
7.466515228315984e-08
7.466515228315984e-08
7.466515228315984e-08
-15.951385498046875
3.494466938036567e-08
3.494466938036567e-08
3.494466938036567e-08
-7.924290180206299
6.90059209773608e-08
6.90059209773608e-08
6.90059209773608e-08
-10.52583122253418
2.032103907367855e-08
2.032103907367855e-08
2.032103907367855e-08
-12.657438278198242
4.1181607457474456e-08
4.1181607457474456e-08
4.1181607457474456e-08
-5.4518632888793945
-3.506894685756379e-08
-3.506894685756379e-08
-3.506894685756379e-08
3.7929816246032715
-3.163403761163863e-08
-3.163403761163863e-08
-3.163403761163863e-08
-10.577363967895508
3.932937886474974e-08
3.932937886474974e-08
3.932937886474974e-08
-8.161287307739258
8.810022222860425e-08
8.810022222860425e-08
8.810022222860425e-08
5.878692626953125
4.0944307500012656e-08
4.0944307500012656e-08
4.0944307500012656e-08
15.990262985229492
7.466515228315984e-08
7.466515228315984e-08
7.466515228315984e-08
11.909804344177246
3.494466938036567e-08
3.494466938036567e-08
3.494466938036567e-08
-0.2602071464061737
6.90059209773608e-08
6.90059209773608e-08
6.90059209773608e-08
-10.507564544677734
2.032103907367855e-08
2.032103907367855e-08
2.032103907367855e-08
-11.818185806274414
4.1181607457474456e-08
4.1181607457474456e-08
4.1181607457474456e-08
-0.4129222631454468
-3.506894685756379e-08
-3.506894685756379e-08
-3.506894685756379e-08
15.317578315734863
-3.163403761163863e-08
-3.163403761163863e-08
-3.163403761163863e-08
-11.818185806274414
3.932937886474974e-08
3.932937886474974e-08
3.932937886474974e-08
-0.4129222333431244
8.810022222860425e-08
8.810022222860425e-08
8.810022222860425e-08
15.317578315734863
4.0944307500012656e-08
4.0944307500012656e-08
4.0944307500012656e-08
20.735275268554688
7.466515228315984e-08
7.466515228315984e-08
7.466515228315984e-08
14.208257675170898
3.494466938036567e-08
3.494466938036567e-08
3.494466938036567e-08
2.9389326572418213
6.90059209773608e-08
6.90059209773608e-08
6.90059209773608e-08
-7.6478190422058105
2.032103907367855e-08
2.032103907367855e-08
2.032103907367855e-08
-12.79187297821045
4.1181607457474456e-08
4.1181607457474456e-08
4.1181607457474456e-08
-13.752839088439941
-3.506894685756379e-08
-3.506894685756379e-08
-3.506894685756379e-08
-16.122007369995117
-3.163403761163863e-08
-3.163403761163863e-08
-3.163403761163863e-08
-5.836335182189941
3.932937886474974e-08
3.932937886474974e-08
3.932937886474974e-08
-5.762914657592773
8.810022222860425e-08
8.810022222860425e-08
8.810022222860425e-08
-4.51242733001709
4.0944307500012656e-08
4.0944307500012656e-08
4.0944307500012656e-08
2.5276474952697754
7.466515228315984e-08
7.466515228315984e-08
7.466515228315984e-08
3.7947628498077393
3.494466938036567e-08
3.494466938036567e-08
3.494466938036567e-08
-10.104968070983887
6.90059209773608e-08
6.90059209773608e-08
6.90059209773608e-08
-21.559362411499023
2.032103907367855e-08
2.032103907367855e-08
2.032103907367855e-08
-11.657524108886719
4.1181607457474456e-08
4.1181607457474456e-08
4.1181607457474456e-08
5.192693710327148
-3.506894685756379e-08
-3.506894685756379e-08
-3.506894685756379e-08
6.7710490226745605
-3.163403761163863e-08
-3.163403761163863e-08
-3.163403761163863e-08
3.83890962600708
3.932937886474974e-08
3.932937886474974e-08
3.932937886474974e-08
21.468660354614258
8.810022222860425e-08
8.810022222860425e-08
8.810022222860425e-08
29.9425048828125
4.0944307500012656e-08
4.0944307500012656e-08
4.0944307500012656e-08
23.970304489135742
7.466515228315984e-08
7.466515228315984e-08
7.466515228315984e-08
17.103628158569336
3.494466938036567e-08
3.494466938036567e-08
3.494466938036567e-08
14.849623680114746
6.90059209773608e-08
6.90059209773608e-08
6.90059209773608e-08
7.040151119232178
2.032103907367855e-08
2.032103907367855e-08
2.032103907367855e-08
-4.1668009757995605
4.1181607457474456e-08
4.1181607457474456e-08
4.1181607457474456e-08
-4.9225006103515625
-3.506894685756379e-08
-3.506894685756379e-08
-3.506894685756379e-08
3.9359939098358154
-3.163403761163863e-08
-3.163403761163863e-08
-3.163403761163863e-08
-4.1668009757995605
3.932937886474974e-08
3.932937886474974e-08
3.932937886474974e-08
-4.9225006103515625
8.810022222860425e-08
8.810022222860425e-08
8.810022222860425e-08
3.9359939098358154
4.0944307500012656e-08
4.0944307500012656e-08
4.0944307500012656e-08
10.825201034545898
7.466515228315984e-08
7.466515228315984e-08
7.466515228315984e-08
10.895054817199707
3.494466938036567e-08
3.494466938036567e-08
3.494466938036567e-08
3.837813138961792
6.90059209773608e-08
6.90059209773608e-08
6.90059209773608e-08
-6.700415134429932
2.032103907367855e-08
2.032103907367855e-08
2.032103907367855e-08
-8.21961498260498
4.1181607457474456e-08
4.1181607457474456e-08
4.1181607457474456e-08
4.799258232116699
-3.506894685756379e-08
-3.506894685756379e-08
-3.506894685756379e-08
17.286027908325195
-3.163403761163863e-08
-3.163403761163863e-08
-3.163403761163863e-08
5.915075302124023
3.932937886474974e-08
3.932937886474974e-08
3.932937886474974e-08
-16.218467712402344
8.810022222860425e-08
8.810022222860425e-08
8.810022222860425e-08
-22.318275451660156
4.0944307500012656e-08
4.0944307500012656e-08
4.0944307500012656e-08
-4.3642988204956055
7.466515228315984e-08
7.466515228315984e-08
7.466515228315984e-08
9.875368118286133
3.494466938036567e-08
3.494466938036567e-08
3.494466938036567e-08
4.199591636657715
6.90059209773608e-08
6.90059209773608e-08
6.90059209773608e-08
-6.89228630065918
2.032103907367855e-08
2.032103907367855e-08
2.032103907367855e-08
-12.243181228637695
4.1181607457474456e-08
4.1181607457474456e-08
4.1181607457474456e-08
-14.560775756835938
-3.506894685756379e-08
-3.506894685756379e-08
-3.506894685756379e-08
-11.741815567016602
-3.163403761163863e-08
-3.163403761163863e-08
-3.163403761163863e-08
-6.89228630065918
3.932937886474974e-08
3.932937886474974e-08
3.932937886474974e-08
-12.243181228637695
8.810022222860425e-08
8.810022222860425e-08
8.810022222860425e-08
-14.560775756835938
4.0944307500012656e-08
4.0944307500012656e-08
4.0944307500012656e-08
-11.741815567016602
7.466515228315984e-08
7.466515228315984e-08
7.466515228315984e-08
-3.466336965560913
3.494466938036567e-08
3.494466938036567e-08
3.494466938036567e-08
-0.028877021744847298
6.90059209773608e-08
6.90059209773608e-08
6.90059209773608e-08
-2.4278855323791504
2.032103907367855e-08
2.032103907367855e-08
2.032103907367855e-08
-0.6312523484230042
4.1181607457474456e-08
4.1181607457474456e-08
4.1181607457474456e-08
4.187783241271973
-3.506894685756379e-08
-3.506894685756379e-08
-3.506894685756379e-08
4.361929893493652
-3.163403761163863e-08
-3.163403761163863e-08
-3.163403761163863e-08
4.126267433166504
3.932937886474974e-08
3.932937886474974e-08
3.932937886474974e-08
12.548996925354004
8.810022222860425e-08
8.810022222860425e-08
8.810022222860425e-08
24.399913787841797
4.0944307500012656e-08
4.0944307500012656e-08
4.0944307500012656e-08
22.037303924560547
7.466515228315984e-08
7.466515228315984e-08
7.466515228315984e-08
2.2800471782684326
3.494466938036567e-08
3.494466938036567e-08
3.494466938036567e-08
-12.702905654907227
6.90059209773608e-08
6.90059209773608e-08
6.90059209773608e-08
-6.474466800689697
2.032103907367855e-08
2.032103907367855e-08
2.032103907367855e-08
5.916857719421387
4.1181607457474456e-08
4.1181607457474456e-08
4.1181607457474456e-08
2.148547410964966
-3.506894685756379e-08
-3.506894685756379e-08
-3.506894685756379e-08
-15.909186363220215
-3.163403761163863e-08
-3.163403761163863e-08
-3.163403761163863e-08
-6.060500621795654
3.932937886474974e-08
3.932937886474974e-08
3.932937886474974e-08
1.5260133743286133
8.810022222860425e-08
8.810022222860425e-08
8.810022222860425e-08
-1.2148131132125854
4.0944307500012656e-08
4.0944307500012656e-08
4.0944307500012656e-08
6.935593605041504
7.466515228315984e-08
7.466515228315984e-08
7.466515228315984e-08
24.160676956176758
3.494466938036567e-08
3.494466938036567e-08
3.494466938036567e-08
28.603410720825195
6.90059209773608e-08
6.90059209773608e-08
6.90059209773608e-08
19.570783615112305
2.032103907367855e-08
2.032103907367855e-08
2.032103907367855e-08
10.470458984375
4.1181607457474456e-08
4.1181607457474456e-08
4.1181607457474456e-08
1.3075450658798218
-3.506894685756379e-08
-3.506894685756379e-08
-3.506894685756379e-08
-12.134899139404297
-3.163403761163863e-08
-3.163403761163863e-08
-3.163403761163863e-08
19.570783615112305
3.932937886474974e-08
3.932937886474974e-08
3.932937886474974e-08
10.470458984375
8.810022222860425e-08
8.810022222860425e-08
8.810022222860425e-08
1.3075450658798218
4.0944307500012656e-08
4.0944307500012656e-08
4.0944307500012656e-08
-12.134899139404297
7.466515228315984e-08
7.466515228315984e-08
7.466515228315984e-08
-18.953100204467773
3.494466938036567e-08
3.494466938036567e-08
3.494466938036567e-08
-9.185463905334473
6.90059209773608e-08
6.90059209773608e-08
6.90059209773608e-08
4.241647243499756
2.032103907367855e-08
2.032103907367855e-08
2.032103907367855e-08
7.954626560211182
4.1181607457474456e-08
4.1181607457474456e-08
4.1181607457474456e-08
8.424789428710938
-3.506894685756379e-08
-3.506894685756379e-08
-3.506894685756379e-08
13.555124282836914
-3.163403761163863e-08
-3.163403761163863e-08
-3.163403761163863e-08
21.303287506103516
3.932937886474974e-08
3.932937886474974e-08
3.932937886474974e-08
8.051389694213867
8.810022222860425e-08
8.810022222860425e-08
8.810022222860425e-08
-2.977430820465088
4.0944307500012656e-08
4.0944307500012656e-08
4.0944307500012656e-08
-3.194606065750122
7.466515228315984e-08
7.466515228315984e-08
7.466515228315984e-08
4.403947353363037
3.494466938036567e-08
3.494466938036567e-08
3.494466938036567e-08
6.124764919281006
6.90059209773608e-08
6.90059209773608e-08
6.90059209773608e-08
-2.1346704959869385
2.032103907367855e-08
2.032103907367855e-08
2.032103907367855e-08
-2.436328887939453
4.1181607457474456e-08
4.1181607457474456e-08
4.1181607457474456e-08
16.138771057128906
-3.506894685756379e-08
-3.506894685756379e-08
-3.506894685756379e-08
34.49367904663086
-3.163403761163863e-08
-3.163403761163863e-08
-3.163403761163863e-08
9.649288177490234
3.932937886474974e-08
3.932937886474974e-08
3.932937886474974e-08
16.93415069580078
8.810022222860425e-08
8.810022222860425e-08
8.810022222860425e-08
4.670938014984131
4.0944307500012656e-08
4.0944307500012656e-08
4.0944307500012656e-08
-9.145303726196289
7.466515228315984e-08
7.466515228315984e-08
7.466515228315984e-08
-6.135261535644531
3.494466938036567e-08
3.494466938036567e-08
3.494466938036567e-08
9.805770874023438
6.90059209773608e-08
6.90059209773608e-08
6.90059209773608e-08
22.946569442749023
2.032103907367855e-08
2.032103907367855e-08
2.032103907367855e-08
24.065542221069336
4.1181607457474456e-08
4.1181607457474456e-08
4.1181607457474456e-08
12.41359806060791
-3.506894685756379e-08
-3.506894685756379e-08
-3.506894685756379e-08
-2.9428155422210693
-3.163403761163863e-08
-3.163403761163863e-08
-3.163403761163863e-08
22.946569442749023
3.932937886474974e-08
3.932937886474974e-08
3.932937886474974e-08
24.065542221069336
8.810022222860425e-08
8.810022222860425e-08
8.810022222860425e-08
12.41359806060791
4.0944307500012656e-08
4.0944307500012656e-08
4.0944307500012656e-08
-2.9428155422210693
7.466515228315984e-08
7.466515228315984e-08
7.466515228315984e-08
-8.63378620147705
3.494466938036567e-08
3.494466938036567e-08
3.494466938036567e-08
-2.476245403289795
6.90059209773608e-08
6.90059209773608e-08
6.90059209773608e-08
4.712015151977539
2.032103907367855e-08
2.032103907367855e-08
2.032103907367855e-08
1.9453452825546265
4.1181607457474456e-08
4.1181607457474456e-08
4.1181607457474456e-08
-11.938483238220215
-3.506894685756379e-08
-3.506894685756379e-08
-3.506894685756379e-08
-27.278076171875
-3.163403761163863e-08
-3.163403761163863e-08
-3.163403761163863e-08
26.224069595336914
3.932937886474974e-08
3.932937886474974e-08
3.932937886474974e-08
27.513246536254883
8.810022222860425e-08
8.810022222860425e-08
8.810022222860425e-08
9.239889144897461
4.0944307500012656e-08
4.0944307500012656e-08
4.0944307500012656e-08
-6.699389934539795
7.466515228315984e-08
7.466515228315984e-08
7.466515228315984e-08
-12.038549423217773
3.494466938036567e-08
3.494466938036567e-08
3.494466938036567e-08
-10.016403198242188
6.90059209773608e-08
6.90059209773608e-08
6.90059209773608e-08
