0
13.049469947814941
-24.795244216918945
1.999999987845058e-08
1.999999987845058e-08
19.15297508239746
-34.20659255981445
-1.999999987845058e-08
-1.999999987845058e-08
17.58929443359375
-37.629634857177734
1.999999987845058e-08
1.999999987845058e-08
11.221678733825684
-29.36418914794922
-1.999999987845058e-08
-1.999999987845058e-08
9.253617286682129
-17.68018913269043
1.999999987845058e-08
1.999999987845058e-08
12.871515274047852
-7.766780853271484
-1.999999987845058e-08
-1.999999987845058e-08
15.042099952697754
3.934917449951172
1.999999987845058e-08
1.999999987845058e-08
13.652114868164062
16.168344497680664
-1.999999987845058e-08
-1.999999987845058e-08
12.805670738220215
19.337692260742188
1.999999987845058e-08
1.999999987845058e-08
6.600904941558838
1.1940058469772339
-1.999999987845058e-08
-1.999999987845058e-08
8.795140266418457
-1.4166771173477173
1.999999987845058e-08
1.999999987845058e-08
12.740761756896973
-8.772216796875
-1.999999987845058e-08
-1.999999987845058e-08
11.15770435333252
-10.969889640808105
1.999999987845058e-08
1.999999987845058e-08
4.368290424346924
-0.06783533096313477
-1.999999987845058e-08
-1.999999987845058e-08
-0.6493290066719055
13.472392082214355
1.999999987845058e-08
1.999999987845058e-08
0.4758724868297577
12.969823837280273
-1.999999987845058e-08
-1.999999987845058e-08
6.906449794769287
-4.899606704711914
1.999999987845058e-08
1.999999987845058e-08
13.577259063720703
-25.546077728271484
-1.999999987845058e-08
-1.999999987845058e-08
13.694808959960938
-26.2655086517334
1.999999987845058e-08
1.999999987845058e-08
-0.6493290662765503
13.472392082214355
-1.999999987845058e-08
-1.999999987845058e-08
0.4758725166320801
12.969823837280273
1.999999987845058e-08
1.999999987845058e-08
6.906449794769287
-4.899606704711914
-1.999999987845058e-08
-1.999999987845058e-08
13.577259063720703
-25.546077728271484
1.999999987845058e-08
1.999999987845058e-08
13.694808959960938
-26.2655086517334
-1.999999987845058e-08
-1.999999987845058e-08
7.544466018676758
0.41196373105049133
1.999999987845058e-08
1.999999987845058e-08
4.054418087005615
34.34223937988281
-1.999999987845058e-08
-1.999999987845058e-08
7.452444076538086
49.45270538330078
1.999999987845058e-08
1.999999987845058e-08
10.962198257446289
41.40126419067383
-1.999999987845058e-08
-1.999999987845058e-08
8.537253379821777
26.149450302124023
1.999999987845058e-08
1.999999987845058e-08
8.537253379821777
26.149450302124023
-1.999999987845058e-08
-1.999999987845058e-08
4.243663787841797
15.661898612976074
1.999999987845058e-08
1.999999987845058e-08
4.162286281585693
6.692889213562012
-1.999999987845058e-08
-1.999999987845058e-08
6.26974630355835
-4.72910737991333
1.999999987845058e-08
1.999999987845058e-08
5.62746000289917
-13.391663551330566
-1.999999987845058e-08
-1.999999987845058e-08
2.5639426708221436
-13.415964126586914
1.999999987845058e-08
1.999999987845058e-08
-0.46036359667778015
-6.398993015289307
-1.999999987845058e-08
-1.999999987845058e-08
-2.7288565635681152
0.0062298341654241085
1.999999987845058e-08
1.999999987845058e-08
-2.5098423957824707
-2.4200987815856934
-1.999999987845058e-08
-1.999999987845058e-08
2.493553400039673
-16.240921020507812
1.999999987845058e-08
1.999999987845058e-08
-0.5846196413040161
-35.66930389404297
-1.999999987845058e-08
-1.999999987845058e-08
-1.4252077341079712
-31.784748077392578
1.999999987845058e-08
1.999999987845058e-08
3.806455612182617
-38.22990417480469
-1.999999987845058e-08
-1.999999987845058e-08
4.969771385192871
-45.64466094970703
1.999999987845058e-08
1.999999987845058e-08
-2.003894805908203
-42.101497650146484
-1.999999987845058e-08
-1.999999987845058e-08
-8.813422203063965
-29.72941017150879
1.999999987845058e-08
1.999999987845058e-08
-8.747160911560059
-20.937685012817383
-1.999999987845058e-08
-1.999999987845058e-08
-4.6064558029174805
-25.963714599609375
1.999999987845058e-08
1.999999987845058e-08
-2.8054394721984863
-42.645023345947266
-1.999999987845058e-08
-1.999999987845058e-08
-7.985915660858154
-54.5250358581543
1.999999987845058e-08
1.999999987845058e-08
-7.985915660858154
-54.5250358581543
-1.999999987845058e-08
-1.999999987845058e-08
-19.731861114501953
-47.455841064453125
1.999999987845058e-08
1.999999987845058e-08
-29.52349090576172
-27.448484420776367
-1.999999987845058e-08
-1.999999987845058e-08
-27.593761444091797
-14.858320236206055
1.999999987845058e-08
1.999999987845058e-08
-16.10291290283203
-21.69383430480957
-1.999999987845058e-08
-1.999999987845058e-08
-6.1488728523254395
-38.9697151184082
1.999999987845058e-08
1.999999987845058e-08
-3.3356738090515137
-47.3593864440918
-1.999999987845058e-08
-1.999999987845058e-08
-6.591771602630615
-39.801971435546875
1.999999987845058e-08
1.999999987845058e-08
-14.578446388244629
-29.719932556152344
-1.999999987845058e-08
-1.999999987845058e-08
-23.366973876953125
-31.30757713317871
1.999999987845058e-08
1.999999987845058e-08
-25.048280715942383
-39.17871856689453
-1.999999987845058e-08
-1.999999987845058e-08
-18.013071060180664
-38.112667083740234
1.999999987845058e-08
1.999999987845058e-08
-11.72413158416748
-25.41526985168457
-1.999999987845058e-08
-1.999999987845058e-08
-13.394368171691895
-12.93774127960205
1.999999987845058e-08
1.999999987845058e-08
-18.504741668701172
-10.74059009552002
-1.999999987845058e-08
-1.999999987845058e-08
-19.93830108642578
-17.13979721069336
1.999999987845058e-08
1.999999987845058e-08
-17.42203712463379
-25.40869903564453
-1.999999987845058e-08
-1.999999987845058e-08
-14.237659454345703
-33.54270553588867
1.999999987845058e-08
1.999999987845058e-08
-10.600768089294434
-43.37246322631836
-1.999999987845058e-08
-1.999999987845058e-08
-5.361793518066406
-52.195098876953125
1.999999987845058e-08
1.999999987845058e-08
-5.203180313110352
-33.23488998413086
-1.999999987845058e-08
-1.999999987845058e-08
-7.7231550216674805
-25.896642684936523
1.999999987845058e-08
1.999999987845058e-08
-9.651117324829102
-20.905826568603516
-1.999999987845058e-08
-1.999999987845058e-08
-10.214851379394531
-18.221542358398438
1.999999987845058e-08
1.999999987845058e-08
-8.666461944580078
-18.269847869873047
-1.999999987845058e-08
-1.999999987845058e-08
-8.074393272399902
-18.02315902709961
1.999999987845058e-08
1.999999987845058e-08
-10.457036972045898
-13.32013988494873
-1.999999987845058e-08
-1.999999987845058e-08
-13.133722305297852
-2.6881024837493896
1.999999987845058e-08
1.999999987845058e-08
-15.273669242858887
9.66871452331543
-1.999999987845058e-08
-1.999999987845058e-08
-18.19298553466797
12.963543891906738
1.999999987845058e-08
1.999999987845058e-08
-18.19298553466797
12.963543891906738
-1.999999987845058e-08
-1.999999987845058e-08
-20.616405487060547
4.537808418273926
1.999999987845058e-08
1.999999987845058e-08
-21.345417022705078
-1.6475160121917725
-1.999999987845058e-08
-1.999999987845058e-08
-20.171504974365234
2.159630298614502
1.999999987845058e-08
1.999999987845058e-08
-17.54905891418457
6.6293463706970215
-1.999999987845058e-08
-1.999999987845058e-08
-16.83043670654297
5.501828193664551
1.999999987845058e-08
1.999999987845058e-08
-19.46219825744629
2.3128507137298584
-1.999999987845058e-08
-1.999999987845058e-08
-21.384733200073242
-1.1558573246002197
1.999999987845058e-08
1.999999987845058e-08
-20.08126449584961
-6.468680381774902
-1.999999987845058e-08
-1.999999987845058e-08
-18.235260009765625
-13.1748685836792
1.999999987845058e-08
1.999999987845058e-08
-18.148357391357422
-17.962682723999023
-1.999999987845058e-08
-1.999999987845058e-08
-18.414037704467773
-16.699491500854492
1.999999987845058e-08
1.999999987845058e-08
-16.75322914123535
-9.36569881439209
-1.999999987845058e-08
-1.999999987845058e-08
-13.273965835571289
-2.6395175457000732
1.999999987845058e-08
1.999999987845058e-08
-9.578425407409668
-4.170540809631348
-1.999999987845058e-08
-1.999999987845058e-08
-6.194579124450684
-15.600139617919922
1.999999987845058e-08
1.999999987845058e-08
-4.003763675689697
-31.59537696838379
-1.999999987845058e-08
-1.999999987845058e-08
-5.377687454223633
-43.704139709472656
1.999999987845058e-08
1.999999987845058e-08
-10.081561088562012
-45.358943939208984
-1.999999987845058e-08
-1.999999987845058e-08
-14.287774085998535
-37.1716423034668
1.999999987845058e-08
1.999999987845058e-08
-10.081561088562012
-45.358943939208984
-1.999999987845058e-08
-1.999999987845058e-08
-14.287774085998535
-37.1716423034668
1.999999987845058e-08
1.999999987845058e-08
-16.357105255126953
-25.39002799987793
-1.999999987845058e-08
-1.999999987845058e-08
-17.76919937133789
-14.915141105651855
1.999999987845058e-08
1.999999987845058e-08
-17.80134391784668
-10.051319122314453
-1.999999987845058e-08
-1.999999987845058e-08
-14.874809265136719
-13.527825355529785
1.999999987845058e-08
1.999999987845058e-08
-11.334117889404297
-19.230724334716797
-1.999999987845058e-08
-1.999999987845058e-08
-9.948540687561035
-17.52012825012207
1.999999987845058e-08
1.999999987845058e-08
-9.008747100830078
-8.599493026733398
-1.999999987845058e-08
-1.999999987845058e-08
-5.9746856689453125
-2.4437003135681152
1.999999987845058e-08
1.999999987845058e-08
-2.1445295810699463
-7.5937395095825195
-1.999999987845058e-08
-1.999999987845058e-08
1.232762336730957
-24.21272087097168
1.999999987845058e-08
1.999999987845058e-08
6.438079357147217
-45.61813735961914
-1.999999987845058e-08
-1.999999987845058e-08
12.86379623413086
-59.93518829345703
1.999999987845058e-08
1.999999987845058e-08
14.753442764282227
-52.507110595703125
-1.999999987845058e-08
-1.999999987845058e-08
10.607927322387695
-22.75863265991211
1.999999987845058e-08
1.999999987845058e-08
5.365185737609863
5.740836143493652
-1.999999987845058e-08
-1.999999987845058e-08
2.1369380950927734
10.824302673339844
1.999999987845058e-08
1.999999987845058e-08
0.09050462394952774
-2.191527843475342
-1.999999987845058e-08
-1.999999987845058e-08
-2.281538963317871
-12.727357864379883
1.999999987845058e-08
1.999999987845058e-08
-9.704627990722656
-10.317951202392578
-1.999999987845058e-08
-1.999999987845058e-08
-12.384315490722656
-12.067605972290039
1.999999987845058e-08
1.999999987845058e-08
-13.446751594543457
-11.144705772399902
-1.999999987845058e-08
-1.999999987845058e-08
-11.446673393249512
-2.3754124641418457
1.999999987845058e-08
1.999999987845058e-08
-3.606086254119873
8.799792289733887
-1.999999987845058e-08
-1.999999987845058e-08
7.643032073974609
15.879934310913086
1.999999987845058e-08
1.999999987845058e-08
14.754302024841309
15.860997200012207
-1.999999987845058e-08
-1.999999987845058e-08
15.107461929321289
5.411581039428711
1.999999987845058e-08
1.999999987845058e-08
11.610272407531738
-10.320342063903809
-1.999999987845058e-08
-1.999999987845058e-08
5.514435291290283
-13.268381118774414
1.999999987845058e-08
1.999999987845058e-08
5.514435291290283
-13.268381118774414
-1.999999987845058e-08
-1.999999987845058e-08
-0.8671918511390686
3.153914213180542
1.999999987845058e-08
1.999999987845058e-08
-1.5188796520233154
20.035337448120117
-1.999999987845058e-08
-1.999999987845058e-08
5.022647380828857
17.604246139526367
1.999999987845058e-08
1.999999987845058e-08
12.077661514282227
-1.506453514099121
-1.999999987845058e-08
-1.999999987845058e-08
13.281803131103516
-17.59303855895996
1.999999987845058e-08
1.999999987845058e-08
9.63978385925293
-14.360296249389648
-1.999999987845058e-08
-1.999999987845058e-08
5.699255466461182
7.349299430847168
1.999999987845058e-08
1.999999987845058e-08
2.811603307723999
33.57419204711914
-1.999999987845058e-08
-1.999999987845058e-08
0.957582414150238
48.169952392578125
1.999999987845058e-08
1.999999987845058e-08
2.811603307723999
33.57419204711914
-1.999999987845058e-08
-1.999999987845058e-08
0.957582414150238
48.169952392578125
1.999999987845058e-08
1.999999987845058e-08
2.0577516555786133
44.1359748840332
-1.999999987845058e-08
-1.999999987845058e-08
5.2113823890686035
33.2052001953125
1.999999987845058e-08
1.999999987845058e-08
6.23691463470459
34.79253005981445
-1.999999987845058e-08
-1.999999987845058e-08
6.223982334136963
48.9356689453125
1.999999987845058e-08
1.999999987845058e-08
10.393067359924316
55.17725372314453
-1.999999987845058e-08
-1.999999987845058e-08
17.540874481201172
43.04283905029297
1.999999987845058e-08
1.999999987845058e-08
20.681474685668945
26.707138061523438
-1.999999987845058e-08
-1.999999987845058e-08
17.668703079223633
21.97797393798828
1.999999987845058e-08
1.999999987845058e-08
1.5794172286987305
46.5640754699707
-1.999999987845058e-08
-1.999999987845058e-08
3.7392725944519043
43.804656982421875
1.999999987845058e-08
1.999999987845058e-08
8.655699729919434
30.54770851135254
-1.999999987845058e-08
-1.999999987845058e-08
8.003169059753418
25.378887176513672
1.999999987845058e-08
1.999999987845058e-08
1.9239733219146729
30.802793502807617
-1.999999987845058e-08
-1.999999987845058e-08
-4.898005485534668
37.15274429321289
1.999999987845058e-08
1.999999987845058e-08
-8.889997482299805
43.066864013671875
-1.999999987845058e-08
-1.999999987845058e-08
-5.2290167808532715
49.40106201171875
1.999999987845058e-08
1.999999987845058e-08
7.30067253112793
49.948509216308594
-1.999999987845058e-08
-1.999999987845058e-08
21.651962280273438
41.34437942504883
1.999999987845058e-08
1.999999987845058e-08
7.30067253112793
49.948509216308594
-1.999999987845058e-08
-1.999999987845058e-08
21.651962280273438
41.34437942504883
1.999999987845058e-08
1.999999987845058e-08
29.791542053222656
31.61370086669922
-1.999999987845058e-08
-1.999999987845058e-08
30.1246337890625
30.515409469604492
1.999999987845058e-08
1.999999987845058e-08
26.301015853881836
37.95011520385742
-1.999999987845058e-08
-1.999999987845058e-08
21.44535255432129
49.29054260253906
1.999999987845058e-08
1.999999987845058e-08
16.131023406982422
59.815185546875
-1.999999987845058e-08
-1.999999987845058e-08
10.633883476257324
59.857032775878906
1.999999987845058e-08
1.999999987845058e-08
3.9510364532470703
45.87333679199219
-1.999999987845058e-08
-1.999999987845058e-08
-5.629427433013916
31.266084671020508
1.999999987845058e-08
1.999999987845058e-08
-5.629427433013916
31.266084671020508
-1.999999987845058e-08
-1.999999987845058e-08
-15.73844051361084
28.611650466918945
1.999999987845058e-08
1.999999987845058e-08
-21.519729614257812
34.53220748901367
-1.999999987845058e-08
-1.999999987845058e-08
-20.829416275024414
39.032161712646484
1.999999987845058e-08
1.999999987845058e-08
-15.305246353149414
38.655311584472656
-1.999999987845058e-08
-1.999999987845058e-08
-9.627230644226074
39.81729507446289
1.999999987845058e-08
1.999999987845058e-08
-7.10040807723999
48.349727630615234
-1.999999987845058e-08
-1.999999987845058e-08
-4.056933879852295
55.729827880859375
1.999999987845058e-08
1.999999987845058e-08
4.6990485191345215
49.69563293457031
-1.999999987845058e-08
-1.999999987845058e-08
15.384594917297363
38.03071594238281
1.999999987845058e-08
1.999999987845058e-08
26.193754196166992
5.515185832977295
-1.999999987845058e-08
-1.999999987845058e-08
24.02672576904297
-3.2861311435699463
1.999999987845058e-08
1.999999987845058e-08
18.406782150268555
2.4262993335723877
-1.999999987845058e-08
-1.999999987845058e-08
14.522875785827637
18.556623458862305
1.999999987845058e-08
1.999999987845058e-08
13.936659812927246
39.094818115234375
-1.999999987845058e-08
-1.999999987845058e-08
14.404716491699219
54.49959182739258
1.999999987845058e-08
1.999999987845058e-08
13.174710273742676
57.640167236328125
-1.999999987845058e-08
-1.999999987845058e-08
10.287559509277344
50.10691452026367
1.999999987845058e-08
1.999999987845058e-08
8.967376708984375
39.381404876708984
-1.999999987845058e-08
-1.999999987845058e-08
11.706722259521484
33.42250442504883
1.999999987845058e-08
1.999999987845058e-08
13.936659812927246
39.094818115234375
-1.999999987845058e-08
-1.999999987845058e-08
14.404716491699219
54.49959182739258
1.999999987845058e-08
1.999999987845058e-08
13.174710273742676
57.640167236328125
-1.999999987845058e-08
-1.999999987845058e-08
10.287559509277344
50.10691452026367
1.999999987845058e-08
1.999999987845058e-08
8.967376708984375
39.381404876708984
-1.999999987845058e-08
-1.999999987845058e-08
11.706722259521484
33.42250442504883
1.999999987845058e-08
1.999999987845058e-08
17.313533782958984
35.88273239135742
-1.999999987845058e-08
-1.999999987845058e-08
21.885929107666016
40.82749938964844
1.999999987845058e-08
1.999999987845058e-08
21.273902893066406
37.93859100341797
-1.999999987845058e-08
-1.999999987845058e-08
15.219337463378906
25.749408721923828
1.999999987845058e-08
1.999999987845058e-08
9.825263977050781
12.513129234313965
-1.999999987845058e-08
-1.999999987845058e-08
11.057690620422363
6.21028995513916
1.999999987845058e-08
1.999999987845058e-08
17.125167846679688
6.949063301086426
-1.999999987845058e-08
-1.999999987845058e-08
21.946672439575195
7.836324691772461
1.999999987845058e-08
1.999999987845058e-08
22.349634170532227
6.490231990814209
-1.999999987845058e-08
-1.999999987845058e-08
19.082366943359375
9.410163879394531
1.999999987845058e-08
1.999999987845058e-08
15.045167922973633
19.751556396484375
-1.999999987845058e-08
-1.999999987845058e-08
13.19090747833252
32.05607604980469
1.999999987845058e-08
1.999999987845058e-08
13.702980041503906
40.888526916503906
-1.999999987845058e-08
-1.999999987845058e-08
13.832971572875977
45.79086685180664
1.999999987845058e-08
1.999999987845058e-08
11.22253131866455
47.37400817871094
-1.999999987845058e-08
-1.999999987845058e-08
7.78838586807251
42.093505859375
1.999999987845058e-08
1.999999987845058e-08
8.055802345275879
27.139617919921875
-1.999999987845058e-08
-1.999999987845058e-08
10.978487014770508
12.36404800415039
1.999999987845058e-08
1.999999987845058e-08
10.5446195602417
11.657752990722656
-1.999999987845058e-08
-1.999999987845058e-08
5.957514762878418
21.99381446838379
1.999999987845058e-08
1.999999987845058e-08
1.2087483406066895
32.192405700683594
-1.999999987845058e-08
-1.999999987845058e-08
-1.2462340593338013
40.55295944213867
1.999999987845058e-08
1.999999987845058e-08
0.4001618027687073
44.69471740722656
-1.999999987845058e-08
-1.999999987845058e-08
6.422521114349365
36.059974670410156
1.999999987845058e-08
1.999999987845058e-08
6.422521114349365
36.059974670410156
-1.999999987845058e-08
-1.999999987845058e-08
11.794721603393555
18.538040161132812
1.999999987845058e-08
1.999999987845058e-08
10.34266185760498
10.475866317749023
-1.999999987845058e-08
-1.999999987845058e-08
3.430954933166504
17.105815887451172
1.999999987845058e-08
1.999999987845058e-08
-0.8540876507759094
22.606698989868164
-1.999999987845058e-08
-1.999999987845058e-08
1.1070215702056885
18.461502075195312
1.999999987845058e-08
1.999999987845058e-08
4.024735450744629
15.154997825622559
-1.999999987845058e-08
-1.999999987845058e-08
3.3413543701171875
20.77456283569336
1.999999987845058e-08
1.999999987845058e-08
2.413719892501831
31.020103454589844
-1.999999987845058e-08
-1.999999987845058e-08
5.8164896965026855
41.076988220214844
1.999999987845058e-08
1.999999987845058e-08
11.237446784973145
50.5966911315918
-1.999999987845058e-08
-1.999999987845058e-08
13.342978477478027
56.409568786621094
1.999999987845058e-08
1.999999987845058e-08
12.457348823547363
52.69866943359375
-1.999999987845058e-08
-1.999999987845058e-08
12.91102409362793
42.160614013671875
1.999999987845058e-08
1.999999987845058e-08
14.833718299865723
35.97517776489258
-1.999999987845058e-08
-1.999999987845058e-08
15.429996490478516
37.51382064819336
1.999999987845058e-08
1.999999987845058e-08
14.281761169433594
39.748016357421875
-1.999999987845058e-08
-1.999999987845058e-08
10.968730926513672
40.591270446777344
1.999999987845058e-08
1.999999987845058e-08
5.770225524902344
40.750701904296875
-1.999999987845058e-08
-1.999999987845058e-08
4.036862373352051
33.21894454956055
1.999999987845058e-08
1.999999987845058e-08
4.036862373352051
33.21894454956055
-1.999999987845058e-08
-1.999999987845058e-08
8.995322227478027
16.888551712036133
1.999999987845058e-08
1.999999987845058e-08
13.14140510559082
6.665971279144287
-1.999999987845058e-08
-1.999999987845058e-08
7.772735118865967
14.128416061401367
1.999999987845058e-08
1.999999987845058e-08
-3.546154260635376
32.55908203125
-1.999999987845058e-08
-1.999999987845058e-08
-11.733142852783203
50.12311553955078
1.999999987845058e-08
1.999999987845058e-08
-14.802788734436035
62.57052230834961
-1.999999987845058e-08
-1.999999987845058e-08
-14.750470161437988
67.38992309570312
1.999999987845058e-08
1.999999987845058e-08
-12.646690368652344
64.29612731933594
-1.999999987845058e-08
-1.999999987845058e-08
-11.33777904510498
63.510066986083984
1.999999987845058e-08
1.999999987845058e-08
-8.702485084533691
56.63777542114258
-1.999999987845058e-08
-1.999999987845058e-08
-12.09082317352295
64.68551635742188
1.999999987845058e-08
1.999999987845058e-08
-17.37810516357422
77.797607421875
-1.999999987845058e-08
-1.999999987845058e-08
-20.683841705322266
82.75609588623047
1.999999987845058e-08
1.999999987845058e-08
-20.1986141204834
72.16665649414062
-1.999999987845058e-08
-1.999999987845058e-08
-18.32121467590332
55.74915313720703
1.999999987845058e-08
1.999999987845058e-08
-18.210254669189453
46.99955368041992
-1.999999987845058e-08
-1.999999987845058e-08
-19.56376838684082
48.01188659667969
1.999999987845058e-08
1.999999987845058e-08
-19.327329635620117
49.24688720703125
-1.999999987845058e-08
-1.999999987845058e-08
-17.396228790283203
40.82438278198242
1.999999987845058e-08
1.999999987845058e-08
-26.54810905456543
18.450023651123047
-1.999999987845058e-08
-1.999999987845058e-08
-33.00968933105469
23.756694793701172
1.999999987845058e-08
1.999999987845058e-08
-29.74886131286621
31.3991641998291
-1.999999987845058e-08
-1.999999987845058e-08
-19.681848526000977
30.30223274230957
1.999999987845058e-08
1.999999987845058e-08
-13.952239036560059
23.370651245117188
-1.999999987845058e-08
-1.999999987845058e-08
-17.16411781311035
18.2699031829834
1.999999987845058e-08
1.999999987845058e-08
-22.909921646118164
14.158221244812012
-1.999999987845058e-08
-1.999999987845058e-08
-24.075361251831055
8.40380573272705
1.999999987845058e-08
1.999999987845058e-08
-20.699373245239258
2.6880483627319336
-1.999999987845058e-08
-1.999999987845058e-08
-16.544292449951172
-2.5623514652252197
1.999999987845058e-08
1.999999987845058e-08
-13.952239036560059
23.370651245117188
-1.999999987845058e-08
-1.999999987845058e-08
-17.16411781311035
18.2699031829834
1.999999987845058e-08
1.999999987845058e-08
-22.909921646118164
14.158221244812012
-1.999999987845058e-08
-1.999999987845058e-08
-24.075361251831055
8.40380573272705
1.999999987845058e-08
1.999999987845058e-08
-20.699373245239258
2.6880483627319336
-1.999999987845058e-08
-1.999999987845058e-08
-16.544292449951172
-2.5623514652252197
1.999999987845058e-08
1.999999987845058e-08
-12.831116676330566
-5.955451488494873
-1.999999987845058e-08
-1.999999987845058e-08
-8.71359920501709
-0.03434653952717781
1.999999987845058e-08
1.999999987845058e-08
-7.661341190338135
19.16431427001953
-1.999999987845058e-08
-1.999999987845058e-08
-15.042191505432129
40.23231887817383
1.999999987845058e-08
1.999999987845058e-08
-16.988683700561523
15.129535675048828
-1.999999987845058e-08
-1.999999987845058e-08
-17.300472259521484
31.730884552001953
1.999999987845058e-08
1.999999987845058e-08
-10.910494804382324
32.619503021240234
-1.999999987845058e-08
-1.999999987845058e-08
-6.775705814361572
18.293746948242188
1.999999987845058e-08
1.999999987845058e-08
-8.0902681350708
6.224180221557617
-1.999999987845058e-08
-1.999999987845058e-08
-11.830927848815918
8.356871604919434
1.999999987845058e-08
1.999999987845058e-08
-16.222719192504883
20.471424102783203
-1.999999987845058e-08
-1.999999987845058e-08
-21.889404296875
31.385265350341797
1.999999987845058e-08
1.999999987845058e-08
-26.988025665283203
35.616554260253906
-1.999999987845058e-08
-1.999999987845058e-08
-25.738462448120117
33.04030227661133
1.999999987845058e-08
1.999999987845058e-08
-16.548505783081055
25.206348419189453
-1.999999987845058e-08
-1.999999987845058e-08
-8.251493453979492
20.3687744140625
1.999999987845058e-08
1.999999987845058e-08
-8.977277755737305
25.54961395263672
-1.999999987845058e-08
-1.999999987845058e-08
-13.971285820007324
31.299846649169922
1.999999987845058e-08
1.999999987845058e-08
-13.423417091369629
25.348892211914062
-1.999999987845058e-08
-1.999999987845058e-08
-7.369457721710205
14.641965866088867
1.999999987845058e-08
1.999999987845058e-08
-5.9168267250061035
12.860055923461914
-1.999999987845058e-08
-1.999999987845058e-08
-13.59943675994873
15.210683822631836
1.999999987845058e-08
1.999999987845058e-08
-20.44338607788086
8.835431098937988
-1.999999987845058e-08
-1.999999987845058e-08
-16.732608795166016
1.1359292268753052
1.999999987845058e-08
1.999999987845058e-08
-8.426351547241211
8.1636962890625
-1.999999987845058e-08
-1.999999987845058e-08
-6.748363494873047
22.202110290527344
1.999999987845058e-08
1.999999987845058e-08
-10.198591232299805
25.480134963989258
-1.999999987845058e-08
-1.999999987845058e-08
-8.889034271240234
24.3432559967041
1.999999987845058e-08
1.999999987845058e-08
-2.321913242340088
34.35584259033203
-1.999999987845058e-08
-1.999999987845058e-08
-0.027986012399196625
46.186195373535156
1.999999987845058e-08
1.999999987845058e-08
-4.784948348999023
39.50307083129883
-1.999999987845058e-08
-1.999999987845058e-08
-7.032989501953125
17.593135833740234
1.999999987845058e-08
1.999999987845058e-08
-0.1426728516817093
-0.6277645230293274
-1.999999987845058e-08
-1.999999987845058e-08
6.7684326171875
-8.897215843200684
1.999999987845058e-08
1.999999987845058e-08
1.6183135509490967
-10.266007423400879
-1.999999987845058e-08
-1.999999987845058e-08
-9.443120002746582
-4.868745803833008
1.999999987845058e-08
1.999999987845058e-08
-10.827268600463867
2.87296199798584
-1.999999987845058e-08
-1.999999987845058e-08
-3.7319862842559814
5.079587936401367
1.999999987845058e-08
1.999999987845058e-08
-2.368307113647461
2.822622299194336
-1.999999987845058e-08
-1.999999987845058e-08
-8.130654335021973
1.1469438076019287
1.999999987845058e-08
1.999999987845058e-08
-8.877335548400879
-2.1944406032562256
-1.999999987845058e-08
-1.999999987845058e-08
-1.907576560974121
-9.05681037902832
1.999999987845058e-08
1.999999987845058e-08
1.8390132188796997
-13.712665557861328
-1.999999987845058e-08
-1.999999987845058e-08
-1.835653305053711
-15.648309707641602
1.999999987845058e-08
1.999999987845058e-08
-3.451591968536377
-24.52122688293457
-1.999999987845058e-08
-1.999999987845058e-08
1.4042341709136963
-39.69267272949219
1.999999987845058e-08
1.999999987845058e-08
3.169910430908203
-42.772342681884766
-1.999999987845058e-08
-1.999999987845058e-08
-3.0855259895324707
-26.737098693847656
1.999999987845058e-08
1.999999987845058e-08
-6.562887668609619
-13.03394889831543
-1.999999987845058e-08
-1.999999987845058e-08
1.4587633609771729
-22.846532821655273
1.999999987845058e-08
1.999999987845058e-08
12.9100923538208
-48.29012680053711
-1.999999987845058e-08
-1.999999987845058e-08
15.226061820983887
-65.10140991210938
1.999999987845058e-08
1.999999987845058e-08
8.632226943969727
-63.78635787963867
-1.999999987845058e-08
-1.999999987845058e-08
3.0815863609313965
-58.13544464111328
1.999999987845058e-08
1.999999987845058e-08
3.520312786102295
-63.532962799072266
-1.999999987845058e-08
-1.999999987845058e-08
6.059512138366699
-75.06791687011719
1.999999987845058e-08
1.999999987845058e-08
6.213077068328857
-77.39165496826172
-1.999999987845058e-08
-1.999999987845058e-08
4.6885986328125
-71.3488540649414
1.999999987845058e-08
1.999999987845058e-08
4.820587158203125
-71.73566436767578
-1.999999987845058e-08
-1.999999987845058e-08
6.993455410003662
-80.66834259033203
1.999999987845058e-08
1.999999987845058e-08
8.407565116882324
-84.86815643310547
-1.999999987845058e-08
-1.999999987845058e-08
7.421555995941162
-76.24895477294922
1.999999987845058e-08
1.999999987845058e-08
4.483591079711914
-57.17084884643555
-1.999999987845058e-08
-1.999999987845058e-08
1.7881215810775757
-35.41257095336914
1.999999987845058e-08
1.999999987845058e-08
7.421555995941162
-76.24895477294922
-1.999999987845058e-08
-1.999999987845058e-08
4.483591079711914
-57.17084884643555
1.999999987845058e-08
1.999999987845058e-08
1.7881215810775757
-35.41257095336914
-1.999999987845058e-08
-1.999999987845058e-08
2.2567291259765625
-23.80609893798828
1.999999987845058e-08
1.999999987845058e-08
4.831913948059082
-29.60650062561035
-1.999999987845058e-08
-1.999999987845058e-08
6.012707710266113
-44.32990646362305
1.999999987845058e-08
1.999999987845058e-08
5.984421730041504
-54.354244232177734
-1.999999987845058e-08
-1.999999987845058e-08
6.377511978149414
-55.32106018066406
1.999999987845058e-08
1.999999987845058e-08
7.34211540222168
-52.27930450439453
-1.999999987845058e-08
-1.999999987845058e-08
10.601128578186035
-52.175235748291016
1.999999987845058e-08
1.999999987845058e-08
16.74228858947754
-60.32326126098633
-1.999999987845058e-08
-1.999999987845058e-08
18.2984676361084
-75.54579162597656
1.999999987845058e-08
1.999999987845058e-08
6.907191753387451
-83.67300415039062
-1.999999987845058e-08
-1.999999987845058e-08
-10.867807388305664
-71.8434829711914
1.999999987845058e-08
1.999999987845058e-08
-18.481948852539062
-50.760738372802734
-1.999999987845058e-08
-1.999999987845058e-08
-11.91249942779541
-44.357872009277344
1.999999987845058e-08
1.999999987845058e-08
-3.1980268955230713
-59.335731506347656
-1.999999987845058e-08
-1.999999987845058e-08
-1.0967944860458374
-76.06212615966797
1.999999987845058e-08
1.999999987845058e-08
-1.258946180343628
-72.73960876464844
-1.999999987845058e-08
-1.999999987845058e-08
1.5190699100494385
-54.56393814086914
1.999999987845058e-08
1.999999987845058e-08
2.9717304706573486
-44.13434982299805
-1.999999987845058e-08
-1.999999987845058e-08
-0.6101135015487671
-49.47425079345703
1.999999987845058e-08
1.999999987845058e-08
-3.3236539363861084
-61.5236930847168
-1.999999987845058e-08
-1.999999987845058e-08
-1.1267859935760498
-70.36534881591797
1.999999987845058e-08
1.999999987845058e-08
-1.4141827821731567
-69.86395263671875
-1.999999987845058e-08
-1.999999987845058e-08
-10.69478988647461
-59.5026969909668
1.999999987845058e-08
1.999999987845058e-08
-21.166162490844727
-47.860511779785156
-1.999999987845058e-08
-1.999999987845058e-08
-21.427082061767578
-44.71878433227539
1.999999987845058e-08
1.999999987845058e-08
-14.956995964050293
-49.205928802490234
-1.999999987845058e-08
-1.999999987845058e-08
-13.230452537536621
-55.03143310546875
1.999999987845058e-08
1.999999987845058e-08
-13.230452537536621
-55.03143310546875
-1.999999987845058e-08
-1.999999987845058e-08
-15.24699592590332
-62.05483627319336
1.999999987845058e-08
1.999999987845058e-08
-10.328457832336426
-72.42039489746094
-1.999999987845058e-08
-1.999999987845058e-08
1.8692973852157593
-83.3798599243164
1.999999987845058e-08
1.999999987845058e-08
9.968843460083008
-89.7240982055664
-1.999999987845058e-08
-1.999999987845058e-08
10.215961456298828
-87.93034362792969
1.999999987845058e-08
1.999999987845058e-08
11.766932487487793
-79.28701782226562
-1.999999987845058e-08
-1.999999987845058e-08
18.77960205078125
-71.4044189453125
1.999999987845058e-08
1.999999987845058e-08
23.443525314331055
-71.90277862548828
-1.999999987845058e-08
-1.999999987845058e-08
21.352827072143555
-79.69246673583984
1.999999987845058e-08
1.999999987845058e-08
18.930723190307617
-87.1052017211914
-1.999999987845058e-08
-1.999999987845058e-08
22.07994842529297
-89.19678497314453
1.999999987845058e-08
1.999999987845058e-08
27.678972244262695
-89.61860656738281
-1.999999987845058e-08
-1.999999987845058e-08
28.112548828125
-96.90604400634766
1.999999987845058e-08
1.999999987845058e-08
19.196075439453125
-108.86998748779297
-1.999999987845058e-08
-1.999999987845058e-08
4.515174388885498
-110.80883026123047
1.999999987845058e-08
1.999999987845058e-08
-6.3846635818481445
-100.59288787841797
-1.999999987845058e-08
-1.999999987845058e-08
-8.292093276977539
-92.59771728515625
1.999999987845058e-08
1.999999987845058e-08
-6.997979640960693
-88.97867584228516
-1.999999987845058e-08
-1.999999987845058e-08
-8.744075775146484
-78.83975982666016
1.999999987845058e-08
1.999999987845058e-08
4.690314292907715
-81.77072143554688
-1.999999987845058e-08
-1.999999987845058e-08
12.344228744506836
-101.87201690673828
1.999999987845058e-08
1.999999987845058e-08
14.75255298614502
-113.81684875488281
-1.999999987845058e-08
-1.999999987845058e-08
10.496868133544922
-114.42791748046875
1.999999987845058e-08
1.999999987845058e-08
2.417011022567749
-105.4062271118164
-1.999999987845058e-08
-1.999999987845058e-08
-1.3168365955352783
-94.01647186279297
1.999999987845058e-08
1.999999987845058e-08
5.002423286437988
-90.3175048828125
-1.999999987845058e-08
-1.999999987845058e-08
17.109088897705078
-97.8170394897461
1.999999987845058e-08
1.999999987845058e-08
24.32425880432129
-111.2844009399414
-1.999999987845058e-08
-1.999999987845058e-08
20.11031150817871
-122.3429183959961
1.999999987845058e-08
1.999999987845058e-08
5.684725761413574
-98.8357162475586
-1.999999987845058e-08
-1.999999987845058e-08
10.105295181274414
-102.86817169189453
1.999999987845058e-08
1.999999987845058e-08
10.595015525817871
-107.44732666015625
-1.999999987845058e-08
-1.999999987845058e-08
6.983802795410156
-98.36294555664062
1.999999987845058e-08
1.999999987845058e-08
4.281023979187012
-79.45526123046875
-1.999999987845058e-08
-1.999999987845058e-08
6.567295074462891
-65.51854705810547
1.999999987845058e-08
1.999999987845058e-08
9.533520698547363
-56.412715911865234
-1.999999987845058e-08
-1.999999987845058e-08
6.436707019805908
-41.38139724731445
1.999999987845058e-08
1.999999987845058e-08
-0.6555364727973938
-24.745574951171875
-1.999999987845058e-08
-1.999999987845058e-08
-4.146531105041504
-20.45663833618164
1.999999987845058e-08
1.999999987845058e-08
9.533520698547363
-56.412715911865234
-1.999999987845058e-08
-1.999999987845058e-08
6.436707019805908
-41.38139724731445
1.999999987845058e-08
1.999999987845058e-08
-0.6555364727973938
-24.745574951171875
-1.999999987845058e-08
-1.999999987845058e-08
-4.146531105041504
-20.45663833618164
1.999999987845058e-08
1.999999987845058e-08
-0.6699466705322266
-32.242942810058594
-1.999999987845058e-08
-1.999999987845058e-08
6.355930328369141
-52.1021728515625
1.999999987845058e-08
1.999999987845058e-08
9.018115043640137
-63.48203659057617
-1.999999987845058e-08
-1.999999987845058e-08
2.39612078666687
-54.312923431396484
1.999999987845058e-08
1.999999987845058e-08
-7.99760103225708
-35.6700553894043
-1.999999987845058e-08
-1.999999987845058e-08
-11.960460662841797
-28.40273094177246
1.999999987845058e-08
1.999999987845058e-08
5.645556926727295
-29.119773864746094
-1.999999987845058e-08
-1.999999987845058e-08
12.697575569152832
-21.258651733398438
1.999999987845058e-08
1.999999987845058e-08
20.099512100219727
-18.895797729492188
-1.999999987845058e-08
-1.999999987845058e-08
24.301013946533203
-19.212116241455078
1.999999987845058e-08
1.999999987845058e-08
26.59320068359375
-18.47707176208496
-1.999999987845058e-08
-1.999999987845058e-08
27.888456344604492
-18.901081085205078
1.999999987845058e-08
1.999999987845058e-08
24.342182159423828
-20.34988021850586
-1.999999987845058e-08
-1.999999987845058e-08
14.847147941589355
-14.232646942138672
1.999999987845058e-08
1.999999987845058e-08
7.810598850250244
-0.44580087065696716
-1.999999987845058e-08
-1.999999987845058e-08
11.30205249786377
4.735875606536865
1.999999987845058e-08
1.999999987845058e-08
22.62262725830078
-16.323570251464844
-1.999999987845058e-08
-1.999999987845058e-08
20.99049186706543
-4.5489420890808105
1.999999987845058e-08
1.999999987845058e-08
20.86918830871582
0.8145619630813599
-1.999999987845058e-08
-1.999999987845058e-08
18.10818862915039
-1.7389204502105713
1.999999987845058e-08
1.999999987845058e-08
13.243196487426758
-1.5759326219558716
-1.999999987845058e-08
-1.999999987845058e-08
11.994099617004395
3.501174211502075
1.999999987845058e-08
1.999999987845058e-08
15.713166236877441
6.777787208557129
-1.999999987845058e-08
-1.999999987845058e-08
19.013954162597656
7.601136207580566
1.999999987845058e-08
1.999999987845058e-08
17.707843780517578
11.15283203125
-1.999999987845058e-08
-1.999999987845058e-08
13.498424530029297
17.599224090576172
1.999999987845058e-08
1.999999987845058e-08
15.713166236877441
6.777787208557129
-1.999999987845058e-08
-1.999999987845058e-08
19.013954162597656
7.601136207580566
1.999999987845058e-08
1.999999987845058e-08
17.707843780517578
11.15283203125
-1.999999987845058e-08
-1.999999987845058e-08
13.498424530029297
17.599224090576172
1.999999987845058e-08
1.999999987845058e-08
9.902680397033691
22.16390609741211
-1.999999987845058e-08
-1.999999987845058e-08
8.219093322753906
22.73153305053711
1.999999987845058e-08
1.999999987845058e-08
8.594757080078125
22.02293586730957
-1.999999987845058e-08
-1.999999987845058e-08
9.810321807861328
24.97899627685547
1.999999987845058e-08
1.999999987845058e-08
7.60603666305542
34.998477935791016
-1.999999987845058e-08
-1.999999987845058e-08
-0.6065235137939453
47.089447021484375
1.999999987845058e-08
1.999999987845058e-08
-12.590686798095703
56.520294189453125
-1.999999987845058e-08
-1.999999987845058e-08
-7.066643714904785
59.67131423950195
1.999999987845058e-08
1.999999987845058e-08
-8.260604858398438
60.84638214111328
-1.999999987845058e-08
-1.999999987845058e-08
-14.358901023864746
72.71063995361328
1.999999987845058e-08
1.999999987845058e-08
-17.279312133789062
89.44632720947266
-1.999999987845058e-08
-1.999999987845058e-08
-12.938763618469238
94.66785430908203
1.999999987845058e-08
1.999999987845058e-08
-5.667342662811279
86.35078430175781
-1.999999987845058e-08
-1.999999987845058e-08
-0.17665931582450867
75.13014221191406
1.999999987845058e-08
1.999999987845058e-08
3.1357109546661377
65.86322784423828
-1.999999987845058e-08
-1.999999987845058e-08
3.0468547344207764
58.8316650390625
1.999999987845058e-08
1.999999987845058e-08
-12.938763618469238
94.66785430908203
-1.999999987845058e-08
-1.999999987845058e-08
-5.667342662811279
86.35078430175781
1.999999987845058e-08
1.999999987845058e-08
-0.17665936052799225
75.13014221191406
-1.999999987845058e-08
-1.999999987845058e-08
3.1357109546661377
65.86322784423828
1.999999987845058e-08
1.999999987845058e-08
3.0468547344207764
58.8316650390625
-1.999999987845058e-08
-1.999999987845058e-08
-2.0892934799194336
59.54312515258789
1.999999987845058e-08
1.999999987845058e-08
-7.9931745529174805
71.43479919433594
-1.999999987845058e-08
-1.999999987845058e-08
-7.753857612609863
82.93740844726562
1.999999987845058e-08
1.999999987845058e-08
-1.609810471534729
78.0610580444336
-1.999999987845058e-08
-1.999999987845058e-08
2.569742441177368
60.64616775512695
1.999999987845058e-08
1.999999987845058e-08
-16.388917922973633
73.54267120361328
-1.999999987845058e-08
-1.999999987845058e-08
-16.020280838012695
80.66820526123047
1.999999987845058e-08
1.999999987845058e-08
-10.07858657836914
71.7744140625
-1.999999987845058e-08
-1.999999987845058e-08
-2.893176794052124
52.290924072265625
1.999999987845058e-08
1.999999987845058e-08
2.615697145462036
34.70014572143555
-1.999999987845058e-08
-1.999999987845058e-08
4.500883102416992
29.195606231689453
1.999999987845058e-08
1.999999987845058e-08
2.367759943008423
36.277374267578125
-1.999999987845058e-08
-1.999999987845058e-08
-1.5590134859085083
46.17242431640625
1.999999987845058e-08
1.999999987845058e-08
-6.907118320465088
54.90361404418945
-1.999999987845058e-08
-1.999999987845058e-08
-14.218402862548828
69.49132537841797
1.999999987845058e-08
1.999999987845058e-08
-2.6862921714782715
75.78215789794922
-1.999999987845058e-08
-1.999999987845058e-08
-1.5187016725540161
80.17312622070312
1.999999987845058e-08
1.999999987845058e-08
-5.746768474578857
80.26547241210938
-1.999999987845058e-08
-1.999999987845058e-08
-17.660688400268555
78.09245300292969
1.999999987845058e-08
1.999999987845058e-08
-31.530536651611328
86.519775390625
-1.999999987845058e-08
-1.999999987845058e-08
-31.03749656677246
104.52992248535156
1.999999987845058e-08
1.999999987845058e-08
-11.938135147094727
114.37862396240234
-1.999999987845058e-08
-1.999999987845058e-08
3.3574821949005127
107.27889251708984
1.999999987845058e-08
1.999999987845058e-08
-3.391204833984375
99.40709686279297
-1.999999987845058e-08
-1.999999987845058e-08
-18.875049591064453
109.76566314697266
1.999999987845058e-08
1.999999987845058e-08
-11.938135147094727
114.37862396240234
-1.999999987845058e-08
-1.999999987845058e-08
3.3574821949005127
107.27889251708984
1.999999987845058e-08
1.999999987845058e-08
-3.391204833984375
99.40709686279297
-1.999999987845058e-08
-1.999999987845058e-08
-18.875049591064453
109.76566314697266
1.999999987845058e-08
1.999999987845058e-08
-23.04163360595703
130.6285400390625
-1.999999987845058e-08
-1.999999987845058e-08
-18.390424728393555
139.33848571777344
1.999999987845058e-08
1.999999987845058e-08
