0
5.581338882446289
3.925993752318391e-09
1.999999987845058e-08
1.999999987845058e-08
-8.545918464660645
-1.0320163390531434e-08
-1.999999987845058e-08
-1.999999987845058e-08
-22.973405838012695
4.626454241929423e-08
1.999999987845058e-08
1.999999987845058e-08
-22.860265731811523
2.1475221601008343e-08
-1.999999987845058e-08
-1.999999987845058e-08
-10.761137962341309
7.73164003931015e-08
1.999999987845058e-08
1.999999987845058e-08
-3.3211171627044678
3.724247932268554e-08
-1.999999987845058e-08
-1.999999987845058e-08
-7.448201656341553
6.359240956044232e-08
1.999999987845058e-08
1.999999987845058e-08
-13.76419734954834
1.3656547892537674e-08
-1.999999987845058e-08
-1.999999987845058e-08
-11.667939186096191
5.55059607165731e-08
1.999999987845058e-08
1.999999987845058e-08
-11.667939186096191
-7.671894763916498e-08
-1.999999987845058e-08
-1.999999987845058e-08
-1.9181567430496216
-2.2463042981257786e-08
1.999999987845058e-08
1.999999987845058e-08
3.1256496906280518
-3.92421917183583e-08
-1.999999987845058e-08
-1.999999987845058e-08
-8.350955963134766
1.9340721024718732e-08
1.999999987845058e-08
1.999999987845058e-08
-28.591922760009766
-2.505537111119338e-09
-1.999999987845058e-08
-1.999999987845058e-08
-32.61491012573242
6.369972993525153e-08
1.999999987845058e-08
1.999999987845058e-08
-11.003175735473633
3.671808102012619e-08
-1.999999987845058e-08
-1.999999987845058e-08
13.454183578491211
6.246536798926172e-08
1.999999987845058e-08
1.999999987845058e-08
13.646627426147461
-7.558064174517654e-10
-1.999999987845058e-08
-1.999999987845058e-08
-9.263472557067871
2.0657994426187543e-08
1.999999987845058e-08
1.999999987845058e-08
-9.263472557067871
-1.9997056455167694e-08
-1.999999987845058e-08
-1.999999987845058e-08
-28.328758239746094
2.0011972523548138e-08
1.999999987845058e-08
1.999999987845058e-08
-22.300411224365234
-1.998015264348396e-08
-1.999999987845058e-08
-1.999999987845058e-08
-0.3255637288093567
2.0010588741570245e-08
1.999999987845058e-08
1.999999987845058e-08
12.323765754699707
-2.000252230516253e-08
-1.999999987845058e-08
-1.999999987845058e-08
6.517230987548828
2.0000909373152354e-08
1.999999987845058e-08
1.999999987845058e-08
-6.490684986114502
-1.9987039578950316e-08
-1.999999987845058e-08
-1.999999987845058e-08
-15.086692810058594
2.0014528701040035e-08
1.999999987845058e-08
1.999999987845058e-08
-17.663724899291992
-1.9992500099874633e-08
-1.999999987845058e-08
-1.999999987845058e-08
-16.148340225219727
2.0003929179779334e-08
1.999999987845058e-08
1.999999987845058e-08
-10.644248962402344
-2.0001646561240705e-08
-1.999999987845058e-08
-1.999999987845058e-08
-5.717928409576416
1.999502607930026e-08
1.999999987845058e-08
1.999999987845058e-08
3.5955440998077393
-1.9991821531561982e-08
-1.999999987845058e-08
-1.999999987845058e-08
9.399946212768555
2.0014892854192112e-08
1.999999987845058e-08
1.999999987845058e-08
8.230664253234863
-1.9996411637634992e-08
-1.999999987845058e-08
-1.999999987845058e-08
1.522017002105713
1.9995445299514358e-08
1.999999987845058e-08
1.999999987845058e-08
-4.583402633666992
-1.999644538841494e-08
-1.999999987845058e-08
-1.999999987845058e-08
-3.106027841567993
2.0009522927466605e-08
1.999999987845058e-08
1.999999987845058e-08
3.721147060394287
-1.9997832723106512e-08
-1.999999987845058e-08
-1.999999987845058e-08
6.262099742889404
1.999929111207166e-08
1.999999987845058e-08
1.999999987845058e-08
6.262099742889404
-5.377923173455201e-08
-1.999999987845058e-08
-1.999999987845058e-08
0.2446763664484024
-8.61202842372677e-09
1.999999987845058e-08
1.999999987845058e-08
-9.364083290100098
-3.765914513564894e-08
-1.999999987845058e-08
-1.999999987845058e-08
-13.969310760498047
2.336046733830699e-08
1.999999987845058e-08
1.999999987845058e-08
-8.68860912322998
7.211305774745824e-09
-1.999999987845058e-08
-1.999999987845058e-08
1.9610337018966675
7.184398498338851e-08
1.999999987845058e-08
1.999999987845058e-08
7.55261754989624
4.3756770651270926e-08
-1.999999987845058e-08
-1.999999987845058e-08
3.6588659286499023
7.232183207861453e-08
1.999999987845058e-08
1.999999987845058e-08
-3.090930461883545
1.8522950284705075e-08
-1.999999987845058e-08
-1.999999987845058e-08
-2.9452860355377197
5.906051114834554e-08
1.999999987845058e-08
1.999999987845058e-08
6.487970352172852
-2.0005767709108113e-08
-1.999999987845058e-08
-1.999999987845058e-08
16.122941970825195
1.9996670985733545e-08
1.999999987845058e-08
1.999999987845058e-08
13.38926887512207
-1.9993416700003763e-08
-1.999999987845058e-08
-1.999999987845058e-08
-0.7640585899353027
2.0010238799272884e-08
1.999999987845058e-08
1.999999987845058e-08
-9.291988372802734
-1.999647381012437e-08
-1.999999987845058e-08
-1.999999987845058e-08
0.8067857623100281
1.999612209147017e-08
1.999999987845058e-08
1.999999987845058e-08
22.03326416015625
-2.0002891787385124e-08
-1.999999987845058e-08
-1.999999987845058e-08
31.939167022705078
2.0003865230933116e-08
1.999999987845058e-08
1.999999987845058e-08
15.539803504943848
-1.999241483474634e-08
-1.999999987845058e-08
-1.999999987845058e-08
-13.726073265075684
2.0004575773668876e-08
1.999999987845058e-08
1.999999987845058e-08
-24.079410552978516
-5.9044559463927726e-08
-1.999999987845058e-08
-1.999999987845058e-08
-3.402219533920288
-2.377553443011493e-08
1.999999987845058e-08
1.999999987845058e-08
24.998228073120117
-6.16506241613024e-08
-1.999999987845058e-08
-1.999999987845058e-08
29.711456298828125
-1.7901376381246337e-08
1.999999987845058e-08
1.999999987845058e-08
6.0175347328186035
-5.696901794749465e-08
-1.999999987845058e-08
-1.999999987845058e-08
-18.793989181518555
-1.3783580499193704e-08
1.999999987845058e-08
1.999999987845058e-08
-15.528691291809082
-4.861733060579354e-08
-1.999999987845058e-08
-1.999999987845058e-08
12.261833190917969
2.333727655567941e-09
1.999999987845058e-08
1.999999987845058e-08
32.730865478515625
-1.664836801751335e-08
-1.999999987845058e-08
-1.999999987845058e-08
25.278284072875977
4.719704804756475e-08
1.999999987845058e-08
1.999999987845058e-08
25.278284072875977
-2.004970589553068e-08
-1.999999987845058e-08
-1.999999987845058e-08
1.8103973865509033
1.9985291643820347e-08
1.999999987845058e-08
1.999999987845058e-08
-13.66287899017334
-1.9990006094872115e-08
-1.999999987845058e-08
-1.999999987845058e-08
-11.571419715881348
1.999146981290778e-08
1.999999987845058e-08
1.999999987845058e-08
0.9456972479820251
-2.0054137905844982e-08
-1.999999987845058e-08
-1.999999987845058e-08
11.71423053741455
1.9932066663841397e-08
1.999999987845058e-08
1.999999987845058e-08
11.677801132202148
-2.0029551350830843e-08
-1.999999987845058e-08
-1.999999987845058e-08
-1.0534477233886719
2.0012878465536232e-08
1.999999987845058e-08
1.999999987845058e-08
-17.92646026611328
-1.999132770436063e-08
-1.999999987845058e-08
-1.999999987845058e-08
-23.404409408569336
1.996484222388517e-08
1.999999987845058e-08
1.999999987845058e-08
10.320465087890625
-2.0005131773359608e-08
-1.999999987845058e-08
-1.999999987845058e-08
17.939884185791016
2.0003817269298452e-08
1.999999987845058e-08
1.999999987845058e-08
8.866963386535645
-1.9992320687833853e-08
-1.999999987845058e-08
-1.999999987845058e-08
-2.600839853286743
2.0001882816700345e-08
1.999999987845058e-08
1.999999987845058e-08
-3.2389581203460693
-2.0004103262749595e-08
-1.999999987845058e-08
-1.999999987845058e-08
5.861725330352783
1.9997642652924696e-08
1.999999987845058e-08
1.999999987845058e-08
14.373573303222656
-1.999671717101137e-08
-1.999999987845058e-08
-1.999999987845058e-08
14.212236404418945
2.0004760514780173e-08
1.999999987845058e-08
1.999999987845058e-08
6.0131330490112305
-1.999905308025518e-08
-1.999999987845058e-08
-1.999999987845058e-08
-3.157564640045166
1.9997552058725887e-08
1.999999987845058e-08
1.999999987845058e-08
-7.166804313659668
1.8598209194919946e-08
-1.999999987845058e-08
-1.999999987845058e-08
-3.671297311782837
5.925613777435501e-08
1.999999987845058e-08
1.999999987845058e-08
6.486889362335205
2.3792816605805456e-08
-1.999999987845058e-08
-1.999999987845058e-08
15.563648223876953
6.153267406716623e-08
1.999999987845058e-08
1.999999987845058e-08
11.746617317199707
1.791013559682142e-08
-1.999999987845058e-08
-1.999999987845058e-08
-4.919084548950195
5.704936967276808e-08
1.999999987845058e-08
1.999999987845058e-08
-17.144624710083008
1.3747708749178855e-08
-1.999999987845058e-08
-1.999999987845058e-08
-9.941929817199707
4.858745228375483e-08
1.999999987845058e-08
1.999999987845058e-08
8.684561729431152
-2.185306824387112e-09
-1.999999987845058e-08
-1.999999987845058e-08
15.682650566101074
1.6757971010861183e-08
1.999999987845058e-08
1.999999987845058e-08
15.682650566101074
-2.0002646650141287e-08
-1.999999987845058e-08
-1.999999987845058e-08
0.9300124645233154
1.9995580302634153e-08
1.999999987845058e-08
1.999999987845058e-08
-20.218242645263672
-1.9999125910885596e-08
-1.999999987845058e-08
-1.999999987845058e-08
-23.247230529785156
2.000474097485494e-08
1.999999987845058e-08
1.999999987845058e-08
-1.7597801685333252
-1.9998484646066572e-08
-1.999999987845058e-08
-1.999999987845058e-08
23.678955078125
1.9996996059035155e-08
1.999999987845058e-08
1.999999987845058e-08
27.424713134765625
-2.0002437040034238e-08
-1.999999987845058e-08
-1.999999987845058e-08
4.941877365112305
2.000074594832313e-08
1.999999987845058e-08
1.999999987845058e-08
-26.269716262817383
-1.9998092071205065e-08
-1.999999987845058e-08
-1.999999987845058e-08
-43.757015228271484
2.0001373002287437e-08
1.999999987845058e-08
1.999999987845058e-08
-36.813541412353516
-1.999769416727304e-08
-1.999999987845058e-08
-1.999999987845058e-08
-14.985836029052734
2.000340693086855e-08
1.999999987845058e-08
1.999999987845058e-08
0.7534410953521729
-2.0000815226239865e-08
-1.999999987845058e-08
-1.999999987845058e-08
-1.3068946599960327
1.9997026257101425e-08
1.999999987845058e-08
1.999999987845058e-08
-14.280253410339355
-2.0000136657927214e-08
-1.999999987845058e-08
-1.999999987845058e-08
-22.25788688659668
2.0001884593057184e-08
1.999999987845058e-08
1.999999987845058e-08
-16.185867309570312
-1.9999770728418298e-08
-1.999999987845058e-08
-1.999999987845058e-08
-0.20476925373077393
1.9999331968278966e-08
1.999999987845058e-08
1.999999987845058e-08
15.436103820800781
-1.999925736129171e-08
-1.999999987845058e-08
-1.999999987845058e-08
22.92190933227539
2.0000193501346075e-08
1.999999987845058e-08
1.999999987845058e-08
22.92190933227539
-1.9998289246814238e-08
-1.999999987845058e-08
-1.999999987845058e-08
20.280288696289062
2.000432530735452e-08
1.999999987845058e-08
1.999999987845058e-08
13.372920989990234
-2.0000193501346075e-08
-1.999999987845058e-08
-1.999999987845058e-08
11.912125587463379
1.9993787958583198e-08
1.999999987845058e-08
1.999999987845058e-08
17.737600326538086
-2.0002881129244088e-08
-1.999999987845058e-08
-1.999999987845058e-08
22.156230926513672
2.000604482077506e-08
1.999999987845058e-08
1.999999987845058e-08
18.228750228881836
-1.999416987530367e-08
-1.999999987845058e-08
-1.999999987845058e-08
8.553399085998535
1.9995715305753947e-08
1.999999987845058e-08
1.999999987845058e-08
-0.42667707800865173
-2.0008075196642494e-08
-1.999999987845058e-08
-1.999999987845058e-08
-4.210320472717285
2.0000902267724996e-08
1.999999987845058e-08
1.999999987845058e-08
-4.210320472717285
3.182674745971781e-08
-1.999999987845058e-08
-1.999999987845058e-08
-1.0423389673233032
8.373743298761838e-08
1.999999987845058e-08
1.999999987845058e-08
5.896524429321289
3.2324049215048944e-08
-1.999999987845058e-08
-1.999999987845058e-08
10.102392196655273
5.853256723753475e-08
1.999999987845058e-08
1.999999987845058e-08
9.555902481079102
1.9047838861752098e-08
-1.999999987845058e-08
-1.999999987845058e-08
7.625176429748535
6.376949812647581e-08
1.999999987845058e-08
1.999999987845058e-08
6.644591331481934
2.1646915371320574e-08
-1.999999987845058e-08
-1.999999987845058e-08
7.312089920043945
5.7903935868353074e-08
1.999999987845058e-08
1.999999987845058e-08
11.06139087677002
1.6965653770739664e-08
-1.999999987845058e-08
-1.999999987845058e-08
16.188634872436523
5.3774630970337967e-08
1.999999987845058e-08
1.999999987845058e-08
13.091958045959473
7.243833533010502e-09
-1.999999987845058e-08
-1.999999987845058e-08
6.67040491104126
7.193028750407393e-08
1.999999987845058e-08
1.999999987845058e-08
0.384350061416626
4.3784641690081116e-08
-1.999999987845058e-08
-1.999999987845058e-08
4.8922810554504395
7.227910003848592e-08
1.999999987845058e-08
1.999999987845058e-08
20.58209228515625
1.8505158294601642e-08
-1.999999987845058e-08
-1.999999987845058e-08
31.138675689697266
5.910204237125072e-08
1.999999987845058e-08
1.999999987845058e-08
20.028059005737305
2.3830317275042034e-08
-1.999999987845058e-08
-1.999999987845058e-08
-6.912198543548584
6.16532886965615e-08
1.999999987845058e-08
1.999999987845058e-08
-22.933069229125977
1.790364834164393e-08
-1.999999987845058e-08
-1.999999987845058e-08
-12.02444076538086
5.699416760762688e-08
1.999999987845058e-08
1.999999987845058e-08
-12.02444076538086
-6.377284478276124e-08
-1.999999987845058e-08
-1.999999987845058e-08
9.313654899597168
-2.1645135461767495e-08
1.999999987845058e-08
1.999999987845058e-08
14.999439239501953
-5.790193924326559e-08
-1.999999987845058e-08
-1.999999987845058e-08
1.9269380569458008
-1.6967701910175492e-08
1.999999987845058e-08
1.999999987845058e-08
-14.081599235534668
-5.37782121057262e-08
-1.999999987845058e-08
-1.999999987845058e-08
-19.789306640625
-8.618910918301026e-09
1.999999987845058e-08
1.999999987845058e-08
-12.0538969039917
-3.767290124301326e-08
-1.999999987845058e-08
-1.999999987845058e-08
3.3547403812408447
2.3355731570973148e-08
1.999999987845058e-08
1.999999987845058e-08
14.789204597473145
7.209183028322741e-09
-1.999999987845058e-08
-1.999999987845058e-08
12.627238273620605
7.182838857033857e-08
1.999999987845058e-08
1.999999987845058e-08
12.627237319946289
7.211779173843524e-09
-1.999999987845058e-08
-1.999999987845058e-08
-2.155085325241089
7.182933359217714e-08
1.999999987845058e-08
1.999999987845058e-08
-16.999305725097656
4.373801942847422e-08
-1.999999987845058e-08
-1.999999987845058e-08
-16.796314239501953
7.23225923593418e-08
1.999999987845058e-08
1.999999987845058e-08
1.7600456476211548
1.8531775225483216e-08
-1.999999987845058e-08
-1.999999987845058e-08
23.11528778076172
5.904862732108995e-08
1.999999987845058e-08
1.999999987845058e-08
27.834529876708984
2.377073826664855e-08
-1.999999987845058e-08
-1.999999987845058e-08
15.74103832244873
6.164779620121408e-08
1.999999987845058e-08
1.999999987845058e-08
4.218225955963135
1.7903994731227613e-08
-1.999999987845058e-08
-1.999999987845058e-08
4.483371257781982
5.696456284454143e-08
1.999999987845058e-08
1.999999987845058e-08
6.885098457336426
-2.000068199947691e-08
-1.999999987845058e-08
-1.999999987845058e-08
-2.2334303855895996
1.9999278677573784e-08
1.999999987845058e-08
1.999999987845058e-08
-10.8067626953125
-1.999994481138856e-08
-1.999999987845058e-08
-1.999999987845058e-08
-16.303142547607422
2.000015264513877e-08
1.999999987845058e-08
1.999999987845058e-08
-18.70555877685547
-2.000024146298074e-08
-1.999999987845058e-08
-1.999999987845058e-08
-15.017916679382324
1.9999948364102238e-08
1.999999987845058e-08
1.999999987845058e-08
-3.0799827575683594
-1.9999786715629853e-08
-1.999999987845058e-08
-1.999999987845058e-08
10.073821067810059
1.9999598421804876e-08
1.999999987845058e-08
1.999999987845058e-08
10.419158935546875
-2.000088805687028e-08
-1.999999987845058e-08
-1.999999987845058e-08
-6.923119068145752
2.0000014089305296e-08
1.999999987845058e-08
1.999999987845058e-08
-26.921798706054688
1.3775422580408758e-08
-1.999999987845058e-08
-1.999999987845058e-08
-27.644906997680664
4.861859892457687e-08
1.999999987845058e-08
1.999999987845058e-08
-6.428022861480713
-2.3245154689988112e-09
-1.999999987845058e-08
-1.999999987845058e-08
15.010414123535156
1.664510840271305e-08
1.999999987845058e-08
1.999999987845058e-08
15.805270195007324
-4.721206181557136e-08
-1.999999987845058e-08
-1.999999987845058e-08
-2.248781204223633
-3.183089702929465e-08
1.999999987845058e-08
1.999999987845058e-08
-19.77985954284668
-8.373785220783247e-08
-1.999999987845058e-08
-1.999999987845058e-08
-20.2946720123291
-3.2321111120836576e-08
1.999999987845058e-08
1.999999987845058e-08
-5.710051536560059
-5.85324748669791e-08
-1.999999987845058e-08
-1.999999987845058e-08
7.37261962890625
-1.9051281441306855e-08
1.999999987845058e-08
1.999999987845058e-08
7.37261962890625
-1.999996968038431e-08
-1.999999987845058e-08
-1.999999987845058e-08
5.698603630065918
2.000011711800198e-08
1.999999987845058e-08
1.999999987845058e-08
-8.751850128173828
-1.9999877309828662e-08
-1.999999987845058e-08
-1.999999987845058e-08
-21.63092041015625
2.000003362923053e-08
1.999999987845058e-08
1.999999987845058e-08
-20.280452728271484
-2.000005849822628e-08
-1.999999987845058e-08
-1.999999987845058e-08
-7.345063209533691
1.9999957245886435e-08
1.999999987845058e-08
1.999999987845058e-08
3.3868911266326904
-1.9999919942392808e-08
-1.999999987845058e-08
-1.999999987845058e-08
2.745166301727295
2.0000170408707163e-08
1.999999987845058e-08
1.999999987845058e-08
-7.153631687164307
-1.999991283696545e-08
-1.999999987845058e-08
-1.999999987845058e-08
-17.232362747192383
1.999991283696545e-08
1.999999987845058e-08
1.999999987845058e-08
-14.550615310668945
-2.0000113565288302e-08
-1.999999987845058e-08
-1.999999987845058e-08
-7.617350101470947
2.0000074485437835e-08
1.999999987845058e-08
1.999999987845058e-08
-5.951385498046875
-1.9999776057488816e-08
-1.999999987845058e-08
-1.999999987845058e-08
-10.747810363769531
2.0000099354433587e-08
1.999999987845058e-08
1.999999987845058e-08
-13.959506034851074
-2.0000136657927214e-08
-1.999999987845058e-08
-1.999999987845058e-08
-7.483007907867432
1.9999863098973947e-08
1.999999987845058e-08
1.999999987845058e-08
2.3500521183013916
-1.9999895073397056e-08
-1.999999987845058e-08
-1.999999987845058e-08
1.7590887546539307
2.0000230804839703e-08
1.999999987845058e-08
1.999999987845058e-08
-7.98524284362793
-1.999993948231804e-08
-1.999999987845058e-08
-1.999999987845058e-08
-11.688623428344727
1.999985244083291e-08
1.999999987845058e-08
1.999999987845058e-08
-7.98524284362793
-2.3118054137682975e-09
-1.999999987845058e-08
-1.999999987845058e-08
-11.688623428344727
1.6666923841057724e-08
1.999999987845058e-08
1.999999987845058e-08
-2.327906608581543
-4.720219592968533e-08
-1.999999987845058e-08
-1.999999987845058e-08
10.276851654052734
-3.1843249814755836e-08
1.999999987845058e-08
1.999999987845058e-08
9.389144897460938
-8.374905746677541e-08
-1.999999987845058e-08
-1.999999987845058e-08
-9.645674705505371
-3.2306097352829966e-08
1.999999987845058e-08
1.999999987845058e-08
-28.375795364379883
-5.8507112044026144e-08
-1.999999987845058e-08
-1.999999987845058e-08
-24.418231964111328
-1.9048108867991687e-08
1.999999987845058e-08
1.999999987845058e-08
-0.781440258026123
-6.378543560003891e-08
-1.999999987845058e-08
-1.999999987845058e-08
17.634037017822266
-2.1645970349482013e-08
1.999999987845058e-08
1.999999987845058e-08
14.94890308380127
8.61732996071396e-09
-1.999999987845058e-08
-1.999999987845058e-08
-1.139441728591919
3.767578604652044e-08
1.999999987845058e-08
1.999999987845058e-08
-14.303058624267578
-2.335353421756281e-08
-1.999999987845058e-08
-1.999999987845058e-08
-15.73758316040039
-7.212032748782349e-09
1.999999987845058e-08
1.999999987845058e-08
-7.158662796020508
-7.183230366081261e-08
-1.999999987845058e-08
-1.999999987845058e-08
1.1588059663772583
-4.373851680838925e-08
1.999999987845058e-08
1.999999987845058e-08
-0.09016813337802887
-7.232048915284395e-08
-1.999999987845058e-08
-1.999999987845058e-08
-7.318528175354004
-1.8532054113507e-08
1.999999987845058e-08
1.999999987845058e-08
-9.596047401428223
-5.905146949203299e-08
-1.999999987845058e-08
-1.999999987845058e-08
-3.7348790168762207
-2.3771198343069955e-08
1.999999987845058e-08
1.999999987845058e-08
1.1600395441055298
-3.924780855868448e-08
-1.999999987845058e-08
-1.999999987845058e-08
-9.74011516571045
1.933403837028891e-08
1.999999987845058e-08
1.999999987845058e-08
-14.720942497253418
-2.5007580450875366e-09
-1.999999987845058e-08
-1.999999987845058e-08
-0.7066082954406738
6.37064871966686e-08
1.999999987845058e-08
1.999999987845058e-08
22.060705184936523
3.671319959153152e-08
-1.999999987845058e-08
-1.999999987845058e-08
29.147274017333984
6.245742412147592e-08
1.999999987845058e-08
1.999999987845058e-08
13.080897331237793
-7.521012146405326e-10
-1.999999987845058e-08
-1.999999987845058e-08
-6.601536273956299
2.066597382111013e-08
1.999999987845058e-08
1.999999987845058e-08
-8.827827453613281
-3.749929433638499e-08
-1.999999987845058e-08
-1.999999987845058e-08
3.957113265991211
-2.3706508756049516e-08
1.999999987845058e-08
1.999999987845058e-08
12.84473991394043
-2.0000218370341827e-08
-1.999999987845058e-08
-1.999999987845058e-08
7.723708629608154
1.9999806255555086e-08
1.999999987845058e-08
1.999999987845058e-08
-3.6019814014434814
-1.999996790402747e-08
-1.999999987845058e-08
-1.999999987845058e-08
-8.319631576538086
2.000017573777768e-08
1.999999987845058e-08
1.999999987845058e-08
-2.0052387714385986
-1.9999955469529596e-08
-1.999999987845058e-08
-1.999999987845058e-08
7.092221736907959
1.9999804479198247e-08
1.999999987845058e-08
1.999999987845058e-08
6.208278179168701
-2.0000227252126024e-08
-1.999999987845058e-08
-1.999999987845058e-08
-4.672072410583496
1.999999810209374e-08
1.999999987845058e-08
1.999999987845058e-08
-10.995877265930176
-1.9999816913696122e-08
-1.999999987845058e-08
-1.999999987845058e-08
-2.6609067916870117
2.0000078038151514e-08
1.999999987845058e-08
1.999999987845058e-08
12.596691131591797
-3.7499226834825095e-08
-1.999999987845058e-08
-1.999999987845058e-08
17.359390258789062
-2.370649632155164e-08
1.999999987845058e-08
1.999999987845058e-08
3.886582136154175
-7.671319934843268e-08
-1.999999987845058e-08
-1.999999987845058e-08
-15.929694175720215
-2.2457383508367457e-08
1.999999987845058e-08
1.999999987845058e-08
-20.736207962036133
-3.924785119124863e-08
-1.999999987845058e-08
-1.999999987845058e-08
-3.2180397510528564
1.9334027712147872e-08
1.999999987845058e-08
1.999999987845058e-08
16.05029296875
-2.5007411696975623e-09
-1.999999987845058e-08
-1.999999987845058e-08
8.907478332519531
6.370651561837803e-08
1.999999987845058e-08
1.999999987845058e-08
-21.146034240722656
3.67132031442452e-08
-1.999999987845058e-08
-1.999999987845058e-08
-37.66073226928711
6.245737438348442e-08
1.999999987845058e-08
1.999999987845058e-08
-19.415626525878906
4.3740516986190414e-08
-1.999999987845058e-08
-1.999999987845058e-08
11.726958274841309
7.232176812976832e-08
1.999999987845058e-08
1.999999987845058e-08
20.25289535522461
1.8530979417619164e-08
-1.999999987845058e-08
-1.999999987845058e-08
-2.6092593669891357
5.904985656002282e-08
1.999999987845058e-08
1.999999987845058e-08
-30.481151580810547
2.3771315582621355e-08
-1.999999987845058e-08
-1.999999987845058e-08
-30.7379207611084
6.16468369685208e-08
1.999999987845058e-08
1.999999987845058e-08
-1.4326196908950806
1.7904492111142645e-08
-1.999999987845058e-08
-1.999999987845058e-08
28.77117347717285
5.696690763556944e-08
1.999999987845058e-08
1.999999987845058e-08
34.33129119873047
1.3774238638575298e-08
-1.999999987845058e-08
-1.999999987845058e-08
17.11747932434082
4.861698243985302e-08
1.999999987845058e-08
1.999999987845058e-08
30.312557220458984
-2.324353820526426e-09
-1.999999987845058e-08
-1.999999987845058e-08
18.42812728881836
1.6646918510332398e-08
1.999999987845058e-08
1.999999987845058e-08
-7.839399814605713
-4.7211127451873836e-08
-1.999999987845058e-08
-1.999999987845058e-08
-21.386133193969727
-3.183219732250109e-08
1.999999987845058e-08
1.999999987845058e-08
-8.316779136657715
-8.37396072483898e-08
-1.999999987845058e-08
-1.999999987845058e-08
15.698321342468262
-3.232112177897761e-08
1.999999987845058e-08
1.999999987845058e-08
24.47840118408203
-5.853096496366561e-08
-1.999999987845058e-08
-1.999999987845058e-08
10.941790580749512
-1.9050128585718085e-08
1.999999987845058e-08
1.999999987845058e-08
-5.799332618713379
-6.377165817639252e-08
-1.999999987845058e-08
-1.999999987845058e-08
-2.542567729949951
-2.164704326901301e-08
1.999999987845058e-08
1.999999987845058e-08
-5.799332618713379
1.6967016236435484e-08
-1.999999987845058e-08
-1.999999987845058e-08
-2.542567729949951
5.37741229322819e-08
1.999999987845058e-08
1.999999987845058e-08
19.342653274536133
8.616800606375818e-09
-1.999999987845058e-08
-1.999999987845058e-08
34.900760650634766
3.7675601305409145e-08
1.999999987845058e-08
1.999999987845058e-08
26.885517120361328
-2.3352752620553474e-08
-1.999999987845058e-08
-1.999999987845058e-08
4.087923526763916
-7.210915420330366e-09
1.999999987845058e-08
1.999999987845058e-08
-12.913423538208008
-7.183245287478712e-08
-1.999999987845058e-08
-1.999999987845058e-08
-14.324564933776855
-4.3739948552001806e-08
1.999999987845058e-08
1.999999987845058e-08
-7.727102279663086
-7.232102916532313e-08
-1.999999987845058e-08
-1.999999987845058e-08
-7.013010025024414
-1.8530601053612372e-08
1.999999987845058e-08
1.999999987845058e-08
-15.82878303527832
-2.0000044287371566e-08
-1.999999987845058e-08
-1.999999987845058e-08
-22.978242874145508
1.999997323309799e-08
1.999999987845058e-08
1.999999987845058e-08
-17.51249122619629
-1.9999992773023223e-08
-1.999999987845058e-08
-1.999999987845058e-08
-2.966616630554199
2.000000343116426e-08
1.999999987845058e-08
1.999999987845058e-08
8.65768051147461
-2.000002652380317e-08
-1.999999987845058e-08
-1.999999987845058e-08
9.498784065246582
1.999996968038431e-08
1.999999987845058e-08
1.999999987845058e-08
0.44910165667533875
-2.00000052075211e-08
-1.999999987845058e-08
-1.999999987845058e-08
-8.24343490600586
2.000000343116426e-08
1.999999987845058e-08
1.999999987845058e-08
-3.4237616062164307
-2.0000017642018975e-08
-1.999999987845058e-08
-1.999999987845058e-08
14.40344524383545
1.999997145674115e-08
1.999999987845058e-08
1.999999987845058e-08
20.031679153442383
1.853125475292927e-08
-1.999999987845058e-08
-1.999999987845058e-08
5.021569728851318
5.905148370288771e-08
1.999999987845058e-08
1.999999987845058e-08
0.8118501305580139
2.3771848489673175e-08
-1.999999987845058e-08
-1.999999987845058e-08
11.176868438720703
6.164544430475871e-08
1.999999987845058e-08
1.999999987845058e-08
24.41946029663086
1.790326642492346e-08
-1.999999987845058e-08
-1.999999987845058e-08
27.876977920532227
5.696744409533494e-08
1.999999987845058e-08
1.999999987845058e-08
19.016756057739258
1.3775302676322099e-08
-1.999999987845058e-08
-1.999999987845058e-08
8.25456428527832
4.8616993097994055e-08
1.999999987845058e-08
1.999999987845058e-08
7.73472785949707
-2.3250184000289664e-09
-1.999999987845058e-08
-1.999999987845058e-08
13.861424446105957
1.6646774625428407e-08
1.999999987845058e-08
1.999999987845058e-08
13.861424446105957
-2.969623302817581e-08
-1.999999987845058e-08
-1.999999987845058e-08
13.033596992492676
-6.066340763055678e-09
1.999999987845058e-08
1.999999987845058e-08
4.672686576843262
-6.12759052387446e-08
-1.999999987845058e-08
-1.999999987845058e-08
0.7176023721694946
-3.7309732192625233e-08
1.999999987845058e-08
1.999999987845058e-08
7.085286617279053
-7.732383267011755e-08
-1.999999987845058e-08
-1.999999987845058e-08
18.401836395263672
-2.354445705066155e-08
1.999999987845058e-08
1.999999987845058e-08
23.800094604492188
-5.347112619347172e-08
-1.999999987845058e-08
-1.999999987845058e-08
15.620209693908691
-1.5372119577250487e-08
1.999999987845058e-08
1.999999987845058e-08
-1.1037119626998901
-6.189742407514132e-08
-1.999999987845058e-08
-1.999999987845058e-08
-11.011487007141113
-2.2466423388323165e-08
1.999999987845058e-08
1.999999987845058e-08
-11.011487007141113
2.2466386084829537e-08
-1.999999987845058e-08
-1.999999987845058e-08
-4.7444024085998535
5.512219303227539e-08
1.999999987845058e-08
1.999999987845058e-08
10.460875511169434
-4.040421330842037e-09
-1.999999987845058e-08
-1.999999987845058e-08
18.192256927490234
1.03034398790669e-08
1.999999987845058e-08
1.999999987845058e-08
9.926103591918945
-4.606639691928649e-08
-1.999999987845058e-08
-1.999999987845058e-08
-5.812555313110352
-2.1275614159321776e-08
1.999999987845058e-08
1.999999987845058e-08
-13.31840991973877
-7.730945839057313e-08
-1.999999987845058e-08
-1.999999987845058e-08
-6.642431735992432
-3.7323886203921575e-08
1.999999987845058e-08
1.999999987845058e-08
3.52480411529541
-6.354473924830017e-08
-1.999999987845058e-08
-1.999999987845058e-08
-1.3802928924560547
-1.3471261439690352e-08
1.999999987845058e-08
1.999999987845058e-08
-40.2518196105957
-2.0000006983877938e-08
-1.999999987845058e-08
-1.999999987845058e-08
-27.934818267822266
2.0000008760234778e-08
1.999999987845058e-08
1.999999987845058e-08
2.7439918518066406
-1.9999987443952705e-08
-1.999999987845058e-08
-1.999999987845058e-08
21.16041374206543
1.999999810209374e-08
1.999999987845058e-08
1.999999987845058e-08
12.316390037536621
-2.0000014089305296e-08
-1.999999987845058e-08
-1.999999987845058e-08
-9.298649787902832
1.9999992773023223e-08
1.999999987845058e-08
1.999999987845058e-08
-19.664756774902344
-1.9999990996666384e-08
-1.999999987845058e-08
-1.999999987845058e-08
-11.149688720703125
2.0000010536591617e-08
1.999999987845058e-08
1.999999987845058e-08
2.8266403675079346
-2.000000165480742e-08
-1.999999987845058e-08
-1.999999987845058e-08
4.07888650894165
1.9999989220309544e-08
1.999999987845058e-08
1.999999987845058e-08
-11.162856101989746
-1.999999987845058e-08
-1.999999987845058e-08
-1.999999987845058e-08
-10.044130325317383
1.9999996325736902e-08
1.999999987845058e-08
1.999999987845058e-08
-5.676743984222412
-1.999999987845058e-08
-1.999999987845058e-08
-1.999999987845058e-08
-4.149776458740234
2.000000165480742e-08
1.999999987845058e-08
1.999999987845058e-08
-6.680476188659668
-2.000000165480742e-08
-1.999999987845058e-08
-1.999999987845058e-08
-6.443490982055664
1.999999810209374e-08
1.999999987845058e-08
1.999999987845058e-08
-0.6962297558784485
-1.999999810209374e-08
-1.999999987845058e-08
-1.999999987845058e-08
3.5671279430389404
2.000000165480742e-08
1.999999987845058e-08
1.999999987845058e-08
1.1875790357589722
-2.000000165480742e-08
-1.999999987845058e-08
-1.999999987845058e-08
-2.747725009918213
1.999999810209374e-08
1.999999987845058e-08
1.999999987845058e-08
-0.9947022795677185
4.3739301958112264e-08
-1.999999987845058e-08
-1.999999987845058e-08
6.544205665588379
7.232019072489493e-08
1.999999987845058e-08
1.999999987845058e-08
12.816728591918945
1.8531116197095798e-08
-1.999999987845058e-08
-1.999999987845058e-08
9.36745548248291
5.905157607344336e-08
1.999999987845058e-08
1.999999987845058e-08
-4.158997058868408
2.377204566528235e-08
-1.999999987845058e-08
-1.999999987845058e-08
-16.331314086914062
6.164545851561343e-08
1.999999987845058e-08
1.999999987845058e-08
-16.779109954833984
1.7903097671023716e-08
-1.999999987845058e-08
-1.999999987845058e-08
-8.896617889404297
5.696735883020665e-08
1.999999987845058e-08
1.999999987845058e-08
-2.314487934112549
1.3775413698624561e-08
-1.999999987845058e-08
-1.999999987845058e-08
-0.36395227909088135
4.8617113890259134e-08
1.999999987845058e-08
1.999999987845058e-08
-8.896617889404297
7.211520269834182e-09
-1.999999987845058e-08
-1.999999987845058e-08
-2.314487934112549
7.183268024846257e-08
1.999999987845058e-08
1.999999987845058e-08
-0.36395230889320374
4.373895023945806e-08
-1.999999987845058e-08
-1.999999987845058e-08
-0.9156350493431091
7.231986387523648e-08
1.999999987845058e-08
1.999999987845058e-08
-2.675919532775879
1.853132047813233e-08
-1.999999987845058e-08
-1.999999987845058e-08
-6.598878860473633
5.9051991740943777e-08
1.999999987845058e-08
1.999999987845058e-08
-12.01755428314209
2.3772052770709706e-08
-1.999999987845058e-08
-1.999999987845058e-08
-13.530698776245117
6.164508903339083e-08
1.999999987845058e-08
1.999999987845058e-08
-6.012814521789551
1.7902920035339775e-08
-1.999999987845058e-08
-1.999999987845058e-08
7.633261203765869
5.6967575545741056e-08
1.999999987845058e-08
1.999999987845058e-08
-12.01755428314209
-1.9999990996666384e-08
-1.999999987845058e-08
-1.999999987845058e-08
-13.530698776245117
2.0000017642018975e-08
1.999999987845058e-08
1.999999987845058e-08
-6.012814521789551
-1.999999810209374e-08
-1.999999987845058e-08
-1.999999987845058e-08
7.633261203765869
1.9999983891239026e-08
1.999999987845058e-08
1.999999987845058e-08
16.46632194519043
-2.0000012312948456e-08
-1.999999987845058e-08
-1.999999987845058e-08
9.929805755615234
2.00000052075211e-08
1.999999987845058e-08
1.999999987845058e-08
-10.107385635375977
-1.9999985667595865e-08
-1.999999987845058e-08
-1.999999987845058e-08
-26.694660186767578
2.000000343116426e-08
1.999999987845058e-08
1.999999987845058e-08
-24.01156234741211
-2.0000010536591617e-08
-1.999999987845058e-08
-1.999999987845058e-08
-4.739456653594971
1.9999987443952705e-08
1.999999987845058e-08
1.999999987845058e-08
-10.107385635375977
-4.861697888713934e-08
-1.999999987845058e-08
-1.999999987845058e-08
-26.694660186767578
2.325146741810613e-09
1.999999987845058e-08
1.999999987845058e-08
-24.01156234741211
-1.6646753309146334e-08
-1.999999987845058e-08
-1.999999987845058e-08
-4.739456653594971
4.721103152860451e-08
1.999999987845058e-08
1.999999987845058e-08
12.756856918334961
3.183233587833456e-08
-1.999999987845058e-08
-1.999999987845058e-08
12.263566970825195
8.373930171501343e-08
1.999999987845058e-08
1.999999987845058e-08
-4.719263076782227
3.2320404130814495e-08
-1.999999987845058e-08
-1.999999987845058e-08
-20.264751434326172
5.8531249180759914e-08
1.999999987845058e-08
1.999999987845058e-08
-20.337867736816406
1.905144664249292e-08
-1.999999987845058e-08
-1.999999987845058e-08
-10.197152137756348
6.377185712835853e-08
1.999999987845058e-08
1.999999987845058e-08
-1.4898757934570312
-3.767529221931909e-08
-1.999999987845058e-08
-1.999999987845058e-08
3.0084171295166016
2.3353136313630785e-08
1.999999987845058e-08
1.999999987845058e-08
-2.6263043880462646
7.211482966340554e-09
-1.999999987845058e-08
-1.999999987845058e-08
-19.64708137512207
7.183270156474464e-08
1.999999987845058e-08
1.999999987845058e-08
-31.46546173095703
4.373899642473589e-08
-1.999999987845058e-08
-1.999999987845058e-08
-21.4930362701416
7.231985676980912e-08
1.999999987845058e-08
1.999999987845058e-08
3.7466936111450195
1.8531281398281862e-08
-1.999999987845058e-08
-1.999999987845058e-08
22.293251037597656
5.905197753008906e-08
1.999999987845058e-08
1.999999987845058e-08
21.210838317871094
2.3772079416062297e-08
-1.999999987845058e-08
-1.999999987845058e-08
5.74227237701416
6.16451103496729e-08
1.999999987845058e-08
1.999999987845058e-08
-31.46546173095703
-7.18323889259409e-08
-1.999999987845058e-08
-1.999999987845058e-08
-21.4930362701416
-4.373924866740708e-08
1.999999987845058e-08
1.999999987845058e-08
3.7466936111450195
-7.232031151716001e-08
-1.999999987845058e-08
-1.999999987845058e-08
22.293251037597656
-1.8531224554863002e-08
1.999999987845058e-08
1.999999987845058e-08
21.210838317871094
-5.905153699359289e-08
-1.999999987845058e-08
-1.999999987845058e-08
5.74227237701416
-2.3771976387365612e-08
1.999999987845058e-08
1.999999987845058e-08
-7.514186859130859
-6.16454798318955e-08
-1.999999987845058e-08
-1.999999987845058e-08
-4.8495941162109375
-1.7903161619869934e-08
1.999999987845058e-08
1.999999987845058e-08
9.848974227905273
-5.69673836992024e-08
-1.999999987845058e-08
-1.999999987845058e-08
16.625307083129883
-1.3775412810446142e-08
1.999999987845058e-08
1.999999987845058e-08
16.625307083129883
-1.9999990996666384e-08
-1.999999987845058e-08
-1.999999987845058e-08
2.9359989166259766
2.000000165480742e-08
1.999999987845058e-08
1.999999987845058e-08
-16.655101776123047
-2.00000052075211e-08
-1.999999987845058e-08
-1.999999987845058e-08
-16.203495025634766
1.9999992773023223e-08
1.999999987845058e-08
1.999999987845058e-08
5.608936786651611
-1.999999987845058e-08
-1.999999987845058e-08
-1.999999987845058e-08
21.94748878479004
2.0000006983877938e-08
1.999999987845058e-08
1.999999987845058e-08
13.315744400024414
-1.9999994549380062e-08
-1.999999987845058e-08
-1.999999987845058e-08
-9.61408805847168
1.999999810209374e-08
1.999999987845058e-08
1.999999987845058e-08
-21.035446166992188
-2.0000008760234778e-08
-1.999999987845058e-08
-1.999999987845058e-08
-8.149871826171875
1.9999996325736902e-08
1.999999987845058e-08
1.999999987845058e-08
21.96432113647461
-1.9999996325736902e-08
-1.999999987845058e-08
-1.999999987845058e-08
27.04490089416504
1.999999810209374e-08
1.999999987845058e-08
1.999999987845058e-08
18.8095645904541
-2.000000343116426e-08
-1.999999987845058e-08
-1.999999987845058e-08
5.311044216156006
1.999999987845058e-08
1.999999987845058e-08
1.999999987845058e-08
-11.337597846984863
-1.9999996325736902e-08
-1.999999987845058e-08
-1.999999987845058e-08
-24.4458065032959
2.000000165480742e-08
1.999999987845058e-08
1.999999987845058e-08
-22.27646255493164
-2.000000165480742e-08
-1.999999987845058e-08
-1.999999987845058e-08
-7.2726945877075195
1.999999810209374e-08
1.999999987845058e-08
1.999999987845058e-08
5.327136039733887
-1.999999810209374e-08
-1.999999987845058e-08
-1.999999987845058e-08
9.134347915649414
2.000000165480742e-08
1.999999987845058e-08
1.999999987845058e-08
-24.4458065032959
2.3771960400154057e-08
-1.999999987845058e-08
-1.999999987845058e-08
-22.27646255493164
6.164549404275022e-08
1.999999987845058e-08
1.999999987845058e-08
-7.2726945877075195
1.7903184712508846e-08
-1.999999987845058e-08
-1.999999987845058e-08
5.327136039733887
5.6967369488347686e-08
1.999999987845058e-08
1.999999987845058e-08
9.134347915649414
1.377538705327197e-08
-1.999999987845058e-08
-1.999999987845058e-08
9.038642883300781
4.861712810111385e-08
1.999999987845058e-08
1.999999987845058e-08
7.467257976531982
-2.325016401627522e-09
-1.999999987845058e-08
-1.999999987845058e-08
2.795819044113159
1.6646685807586437e-08
1.999999987845058e-08
1.999999987845058e-08
-3.4680886268615723
-4.721117718986534e-08
-1.999999987845058e-08
-1.999999987845058e-08
-8.015398025512695
-3.1832382063612386e-08
1.999999987845058e-08
1.999999987845058e-08
-9.499629020690918
-2.000000343116426e-08
-1.999999987845058e-08
-1.999999987845058e-08
-6.365246295928955
2.0000040734657887e-08
1.999999987845058e-08
1.999999987845058e-08
0.9203343391418457
-1.9999959022243274e-08
-1.999999987845058e-08
-1.999999987845058e-08
5.3646979331970215
1.999997323309799e-08
1.999999987845058e-08
1.999999987845058e-08
0.9650015234947205
-2.000006205093996e-08
-1.999999987845058e-08
-1.999999987845058e-08
-6.369730472564697
2.000000343116426e-08
1.999999987845058e-08
1.999999987845058e-08
-5.4538350105285645
-1.9999925271463326e-08
-1.999999987845058e-08
-1.999999987845058e-08
3.1668338775634766
2.000003362923053e-08
1.999999987845058e-08
1.999999987845058e-08
8.186684608459473
-2.000005672186944e-08
-1.999999987845058e-08
-1.999999987845058e-08
4.193103790283203
1.99999465877454e-08
1.999999987845058e-08
1.999999987845058e-08
-2.940556764602661
-1.999999987845058e-08
-1.999999987845058e-08
-1.999999987845058e-08
-5.353387832641602
2.000000165480742e-08
1.999999987845058e-08
1.999999987845058e-08
-0.09408776462078094
-1.999999987845058e-08
-1.999999987845058e-08
-1.999999987845058e-08
10.694175720214844
1.999999810209374e-08
1.999999987845058e-08
1.999999987845058e-08
18.56770896911621
-2.000000165480742e-08
-1.999999987845058e-08
-1.999999987845058e-08
13.318015098571777
2.000000165480742e-08
1.999999987845058e-08
1.999999987845058e-08
-2.348193883895874
-1.9999996325736902e-08
-1.999999987845058e-08
-1.999999987845058e-08
-11.319162368774414
1.999999987845058e-08
1.999999987845058e-08
1.999999987845058e-08
-3.3970963954925537
-2.000000343116426e-08
-1.999999987845058e-08
-1.999999987845058e-08
11.17557144165039
1.999999987845058e-08
1.999999987845058e-08
1.999999987845058e-08
16.162853240966797
-1.9999985667595865e-08
-1.999999987845058e-08
-1.999999987845058e-08
37.98710632324219
1.9999996325736902e-08
1.999999987845058e-08
1.999999987845058e-08
36.86884307861328
-2.0000022971089493e-08
-1.999999987845058e-08
-1.999999987845058e-08
11.090946197509766
1.9999985667595865e-08
1.999999987845058e-08
1.999999987845058e-08
-12.54008960723877
-1.9999978562168508e-08
-1.999999987845058e-08
-1.999999987845058e-08
-10.176934242248535
2.000002830016001e-08
1.999999987845058e-08
1.999999987845058e-08
12.075565338134766
-2.0000008760234778e-08
-1.999999987845058e-08
-1.999999987845058e-08
31.13767433166504
1.9999966127670632e-08
1.999999987845058e-08
1.999999987845058e-08
32.34319305419922
-2.0000006983877938e-08
-1.999999987845058e-08
-1.999999987845058e-08
19.000202178955078
2.000002830016001e-08
1.999999987845058e-08
1.999999987845058e-08
19.000202178955078
-1.6646756861860013e-08
-1.999999987845058e-08
-1.999999987845058e-08
7.452445030212402
4.72110492921729e-08
1.999999987845058e-08
1.999999987845058e-08
8.427967071533203
3.1832353641902955e-08
-1.999999987845058e-08
-1.999999987845058e-08
11.289599418640137
8.373929460958607e-08
1.999999987845058e-08
1.999999987845058e-08
-1.0644246339797974
3.2320379261818744e-08
-1.999999987845058e-08
-1.999999987845058e-08
-25.72878646850586
5.8531245628046236e-08
1.999999987845058e-08
1.999999987845058e-08
-42.708396911621094
1.9051466182418153e-08
-1.999999987845058e-08
-1.999999987845058e-08
-40.24551773071289
6.377187133921325e-08
1.999999987845058e-08
1.999999987845058e-08
-26.48387908935547
2.1645481851351178e-08
-1.999999987845058e-08
-1.999999987845058e-08
-16.56683349609375
5.7903282169036174e-08
1.999999987845058e-08
1.999999987845058e-08
-26.48387908935547
-1.9999996325736902e-08
-1.999999987845058e-08
-1.999999987845058e-08
-16.56683349609375
1.999999810209374e-08
1.999999987845058e-08
1.999999987845058e-08
-14.645445823669434
-2.00000052075211e-08
-1.999999987845058e-08
-1.999999987845058e-08
-12.135863304138184
1.999999987845058e-08
1.999999987845058e-08
1.999999987845058e-08
-2.799934148788452
-1.9999996325736902e-08
-1.999999987845058e-08
-1.999999987845058e-08
6.0997772216796875
2.000000165480742e-08
1.999999987845058e-08
1.999999987845058e-08
4.388919830322266
-2.000000343116426e-08
-1.999999987845058e-08
-1.999999987845058e-08
-3.1083555221557617
1.9999996325736902e-08
1.999999987845058e-08
1.999999987845058e-08
-1.2711243629455566
-1.999999810209374e-08
-1.999999987845058e-08
-1.999999987845058e-08
13.261527061462402
2.000000343116426e-08
1.999999987845058e-08
1.999999987845058e-08
26.950284957885742
-1.999999987845058e-08
-1.999999987845058e-08
-1.999999987845058e-08
26.731216430664062
1.999999987845058e-08
1.999999987845058e-08
1.999999987845058e-08
13.934959411621094
-1.999999987845058e-08
-1.999999987845058e-08
-1.999999987845058e-08
2.1179168224334717
1.999999987845058e-08
1.999999987845058e-08
1.999999987845058e-08
3.7018728256225586
-1.999999987845058e-08
-1.999999987845058e-08
-1.999999987845058e-08
14.729259490966797
1.999999987845058e-08
1.999999987845058e-08
1.999999987845058e-08
