0
-18.242176055908203
193.73590087890625
1.999999987845058e-08
1.999999987845058e-08
-13.125904083251953
212.17681884765625
-1.999999987845058e-08
-1.999999987845058e-08
-8.41407585144043
216.03921508789062
1.999999987845058e-08
1.999999987845058e-08
-7.533312797546387
212.76025390625
-1.999999987845058e-08
-1.999999987845058e-08
-9.404823303222656
208.04647827148438
1.999999987845058e-08
1.999999987845058e-08
-10.767110824584961
193.8810577392578
-1.999999987845058e-08
-1.999999987845058e-08
-10.98361587524414
170.6215057373047
1.999999987845058e-08
1.999999987845058e-08
-13.38169002532959
161.34996032714844
-1.999999987845058e-08
-1.999999987845058e-08
-19.091400146484375
177.03236389160156
1.999999987845058e-08
1.999999987845058e-08
-24.000524520874023
197.13661193847656
-1.999999987845058e-08
-1.999999987845058e-08
-22.814714431762695
200.7252655029297
1.999999987845058e-08
1.999999987845058e-08
-13.037386894226074
184.66847229003906
-1.999999987845058e-08
-1.999999987845058e-08
1.8094066381454468
155.61184692382812
1.999999987845058e-08
1.999999987845058e-08
12.70460319519043
127.02134704589844
-1.999999987845058e-08
-1.999999987845058e-08
13.547820091247559
113.4492416381836
1.999999987845058e-08
1.999999987845058e-08
7.178044319152832
116.84906005859375
-1.999999987845058e-08
-1.999999987845058e-08
-0.23128001391887665
126.53215789794922
1.999999987845058e-08
1.999999987845058e-08
-6.510103702545166
134.8968505859375
-1.999999987845058e-08
-1.999999987845058e-08
-10.691105842590332
139.05694580078125
1.999999987845058e-08
1.999999987845058e-08
-8.814042091369629
131.7052764892578
-1.999999987845058e-08
-1.999999987845058e-08
0.5663774013519287
111.44013214111328
1.999999987845058e-08
1.999999987845058e-08
11.526180267333984
90.64228820800781
-1.999999987845058e-08
-1.999999987845058e-08
15.237930297851562
80.70221710205078
1.999999987845058e-08
1.999999987845058e-08
7.852175235748291
83.57421875
-1.999999987845058e-08
-1.999999987845058e-08
-4.387501239776611
94.94841766357422
1.999999987845058e-08
1.999999987845058e-08
-10.398162841796875
106.48701477050781
-1.999999987845058e-08
-1.999999987845058e-08
-6.727883338928223
112.63309478759766
1.999999987845058e-08
1.999999987845058e-08
0.8051767945289612
113.65689086914062
-1.999999987845058e-08
-1.999999987845058e-08
6.630142688751221
107.54779052734375
1.999999987845058e-08
1.999999987845058e-08
6.6301422119140625
107.54779052734375
-1.999999987845058e-08
-1.999999987845058e-08
8.930536270141602
91.801513671875
1.999999987845058e-08
1.999999987845058e-08
6.08082914352417
76.49240112304688
-1.999999987845058e-08
-1.999999987845058e-08
-2.6659722328186035
75.44153594970703
1.999999987845058e-08
1.999999987845058e-08
-13.727954864501953
83.89556884765625
-1.999999987845058e-08
-1.999999987845058e-08
-20.956363677978516
87.21076202392578
1.999999987845058e-08
1.999999987845058e-08
-20.08302879333496
82.38797760009766
-1.999999987845058e-08
-1.999999987845058e-08
-11.897237777709961
72.5189437866211
1.999999987845058e-08
1.999999987845058e-08
-2.5865237712860107
56.96925354003906
-1.999999987845058e-08
-1.999999987845058e-08
2.2300448417663574
37.16509246826172
1.999999987845058e-08
1.999999987845058e-08
2.2300448417663574
37.16509246826172
-1.999999987845058e-08
-1.999999987845058e-08
1.7898849248886108
20.912275314331055
1.999999987845058e-08
1.999999987845058e-08
-2.7576587200164795
16.702341079711914
-1.999999987845058e-08
-1.999999987845058e-08
-9.370843887329102
24.601661682128906
1.999999987845058e-08
1.999999987845058e-08
-14.972278594970703
39.13766860961914
-1.999999987845058e-08
-1.999999987845058e-08
-16.32004737854004
56.49277877807617
1.999999987845058e-08
1.999999987845058e-08
-10.119423866271973
68.07894134521484
-1.999999987845058e-08
-1.999999987845058e-08
0.9029995203018188
64.95787811279297
1.999999987845058e-08
1.999999987845058e-08
6.018056392669678
53.93368911743164
-1.999999987845058e-08
-1.999999987845058e-08
0.8042171001434326
45.189781188964844
1.999999987845058e-08
1.999999987845058e-08
0.8042171001434326
45.189781188964844
-1.999999987845058e-08
-1.999999987845058e-08
-6.035133361816406
34.85888671875
1.999999987845058e-08
1.999999987845058e-08
-7.687243461608887
20.875316619873047
-1.999999987845058e-08
-1.999999987845058e-08
-8.852787017822266
14.748966217041016
1.999999987845058e-08
1.999999987845058e-08
-15.349003791809082
25.0860652923584
-1.999999987845058e-08
-1.999999987845058e-08
-22.858386993408203
43.865821838378906
1.999999987845058e-08
1.999999987845058e-08
-21.563997268676758
52.4923210144043
-1.999999987845058e-08
-1.999999987845058e-08
-10.078192710876465
40.39786148071289
1.999999987845058e-08
1.999999987845058e-08
2.3492963314056396
15.73482608795166
-1.999999987845058e-08
-1.999999987845058e-08
8.710663795471191
-6.336564064025879
1.999999987845058e-08
1.999999987845058e-08
3.1177289485931396
-42.911800384521484
-1.999999987845058e-08
-1.999999987845058e-08
-9.255940437316895
-27.133865356445312
1.999999987845058e-08
1.999999987845058e-08
-17.935422897338867
-19.774049758911133
-1.999999987845058e-08
-1.999999987845058e-08
-22.19579315185547
-24.687602996826172
1.999999987845058e-08
1.999999987845058e-08
-25.370481491088867
-27.086044311523438
-1.999999987845058e-08
-1.999999987845058e-08
-29.16582679748535
-27.258729934692383
1.999999987845058e-08
1.999999987845058e-08
-32.4372444152832
-35.443973541259766
-1.999999987845058e-08
-1.999999987845058e-08
-31.29961585998535
-51.78666305541992
1.999999987845058e-08
1.999999987845058e-08
-23.677471160888672
-72.89047241210938
-1.999999987845058e-08
-1.999999987845058e-08
-15.259387969970703
-88.52978515625
1.999999987845058e-08
1.999999987845058e-08
-23.677471160888672
-72.89047241210938
-1.999999987845058e-08
-1.999999987845058e-08
-15.259387969970703
-88.52978515625
1.999999987845058e-08
1.999999987845058e-08
-13.078740119934082
-79.10365295410156
-1.999999987845058e-08
-1.999999987845058e-08
-14.290212631225586
-47.72847366333008
1.999999987845058e-08
1.999999987845058e-08
-11.392629623413086
-26.24295425415039
-1.999999987845058e-08
-1.999999987845058e-08
-3.8951785564422607
-31.04912567138672
1.999999987845058e-08
1.999999987845058e-08
4.593303680419922
-48.20011901855469
-1.999999987845058e-08
-1.999999987845058e-08
13.506509780883789
-63.97679901123047
1.999999987845058e-08
1.999999987845058e-08
21.15741729736328
-76.66854095458984
-1.999999987845058e-08
-1.999999987845058e-08
21.54027557373047
-81.89569091796875
1.999999987845058e-08
1.999999987845058e-08
21.15741729736328
-76.66854095458984
-1.999999987845058e-08
-1.999999987845058e-08
21.54027557373047
-81.89569091796875
1.999999987845058e-08
1.999999987845058e-08
14.058074951171875
-74.57494354248047
-1.999999987845058e-08
-1.999999987845058e-08
8.805776596069336
-65.44107055664062
1.999999987845058e-08
1.999999987845058e-08
14.563044548034668
-75.96443176269531
-1.999999987845058e-08
-1.999999987845058e-08
26.46596908569336
-108.23094940185547
1.999999987845058e-08
1.999999987845058e-08
30.571252822875977
-132.01222229003906
-1.999999987845058e-08
-1.999999987845058e-08
20.141843795776367
-116.8676528930664
1.999999987845058e-08
1.999999987845058e-08
4.205965042114258
-70.51956176757812
-1.999999987845058e-08
-1.999999987845058e-08
-2.067324161529541
-32.76507568359375
1.999999987845058e-08
1.999999987845058e-08
20.74010467529297
-82.96695709228516
-1.999999987845058e-08
-1.999999987845058e-08
19.874528884887695
-104.56554412841797
1.999999987845058e-08
1.999999987845058e-08
15.949892044067383
-117.52906036376953
-1.999999987845058e-08
-1.999999987845058e-08
8.116868019104004
-114.85002899169922
1.999999987845058e-08
1.999999987845058e-08
0.6665347218513489
-109.27099609375
-1.999999987845058e-08
-1.999999987845058e-08
-5.573652267456055
-107.94084167480469
1.999999987845058e-08
1.999999987845058e-08
-12.831130027770996
-99.57199096679688
-1.999999987845058e-08
-1.999999987845058e-08
-16.605533599853516
-84.8365707397461
1.999999987845058e-08
1.999999987845058e-08
-13.001412391662598
-81.00052642822266
-1.999999987845058e-08
-1.999999987845058e-08
-8.145489692687988
-87.28172302246094
1.999999987845058e-08
1.999999987845058e-08
-8.145489692687988
-87.28172302246094
-1.999999987845058e-08
-1.999999987845058e-08
-6.052432537078857
-89.17501068115234
1.999999987845058e-08
1.999999987845058e-08
-1.0481499433517456
-89.11711883544922
-1.999999987845058e-08
-1.999999987845058e-08
9.924628257751465
-99.60366821289062
1.999999987845058e-08
1.999999987845058e-08
20.08922004699707
-119.7093505859375
-1.999999987845058e-08
-1.999999987845058e-08
21.824464797973633
-137.1831512451172
1.999999987845058e-08
1.999999987845058e-08
15.18735408782959
-144.77662658691406
-1.999999987845058e-08
-1.999999987845058e-08
6.3733696937561035
-144.86822509765625
1.999999987845058e-08
1.999999987845058e-08
1.2121081352233887
-144.76634216308594
-1.999999987845058e-08
-1.999999987845058e-08
-1.037856101989746
-151.45132446289062
1.999999987845058e-08
1.999999987845058e-08
-32.145938873291016
-109.79832458496094
-1.999999987845058e-08
-1.999999987845058e-08
-26.3291072845459
-88.08243560791016
1.999999987845058e-08
1.999999987845058e-08
-6.39581823348999
-102.78588104248047
-1.999999987845058e-08
-1.999999987845058e-08
9.889766693115234
-132.082275390625
1.999999987845058e-08
1.999999987845058e-08
10.380277633666992
-141.57022094726562
-1.999999987845058e-08
-1.999999987845058e-08
1.0248736143112183
-130.01206970214844
1.999999987845058e-08
1.999999987845058e-08
-3.999096393585205
-122.40989685058594
-1.999999987845058e-08
-1.999999987845058e-08
1.3131674528121948
-133.7117919921875
1.999999987845058e-08
1.999999987845058e-08
10.601094245910645
-156.9956512451172
-1.999999987845058e-08
-1.999999987845058e-08
13.519763946533203
-176.4158477783203
1.999999987845058e-08
1.999999987845058e-08
13.519763946533203
-176.4158477783203
-1.999999987845058e-08
-1.999999987845058e-08
6.058080196380615
-180.51458740234375
1.999999987845058e-08
1.999999987845058e-08
-7.519063472747803
-165.68759155273438
-1.999999987845058e-08
-1.999999987845058e-08
-18.787126541137695
-139.3437957763672
1.999999987845058e-08
1.999999987845058e-08
-19.00741958618164
-124.88411712646484
-1.999999987845058e-08
-1.999999987845058e-08
-7.680781841278076
-139.51470947265625
1.999999987845058e-08
1.999999987845058e-08
4.207342624664307
-168.07858276367188
-1.999999987845058e-08
-1.999999987845058e-08
7.171335220336914
-184.8730926513672
1.999999987845058e-08
1.999999987845058e-08
2.389324903488159
-183.675048828125
-1.999999987845058e-08
-1.999999987845058e-08
-3.2835323810577393
-173.4727783203125
1.999999987845058e-08
1.999999987845058e-08
-5.367056846618652
-165.50985717773438
-1.999999987845058e-08
-1.999999987845058e-08
-6.3920416831970215
-162.12237548828125
1.999999987845058e-08
1.999999987845058e-08
-10.483301162719727
-156.65176391601562
-1.999999987845058e-08
-1.999999987845058e-08
-14.244460105895996
-151.988037109375
1.999999987845058e-08
1.999999987845058e-08
-11.37570571899414
-159.38726806640625
-1.999999987845058e-08
-1.999999987845058e-08
-2.9515180587768555
-177.46539306640625
1.999999987845058e-08
1.999999987845058e-08
3.75618577003479
-193.67115783691406
-1.999999987845058e-08
-1.999999987845058e-08
4.209268093109131
-200.7019500732422
1.999999987845058e-08
1.999999987845058e-08
1.8094782829284668
-202.38815307617188
-1.999999987845058e-08
-1.999999987845058e-08
2.354322671890259
-206.91262817382812
1.999999987845058e-08
1.999999987845058e-08
3.867920160293579
-214.8267822265625
-1.999999987845058e-08
-1.999999987845058e-08
-1.4314278364181519
-203.17459106445312
1.999999987845058e-08
1.999999987845058e-08
-8.418370246887207
-180.31808471679688
-1.999999987845058e-08
-1.999999987845058e-08
-11.481016159057617
-155.98141479492188
1.999999987845058e-08
1.999999987845058e-08
-5.30519962310791
-149.57382202148438
-1.999999987845058e-08
-1.999999987845058e-08
3.6460752487182617
-166.75601196289062
1.999999987845058e-08
1.999999987845058e-08
0.8934763073921204
-181.97372436523438
-1.999999987845058e-08
-1.999999987845058e-08
-13.40524959564209
-171.28518676757812
1.999999987845058e-08
1.999999987845058e-08
-22.4616641998291
-147.23777770996094
-1.999999987845058e-08
-1.999999987845058e-08
-17.5490779876709
-138.2226104736328
1.999999987845058e-08
1.999999987845058e-08
-6.391330242156982
-151.82717895507812
-1.999999987845058e-08
-1.999999987845058e-08
2.532801628112793
-174.27252197265625
1.999999987845058e-08
1.999999987845058e-08
5.8823323249816895
-187.0941162109375
-1.999999987845058e-08
-1.999999987845058e-08
1.4231927394866943
-179.28469848632812
1.999999987845058e-08
1.999999987845058e-08
-6.52901554107666
-162.04916381835938
-1.999999987845058e-08
-1.999999987845058e-08
-8.061918258666992
-162.30606079101562
1.999999987845058e-08
1.999999987845058e-08
-3.5136489868164062
-184.20416259765625
-1.999999987845058e-08
-1.999999987845058e-08
-3.922152280807495
-200.01254272460938
1.999999987845058e-08
1.999999987845058e-08
-12.574583053588867
-189.5178680419922
-1.999999987845058e-08
-1.999999987845058e-08
-20.93338966369629
-160.79176330566406
1.999999987845058e-08
1.999999987845058e-08
-12.574583053588867
-189.5178680419922
-1.999999987845058e-08
-1.999999987845058e-08
-20.93338966369629
-160.79176330566406
1.999999987845058e-08
1.999999987845058e-08
-20.900009155273438
-133.33761596679688
-1.999999987845058e-08
-1.999999987845058e-08
-11.667723655700684
-122.55301666259766
1.999999987845058e-08
1.999999987845058e-08
0.781096875667572
-130.744140625
-1.999999987845058e-08
-1.999999987845058e-08
8.254010200500488
-143.84925842285156
1.999999987845058e-08
1.999999987845058e-08
7.780492305755615
-147.14013671875
-1.999999987845058e-08
-1.999999987845058e-08
3.447866201400757
-141.3137664794922
1.999999987845058e-08
1.999999987845058e-08
1.002038836479187
-137.84918212890625
-1.999999987845058e-08
-1.999999987845058e-08
2.0620532035827637
-144.4468994140625
1.999999987845058e-08
1.999999987845058e-08
3.464115858078003
-168.919677734375
-1.999999987845058e-08
-1.999999987845058e-08
5.461531162261963
-176.43856811523438
1.999999987845058e-08
1.999999987845058e-08
9.528219223022461
-178.12388610839844
-1.999999987845058e-08
-1.999999987845058e-08
9.26744270324707
-170.14529418945312
1.999999987845058e-08
1.999999987845058e-08
2.401989698410034
-154.2200469970703
-1.999999987845058e-08
-1.999999987845058e-08
-5.566914081573486
-135.41796875
1.999999987845058e-08
1.999999987845058e-08
-9.614081382751465
-116.14904022216797
-1.999999987845058e-08
-1.999999987845058e-08
-7.222165584564209
-104.4015884399414
1.999999987845058e-08
1.999999987845058e-08
1.9683637619018555
-112.12393951416016
-1.999999987845058e-08
-1.999999987845058e-08
11.110382080078125
-132.1756134033203
1.999999987845058e-08
1.999999987845058e-08
-6.388607978820801
-103.5452651977539
-1.999999987845058e-08
-1.999999987845058e-08
-3.2454824447631836
-104.76445770263672
1.999999987845058e-08
1.999999987845058e-08
5.397772789001465
-122.81202697753906
-1.999999987845058e-08
-1.999999987845058e-08
10.961156845092773
-142.77767944335938
1.999999987845058e-08
1.999999987845058e-08
10.676223754882812
-153.255126953125
-1.999999987845058e-08
-1.999999987845058e-08
7.548114776611328
-151.73878479003906
1.999999987845058e-08
1.999999987845058e-08
4.071680545806885
-140.8567352294922
-1.999999987845058e-08
-1.999999987845058e-08
0.5028290152549744
-125.45451354980469
1.999999987845058e-08
1.999999987845058e-08
-3.1294009685516357
-109.91576385498047
-1.999999987845058e-08
-1.999999987845058e-08
-7.656515598297119
-88.67736053466797
1.999999987845058e-08
1.999999987845058e-08
7.548114776611328
-151.73878479003906
-1.999999987845058e-08
-1.999999987845058e-08
4.071680545806885
-140.8567352294922
1.999999987845058e-08
1.999999987845058e-08
0.5028289556503296
-125.45451354980469
-1.999999987845058e-08
-1.999999987845058e-08
-3.1294007301330566
-109.91576385498047
1.999999987845058e-08
1.999999987845058e-08
-7.656515598297119
-88.67736053466797
-1.999999987845058e-08
-1.999999987845058e-08
-11.372252464294434
-57.13969421386719
1.999999987845058e-08
1.999999987845058e-08
-7.408618450164795
-34.55205535888672
-1.999999987845058e-08
-1.999999987845058e-08
5.695676803588867
-44.155067443847656
1.999999987845058e-08
1.999999987845058e-08
16.639156341552734
-73.65078735351562
-1.999999987845058e-08
-1.999999987845058e-08
15.217347145080566
-88.0707015991211
1.999999987845058e-08
1.999999987845058e-08
6.847567558288574
-77.44873046875
-1.999999987845058e-08
-1.999999987845058e-08
2.650930404663086
-60.89680862426758
1.999999987845058e-08
1.999999987845058e-08
4.308557987213135
-52.878753662109375
-1.999999987845058e-08
-1.999999987845058e-08
7.913296222686768
-52.999778747558594
1.999999987845058e-08
1.999999987845058e-08
11.035852432250977
-55.25035858154297
-1.999999987845058e-08
-1.999999987845058e-08
11.417075157165527
-51.3603401184082
1.999999987845058e-08
1.999999987845058e-08
8.528474807739258
-36.372310638427734
-1.999999987845058e-08
-1.999999987845058e-08
7.105984687805176
-18.4657039642334
1.999999987845058e-08
1.999999987845058e-08
12.3317232131958
-18.042409896850586
-1.999999987845058e-08
-1.999999987845058e-08
19.287485122680664
-41.29121017456055
1.999999987845058e-08
1.999999987845058e-08
14.943564414978027
-58.50049591064453
-1.999999987845058e-08
-1.999999987845058e-08
-2.025935173034668
-40.35285949707031
1.999999987845058e-08
1.999999987845058e-08
-15.724676132202148
-2.236786127090454
-1.999999987845058e-08
-1.999999987845058e-08
-16.13327980041504
23.42435073852539
1.999999987845058e-08
1.999999987845058e-08
-10.69870662689209
29.910921096801758
-1.999999987845058e-08
-1.999999987845058e-08
-7.802764415740967
24.72007942199707
1.999999987845058e-08
1.999999987845058e-08
-6.417280197143555
8.752922058105469
-1.999999987845058e-08
-1.999999987845058e-08
-4.660872459411621
-13.641892433166504
1.999999987845058e-08
1.999999987845058e-08
-4.258838176727295
-25.677589416503906
-1.999999987845058e-08
-1.999999987845058e-08
-3.3541133403778076
-18.841129302978516
1.999999987845058e-08
1.999999987845058e-08
2.9545586109161377
-8.654101371765137
-1.999999987845058e-08
-1.999999987845058e-08
12.333674430847168
-10.372827529907227
1.999999987845058e-08
1.999999987845058e-08
16.828289031982422
-15.707842826843262
-1.999999987845058e-08
-1.999999987845058e-08
14.019806861877441
-8.87878704071045
1.999999987845058e-08
1.999999987845058e-08
8.729704856872559
7.339443683624268
-1.999999987845058e-08
-1.999999987845058e-08
6.240602970123291
13.675851821899414
1.999999987845058e-08
1.999999987845058e-08
5.970429420471191
3.3838255405426025
-1.999999987845058e-08
-1.999999987845058e-08
2.437328577041626
-4.8066253662109375
1.999999987845058e-08
1.999999987845058e-08
-5.140765190124512
5.025101184844971
-1.999999987845058e-08
-1.999999987845058e-08
-10.352334022521973
23.7810001373291
1.999999987845058e-08
1.999999987845058e-08
-10.352334022521973
23.7810001373291
-1.999999987845058e-08
-1.999999987845058e-08
-8.778650283813477
35.004573822021484
1.999999987845058e-08
1.999999987845058e-08
-2.60048508644104
34.444854736328125
-1.999999987845058e-08
-1.999999987845058e-08
2.2499873638153076
30.735851287841797
1.999999987845058e-08
1.999999987845058e-08
0.6419411301612854
38.612266540527344
-1.999999987845058e-08
-1.999999987845058e-08
-6.270133972167969
61.18972396850586
1.999999987845058e-08
1.999999987845058e-08
-11.06682300567627
79.77722930908203
-1.999999987845058e-08
-1.999999987845058e-08
-9.372852325439453
79.57764434814453
1.999999987845058e-08
1.999999987845058e-08
-4.839906692504883
72.56986999511719
-1.999999987845058e-08
-1.999999987845058e-08
-0.8650772571563721
71.74078369140625
1.999999987845058e-08
1.999999987845058e-08
8.898782730102539
47.02845764160156
-1.999999987845058e-08
-1.999999987845058e-08
6.202589511871338
45.840885162353516
1.999999987845058e-08
1.999999987845058e-08
8.096583366394043
27.094600677490234
-1.999999987845058e-08
-1.999999987845058e-08
6.8496503829956055
14.747235298156738
1.999999987845058e-08
1.999999987845058e-08
-5.234166145324707
36.003604888916016
-1.999999987845058e-08
-1.999999987845058e-08
-23.530792236328125
86.2206802368164
1.999999987845058e-08
1.999999987845058e-08
-31.85427474975586
123.90319061279297
-1.999999987845058e-08
-1.999999987845058e-08
-22.900558471679688
113.55039978027344
1.999999987845058e-08
1.999999987845058e-08
-9.54610538482666
71.86973571777344
-1.999999987845058e-08
-1.999999987845058e-08
-4.946407318115234
43.36007308959961
1.999999987845058e-08
1.999999987845058e-08
-9.54610538482666
71.86973571777344
-1.999999987845058e-08
-1.999999987845058e-08
-4.946407318115234
43.36007308959961
1.999999987845058e-08
1.999999987845058e-08
-6.713611602783203
44.391239166259766
-1.999999987845058e-08
-1.999999987845058e-08
-7.812681674957275
59.449344635009766
1.999999987845058e-08
1.999999987845058e-08
-6.922605037689209
74.07453155517578
-1.999999987845058e-08
-1.999999987845058e-08
-4.7864813804626465
86.59632873535156
1.999999987845058e-08
1.999999987845058e-08
-0.9139176607131958
95.30070495605469
-1.999999987845058e-08
-1.999999987845058e-08
4.5904459953308105
94.05237579345703
1.999999987845058e-08
1.999999987845058e-08
10.23145580291748
84.72334289550781
-1.999999987845058e-08
-1.999999987845058e-08
14.083595275878906
79.43921661376953
1.999999987845058e-08
1.999999987845058e-08
14.083595275878906
79.43921661376953
-1.999999987845058e-08
-1.999999987845058e-08
14.405935287475586
82.65796661376953
1.999999987845058e-08
1.999999987845058e-08
10.894781112670898
85.3427505493164
-1.999999987845058e-08
-1.999999987845058e-08
5.472435474395752
86.67131805419922
1.999999987845058e-08
1.999999987845058e-08
1.8600419759750366
99.23261260986328
-1.999999987845058e-08
-1.999999987845058e-08
4.079378128051758
118.51106262207031
1.999999987845058e-08
1.999999987845058e-08
11.718029022216797
119.89688110351562
-1.999999987845058e-08
-1.999999987845058e-08
17.902891159057617
100.19956970214844
1.999999987845058e-08
1.999999987845058e-08
16.897174835205078
84.79007720947266
-1.999999987845058e-08
-1.999999987845058e-08
11.144068717956543
87.25834655761719
1.999999987845058e-08
1.999999987845058e-08
5.643657207489014
66.93168640136719
-1.999999987845058e-08
-1.999999987845058e-08
-2.0706632137298584
59.8415641784668
1.999999987845058e-08
1.999999987845058e-08
-6.609378814697266
62.9142951965332
-1.999999987845058e-08
-1.999999987845058e-08
-6.534535884857178
78.56470489501953
1.999999987845058e-08
1.999999987845058e-08
-8.459742546081543
104.40812683105469
-1.999999987845058e-08
-1.999999987845058e-08
-13.159835815429688
131.88232421875
1.999999987845058e-08
1.999999987845058e-08
-11.817364692687988
148.0879364013672
-1.999999987845058e-08
-1.999999987845058e-08
-1.9026423692703247
143.13519287109375
1.999999987845058e-08
1.999999987845058e-08
6.839065074920654
120.0829849243164
-1.999999987845058e-08
-1.999999987845058e-08
8.405353546142578
92.44953918457031
1.999999987845058e-08
1.999999987845058e-08
7.863517761230469
72.88809967041016
-1.999999987845058e-08
-1.999999987845058e-08
8.186193466186523
69.95012664794922
1.999999987845058e-08
1.999999987845058e-08
6.178530693054199
81.28543090820312
-1.999999987845058e-08
-1.999999987845058e-08
3.6717355251312256
86.0817642211914
1.999999987845058e-08
1.999999987845058e-08
6.036587238311768
68.94113159179688
-1.999999987845058e-08
-1.999999987845058e-08
9.895479202270508
45.6129035949707
1.999999987845058e-08
1.999999987845058e-08
6.760845184326172
42.420196533203125
-1.999999987845058e-08
-1.999999987845058e-08
-1.3961690664291382
58.87554931640625
1.999999987845058e-08
1.999999987845058e-08
-3.430954933166504
67.75926971435547
-1.999999987845058e-08
-1.999999987845058e-08
2.016779661178589
58.185054779052734
1.999999987845058e-08
1.999999987845058e-08
2.016779661178589
58.185054779052734
-1.999999987845058e-08
-1.999999987845058e-08
4.048667907714844
55.80602264404297
1.999999987845058e-08
1.999999987845058e-08
-0.8304376602172852
76.22099304199219
-1.999999987845058e-08
-1.999999987845058e-08
-3.7874839305877686
93.88117218017578
1.999999987845058e-08
1.999999987845058e-08
-0.43957242369651794
85.02552795410156
-1.999999987845058e-08
-1.999999987845058e-08
3.674151659011841
61.18865966796875
1.999999987845058e-08
1.999999987845058e-08
4.474646091461182
42.90919494628906
-1.999999987845058e-08
-1.999999987845058e-08
4.59363317489624
32.10164260864258
1.999999987845058e-08
1.999999987845058e-08
7.29827356338501
19.243101119995117
-1.999999987845058e-08
-1.999999987845058e-08
9.70653247833252
4.093236446380615
1.999999987845058e-08
1.999999987845058e-08
-5.366909980773926
6.47218132019043
-1.999999987845058e-08
-1.999999987845058e-08
-17.1536865234375
30.33034896850586
1.999999987845058e-08
1.999999987845058e-08
-21.63638687133789
64.82234954833984
-1.999999987845058e-08
-1.999999987845058e-08
-12.067461013793945
89.1039047241211
1.999999987845058e-08
1.999999987845058e-08
5.770876884460449
84.04132080078125
-1.999999987845058e-08
-1.999999987845058e-08
13.836881637573242
64.550537109375
1.999999987845058e-08
1.999999987845058e-08
6.870673179626465
58.41292953491211
-1.999999987845058e-08
-1.999999987845058e-08
-0.2179727852344513
69.81539154052734
1.999999987845058e-08
1.999999987845058e-08
3.1970560550689697
84.90543365478516
-1.999999987845058e-08
-1.999999987845058e-08
11.551370620727539
88.18515014648438
1.999999987845058e-08
1.999999987845058e-08
16.429616928100586
71.76272583007812
-1.999999987845058e-08
-1.999999987845058e-08
16.51220703125
45.910247802734375
1.999999987845058e-08
1.999999987845058e-08
12.841285705566406
32.30445098876953
-1.999999987845058e-08
-1.999999987845058e-08
4.856972694396973
39.841861724853516
1.999999987845058e-08
1.999999987845058e-08
-4.343808174133301
56.719051361083984
-1.999999987845058e-08
-1.999999987845058e-08
-5.688466548919678
64.46713256835938
1.999999987845058e-08
1.999999987845058e-08
5.7425689697265625
53.38252639770508
-1.999999987845058e-08
-1.999999987845058e-08
19.868066787719727
33.13867950439453
1.999999987845058e-08
1.999999987845058e-08
21.247417449951172
26.152454376220703
-1.999999987845058e-08
-1.999999987845058e-08
11.559623718261719
40.563148498535156
1.999999987845058e-08
1.999999987845058e-08
16.51220703125
45.910247802734375
-1.999999987845058e-08
-1.999999987845058e-08
12.841285705566406
32.30445098876953
1.999999987845058e-08
1.999999987845058e-08
4.856972694396973
39.841861724853516
-1.999999987845058e-08
-1.999999987845058e-08
-4.343808174133301
56.719051361083984
1.999999987845058e-08
1.999999987845058e-08
-5.688466548919678
64.46713256835938
-1.999999987845058e-08
-1.999999987845058e-08
5.7425689697265625
53.38252639770508
1.999999987845058e-08
1.999999987845058e-08
19.868066787719727
33.13867950439453
-1.999999987845058e-08
-1.999999987845058e-08
21.247417449951172
26.152454376220703
1.999999987845058e-08
1.999999987845058e-08
11.559623718261719
40.563148498535156
-1.999999987845058e-08
-1.999999987845058e-08
8.046782493591309
55.28268814086914
1.999999987845058e-08
1.999999987845058e-08
-7.697526931762695
39.85599136352539
-1.999999987845058e-08
-1.999999987845058e-08
-14.407659530639648
47.9241943359375
1.999999987845058e-08
1.999999987845058e-08
-11.498360633850098
42.192142486572266
-1.999999987845058e-08
-1.999999987845058e-08
-2.2315523624420166
33.35429382324219
1.999999987845058e-08
1.999999987845058e-08
3.0121848583221436
38.94576644897461
-1.999999987845058e-08
-1.999999987845058e-08
1.194874882698059
54.92200469970703
1.999999987845058e-08
1.999999987845058e-08
-1.0983431339263916
65.06038665771484
-1.999999987845058e-08
-1.999999987845058e-08
0.8463125228881836
59.95710372924805
1.999999987845058e-08
1.999999987845058e-08
3.4293150901794434
44.286685943603516
-1.999999987845058e-08
-1.999999987845058e-08
2.4474973678588867
27.383390426635742
1.999999987845058e-08
1.999999987845058e-08
-2.3021020889282227
14.48314380645752
-1.999999987845058e-08
-1.999999987845058e-08
-11.034052848815918
16.33176040649414
1.999999987845058e-08
1.999999987845058e-08
-20.528892517089844
41.548980712890625
-1.999999987845058e-08
-1.999999987845058e-08
-22.105016708374023
71.9155502319336
1.999999987845058e-08
1.999999987845058e-08
-14.190162658691406
79.17146301269531
-1.999999987845058e-08
-1.999999987845058e-08
-6.389532566070557
63.78388214111328
1.999999987845058e-08
1.999999987845058e-08
-5.279897212982178
50.082244873046875
-1.999999987845058e-08
-1.999999987845058e-08
-7.34495735168457
51.95620346069336
1.999999987845058e-08
1.999999987845058e-08
-6.910612106323242
59.82278823852539
-1.999999987845058e-08
-1.999999987845058e-08
-3.3497302532196045
58.56344223022461
1.999999987845058e-08
1.999999987845058e-08
0.81849205493927
49.19831848144531
-1.999999987845058e-08
-1.999999987845058e-08
5.248608589172363
40.471893310546875
1.999999987845058e-08
1.999999987845058e-08
9.034531593322754
29.969148635864258
-1.999999987845058e-08
-1.999999987845058e-08
7.185110092163086
14.935257911682129
1.999999987845058e-08
1.999999987845058e-08
-1.3655296564102173
5.9265055656433105
-1.999999987845058e-08
-1.999999987845058e-08
-10.59839916229248
15.809414863586426
1.999999987845058e-08
1.999999987845058e-08
-16.15736961364746
44.04914855957031
-1.999999987845058e-08
-1.999999987845058e-08
-17.251447677612305
70.06990051269531
1.999999987845058e-08
1.999999987845058e-08
-12.565421104431152
67.92170715332031
-1.999999987845058e-08
-1.999999987845058e-08
-3.212583541870117
38.58352279663086
1.999999987845058e-08
1.999999987845058e-08
5.272256851196289
8.864470481872559
-1.999999987845058e-08
-1.999999987845058e-08
7.756928443908691
-7.347894668579102
1.999999987845058e-08
1.999999987845058e-08
2.1796553134918213
-15.222293853759766
-1.999999987845058e-08
-1.999999987845058e-08
-7.081676483154297
-17.15863800048828
1.999999987845058e-08
1.999999987845058e-08
-9.359870910644531
-16.414167404174805
-1.999999987845058e-08
-1.999999987845058e-08
-2.6991162300109863
-17.135774612426758
1.999999987845058e-08
1.999999987845058e-08
2.42624568939209
-13.886537551879883
-1.999999987845058e-08
-1.999999987845058e-08
2.8245224952697754
-10.557144165039062
1.999999987845058e-08
1.999999987845058e-08
4.646815299987793
-22.78557014465332
-1.999999987845058e-08
-1.999999987845058e-08
5.104301929473877
-40.757423400878906
1.999999987845058e-08
1.999999987845058e-08
-2.5189805030822754
-37.03385925292969
-1.999999987845058e-08
-1.999999987845058e-08
-13.092970848083496
-12.688328742980957
1.999999987845058e-08
1.999999987845058e-08
-18.223501205444336
8.976625442504883
-1.999999987845058e-08
-1.999999987845058e-08
-15.991778373718262
14.303321838378906
1.999999987845058e-08
1.999999987845058e-08
-6.524149417877197
2.552147626876831
-1.999999987845058e-08
-1.999999987845058e-08
6.992948055267334
-18.072872161865234
1.999999987845058e-08
1.999999987845058e-08
17.88011360168457
-37.8211784362793
-1.999999987845058e-08
-1.999999987845058e-08
22.240575790405273
-53.63538360595703
1.999999987845058e-08
1.999999987845058e-08
18.868579864501953
-61.20641326904297
-1.999999987845058e-08
-1.999999987845058e-08
8.655951499938965
-56.19172668457031
1.999999987845058e-08
1.999999987845058e-08
8.655951499938965
-56.19172668457031
-1.999999987845058e-08
-1.999999987845058e-08
-2.4904561042785645
-47.1021728515625
1.999999987845058e-08
1.999999987845058e-08
-9.165643692016602
-41.936336517333984
-1.999999987845058e-08
-1.999999987845058e-08
-12.06060791015625
-33.63412094116211
1.999999987845058e-08
1.999999987845058e-08
-12.534402847290039
-20.837890625
-1.999999987845058e-08
-1.999999987845058e-08
-7.993281841278076
-21.77841567993164
1.999999987845058e-08
1.999999987845058e-08
2.8716838359832764
-50.13083267211914
-1.999999987845058e-08
-1.999999987845058e-08
12.033218383789062
-87.03067779541016
1.999999987845058e-08
1.999999987845058e-08
8.516356468200684
-93.31219482421875
-1.999999987845058e-08
-1.999999987845058e-08
-5.01659631729126
-55.070960998535156
1.999999987845058e-08
1.999999987845058e-08
-5.01659631729126
-55.070960998535156
-1.999999987845058e-08
-1.999999987845058e-08
-15.827510833740234
-0.5473443865776062
1.999999987845058e-08
1.999999987845058e-08
-18.0123348236084
30.092069625854492
-1.999999987845058e-08
-1.999999987845058e-08
-12.853606224060059
16.8906192779541
1.999999987845058e-08
1.999999987845058e-08
-2.8925302028656006
-26.701873779296875
-1.999999987845058e-08
-1.999999987845058e-08
5.651431083679199
-62.81752395629883
1.999999987845058e-08
1.999999987845058e-08
5.657881736755371
-64.42726135253906
-1.999999987845058e-08
-1.999999987845058e-08
-1.9329146146774292
-41.40022277832031
1.999999987845058e-08
1.999999987845058e-08
-9.637238502502441
-19.344268798828125
-1.999999987845058e-08
-1.999999987845058e-08
-12.84546947479248
-3.5110926628112793
1.999999987845058e-08
1.999999987845058e-08
-11.028328895568848
11.990565299987793
-1.999999987845058e-08
-1.999999987845058e-08
-3.9230711460113525
14.948827743530273
1.999999987845058e-08
1.999999987845058e-08
6.557172775268555
-9.674602508544922
-1.999999987845058e-08
-1.999999987845058e-08
14.631783485412598
-49.9080810546875
1.999999987845058e-08
1.999999987845058e-08
14.723414421081543
-75.9415283203125
-1.999999987845058e-08
-1.999999987845058e-08
6.92893123626709
-71.5235366821289
1.999999987845058e-08
1.999999987845058e-08
-2.1374406814575195
-51.13901901245117
-1.999999987845058e-08
-1.999999987845058e-08
-7.13139009475708
-39.12277603149414
1.999999987845058e-08
1.999999987845058e-08
-8.353387832641602
-39.35209655761719
-1.999999987845058e-08
-1.999999987845058e-08
-5.342245578765869
-45.92892837524414
1.999999987845058e-08
1.999999987845058e-08
9.919332504272461
-77.65318298339844
-1.999999987845058e-08
-1.999999987845058e-08
9.599931716918945
-86.44038391113281
1.999999987845058e-08
1.999999987845058e-08
1.4309608936309814
-79.9344253540039
-1.999999987845058e-08
-1.999999987845058e-08
-8.998481750488281
-63.996891021728516
1.999999987845058e-08
1.999999987845058e-08
-15.898218154907227
-50.77313232421875
-1.999999987845058e-08
-1.999999987845058e-08
-17.508445739746094
-43.398624420166016
1.999999987845058e-08
1.999999987845058e-08
-13.790702819824219
-37.92778778076172
-1.999999987845058e-08
-1.999999987845058e-08
-4.303828716278076
-38.834625244140625
1.999999987845058e-08
1.999999987845058e-08
6.751986980438232
-49.62303161621094
-1.999999987845058e-08
-1.999999987845058e-08
11.840463638305664
-63.976558685302734
1.999999987845058e-08
1.999999987845058e-08
8.291021347045898
-77.74288177490234
-1.999999987845058e-08
-1.999999987845058e-08
-2.5101301670074463
-83.52657318115234
1.999999987845058e-08
1.999999987845058e-08
-18.382991790771484
-66.0108413696289
-1.999999987845058e-08
-1.999999987845058e-08
-32.680912017822266
-30.08529281616211
1.999999987845058e-08
1.999999987845058e-08
-36.329551696777344
-5.58980655670166
-1.999999987845058e-08
-1.999999987845058e-08
-27.896709442138672
-6.638086318969727
1.999999987845058e-08
1.999999987845058e-08
-14.930188179016113
-17.767797470092773
-1.999999987845058e-08
-1.999999987845058e-08
-4.308762550354004
-25.720561981201172
1.999999987845058e-08
1.999999987845058e-08
4.126812934875488
-40.008689880371094
-1.999999987845058e-08
-1.999999987845058e-08
11.256665229797363
-69.54020690917969
1.999999987845058e-08
1.999999987845058e-08
4.126812934875488
-40.008689880371094
-1.999999987845058e-08
-1.999999987845058e-08
11.256665229797363
-69.54020690917969
1.999999987845058e-08
1.999999987845058e-08
11.587931632995605
-91.66597747802734
-1.999999987845058e-08
-1.999999987845058e-08
3.810988426208496
-78.17218780517578
1.999999987845058e-08
1.999999987845058e-08
-0.3855505585670471
-41.20035934448242
-1.999999987845058e-08
-1.999999987845058e-08
8.083475112915039
-15.221040725708008
1.999999987845058e-08
1.999999987845058e-08
22.914997100830078
-15.593768119812012
-1.999999987845058e-08
-1.999999987845058e-08
32.51322555541992
-35.963653564453125
1.999999987845058e-08
1.999999987845058e-08
31.05802345275879
-57.78413009643555
-1.999999987845058e-08
-1.999999987845058e-08
20.34833335876465
-61.85493850708008
1.999999987845058e-08
1.999999987845058e-08
-0.3855505585670471
-41.20035934448242
-1.999999987845058e-08
-1.999999987845058e-08
8.083475112915039
-15.221040725708008
1.999999987845058e-08
1.999999987845058e-08
22.914997100830078
-15.593768119812012
-1.999999987845058e-08
-1.999999987845058e-08
32.51322555541992
-35.963653564453125
1.999999987845058e-08
1.999999987845058e-08
31.05802345275879
-57.78413009643555
-1.999999987845058e-08
-1.999999987845058e-08
20.34833335876465
-61.85493850708008
1.999999987845058e-08
1.999999987845058e-08
8.440845489501953
-49.26123809814453
-1.999999987845058e-08
-1.999999987845058e-08
0.6575881242752075
-32.73356246948242
1.999999987845058e-08
1.999999987845058e-08
-5.583413124084473
-11.288515090942383
-1.999999987845058e-08
-1.999999987845058e-08
-9.362611770629883
11.786750793457031
1.999999987845058e-08
1.999999987845058e-08
11.351129531860352
-41.762306213378906
-1.999999987845058e-08
-1.999999987845058e-08
12.058014869689941
-42.92543411254883
1.999999987845058e-08
1.999999987845058e-08
3.649228811264038
-17.48993492126465
-1.999999987845058e-08
-1.999999987845058e-08
-5.865522384643555
24.875913619995117
1.999999987845058e-08
1.999999987845058e-08
-6.618081569671631
61.90715026855469
-1.999999987845058e-08
-1.999999987845058e-08
4.0697340965271
65.1221923828125
1.999999987845058e-08
1.999999987845058e-08
20.38102912902832
21.559762954711914
-1.999999987845058e-08
-1.999999987845058e-08
27.17671775817871
-33.27069854736328
1.999999987845058e-08
1.999999987845058e-08
13.402414321899414
-40.88173294067383
-1.999999987845058e-08
-1.999999987845058e-08
-8.491462707519531
3.6801178455352783
1.999999987845058e-08
1.999999987845058e-08
13.402414321899414
-40.88173294067383
-1.999999987845058e-08
-1.999999987845058e-08
-8.491462707519531
3.6801178455352783
1.999999987845058e-08
1.999999987845058e-08
-15.610054969787598
46.922691345214844
-1.999999987845058e-08
-1.999999987845058e-08
-6.017772197723389
56.33812713623047
1.999999987845058e-08
1.999999987845058e-08
4.961748123168945
47.408443450927734
-1.999999987845058e-08
-1.999999987845058e-08
11.927806854248047
32.82633972167969
1.999999987845058e-08
1.999999987845058e-08
19.69477081298828
4.358962535858154
-1.999999987845058e-08
-1.999999987845058e-08
25.008838653564453
-28.70656394958496
1.999999987845058e-08
1.999999987845058e-08
19.157163619995117
-30.03377914428711
-1.999999987845058e-08
-1.999999987845058e-08
5.462084770202637
13.113846778869629
1.999999987845058e-08
1.999999987845058e-08
-2.1168248653411865
60.51554870605469
-1.999999987845058e-08
-1.999999987845058e-08
1.9868412017822266
66.80440521240234
1.999999987845058e-08
1.999999987845058e-08
8.671100616455078
38.97978591918945
-1.999999987845058e-08
-1.999999987845058e-08
8.928400993347168
18.275169372558594
1.999999987845058e-08
1.999999987845058e-08
5.921819686889648
18.783035278320312
-1.999999987845058e-08
-1.999999987845058e-08
5.485429763793945
23.548017501831055
1.999999987845058e-08
1.999999987845058e-08
4.883512496948242
26.965442657470703
-1.999999987845058e-08
-1.999999987845058e-08
0.556020200252533
39.51460647583008
1.999999987845058e-08
1.999999987845058e-08
-4.485141754150391
65.92982482910156
-1.999999987845058e-08
-1.999999987845058e-08
-4.747778415679932
95.5544662475586
1.999999987845058e-08
1.999999987845058e-08
2.966231346130371
106.08739471435547
-1.999999987845058e-08
-1.999999987845058e-08
14.825227737426758
86.89469909667969
1.999999987845058e-08
1.999999987845058e-08
21.46259117126465
55.306182861328125
-1.999999987845058e-08
-1.999999987845058e-08
18.7493839263916
37.66102600097656
1.999999987845058e-08
1.999999987845058e-08
10.981987953186035
45.338890075683594
-1.999999987845058e-08
-1.999999987845058e-08
3.331425428390503
72.2756576538086
1.999999987845058e-08
1.999999987845058e-08
-2.4274520874023438
106.73856353759766
-1.999999987845058e-08
-1.999999987845058e-08
-5.181905269622803
139.162109375
1.999999987845058e-08
1.999999987845058e-08
-1.9923945665359497
155.5694122314453
-1.999999987845058e-08
-1.999999987845058e-08
7.462078094482422
143.1998748779297
1.999999987845058e-08
1.999999987845058e-08
16.793746948242188
113.72154235839844
-1.999999987845058e-08
-1.999999987845058e-08
19.888561248779297
94.49954986572266
1.999999987845058e-08
1.999999987845058e-08
16.56019401550293
96.45691680908203
-1.999999987845058e-08
-1.999999987845058e-08
8.370412826538086
113.88870239257812
1.999999987845058e-08
1.999999987845058e-08
-0.8036474585533142
138.6103057861328
-1.999999987845058e-08
-1.999999987845058e-08
-2.789048194885254
158.66567993164062
1.999999987845058e-08
1.999999987845058e-08
