0
-13.55522346496582
-11.170552253723145
1.999999987845058e-08
1.999999987845058e-08
-10.159040451049805
-6.594571590423584
-1.999999987845058e-08
-1.999999987845058e-08
-2.4842348098754883
-16.270931243896484
1.999999987845058e-08
1.999999987845058e-08
-0.67122483253479
-23.231111526489258
-1.999999987845058e-08
-1.999999987845058e-08
-4.711603164672852
-15.541276931762695
1.999999987845058e-08
1.999999987845058e-08
-6.2020673751831055
-4.948748588562012
-1.999999987845058e-08
-1.999999987845058e-08
-4.025472164154053
-4.838717460632324
1.999999987845058e-08
1.999999987845058e-08
-2.2012264728546143
-10.79590129852295
-1.999999987845058e-08
-1.999999987845058e-08
1.204856276512146
-16.98460578918457
1.999999987845058e-08
1.999999987845058e-08
18.64562225341797
-69.20179748535156
-1.999999987845058e-08
-1.999999987845058e-08
10.530580520629883
-70.01730346679688
1.999999987845058e-08
1.999999987845058e-08
0.011399539187550545
-51.4700813293457
-1.999999987845058e-08
-1.999999987845058e-08
-4.564826965332031
-29.76711082458496
1.999999987845058e-08
1.999999987845058e-08
-3.9864933490753174
-15.032262802124023
-1.999999987845058e-08
-1.999999987845058e-08
-3.0616657733917236
-4.892998695373535
1.999999987845058e-08
1.999999987845058e-08
1.0527665615081787
-3.5644726753234863
-1.999999987845058e-08
-1.999999987845058e-08
12.035326957702637
-21.580251693725586
1.999999987845058e-08
1.999999987845058e-08
22.759363174438477
-53.64266586303711
-1.999999987845058e-08
-1.999999987845058e-08
23.34354019165039
-77.94682312011719
1.999999987845058e-08
1.999999987845058e-08
10.75256061553955
-67.82167053222656
-1.999999987845058e-08
-1.999999987845058e-08
17.4718017578125
-61.092010498046875
1.999999987845058e-08
1.999999987845058e-08
27.822492599487305
-66.04486846923828
-1.999999987845058e-08
-1.999999987845058e-08
26.62509536743164
-68.59727478027344
1.999999987845058e-08
1.999999987845058e-08
12.623757362365723
-56.8129997253418
-1.999999987845058e-08
-1.999999987845058e-08
2.563049077987671
-43.873287200927734
1.999999987845058e-08
1.999999987845058e-08
8.556449890136719
-56.10154724121094
-1.999999987845058e-08
-1.999999987845058e-08
19.151580810546875
-92.23660278320312
1.999999987845058e-08
1.999999987845058e-08
14.755964279174805
-113.84419250488281
-1.999999987845058e-08
-1.999999987845058e-08
-2.449535369873047
-95.79841613769531
1.999999987845058e-08
1.999999987845058e-08
2.563049077987671
-43.873287200927734
-1.999999987845058e-08
-1.999999987845058e-08
8.556449890136719
-56.10154724121094
1.999999987845058e-08
1.999999987845058e-08
19.151580810546875
-92.23660278320312
-1.999999987845058e-08
-1.999999987845058e-08
14.755964279174805
-113.84419250488281
1.999999987845058e-08
1.999999987845058e-08
-2.449535369873047
-95.79841613769531
-1.999999987845058e-08
-1.999999987845058e-08
-12.58717155456543
-61.107444763183594
1.999999987845058e-08
1.999999987845058e-08
-7.981548309326172
-43.27197265625
-1.999999987845058e-08
-1.999999987845058e-08
1.7235935926437378
-44.606773376464844
1.999999987845058e-08
1.999999987845058e-08
8.701949119567871
-50.56519317626953
-1.999999987845058e-08
-1.999999987845058e-08
12.613773345947266
-56.375797271728516
1.999999987845058e-08
1.999999987845058e-08
7.2758965492248535
-77.43881225585938
-1.999999987845058e-08
-1.999999987845058e-08
0.6916998624801636
-89.59832763671875
1.999999987845058e-08
1.999999987845058e-08
-3.0346808433532715
-93.11310577392578
-1.999999987845058e-08
-1.999999987845058e-08
-1.9342397451400757
-86.54966735839844
1.999999987845058e-08
1.999999987845058e-08
2.5418365001678467
-80.30203247070312
-1.999999987845058e-08
-1.999999987845058e-08
5.043812274932861
-79.8945541381836
1.999999987845058e-08
1.999999987845058e-08
4.015937805175781
-78.70877075195312
-1.999999987845058e-08
-1.999999987845058e-08
6.2000298500061035
-75.37879943847656
1.999999987845058e-08
1.999999987845058e-08
15.56827449798584
-80.26631164550781
-1.999999987845058e-08
-1.999999987845058e-08
24.25645637512207
-96.3968505859375
1.999999987845058e-08
1.999999987845058e-08
14.596476554870605
-119.52133178710938
-1.999999987845058e-08
-1.999999987845058e-08
7.059042930603027
-124.15970611572266
1.999999987845058e-08
1.999999987845058e-08
0.8399900794029236
-128.3532257080078
-1.999999987845058e-08
-1.999999987845058e-08
-7.342633247375488
-123.65370178222656
1.999999987845058e-08
1.999999987845058e-08
-15.800259590148926
-100.7950668334961
-1.999999987845058e-08
-1.999999987845058e-08
-16.900571823120117
-67.92955017089844
1.999999987845058e-08
1.999999987845058e-08
-4.143464088439941
-53.709693908691406
-1.999999987845058e-08
-1.999999987845058e-08
14.85879135131836
-74.50577545166016
1.999999987845058e-08
1.999999987845058e-08
20.41098976135254
-105.66055297851562
-1.999999987845058e-08
-1.999999987845058e-08
6.273324012756348
-110.0240707397461
1.999999987845058e-08
1.999999987845058e-08
-8.385976791381836
-87.67625427246094
-1.999999987845058e-08
-1.999999987845058e-08
-3.584144353866577
-72.97830963134766
1.999999987845058e-08
1.999999987845058e-08
15.740189552307129
-86.93484497070312
-1.999999987845058e-08
-1.999999987845058e-08
28.597013473510742
-114.7523422241211
1.999999987845058e-08
1.999999987845058e-08
24.47589874267578
-129.9420166015625
-1.999999987845058e-08
-1.999999987845058e-08
12.554646492004395
-125.2044448852539
1.999999987845058e-08
1.999999987845058e-08
7.550146102905273
-117.87772369384766
-1.999999987845058e-08
-1.999999987845058e-08
10.97620677947998
-124.85504913330078
1.999999987845058e-08
1.999999987845058e-08
11.880266189575195
-135.83265686035156
-1.999999987845058e-08
-1.999999987845058e-08
4.949141025543213
-127.6993179321289
1.999999987845058e-08
1.999999987845058e-08
-8.626142501831055
-74.06515502929688
-1.999999987845058e-08
-1.999999987845058e-08
-3.797485828399658
-74.36795043945312
1.999999987845058e-08
1.999999987845058e-08
6.947322368621826
-96.6570053100586
-1.999999987845058e-08
-1.999999987845058e-08
12.499786376953125
-114.8104019165039
1.999999987845058e-08
1.999999987845058e-08
8.455185890197754
-111.02507781982422
-1.999999987845058e-08
-1.999999987845058e-08
3.7664074897766113
-93.88744354248047
1.999999987845058e-08
1.999999987845058e-08
6.899414539337158
-81.30474853515625
-1.999999987845058e-08
-1.999999987845058e-08
17.427425384521484
-81.42769622802734
1.999999987845058e-08
1.999999987845058e-08
32.336299896240234
-94.10330963134766
-1.999999987845058e-08
-1.999999987845058e-08
47.899505615234375
-113.83096313476562
1.999999987845058e-08
1.999999987845058e-08
47.899505615234375
-113.83096313476562
-1.999999987845058e-08
-1.999999987845058e-08
56.55421829223633
-126.21715545654297
1.999999987845058e-08
1.999999987845058e-08
54.63738250732422
-118.19479370117188
-1.999999987845058e-08
-1.999999987845058e-08
50.786006927490234
-97.65167999267578
1.999999987845058e-08
1.999999987845058e-08
54.220638275146484
-86.12399291992188
-1.999999987845058e-08
-1.999999987845058e-08
60.619903564453125
-90.82946014404297
1.999999987845058e-08
1.999999987845058e-08
61.693443298339844
-102.17359161376953
-1.999999987845058e-08
-1.999999987845058e-08
60.235382080078125
-115.0930404663086
1.999999987845058e-08
1.999999987845058e-08
62.91866683959961
-132.25143432617188
-1.999999987845058e-08
-1.999999987845058e-08
65.54344177246094
-147.8670196533203
1.999999987845058e-08
1.999999987845058e-08
42.55378341674805
-125.6125259399414
-1.999999987845058e-08
-1.999999987845058e-08
26.89651870727539
-86.12100982666016
1.999999987845058e-08
1.999999987845058e-08
25.00672149658203
-54.570404052734375
-1.999999987845058e-08
-1.999999987845058e-08
38.63955307006836
-58.01927185058594
1.999999987845058e-08
1.999999987845058e-08
52.588714599609375
-88.21685028076172
-1.999999987845058e-08
-1.999999987845058e-08
53.2477912902832
-108.24834442138672
1.999999987845058e-08
1.999999987845058e-08
42.300846099853516
-98.94386291503906
-1.999999987845058e-08
-1.999999987845058e-08
28.93964195251465
-75.86674499511719
1.999999987845058e-08
1.999999987845058e-08
21.332759857177734
-65.61569213867188
-1.999999987845058e-08
-1.999999987845058e-08
22.624126434326172
-76.55791473388672
1.999999987845058e-08
1.999999987845058e-08
22.624126434326172
-76.55791473388672
-1.999999987845058e-08
-1.999999987845058e-08
28.191688537597656
-93.50447082519531
1.999999987845058e-08
1.999999987845058e-08
30.974878311157227
-97.99824523925781
-1.999999987845058e-08
-1.999999987845058e-08
29.722604751586914
-87.26569366455078
1.999999987845058e-08
1.999999987845058e-08
27.95465660095215
-73.68929290771484
-1.999999987845058e-08
-1.999999987845058e-08
27.408082962036133
-70.0592041015625
1.999999987845058e-08
1.999999987845058e-08
26.545604705810547
-76.8116226196289
-1.999999987845058e-08
-1.999999987845058e-08
23.625080108642578
-83.81099700927734
1.999999987845058e-08
1.999999987845058e-08
19.5323429107666
-84.20935821533203
-1.999999987845058e-08
-1.999999987845058e-08
17.130966186523438
-85.06056213378906
1.999999987845058e-08
1.999999987845058e-08
14.948795318603516
-93.93289947509766
-1.999999987845058e-08
-1.999999987845058e-08
6.503590106964111
-99.54438018798828
1.999999987845058e-08
1.999999987845058e-08
-8.570831298828125
-86.28583526611328
-1.999999987845058e-08
-1.999999987845058e-08
-20.925559997558594
-56.404197692871094
1.999999987845058e-08
1.999999987845058e-08
-21.862009048461914
-24.265031814575195
-1.999999987845058e-08
-1.999999987845058e-08
-10.806217193603516
-6.281938076019287
1.999999987845058e-08
1.999999987845058e-08
4.611034393310547
-14.031378746032715
-1.999999987845058e-08
-1.999999987845058e-08
12.823967933654785
-39.87244415283203
1.999999987845058e-08
1.999999987845058e-08
8.854244232177734
-60.17557907104492
-1.999999987845058e-08
-1.999999987845058e-08
-0.36154094338417053
-63.707584381103516
1.999999987845058e-08
1.999999987845058e-08
-16.240901947021484
-65.56365966796875
-1.999999987845058e-08
-1.999999987845058e-08
-32.435115814208984
-65.34361267089844
1.999999987845058e-08
1.999999987845058e-08
-51.04791259765625
-55.54527282714844
-1.999999987845058e-08
-1.999999987845058e-08
-61.73496627807617
-45.684059143066406
1.999999987845058e-08
1.999999987845058e-08
-62.37532043457031
-42.59298324584961
-1.999999987845058e-08
-1.999999987845058e-08
-55.932945251464844
-41.292640686035156
1.999999987845058e-08
1.999999987845058e-08
-41.087703704833984
-42.54813003540039
-1.999999987845058e-08
-1.999999987845058e-08
-19.1143741607666
-57.47352600097656
1.999999987845058e-08
1.999999987845058e-08
-4.530515193939209
-81.82907104492188
-1.999999987845058e-08
-1.999999987845058e-08
-11.890301704406738
-89.599853515625
1.999999987845058e-08
1.999999987845058e-08
-50.646629333496094
7.207301139831543
-1.999999987845058e-08
-1.999999987845058e-08
-37.8579216003418
-2.3761513233184814
1.999999987845058e-08
1.999999987845058e-08
-34.92940902709961
-14.974787712097168
-1.999999987845058e-08
-1.999999987845058e-08
-45.996192932128906
-15.046269416809082
1.999999987845058e-08
1.999999987845058e-08
-61.12487030029297
-3.2729222774505615
-1.999999987845058e-08
-1.999999987845058e-08
-67.78522491455078
6.608198165893555
1.999999987845058e-08
1.999999987845058e-08
-59.94060516357422
-1.6539160013198853
-1.999999987845058e-08
-1.999999987845058e-08
-41.83795928955078
-33.595584869384766
1.999999987845058e-08
1.999999987845058e-08
-29.804357528686523
-68.53060150146484
-1.999999987845058e-08
-1.999999987845058e-08
-37.22279357910156
-74.96604919433594
1.999999987845058e-08
1.999999987845058e-08
-29.804357528686523
-68.53060150146484
-1.999999987845058e-08
-1.999999987845058e-08
-37.22279357910156
-74.96604919433594
1.999999987845058e-08
1.999999987845058e-08
-54.717838287353516
-52.17828369140625
-1.999999987845058e-08
-1.999999987845058e-08
-63.00139236450195
-30.821516036987305
1.999999987845058e-08
1.999999987845058e-08
-59.44446563720703
-29.524871826171875
-1.999999987845058e-08
-1.999999987845058e-08
-53.60177993774414
-38.32159423828125
1.999999987845058e-08
1.999999987845058e-08
-48.83667755126953
-42.34598922729492
-1.999999987845058e-08
-1.999999987845058e-08
-43.55693435668945
-39.988922119140625
1.999999987845058e-08
1.999999987845058e-08
-39.824771881103516
-38.23877716064453
-1.999999987845058e-08
-1.999999987845058e-08
-41.27509689331055
-38.86424255371094
1.999999987845058e-08
1.999999987845058e-08
-43.55693435668945
-39.988922119140625
-1.999999987845058e-08
-1.999999987845058e-08
-39.824771881103516
-38.23877716064453
1.999999987845058e-08
1.999999987845058e-08
-41.27509689331055
-38.86424255371094
-1.999999987845058e-08
-1.999999987845058e-08
-46.195404052734375
-36.2915153503418
1.999999987845058e-08
1.999999987845058e-08
-47.62059020996094
-33.183250427246094
-1.999999987845058e-08
-1.999999987845058e-08
-43.832672119140625
-38.56864929199219
1.999999987845058e-08
1.999999987845058e-08
-41.464813232421875
-48.12245559692383
-1.999999987845058e-08
-1.999999987845058e-08
-43.55972671508789
-51.852439880371094
1.999999987845058e-08
1.999999987845058e-08
-46.92734146118164
-48.54498291015625
-1.999999987845058e-08
-1.999999987845058e-08
-48.85906982421875
-39.32460403442383
1.999999987845058e-08
1.999999987845058e-08
-24.422664642333984
-35.36109161376953
-1.999999987845058e-08
-1.999999987845058e-08
-20.267845153808594
-52.29852294921875
1.999999987845058e-08
1.999999987845058e-08
-21.07618522644043
-59.90556716918945
-1.999999987845058e-08
-1.999999987845058e-08
-26.842208862304688
-53.798362731933594
1.999999987845058e-08
1.999999987845058e-08
-33.98128890991211
-44.50252914428711
-1.999999987845058e-08
-1.999999987845058e-08
-43.11658477783203
-32.864646911621094
1.999999987845058e-08
1.999999987845058e-08
-52.81067657470703
-11.251571655273438
-1.999999987845058e-08
-1.999999987845058e-08
-55.7321662902832
16.23552131652832
1.999999987845058e-08
1.999999987845058e-08
-46.59041213989258
30.26839256286621
-1.999999987845058e-08
-1.999999987845058e-08
-30.455671310424805
15.874197006225586
1.999999987845058e-08
1.999999987845058e-08
-52.81067657470703
-11.251571655273438
-1.999999987845058e-08
-1.999999987845058e-08
-55.7321662902832
16.23552131652832
1.999999987845058e-08
1.999999987845058e-08
-46.59041213989258
30.26839256286621
-1.999999987845058e-08
-1.999999987845058e-08
-30.455671310424805
15.874197006225586
1.999999987845058e-08
1.999999987845058e-08
-20.470436096191406
-14.768295288085938
-1.999999987845058e-08
-1.999999987845058e-08
-22.118118286132812
-34.512123107910156
1.999999987845058e-08
1.999999987845058e-08
-26.207651138305664
-36.73332977294922
-1.999999987845058e-08
-1.999999987845058e-08
-24.37177276611328
-35.461090087890625
1.999999987845058e-08
1.999999987845058e-08
-19.90349578857422
-37.33088684082031
-1.999999987845058e-08
-1.999999987845058e-08
-18.299379348754883
-37.96623229980469
1.999999987845058e-08
1.999999987845058e-08
-32.099369049072266
13.838969230651855
-1.999999987845058e-08
-1.999999987845058e-08
-30.81603240966797
41.39650344848633
1.999999987845058e-08
1.999999987845058e-08
-24.577173233032227
59.35634994506836
-1.999999987845058e-08
-1.999999987845058e-08
-16.77924346923828
62.54951858520508
1.999999987845058e-08
1.999999987845058e-08
-8.799793243408203
51.51045227050781
-1.999999987845058e-08
-1.999999987845058e-08
-1.742023229598999
36.09832000732422
1.999999987845058e-08
1.999999987845058e-08
3.780930757522583
26.923877716064453
-1.999999987845058e-08
-1.999999987845058e-08
8.820491790771484
22.36735725402832
1.999999987845058e-08
1.999999987845058e-08
13.652302742004395
11.79287052154541
-1.999999987845058e-08
-1.999999987845058e-08
14.73843765258789
-4.865381240844727
1.999999987845058e-08
1.999999987845058e-08
9.69693374633789
-12.10428524017334
-1.999999987845058e-08
-1.999999987845058e-08
3.380955219268799
-1.2959140539169312
1.999999987845058e-08
1.999999987845058e-08
0.706180214881897
20.420562744140625
-1.999999987845058e-08
-1.999999987845058e-08
1.0945676565170288
45.60985565185547
1.999999987845058e-08
1.999999987845058e-08
5.792607307434082
65.60155487060547
-1.999999987845058e-08
-1.999999987845058e-08
16.70941162109375
66.38002014160156
1.999999987845058e-08
1.999999987845058e-08
27.498950958251953
50.01900863647461
-1.999999987845058e-08
-1.999999987845058e-08
29.941139221191406
37.95674514770508
1.999999987845058e-08
1.999999987845058e-08
25.78581428527832
38.76040267944336
-1.999999987845058e-08
-1.999999987845058e-08
22.54654884338379
39.1583366394043
1.999999987845058e-08
1.999999987845058e-08
19.061063766479492
51.12165451049805
-1.999999987845058e-08
-1.999999987845058e-08
17.23062515258789
75.48963928222656
1.999999987845058e-08
1.999999987845058e-08
17.630817413330078
106.03607177734375
-1.999999987845058e-08
-1.999999987845058e-08
27.57086181640625
111.6038589477539
1.999999987845058e-08
1.999999987845058e-08
40.27141571044922
84.68661499023438
-1.999999987845058e-08
-1.999999987845058e-08
40.71030807495117
61.911094665527344
1.999999987845058e-08
1.999999987845058e-08
29.749757766723633
68.76880645751953
-1.999999987845058e-08
-1.999999987845058e-08
21.218791961669922
90.4438247680664
1.999999987845058e-08
1.999999987845058e-08
23.42580795288086
99.41590881347656
-1.999999987845058e-08
-1.999999987845058e-08
34.37958908081055
82.08126831054688
1.999999987845058e-08
1.999999987845058e-08
40.71030807495117
61.911094665527344
-1.999999987845058e-08
-1.999999987845058e-08
29.749757766723633
68.76880645751953
1.999999987845058e-08
1.999999987845058e-08
21.218791961669922
90.4438247680664
-1.999999987845058e-08
-1.999999987845058e-08
23.42580795288086
99.41590881347656
1.999999987845058e-08
1.999999987845058e-08
34.37958908081055
82.08126831054688
-1.999999987845058e-08
-1.999999987845058e-08
42.77592468261719
55.012489318847656
1.999999987845058e-08
1.999999987845058e-08
37.42591094970703
53.53171157836914
-1.999999987845058e-08
-1.999999987845058e-08
22.740312576293945
89.18064880371094
1.999999987845058e-08
1.999999987845058e-08
14.18234920501709
136.10813903808594
-1.999999987845058e-08
-1.999999987845058e-08
20.51778793334961
157.7267608642578
1.999999987845058e-08
1.999999987845058e-08
35.667686462402344
140.380859375
-1.999999987845058e-08
-1.999999987845058e-08
44.77177429199219
109.84308624267578
1.999999987845058e-08
1.999999987845058e-08
40.77426528930664
103.08771514892578
-1.999999987845058e-08
-1.999999987845058e-08
32.82600784301758
123.37203216552734
1.999999987845058e-08
1.999999987845058e-08
34.7604866027832
139.88510131835938
-1.999999987845058e-08
-1.999999987845058e-08
47.323265075683594
129.0422821044922
1.999999987845058e-08
1.999999987845058e-08
55.37512969970703
104.7597427368164
-1.999999987845058e-08
-1.999999987845058e-08
48.223785400390625
97.22940826416016
1.999999987845058e-08
1.999999987845058e-08
33.51177978515625
113.17361450195312
-1.999999987845058e-08
-1.999999987845058e-08
22.716943740844727
140.97012329101562
1.999999987845058e-08
1.999999987845058e-08
20.963603973388672
169.54434204101562
-1.999999987845058e-08
-1.999999987845058e-08
32.51365280151367
179.1593017578125
1.999999987845058e-08
1.999999987845058e-08
53.5936164855957
154.5286102294922
-1.999999987845058e-08
-1.999999987845058e-08
66.7869873046875
118.52445983886719
1.999999987845058e-08
1.999999987845058e-08
61.884010314941406
110.55896759033203
-1.999999987845058e-08
-1.999999987845058e-08
50.38892364501953
134.54135131835938
1.999999987845058e-08
1.999999987845058e-08
48.21940994262695
157.76625061035156
-1.999999987845058e-08
-1.999999987845058e-08
56.112003326416016
151.46212768554688
1.999999987845058e-08
1.999999987845058e-08
61.01059341430664
121.95320892333984
-1.999999987845058e-08
-1.999999987845058e-08
52.62312316894531
101.39210510253906
1.999999987845058e-08
1.999999987845058e-08
25.01626205444336
121.53984832763672
-1.999999987845058e-08
-1.999999987845058e-08
24.542627334594727
124.92510223388672
1.999999987845058e-08
1.999999987845058e-08
27.87525749206543
122.8457260131836
-1.999999987845058e-08
-1.999999987845058e-08
36.882686614990234
111.77497863769531
1.999999987845058e-08
1.999999987845058e-08
46.12372970581055
95.97711944580078
-1.999999987845058e-08
-1.999999987845058e-08
48.86813735961914
83.29679107666016
1.999999987845058e-08
1.999999987845058e-08
45.04649353027344
78.048583984375
-1.999999987845058e-08
-1.999999987845058e-08
40.2607536315918
77.97394561767578
1.999999987845058e-08
1.999999987845058e-08
39.705013275146484
72.62031555175781
-1.999999987845058e-08
-1.999999987845058e-08
42.30376052856445
53.562984466552734
1.999999987845058e-08
1.999999987845058e-08
40.75642013549805
31.813634872436523
-1.999999987845058e-08
-1.999999987845058e-08
31.18406105041504
28.077102661132812
1.999999987845058e-08
1.999999987845058e-08
19.76021385192871
43.68217849731445
-1.999999987845058e-08
-1.999999987845058e-08
15.473048210144043
57.833499908447266
1.999999987845058e-08
1.999999987845058e-08
20.115177154541016
53.30161666870117
-1.999999987845058e-08
-1.999999987845058e-08
27.64590072631836
34.958396911621094
1.999999987845058e-08
1.999999987845058e-08
30.903322219848633
22.34888458251953
-1.999999987845058e-08
-1.999999987845058e-08
28.636810302734375
26.417522430419922
1.999999987845058e-08
1.999999987845058e-08
24.996135711669922
37.64484405517578
-1.999999987845058e-08
-1.999999987845058e-08
22.58091163635254
40.683109283447266
1.999999987845058e-08
1.999999987845058e-08
21.59791374206543
30.59489631652832
-1.999999987845058e-08
-1.999999987845058e-08
22.478288650512695
12.268379211425781
1.999999987845058e-08
1.999999987845058e-08
21.924884796142578
-2.586516857147217
-1.999999987845058e-08
-1.999999987845058e-08
12.660798072814941
1.3306056261062622
1.999999987845058e-08
1.999999987845058e-08
-4.829753875732422
28.944047927856445
-1.999999987845058e-08
-1.999999987845058e-08
-15.403604507446289
60.08822250366211
1.999999987845058e-08
1.999999987845058e-08
-5.307583332061768
63.757057189941406
-1.999999987845058e-08
-1.999999987845058e-08
16.908763885498047
35.54166030883789
1.999999987845058e-08
1.999999987845058e-08
29.96062660217285
2.6763978004455566
-1.999999987845058e-08
-1.999999987845058e-08
27.984344482421875
-14.73958683013916
1.999999987845058e-08
1.999999987845058e-08
27.984344482421875
-14.73958683013916
-1.999999987845058e-08
-1.999999987845058e-08
20.803077697753906
-21.231081008911133
1.999999987845058e-08
1.999999987845058e-08
12.282459259033203
-19.543987274169922
-1.999999987845058e-08
-1.999999987845058e-08
1.2463743686676025
-4.3325886726379395
1.999999987845058e-08
1.999999987845058e-08
-6.6927008628845215
15.482112884521484
-1.999999987845058e-08
-1.999999987845058e-08
-6.822418212890625
24.54121208190918
1.999999987845058e-08
1.999999987845058e-08
-1.9877783060073853
22.21025276184082
-1.999999987845058e-08
-1.999999987845058e-08
4.635260581970215
13.417529106140137
1.999999987845058e-08
1.999999987845058e-08
13.283621788024902
-6.246917724609375
-1.999999987845058e-08
-1.999999987845058e-08
22.56086540222168
-40.62290954589844
1.999999987845058e-08
1.999999987845058e-08
24.73163604736328
-72.11302947998047
-1.999999987845058e-08
-1.999999987845058e-08
14.18588638305664
-72.1204605102539
1.999999987845058e-08
1.999999987845058e-08
-1.4884257316589355
-39.296451568603516
-1.999999987845058e-08
-1.999999987845058e-08
-9.7263822555542
-3.461534023284912
1.999999987845058e-08
1.999999987845058e-08
-5.574838161468506
6.884669780731201
-1.999999987845058e-08
-1.999999987845058e-08
6.975143909454346
-13.800477027893066
1.999999987845058e-08
1.999999987845058e-08
16.909719467163086
-45.069454193115234
-1.999999987845058e-08
-1.999999987845058e-08
15.007999420166016
-59.51620864868164
1.999999987845058e-08
1.999999987845058e-08
4.6458659172058105
-55.63821792602539
-1.999999987845058e-08
-1.999999987845058e-08
-4.43151330947876
-56.063209533691406
1.999999987845058e-08
1.999999987845058e-08
-25.363418579101562
-71.16295623779297
-1.999999987845058e-08
-1.999999987845058e-08
-30.213815689086914
-59.104896545410156
1.999999987845058e-08
1.999999987845058e-08
-27.61992073059082
-54.80180358886719
-1.999999987845058e-08
-1.999999987845058e-08
-20.7716064453125
-51.31452560424805
1.999999987845058e-08
1.999999987845058e-08
-13.077718734741211
-44.971797943115234
-1.999999987845058e-08
-1.999999987845058e-08
-5.910515785217285
-47.432498931884766
1.999999987845058e-08
1.999999987845058e-08
-0.889750599861145
-59.6876106262207
-1.999999987845058e-08
-1.999999987845058e-08
2.886657238006592
-67.97520446777344
1.999999987845058e-08
1.999999987845058e-08
8.505380630493164
-69.52252960205078
-1.999999987845058e-08
-1.999999987845058e-08
14.585539817810059
-72.2048568725586
1.999999987845058e-08
1.999999987845058e-08
-0.889750599861145
-59.6876106262207
-1.999999987845058e-08
-1.999999987845058e-08
2.886657238006592
-67.97520446777344
1.999999987845058e-08
1.999999987845058e-08
8.505380630493164
-69.52252960205078
-1.999999987845058e-08
-1.999999987845058e-08
14.585539817810059
-72.2048568725586
1.999999987845058e-08
1.999999987845058e-08
15.231592178344727
-76.33470153808594
-1.999999987845058e-08
-1.999999987845058e-08
6.426391124725342
-73.95455932617188
1.999999987845058e-08
1.999999987845058e-08
-9.864612579345703
-56.57339859008789
-1.999999987845058e-08
-1.999999987845058e-08
-23.259462356567383
-28.50333023071289
1.999999987845058e-08
1.999999987845058e-08
-21.307262420654297
-14.855978012084961
-1.999999987845058e-08
-1.999999987845058e-08
-5.147489070892334
-34.573307037353516
1.999999987845058e-08
1.999999987845058e-08
7.569702625274658
-87.41529083251953
-1.999999987845058e-08
-1.999999987845058e-08
-8.048684120178223
-67.2278060913086
1.999999987845058e-08
1.999999987845058e-08
-22.064064025878906
-31.549283981323242
-1.999999987845058e-08
-1.999999987845058e-08
-22.82988166809082
-12.17961311340332
1.999999987845058e-08
1.999999987845058e-08
-15.866454124450684
-9.43242359161377
-1.999999987845058e-08
-1.999999987845058e-08
-10.686131477355957
-3.8972420692443848
1.999999987845058e-08
1.999999987845058e-08
-6.952447414398193
1.286445140838623
-1.999999987845058e-08
-1.999999987845058e-08
-2.9651241302490234
-12.34461498260498
1.999999987845058e-08
1.999999987845058e-08
-1.7921435832977295
-41.57660675048828
-1.999999987845058e-08
-1.999999987845058e-08
-5.051501750946045
-58.84706497192383
1.999999987845058e-08
1.999999987845058e-08
-21.069799423217773
29.79742431640625
-1.999999987845058e-08
-1.999999987845058e-08
-20.92302131652832
48.91893768310547
1.999999987845058e-08
1.999999987845058e-08
-13.516656875610352
42.73308563232422
-1.999999987845058e-08
-1.999999987845058e-08
-0.013938141986727715
11.810405731201172
1.999999987845058e-08
1.999999987845058e-08
10.849308013916016
-25.61465072631836
-1.999999987845058e-08
-1.999999987845058e-08
10.545144081115723
-41.57847213745117
1.999999987845058e-08
1.999999987845058e-08
2.1515660285949707
-30.295364379882812
-1.999999987845058e-08
-1.999999987845058e-08
-7.208865165710449
-9.553464889526367
1.999999987845058e-08
1.999999987845058e-08
-16.83625030517578
10.221700668334961
-1.999999987845058e-08
-1.999999987845058e-08
-23.359243392944336
24.164691925048828
1.999999987845058e-08
1.999999987845058e-08
-19.876876831054688
21.372190475463867
-1.999999987845058e-08
-1.999999987845058e-08
-9.213669776916504
2.645308017730713
1.999999987845058e-08
1.999999987845058e-08
-1.500657320022583
-16.413013458251953
-1.999999987845058e-08
-1.999999987845058e-08
-2.9424593448638916
-23.23710823059082
1.999999987845058e-08
1.999999987845058e-08
-13.164663314819336
-12.282889366149902
-1.999999987845058e-08
-1.999999987845058e-08
-25.975496292114258
15.662721633911133
1.999999987845058e-08
1.999999987845058e-08
-32.638484954833984
49.05748748779297
-1.999999987845058e-08
-1.999999987845058e-08
-28.67605972290039
68.57892608642578
1.999999987845058e-08
1.999999987845058e-08
-18.004112243652344
61.2592658996582
-1.999999987845058e-08
-1.999999987845058e-08
-10.451931953430176
37.11223220825195
1.999999987845058e-08
1.999999987845058e-08
-24.839086532592773
58.97602844238281
-1.999999987845058e-08
-1.999999987845058e-08
-18.420787811279297
59.40631103515625
1.999999987845058e-08
1.999999987845058e-08
-7.627307891845703
32.136497497558594
-1.999999987845058e-08
-1.999999987845058e-08
-4.495041370391846
0.970360279083252
1.999999987845058e-08
1.999999987845058e-08
-13.091343879699707
-9.244277954101562
-1.999999987845058e-08
-1.999999987845058e-08
-27.36928939819336
7.299518585205078
1.999999987845058e-08
1.999999987845058e-08
-38.84716796875
40.01236343383789
-1.999999987845058e-08
-1.999999987845058e-08
-39.643516540527344
66.33130645751953
1.999999987845058e-08
1.999999987845058e-08
-27.348068237304688
63.75344467163086
-1.999999987845058e-08
-1.999999987845058e-08
-14.512504577636719
38.09348678588867
1.999999987845058e-08
1.999999987845058e-08
-27.36928939819336
7.299518585205078
-1.999999987845058e-08
-1.999999987845058e-08
-38.84716796875
40.01236343383789
1.999999987845058e-08
1.999999987845058e-08
-39.643516540527344
66.33130645751953
-1.999999987845058e-08
-1.999999987845058e-08
-27.348068237304688
63.75344467163086
1.999999987845058e-08
1.999999987845058e-08
-14.512504577636719
38.09348678588867
-1.999999987845058e-08
-1.999999987845058e-08
-17.027128219604492
24.492521286010742
1.999999987845058e-08
1.999999987845058e-08
-27.697683334350586
39.636322021484375
-1.999999987845058e-08
-1.999999987845058e-08
-24.81427574157715
57.40816879272461
1.999999987845058e-08
1.999999987845058e-08
-7.133986949920654
49.100547790527344
-1.999999987845058e-08
-1.999999987845058e-08
4.390355587005615
22.05369758605957
1.999999987845058e-08
1.999999987845058e-08
-3.223891019821167
6.41801118850708
-1.999999987845058e-08
-1.999999987845058e-08
-21.80434226989746
19.85203742980957
1.999999987845058e-08
1.999999987845058e-08
-36.30975341796875
54.500144958496094
-1.999999987845058e-08
-1.999999987845058e-08
-39.1164665222168
90.06597900390625
1.999999987845058e-08
1.999999987845058e-08
-30.23302459716797
108.37371826171875
-1.999999987845058e-08
-1.999999987845058e-08
-15.292169570922852
101.23726654052734
1.999999987845058e-08
1.999999987845058e-08
-6.257836818695068
79.84086608886719
-1.999999987845058e-08
-1.999999987845058e-08
-11.484663009643555
70.53300476074219
1.999999987845058e-08
1.999999987845058e-08
-21.705768585205078
83.45516204833984
-1.999999987845058e-08
-1.999999987845058e-08
-20.2626953125
96.13909912109375
1.999999987845058e-08
1.999999987845058e-08
-6.7368574142456055
84.86550903320312
-1.999999987845058e-08
-1.999999987845058e-08
4.361928462982178
54.630088806152344
1.999999987845058e-08
1.999999987845058e-08
1.7234904766082764
27.6303653717041
-1.999999987845058e-08
-1.999999987845058e-08
-15.985770225524902
23.378767013549805
1.999999987845058e-08
1.999999987845058e-08
-39.19565963745117
48.76223373413086
-1.999999987845058e-08
-1.999999987845058e-08
-49.53688049316406
85.3963623046875
1.999999987845058e-08
1.999999987845058e-08
-37.10255432128906
98.64115142822266
-1.999999987845058e-08
-1.999999987845058e-08
-15.585432052612305
79.17951965332031
1.999999987845058e-08
1.999999987845058e-08
-7.121058464050293
58.10967254638672
-1.999999987845058e-08
-1.999999987845058e-08
-13.49063777923584
62.65437698364258
1.999999987845058e-08
1.999999987845058e-08
-13.49063777923584
62.65437698364258
-1.999999987845058e-08
-1.999999987845058e-08
-16.63180160522461
79.59268951416016
1.999999987845058e-08
1.999999987845058e-08
-7.791873455047607
84.06592559814453
-1.999999987845058e-08
-1.999999987845058e-08
1.4547899961471558
78.71842193603516
1.999999987845058e-08
1.999999987845058e-08
0.3230142891407013
81.03329467773438
-1.999999987845058e-08
-1.999999987845058e-08
-4.980093002319336
89.74456787109375
1.999999987845058e-08
1.999999987845058e-08
-3.4239869117736816
83.81153106689453
-1.999999987845058e-08
-1.999999987845058e-08
1.386488437652588
57.47284698486328
1.999999987845058e-08
1.999999987845058e-08
-1.7995060682296753
36.18084716796875
-1.999999987845058e-08
-1.999999987845058e-08
-11.384910583496094
41.25742721557617
1.999999987845058e-08
1.999999987845058e-08
-18.256284713745117
63.82460403442383
-1.999999987845058e-08
-1.999999987845058e-08
-20.424663543701172
83.42871856689453
1.999999987845058e-08
1.999999987845058e-08
-18.505983352661133
90.552734375
-1.999999987845058e-08
-1.999999987845058e-08
-11.820292472839355
89.59363555908203
1.999999987845058e-08
1.999999987845058e-08
-3.3069534301757812
87.29673767089844
-1.999999987845058e-08
-1.999999987845058e-08
1.8162028789520264
85.17838287353516
1.999999987845058e-08
1.999999987845058e-08
1.8913037776947021
84.49658966064453
-1.999999987845058e-08
-1.999999987845058e-08
0.9129639863967896
82.94035339355469
1.999999987845058e-08
1.999999987845058e-08
3.803344964981079
70.4512710571289
-1.999999987845058e-08
-1.999999987845058e-08
8.524678230285645
47.31144714355469
1.999999987845058e-08
1.999999987845058e-08
7.777821063995361
33.555206298828125
-1.999999987845058e-08
-1.999999987845058e-08
-0.6405569314956665
45.459197998046875
1.999999987845058e-08
1.999999987845058e-08
-10.09343147277832
75.51765441894531
-1.999999987845058e-08
-1.999999987845058e-08
-10.444592475891113
99.0342788696289
1.999999987845058e-08
1.999999987845058e-08
1.1799041032791138
96.43441772460938
-1.999999987845058e-08
-1.999999987845058e-08
13.78071117401123
73.5699462890625
1.999999987845058e-08
1.999999987845058e-08
14.411189079284668
56.93384552001953
-1.999999987845058e-08
-1.999999987845058e-08
5.214460372924805
63.57496643066406
1.999999987845058e-08
1.999999987845058e-08
-0.66751629114151
80.832275390625
-1.999999987845058e-08
-1.999999987845058e-08
3.202253580093384
82.88654327392578
1.999999987845058e-08
1.999999987845058e-08
11.539629936218262
61.44036102294922
-1.999999987845058e-08
-1.999999987845058e-08
15.807271957397461
32.91590118408203
1.999999987845058e-08
1.999999987845058e-08
11.784736633300781
19.40964698791504
-1.999999987845058e-08
-1.999999987845058e-08
1.2693675756454468
27.691930770874023
1.999999987845058e-08
1.999999987845058e-08
-11.57425308227539
49.76042175292969
-1.999999987845058e-08
-1.999999987845058e-08
-21.997608184814453
76.44975280761719
1.999999987845058e-08
1.999999987845058e-08
-23.35561180114746
99.82415008544922
-1.999999987845058e-08
-1.999999987845058e-08
-12.964293479919434
109.99214935302734
1.999999987845058e-08
1.999999987845058e-08
1.401621699333191
102.50469970703125
-1.999999987845058e-08
-1.999999987845058e-08
9.303277969360352
85.9813003540039
1.999999987845058e-08
1.999999987845058e-08
10.26009464263916
64.796875
-1.999999987845058e-08
-1.999999987845058e-08
15.072690963745117
58.492435455322266
1.999999987845058e-08
1.999999987845058e-08
21.87868309020996
51.688995361328125
-1.999999987845058e-08
-1.999999987845058e-08
26.01051902770996
41.33059310913086
1.999999987845058e-08
1.999999987845058e-08
24.416399002075195
26.664710998535156
-1.999999987845058e-08
-1.999999987845058e-08
15.174444198608398
18.522798538208008
1.999999987845058e-08
1.999999987845058e-08
-0.29559364914894104
30.809650421142578
-1.999999987845058e-08
-1.999999987845058e-08
-13.689387321472168
61.4916877746582
1.999999987845058e-08
1.999999987845058e-08
-12.795467376708984
86.01917266845703
-1.999999987845058e-08
-1.999999987845058e-08
5.255356788635254
78.67801666259766
1.999999987845058e-08
1.999999987845058e-08
5.255356788635254
78.67801666259766
-1.999999987845058e-08
-1.999999987845058e-08
25.291704177856445
45.655006408691406
1.999999987845058e-08
1.999999987845058e-08
30.335508346557617
17.779937744140625
-1.999999987845058e-08
-1.999999987845058e-08
21.82330322265625
11.163837432861328
1.999999987845058e-08
1.999999987845058e-08
13.008279800415039
17.323863983154297
-1.999999987845058e-08
-1.999999987845058e-08
10.945361137390137
24.169755935668945
1.999999987845058e-08
1.999999987845058e-08
13.459661483764648
26.29952049255371
-1.999999987845058e-08
-1.999999987845058e-08
16.03234100341797
21.608552932739258
1.999999987845058e-08
1.999999987845058e-08
14.90052318572998
14.616445541381836
-1.999999987845058e-08
-1.999999987845058e-08
9.900991439819336
13.414395332336426
1.999999987845058e-08
1.999999987845058e-08
11.95878791809082
-30.536657333374023
-1.999999987845058e-08
-1.999999987845058e-08
9.492670059204102
-20.034954071044922
1.999999987845058e-08
1.999999987845058e-08
6.860616683959961
-7.181053161621094
-1.999999987845058e-08
-1.999999987845058e-08
9.75133228302002
-11.1295166015625
1.999999987845058e-08
1.999999987845058e-08
16.98860740661621
-32.9407958984375
-1.999999987845058e-08
-1.999999987845058e-08
21.526254653930664
-53.37080001831055
1.999999987845058e-08
1.999999987845058e-08
19.710750579833984
-55.13180923461914
-1.999999987845058e-08
-1.999999987845058e-08
13.4864501953125
-36.72462463378906
1.999999987845058e-08
1.999999987845058e-08
5.912570953369141
-6.340210437774658
-1.999999987845058e-08
-1.999999987845058e-08
2.667729377746582
18.175376892089844
1.999999987845058e-08
1.999999987845058e-08
21.526254653930664
-53.37080001831055
-1.999999987845058e-08
-1.999999987845058e-08
19.710750579833984
-55.13180923461914
1.999999987845058e-08
1.999999987845058e-08
13.4864501953125
-36.72462463378906
-1.999999987845058e-08
-1.999999987845058e-08
5.912570953369141
-6.340210437774658
1.999999987845058e-08
1.999999987845058e-08
2.667729377746582
18.175376892089844
-1.999999987845058e-08
-1.999999987845058e-08
9.356689453125
14.297295570373535
1.999999987845058e-08
1.999999987845058e-08
20.49200439453125
-17.170883178710938
-1.999999987845058e-08
-1.999999987845058e-08
23.35308265686035
-46.49422836303711
1.999999987845058e-08
1.999999987845058e-08
15.598398208618164
-51.53784942626953
-1.999999987845058e-08
-1.999999987845058e-08
6.790507793426514
-38.881046295166016
1.999999987845058e-08
1.999999987845058e-08
6.790507793426514
-38.881046295166016
-1.999999987845058e-08
-1.999999987845058e-08
3.673295021057129
-27.475494384765625
1.999999987845058e-08
1.999999987845058e-08
3.540343999862671
-29.169221878051758
-1.999999987845058e-08
-1.999999987845058e-08
0.43561622500419617
-40.57234191894531
1.999999987845058e-08
1.999999987845058e-08
-6.2021331787109375
-48.94292449951172
-1.999999987845058e-08
-1.999999987845058e-08
-10.304810523986816
-48.99679946899414
1.999999987845058e-08
1.999999987845058e-08
-7.511279582977295
-46.398616790771484
-1.999999987845058e-08
-1.999999987845058e-08
-0.2721906304359436
-47.79594802856445
1.999999987845058e-08
1.999999987845058e-08
6.285121440887451
-56.57163619995117
-1.999999987845058e-08
-1.999999987845058e-08
8.519720077514648
-69.70791625976562
1.999999987845058e-08
1.999999987845058e-08
5.038093566894531
-55.889286041259766
-1.999999987845058e-08
-1.999999987845058e-08
-4.874059677124023
-45.738975524902344
1.999999987845058e-08
1.999999987845058e-08
-7.2107930183410645
-49.31112289428711
-1.999999987845058e-08
-1.999999987845058e-08
-1.8144841194152832
-63.64262390136719
1.999999987845058e-08
1.999999987845058e-08
3.3636131286621094
-72.98611450195312
-1.999999987845058e-08
-1.999999987845058e-08
4.336303234100342
-71.13581085205078
1.999999987845058e-08
1.999999987845058e-08
4.333341121673584
-63.33262634277344
-1.999999987845058e-08
-1.999999987845058e-08
8.444019317626953
-61.60497283935547
1.999999987845058e-08
1.999999987845058e-08
15.591636657714844
-74.78834533691406
-1.999999987845058e-08
-1.999999987845058e-08
17.997194290161133
-94.1589126586914
1.999999987845058e-08
1.999999987845058e-08
4.336303234100342
-71.13581085205078
-1.999999987845058e-08
-1.999999987845058e-08
4.333341121673584
-63.33262634277344
1.999999987845058e-08
1.999999987845058e-08
8.444019317626953
-61.60497283935547
-1.999999987845058e-08
-1.999999987845058e-08
15.591636657714844
-74.78834533691406
1.999999987845058e-08
1.999999987845058e-08
17.997194290161133
-94.1589126586914
-1.999999987845058e-08
-1.999999987845058e-08
12.038581848144531
-102.79713439941406
1.999999987845058e-08
1.999999987845058e-08
4.4686384201049805
-101.2949447631836
-1.999999987845058e-08
-1.999999987845058e-08
2.8393256664276123
-105.53278350830078
1.999999987845058e-08
1.999999987845058e-08
5.222662448883057
-118.76774597167969
-1.999999987845058e-08
-1.999999987845058e-08
5.5356125831604
-126.3121109008789
1.999999987845058e-08
1.999999987845058e-08
3.9410510063171387
-120.4717025756836
-1.999999987845058e-08
-1.999999987845058e-08
4.044310569763184
-110.32431030273438
1.999999987845058e-08
1.999999987845058e-08
3.591989517211914
-103.2665786743164
-1.999999987845058e-08
-1.999999987845058e-08
-2.4696738719940186
-99.20618438720703
1.999999987845058e-08
1.999999987845058e-08
-12.788296699523926
-99.16307067871094
-1.999999987845058e-08
-1.999999987845058e-08
-20.517553329467773
-100.45301818847656
1.999999987845058e-08
1.999999987845058e-08
