0
2.450878620147705
-111.08782958984375
1.999999987845058e-08
1.999999987845058e-08
8.682779312133789
-123.36822509765625
-1.999999987845058e-08
-1.999999987845058e-08
3.105156660079956
-121.43911743164062
1.999999987845058e-08
1.999999987845058e-08
-9.451037406921387
-110.4632339477539
-1.999999987845058e-08
-1.999999987845058e-08
-22.360774993896484
-95.36249542236328
1.999999987845058e-08
1.999999987845058e-08
-25.47987174987793
-84.3637924194336
-1.999999987845058e-08
-1.999999987845058e-08
-16.126493453979492
-83.31780242919922
1.999999987845058e-08
1.999999987845058e-08
-3.4025204181671143
-92.20555877685547
-1.999999987845058e-08
-1.999999987845058e-08
3.482438325881958
-109.6290283203125
1.999999987845058e-08
1.999999987845058e-08
-22.360774993896484
-95.36249542236328
-1.999999987845058e-08
-1.999999987845058e-08
-25.479869842529297
-84.3637924194336
1.999999987845058e-08
1.999999987845058e-08
-16.126493453979492
-83.31780242919922
-1.999999987845058e-08
-1.999999987845058e-08
-3.4025204181671143
-92.20555877685547
1.999999987845058e-08
1.999999987845058e-08
3.482438325881958
-109.6290283203125
-1.999999987845058e-08
-1.999999987845058e-08
2.2456634044647217
-127.98527526855469
1.999999987845058e-08
1.999999987845058e-08
-4.618490219116211
-132.5286102294922
-1.999999987845058e-08
-1.999999987845058e-08
-11.686634063720703
-117.43954467773438
1.999999987845058e-08
1.999999987845058e-08
-14.116243362426758
-92.18531036376953
-1.999999987845058e-08
-1.999999987845058e-08
-12.087434768676758
-67.27684783935547
1.999999987845058e-08
1.999999987845058e-08
-7.431619644165039
-51.23604965209961
-1.999999987845058e-08
-1.999999987845058e-08
-0.11833038181066513
-56.252960205078125
1.999999987845058e-08
1.999999987845058e-08
7.239017963409424
-81.39738464355469
-1.999999987845058e-08
-1.999999987845058e-08
9.77907657623291
-105.02433776855469
1.999999987845058e-08
1.999999987845058e-08
6.228522777557373
-110.87564086914062
-1.999999987845058e-08
-1.999999987845058e-08
-2.529578447341919
-101.1414566040039
1.999999987845058e-08
1.999999987845058e-08
-15.108941078186035
-84.71172332763672
-1.999999987845058e-08
-1.999999987845058e-08
-26.961973190307617
-68.31027221679688
1.999999987845058e-08
1.999999987845058e-08
-31.552839279174805
-55.66307830810547
-1.999999987845058e-08
-1.999999987845058e-08
-23.76215934753418
-55.03178024291992
1.999999987845058e-08
1.999999987845058e-08
-7.438242435455322
-72.57452392578125
-1.999999987845058e-08
-1.999999987845058e-08
1.9609242677688599
-90.57825469970703
1.999999987845058e-08
1.999999987845058e-08
-2.830169916152954
-87.6241683959961
-1.999999987845058e-08
-1.999999987845058e-08
-10.328575134277344
-72.29817199707031
1.999999987845058e-08
1.999999987845058e-08
-11.709854125976562
-59.440731048583984
-1.999999987845058e-08
-1.999999987845058e-08
-10.309314727783203
-46.419551849365234
1.999999987845058e-08
1.999999987845058e-08
-6.1328301429748535
-38.30730056762695
-1.999999987845058e-08
-1.999999987845058e-08
3.558878183364868
-51.43617630004883
1.999999987845058e-08
1.999999987845058e-08
9.457135200500488
-74.66614532470703
-1.999999987845058e-08
-1.999999987845058e-08
1.2159544229507446
-72.45767974853516
1.999999987845058e-08
1.999999987845058e-08
-4.210141658782959
2.1044423580169678
-1.999999987845058e-08
-1.999999987845058e-08
1.8779094219207764
-1.1704602241516113
1.999999987845058e-08
1.999999987845058e-08
1.7214986085891724
1.109177827835083
-1.999999987845058e-08
-1.999999987845058e-08
1.2319279909133911
13.91706657409668
1.999999987845058e-08
1.999999987845058e-08
4.800094127655029
25.99811363220215
-1.999999987845058e-08
-1.999999987845058e-08
8.975675582885742
29.572599411010742
1.999999987845058e-08
1.999999987845058e-08
6.703603744506836
32.50899887084961
-1.999999987845058e-08
-1.999999987845058e-08
-2.71844220161438
45.360076904296875
1.999999987845058e-08
1.999999987845058e-08
-9.602255821228027
66.14006042480469
-1.999999987845058e-08
-1.999999987845058e-08
-4.046314239501953
80.92533874511719
1.999999987845058e-08
1.999999987845058e-08
28.628080368041992
30.84421157836914
-1.999999987845058e-08
-1.999999987845058e-08
14.33242130279541
36.14890670776367
1.999999987845058e-08
1.999999987845058e-08
-8.366497039794922
80.98705291748047
-1.999999987845058e-08
-1.999999987845058e-08
-24.062767028808594
144.587158203125
1.999999987845058e-08
1.999999987845058e-08
-22.105024337768555
190.86148071289062
-1.999999987845058e-08
-1.999999987845058e-08
-3.2777903079986572
193.36341857910156
1.999999987845058e-08
1.999999987845058e-08
18.612241744995117
158.94119262695312
-1.999999987845058e-08
-1.999999987845058e-08
25.48027992248535
130.34413146972656
1.999999987845058e-08
1.999999987845058e-08
15.334895133972168
139.60372924804688
-1.999999987845058e-08
-1.999999987845058e-08
5.01107931137085
168.251220703125
1.999999987845058e-08
1.999999987845058e-08
-3.2777903079986572
193.36341857910156
-1.999999987845058e-08
-1.999999987845058e-08
18.612241744995117
158.94119262695312
1.999999987845058e-08
1.999999987845058e-08
25.48027992248535
130.34413146972656
-1.999999987845058e-08
-1.999999987845058e-08
15.334895133972168
139.60372924804688
1.999999987845058e-08
1.999999987845058e-08
5.01107931137085
168.251220703125
-1.999999987845058e-08
-1.999999987845058e-08
4.738071441650391
183.97702026367188
1.999999987845058e-08
1.999999987845058e-08
6.009760856628418
189.32533264160156
-1.999999987845058e-08
-1.999999987845058e-08
0.6984782814979553
204.99339294433594
1.999999987845058e-08
1.999999987845058e-08
-4.829429626464844
234.18650817871094
-1.999999987845058e-08
-1.999999987845058e-08
-0.5905911326408386
260.9820556640625
1.999999987845058e-08
1.999999987845058e-08
11.795721054077148
269.6197509765625
-1.999999987845058e-08
-1.999999987845058e-08
22.166263580322266
258.2818298339844
1.999999987845058e-08
1.999999987845058e-08
25.194000244140625
238.76197814941406
-1.999999987845058e-08
-1.999999987845058e-08
22.56800651550293
228.45350646972656
1.999999987845058e-08
1.999999987845058e-08
18.034160614013672
235.50625610351562
-1.999999987845058e-08
-1.999999987845058e-08
14.249576568603516
252.8977508544922
1.999999987845058e-08
1.999999987845058e-08
10.145403861999512
274.946533203125
-1.999999987845058e-08
-1.999999987845058e-08
6.169611930847168
299.91839599609375
1.999999987845058e-08
1.999999987845058e-08
7.747604846954346
314.86956787109375
-1.999999987845058e-08
-1.999999987845058e-08
13.441842079162598
310.7110290527344
1.999999987845058e-08
1.999999987845058e-08
13.511883735656738
303.419189453125
-1.999999987845058e-08
-1.999999987845058e-08
7.471290111541748
309.0147705078125
1.999999987845058e-08
1.999999987845058e-08
5.1026692390441895
317.6070861816406
-1.999999987845058e-08
-1.999999987845058e-08
9.431788444519043
315.5204162597656
1.999999987845058e-08
1.999999987845058e-08
14.171021461486816
309.1652526855469
-1.999999987845058e-08
-1.999999987845058e-08
15.05318832397461
312.5307922363281
1.999999987845058e-08
1.999999987845058e-08
15.437286376953125
323.8172302246094
-1.999999987845058e-08
-1.999999987845058e-08
18.373340606689453
331.6023254394531
1.999999987845058e-08
1.999999987845058e-08
16.74941635131836
345.68408203125
-1.999999987845058e-08
-1.999999987845058e-08
6.030214786529541
381.953857421875
1.999999987845058e-08
1.999999987845058e-08
-0.3956916034221649
415.7122802734375
-1.999999987845058e-08
-1.999999987845058e-08
9.555264472961426
408.34661865234375
1.999999987845058e-08
1.999999987845058e-08
25.761327743530273
369.8938903808594
-1.999999987845058e-08
-1.999999987845058e-08
32.4349479675293
343.34417724609375
1.999999987845058e-08
1.999999987845058e-08
28.438289642333984
347.91961669921875
-1.999999987845058e-08
-1.999999987845058e-08
20.6485538482666
371.8116149902344
1.999999987845058e-08
1.999999987845058e-08
14.085920333862305
395.2245788574219
-1.999999987845058e-08
-1.999999987845058e-08
12.500917434692383
402.09661865234375
1.999999987845058e-08
1.999999987845058e-08
16.738840103149414
388.5438537597656
-1.999999987845058e-08
-1.999999987845058e-08
21.644086837768555
367.97265625
1.999999987845058e-08
1.999999987845058e-08
35.83854293823242
322.3081359863281
-1.999999987845058e-08
-1.999999987845058e-08
30.071918487548828
314.4655456542969
1.999999987845058e-08
1.999999987845058e-08
9.766234397888184
334.2916564941406
-1.999999987845058e-08
-1.999999987845058e-08
-11.25851821899414
370.97698974609375
1.999999987845058e-08
1.999999987845058e-08
-18.411182403564453
400.447021484375
-1.999999987845058e-08
-1.999999987845058e-08
-10.628170013427734
408.8063049316406
1.999999987845058e-08
1.999999987845058e-08
5.426589488983154
393.0998840332031
-1.999999987845058e-08
-1.999999987845058e-08
20.479080200195312
362.4801330566406
1.999999987845058e-08
1.999999987845058e-08
25.06097984313965
339.1571044921875
-1.999999987845058e-08
-1.999999987845058e-08
19.127357482910156
335.57818603515625
1.999999987845058e-08
1.999999987845058e-08
20.479080200195312
362.4801330566406
-1.999999987845058e-08
-1.999999987845058e-08
25.06097984313965
339.1571044921875
1.999999987845058e-08
1.999999987845058e-08
19.127357482910156
335.57818603515625
-1.999999987845058e-08
-1.999999987845058e-08
13.950562477111816
337.2860412597656
1.999999987845058e-08
1.999999987845058e-08
16.941543579101562
325.07733154296875
-1.999999987845058e-08
-1.999999987845058e-08
22.417001724243164
301.0265197753906
1.999999987845058e-08
1.999999987845058e-08
21.77376937866211
280.3333740234375
-1.999999987845058e-08
-1.999999987845058e-08
13.22517204284668
275.44000244140625
1.999999987845058e-08
1.999999987845058e-08
2.0380618572235107
288.062255859375
-1.999999987845058e-08
-1.999999987845058e-08
-3.6926419734954834
304.12799072265625
1.999999987845058e-08
1.999999987845058e-08
8.747400283813477
280.9613952636719
-1.999999987845058e-08
-1.999999987845058e-08
10.544344902038574
261.451416015625
1.999999987845058e-08
1.999999987845058e-08
13.179255485534668
238.07162475585938
-1.999999987845058e-08
-1.999999987845058e-08
15.268078804016113
211.93661499023438
1.999999987845058e-08
1.999999987845058e-08
12.876968383789062
186.6013641357422
-1.999999987845058e-08
-1.999999987845058e-08
7.27979850769043
167.11512756347656
1.999999987845058e-08
1.999999987845058e-08
3.9353864192962646
157.96054077148438
-1.999999987845058e-08
-1.999999987845058e-08
5.5083489418029785
155.39015197753906
1.999999987845058e-08
1.999999987845058e-08
9.311848640441895
147.5325927734375
-1.999999987845058e-08
-1.999999987845058e-08
10.7052640914917
126.08243560791016
1.999999987845058e-08
1.999999987845058e-08
-14.823250770568848
56.219451904296875
-1.999999987845058e-08
-1.999999987845058e-08
-33.04024124145508
85.18939971923828
1.999999987845058e-08
1.999999987845058e-08
-42.48885726928711
116.6864242553711
-1.999999987845058e-08
-1.999999987845058e-08
-38.6983757019043
118.24647521972656
1.999999987845058e-08
1.999999987845058e-08
-29.635683059692383
91.76901245117188
-1.999999987845058e-08
-1.999999987845058e-08
-22.632583618164062
60.3120231628418
1.999999987845058e-08
1.999999987845058e-08
-17.49947738647461
38.442466735839844
-1.999999987845058e-08
-1.999999987845058e-08
-12.847002983093262
24.6005916595459
1.999999987845058e-08
1.999999987845058e-08
-10.048276901245117
12.81199836730957
-1.999999987845058e-08
-1.999999987845058e-08
-9.493410110473633
2.61173677444458
1.999999987845058e-08
1.999999987845058e-08
-17.49947738647461
38.442466735839844
-1.999999987845058e-08
-1.999999987845058e-08
-12.847002983093262
24.6005916595459
1.999999987845058e-08
1.999999987845058e-08
-10.048276901245117
12.81199836730957
-1.999999987845058e-08
-1.999999987845058e-08
-9.493410110473633
2.61173677444458
1.999999987845058e-08
1.999999987845058e-08
-8.898728370666504
-6.848990440368652
-1.999999987845058e-08
-1.999999987845058e-08
-6.7659993171691895
-22.361482620239258
1.999999987845058e-08
1.999999987845058e-08
-4.197960376739502
-44.97932815551758
-1.999999987845058e-08
-1.999999987845058e-08
-2.466663360595703
-63.371952056884766
1.999999987845058e-08
1.999999987845058e-08
-0.7732351422309875
-70.78580474853516
-1.999999987845058e-08
-1.999999987845058e-08
2.0740089416503906
-78.00220489501953
1.999999987845058e-08
1.999999987845058e-08
3.8078479766845703
-94.99385833740234
-1.999999987845058e-08
-1.999999987845058e-08
0.35219794511795044
-112.89457702636719
1.999999987845058e-08
1.999999987845058e-08
-5.814116954803467
-124.14933776855469
-1.999999987845058e-08
-1.999999987845058e-08
-6.751572132110596
-140.7853546142578
1.999999987845058e-08
1.999999987845058e-08
-2.5416934490203857
-169.4998779296875
-1.999999987845058e-08
-1.999999987845058e-08
-2.191383123397827
-193.66543579101562
1.999999987845058e-08
1.999999987845058e-08
-8.573827743530273
-200.33935546875
-1.999999987845058e-08
-1.999999987845058e-08
-14.409075736999512
-199.9693603515625
1.999999987845058e-08
1.999999987845058e-08
-14.560229301452637
-205.21505737304688
-1.999999987845058e-08
-1.999999987845058e-08
-12.565237998962402
-212.51808166503906
1.999999987845058e-08
1.999999987845058e-08
-12.688225746154785
-251.48121643066406
-1.999999987845058e-08
-1.999999987845058e-08
-15.991959571838379
-263.7945556640625
1.999999987845058e-08
1.999999987845058e-08
-15.535843849182129
-272.1510009765625
-1.999999987845058e-08
-1.999999987845058e-08
-9.307073593139648
-282.5198059082031
1.999999987845058e-08
1.999999987845058e-08
-2.2088425159454346
-297.55584716796875
-1.999999987845058e-08
-1.999999987845058e-08
0.5054066777229309
-316.0900573730469
1.999999987845058e-08
1.999999987845058e-08
-1.0446925163269043
-336.6513977050781
-1.999999987845058e-08
-1.999999987845058e-08
-2.1701226234436035
-356.5620422363281
1.999999987845058e-08
1.999999987845058e-08
0.892234742641449
-375.3085632324219
-1.999999987845058e-08
-1.999999987845058e-08
4.320931434631348
-394.9163818359375
1.999999987845058e-08
1.999999987845058e-08
0.5054066181182861
-316.0900573730469
-1.999999987845058e-08
-1.999999987845058e-08
-1.0446923971176147
-336.6513977050781
1.999999987845058e-08
1.999999987845058e-08
-2.1701226234436035
-356.5620422363281
-1.999999987845058e-08
-1.999999987845058e-08
0.8922348022460938
-375.3085632324219
1.999999987845058e-08
1.999999987845058e-08
4.320931434631348
-394.9163818359375
-1.999999987845058e-08
-1.999999987845058e-08
-1.918932557106018
-406.5749206542969
1.999999987845058e-08
1.999999987845058e-08
-19.420269012451172
-395.81646728515625
-1.999999987845058e-08
-1.999999987845058e-08
-33.70879364013672
-372.2340393066406
1.999999987845058e-08
1.999999987845058e-08
-31.416688919067383
-368.1973876953125
-1.999999987845058e-08
-1.999999987845058e-08
-19.79327964782715
-394.42657470703125
1.999999987845058e-08
1.999999987845058e-08
-39.129249572753906
-394.6400146484375
-1.999999987845058e-08
-1.999999987845058e-08
-39.15228271484375
-379.1636657714844
1.999999987845058e-08
1.999999987845058e-08
-30.275909423828125
-382.5775146484375
-1.999999987845058e-08
-1.999999987845058e-08
-20.155794143676758
-398.33837890625
1.999999987845058e-08
1.999999987845058e-08
-13.685981750488281
-417.1410827636719
-1.999999987845058e-08
-1.999999987845058e-08
-13.178235054016113
-429.7019958496094
1.999999987845058e-08
1.999999987845058e-08
-19.010784149169922
-425.931396484375
-1.999999987845058e-08
-1.999999987845058e-08
-25.547544479370117
-407.0833740234375
1.999999987845058e-08
1.999999987845058e-08
-24.352458953857422
-391.4522705078125
-1.999999987845058e-08
-1.999999987845058e-08
-14.759245872497559
-395.5375671386719
1.999999987845058e-08
1.999999987845058e-08
-14.759245872497559
-395.5375671386719
-1.999999987845058e-08
-1.999999987845058e-08
-4.504533290863037
-416.08184814453125
1.999999987845058e-08
1.999999987845058e-08
-0.49409055709838867
-437.6700744628906
-1.999999987845058e-08
-1.999999987845058e-08
-3.1294069290161133
-447.5604553222656
1.999999987845058e-08
1.999999987845058e-08
-5.577029228210449
-444.51715087890625
-1.999999987845058e-08
-1.999999987845058e-08
-0.38513317704200745
-444.5809020996094
1.999999987845058e-08
1.999999987845058e-08
8.460205078125
-462.81817626953125
-1.999999987845058e-08
-1.999999987845058e-08
9.300448417663574
-486.5743713378906
1.999999987845058e-08
1.999999987845058e-08
1.4126721620559692
-494.7705993652344
-1.999999987845058e-08
-1.999999987845058e-08
-3.8371100425720215
-493.6199035644531
1.999999987845058e-08
1.999999987845058e-08
-7.001750469207764
-497.650634765625
-1.999999987845058e-08
-1.999999987845058e-08
-17.868310928344727
-479.2843933105469
1.999999987845058e-08
1.999999987845058e-08
-27.669944763183594
-449.4384765625
-1.999999987845058e-08
-1.999999987845058e-08
-30.6657772064209
-420.8080749511719
1.999999987845058e-08
1.999999987845058e-08
-26.89581298828125
-402.2853698730469
-1.999999987845058e-08
-1.999999987845058e-08
-19.89577293395996
-397.1798400878906
1.999999987845058e-08
1.999999987845058e-08
-16.086593627929688
-396.68768310546875
-1.999999987845058e-08
-1.999999987845058e-08
-17.814157485961914
-390.76751708984375
1.999999987845058e-08
1.999999987845058e-08
-20.088354110717773
-383.4396057128906
-1.999999987845058e-08
-1.999999987845058e-08
-18.154708862304688
-384.9798889160156
1.999999987845058e-08
1.999999987845058e-08
-14.532148361206055
-392.7552490234375
-1.999999987845058e-08
-1.999999987845058e-08
-14.2665433883667
-391.874267578125
1.999999987845058e-08
1.999999987845058e-08
-14.536717414855957
-379.990234375
-1.999999987845058e-08
-1.999999987845058e-08
-9.745038032531738
-372.2975158691406
1.999999987845058e-08
1.999999987845058e-08
-4.396036148071289
-373.38616943359375
-1.999999987845058e-08
-1.999999987845058e-08
-4.220191478729248
-374.09423828125
1.999999987845058e-08
1.999999987845058e-08
-4.40232515335083
-375.96612548828125
-1.999999987845058e-08
-1.999999987845058e-08
-3.9600279331207275
-379.57354736328125
1.999999987845058e-08
1.999999987845058e-08
-12.05359172821045
-365.5738220214844
-1.999999987845058e-08
-1.999999987845058e-08
-26.817407608032227
-326.40142822265625
1.999999987845058e-08
1.999999987845058e-08
-9.745038032531738
-372.2975158691406
-1.999999987845058e-08
-1.999999987845058e-08
-4.396035671234131
-373.38616943359375
1.999999987845058e-08
1.999999987845058e-08
-4.220191478729248
-374.09423828125
-1.999999987845058e-08
-1.999999987845058e-08
-4.40232515335083
-375.96612548828125
1.999999987845058e-08
1.999999987845058e-08
-3.9600279331207275
-379.57354736328125
-1.999999987845058e-08
-1.999999987845058e-08
-12.05359172821045
-365.5738220214844
1.999999987845058e-08
1.999999987845058e-08
-26.817407608032227
-326.40142822265625
-1.999999987845058e-08
-1.999999987845058e-08
-31.407495498657227
-288.9233093261719
1.999999987845058e-08
1.999999987845058e-08
-18.136280059814453
-280.9347839355469
-1.999999987845058e-08
-1.999999987845058e-08
1.2805743217468262
-300.82379150390625
1.999999987845058e-08
1.999999987845058e-08
-3.626006841659546
-263.43743896484375
-1.999999987845058e-08
-1.999999987845058e-08
-1.3609219789505005
-259.906005859375
1.999999987845058e-08
1.999999987845058e-08
-5.237905502319336
-268.144287109375
-1.999999987845058e-08
-1.999999987845058e-08
-14.410571098327637
-266.7647705078125
1.999999987845058e-08
1.999999987845058e-08
-17.64614486694336
-253.9750213623047
-1.999999987845058e-08
-1.999999987845058e-08
-11.465027809143066
-238.21214294433594
1.999999987845058e-08
1.999999987845058e-08
-3.5187923908233643
-221.42288208007812
-1.999999987845058e-08
-1.999999987845058e-08
2.50649356842041
-209.7891845703125
1.999999987845058e-08
1.999999987845058e-08
8.287346839904785
-211.4736328125
-1.999999987845058e-08
-1.999999987845058e-08
11.432939529418945
-217.87765502929688
1.999999987845058e-08
1.999999987845058e-08
11.564905166625977
-177.02740478515625
-1.999999987845058e-08
-1.999999987845058e-08
-6.09921407699585
-146.36952209472656
1.999999987845058e-08
1.999999987845058e-08
-16.82175636291504
-110.81562042236328
-1.999999987845058e-08
-1.999999987845058e-08
-8.824756622314453
-95.8071060180664
1.999999987845058e-08
1.999999987845058e-08
6.973006248474121
-95.22639465332031
-1.999999987845058e-08
-1.999999987845058e-08
17.42837142944336
-96.14790344238281
1.999999987845058e-08
1.999999987845058e-08
19.623340606689453
-95.60383605957031
-1.999999987845058e-08
-1.999999987845058e-08
14.925840377807617
-86.84281921386719
1.999999987845058e-08
1.999999987845058e-08
9.160264015197754
-71.87805938720703
-1.999999987845058e-08
-1.999999987845058e-08
8.658249855041504
-70.3536376953125
1.999999987845058e-08
1.999999987845058e-08
0.6110939383506775
-75.06289672851562
-1.999999987845058e-08
-1.999999987845058e-08
-7.661109924316406
-46.166358947753906
1.999999987845058e-08
1.999999987845058e-08
-9.070040702819824
-12.972921371459961
-1.999999987845058e-08
-1.999999987845058e-08
-5.716413974761963
11.743669509887695
1.999999987845058e-08
1.999999987845058e-08
1.2266894578933716
19.585901260375977
-1.999999987845058e-08
-1.999999987845058e-08
12.32715129852295
3.364410638809204
1.999999987845058e-08
1.999999987845058e-08
20.136362075805664
-24.48793601989746
-1.999999987845058e-08
-1.999999987845058e-08
14.206008911132812
-32.473297119140625
1.999999987845058e-08
1.999999987845058e-08
-4.6311421394348145
-0.6266745924949646
-1.999999987845058e-08
-1.999999987845058e-08
-22.265695571899414
56.265045166015625
1.999999987845058e-08
1.999999987845058e-08
-24.44584846496582
102.35321044921875
-1.999999987845058e-08
-1.999999987845058e-08
-10.619956016540527
116.116943359375
1.999999987845058e-08
1.999999987845058e-08
6.4913010597229
107.62145233154297
-1.999999987845058e-08
-1.999999987845058e-08
15.615007400512695
99.51742553710938
1.999999987845058e-08
1.999999987845058e-08
18.295604705810547
98.23284912109375
-1.999999987845058e-08
-1.999999987845058e-08
23.292984008789062
91.86489868164062
1.999999987845058e-08
1.999999987845058e-08
31.75486946105957
72.98118591308594
-1.999999987845058e-08
-1.999999987845058e-08
34.56575012207031
53.37461471557617
1.999999987845058e-08
1.999999987845058e-08
26.815784454345703
51.95876693725586
-1.999999987845058e-08
-1.999999987845058e-08
15.89072322845459
72.38350677490234
1.999999987845058e-08
1.999999987845058e-08
10.254754066467285
99.56952667236328
-1.999999987845058e-08
-1.999999987845058e-08
8.757060050964355
120.88611602783203
1.999999987845058e-08
1.999999987845058e-08
6.795628070831299
139.10446166992188
-1.999999987845058e-08
-1.999999987845058e-08
5.435530185699463
154.56277465820312
1.999999987845058e-08
1.999999987845058e-08
6.740645408630371
156.07284545898438
-1.999999987845058e-08
-1.999999987845058e-08
6.835833549499512
145.96974182128906
1.999999987845058e-08
1.999999987845058e-08
3.1812350749969482
145.02874755859375
-1.999999987845058e-08
-1.999999987845058e-08
1.1967504024505615
158.41038513183594
1.999999987845058e-08
1.999999987845058e-08
3.6918442249298096
171.22804260253906
-1.999999987845058e-08
-1.999999987845058e-08
4.507835388183594
181.4355926513672
1.999999987845058e-08
1.999999987845058e-08
0.7557826042175293
200.11917114257812
-1.999999987845058e-08
-1.999999987845058e-08
-2.2426233291625977
226.72952270507812
1.999999987845058e-08
1.999999987845058e-08
-0.048075564205646515
250.59494018554688
-1.999999987845058e-08
-1.999999987845058e-08
8.540460586547852
261.2442321777344
1.999999987845058e-08
1.999999987845058e-08
22.006250381469727
251.20704650878906
-1.999999987845058e-08
-1.999999987845058e-08
32.93668746948242
228.45896911621094
1.999999987845058e-08
1.999999987845058e-08
32.54819869995117
219.37718200683594
-1.999999987845058e-08
-1.999999987845058e-08
21.804996490478516
237.6730499267578
1.999999987845058e-08
1.999999987845058e-08
11.75541877746582
262.6641540527344
-1.999999987845058e-08
-1.999999987845058e-08
8.987805366516113
271.6809387207031
1.999999987845058e-08
1.999999987845058e-08
8.987805366516113
271.6809387207031
-1.999999987845058e-08
-1.999999987845058e-08
9.348517417907715
271.14508056640625
1.999999987845058e-08
1.999999987845058e-08
8.569787979125977
274.62664794921875
-1.999999987845058e-08
-1.999999987845058e-08
8.516777992248535
279.5835876464844
1.999999987845058e-08
1.999999987845058e-08
11.544376373291016
280.2789611816406
-1.999999987845058e-08
-1.999999987845058e-08
15.76354694366455
280.6184387207031
1.999999987845058e-08
1.999999987845058e-08
18.796772003173828
282.1942138671875
-1.999999987845058e-08
-1.999999987845058e-08
21.0178165435791
275.6120300292969
1.999999987845058e-08
1.999999987845058e-08
21.319936752319336
258.7162780761719
-1.999999987845058e-08
-1.999999987845058e-08
17.07573890686035
248.36386108398438
1.999999987845058e-08
1.999999987845058e-08
17.07573890686035
248.36386108398438
-1.999999987845058e-08
-1.999999987845058e-08
11.138371467590332
256.4988708496094
1.999999987845058e-08
1.999999987845058e-08
9.753814697265625
271.8070068359375
-1.999999987845058e-08
-1.999999987845058e-08
12.352096557617188
281.4126281738281
1.999999987845058e-08
1.999999987845058e-08
13.531655311584473
288.8779296875
-1.999999987845058e-08
-1.999999987845058e-08
13.212394714355469
298.53680419921875
1.999999987845058e-08
1.999999987845058e-08
14.807621955871582
303.9577331542969
-1.999999987845058e-08
-1.999999987845058e-08
18.60821533203125
298.07904052734375
1.999999987845058e-08
1.999999987845058e-08
23.172147750854492
282.1743469238281
-1.999999987845058e-08
-1.999999987845058e-08
26.00263214111328
268.8977966308594
1.999999987845058e-08
1.999999987845058e-08
26.00263214111328
268.8977966308594
-1.999999987845058e-08
-1.999999987845058e-08
24.204999923706055
275.0783386230469
1.999999987845058e-08
1.999999987845058e-08
20.16996955871582
297.8988952636719
-1.999999987845058e-08
-1.999999987845058e-08
17.941463470458984
314.378173828125
1.999999987845058e-08
1.999999987845058e-08
15.987846374511719
314.1337585449219
-1.999999987845058e-08
-1.999999987845058e-08
12.77527141571045
307.26727294921875
1.999999987845058e-08
1.999999987845058e-08
11.042017936706543
299.1637878417969
-1.999999987845058e-08
-1.999999987845058e-08
12.828384399414062
281.0543212890625
1.999999987845058e-08
1.999999987845058e-08
14.548049926757812
253.09017944335938
-1.999999987845058e-08
-1.999999987845058e-08
9.524849891662598
238.99822998046875
1.999999987845058e-08
1.999999987845058e-08
0.5829802751541138
254.1020050048828
-1.999999987845058e-08
-1.999999987845058e-08
0.7105774879455566
277.3323669433594
1.999999987845058e-08
1.999999987845058e-08
12.465926170349121
281.98577880859375
-1.999999987845058e-08
-1.999999987845058e-08
23.609291076660156
267.7840576171875
1.999999987845058e-08
1.999999987845058e-08
26.793867111206055
246.70535278320312
-1.999999987845058e-08
-1.999999987845058e-08
25.151329040527344
225.9980010986328
1.999999987845058e-08
1.999999987845058e-08
21.270837783813477
210.14599609375
-1.999999987845058e-08
-1.999999987845058e-08
14.894256591796875
204.0973663330078
1.999999987845058e-08
1.999999987845058e-08
7.322316646575928
213.22811889648438
-1.999999987845058e-08
-1.999999987845058e-08
0.4546969532966614
237.78424072265625
1.999999987845058e-08
1.999999987845058e-08
7.322316646575928
213.22811889648438
-1.999999987845058e-08
-1.999999987845058e-08
0.4546969532966614
237.78424072265625
1.999999987845058e-08
1.999999987845058e-08
-4.237227439880371
265.3455505371094
-1.999999987845058e-08
-1.999999987845058e-08
-3.137279987335205
274.85235595703125
1.999999987845058e-08
1.999999987845058e-08
6.454082012176514
253.9736785888672
-1.999999987845058e-08
-1.999999987845058e-08
17.895767211914062
216.28738403320312
1.999999987845058e-08
1.999999987845058e-08
19.69331169128418
191.18186950683594
-1.999999987845058e-08
-1.999999987845058e-08
12.136845588684082
186.7667236328125
1.999999987845058e-08
1.999999987845058e-08
3.615412473678589
190.15087890625
-1.999999987845058e-08
-1.999999987845058e-08
-5.608086109161377
204.6190948486328
1.999999987845058e-08
1.999999987845058e-08
19.69331169128418
191.18186950683594
-1.999999987845058e-08
-1.999999987845058e-08
12.136845588684082
186.7667236328125
1.999999987845058e-08
1.999999987845058e-08
3.615412473678589
190.15087890625
-1.999999987845058e-08
-1.999999987845058e-08
-5.608086109161377
204.6190948486328
1.999999987845058e-08
1.999999987845058e-08
-13.766867637634277
235.3449249267578
-1.999999987845058e-08
-1.999999987845058e-08
-6.772261619567871
251.57171630859375
1.999999987845058e-08
1.999999987845058e-08
20.79045867919922
217.02159118652344
-1.999999987845058e-08
-1.999999987845058e-08
48.58184814453125
145.837158203125
1.999999987845058e-08
1.999999987845058e-08
50.80160140991211
93.91378784179688
-1.999999987845058e-08
-1.999999987845058e-08
27.098535537719727
96.07609558105469
1.999999987845058e-08
1.999999987845058e-08
-18.337125778198242
105.88580322265625
-1.999999987845058e-08
-1.999999987845058e-08
-23.11480140686035
118.59239959716797
1.999999987845058e-08
1.999999987845058e-08
-16.167335510253906
107.95419311523438
-1.999999987845058e-08
-1.999999987845058e-08
-3.041491985321045
88.99400329589844
1.999999987845058e-08
1.999999987845058e-08
10.508082389831543
70.18183898925781
-1.999999987845058e-08
-1.999999987845058e-08
18.420148849487305
50.662567138671875
1.999999987845058e-08
1.999999987845058e-08
13.441054344177246
40.10491180419922
-1.999999987845058e-08
-1.999999987845058e-08
-4.419186592102051
52.241214752197266
1.999999987845058e-08
1.999999987845058e-08
-22.01873779296875
80.70580291748047
-1.999999987845058e-08
-1.999999987845058e-08
-23.320629119873047
99.69261169433594
1.999999987845058e-08
1.999999987845058e-08
10.508082389831543
70.18183898925781
-1.999999987845058e-08
-1.999999987845058e-08
18.420148849487305
50.662567138671875
1.999999987845058e-08
1.999999987845058e-08
13.441054344177246
40.10491180419922
-1.999999987845058e-08
-1.999999987845058e-08
-4.419186592102051
52.241214752197266
1.999999987845058e-08
1.999999987845058e-08
-22.01873779296875
80.70580291748047
-1.999999987845058e-08
-1.999999987845058e-08
-23.320629119873047
99.69261169433594
1.999999987845058e-08
1.999999987845058e-08
-7.152570724487305
90.62083435058594
-1.999999987845058e-08
-1.999999987845058e-08
9.747111320495605
63.1957893371582
1.999999987845058e-08
1.999999987845058e-08
12.997082710266113
41.95309829711914
-1.999999987845058e-08
-1.999999987845058e-08
6.793231010437012
37.10871124267578
1.999999987845058e-08
1.999999987845058e-08
-10.361767768859863
91.21644592285156
-1.999999987845058e-08
-1.999999987845058e-08
-11.9051513671875
114.69906616210938
1.999999987845058e-08
1.999999987845058e-08
1.2903518676757812
105.44158935546875
-1.999999987845058e-08
-1.999999987845058e-08
16.927867889404297
73.77325439453125
1.999999987845058e-08
1.999999987845058e-08
20.73258399963379
49.302425384521484
-1.999999987845058e-08
-1.999999987845058e-08
11.073830604553223
47.94243240356445
1.999999987845058e-08
1.999999987845058e-08
-4.040798187255859
63.9273681640625
-1.999999987845058e-08
-1.999999987845058e-08
-16.46721649169922
85.99472045898438
1.999999987845058e-08
1.999999987845058e-08
-13.330428123474121
109.36089324951172
-1.999999987845058e-08
-1.999999987845058e-08
16.371810913085938
126.33556365966797
1.999999987845058e-08
1.999999987845058e-08
37.7694206237793
120.86333465576172
-1.999999987845058e-08
-1.999999987845058e-08
5.5501837730407715
89.17882537841797
1.999999987845058e-08
1.999999987845058e-08
-34.88774108886719
56.61716842651367
-1.999999987845058e-08
-1.999999987845058e-08
-17.125207901000977
54.570762634277344
1.999999987845058e-08
1.999999987845058e-08
16.961368560791016
83.53134155273438
-1.999999987845058e-08
-1.999999987845058e-08
6.6983256340026855
115.65049743652344
1.999999987845058e-08
1.999999987845058e-08
-11.93722152709961
130.8805694580078
-1.999999987845058e-08
-1.999999987845058e-08
1.6584173440933228
131.0648651123047
1.999999987845058e-08
1.999999987845058e-08
8.080023765563965
123.57850646972656
-1.999999987845058e-08
-1.999999987845058e-08
-17.955068588256836
112.36994171142578
1.999999987845058e-08
1.999999987845058e-08
8.080023765563965
123.57850646972656
-1.999999987845058e-08
-1.999999987845058e-08
-17.955068588256836
112.36994171142578
1.999999987845058e-08
1.999999987845058e-08
-26.43231201171875
103.03331756591797
-1.999999987845058e-08
-1.999999987845058e-08
8.475421905517578
102.65701293945312
1.999999987845058e-08
1.999999987845058e-08
32.436126708984375
114.05863189697266
-1.999999987845058e-08
-1.999999987845058e-08
3.532322406768799
138.49526977539062
1.999999987845058e-08
1.999999987845058e-08
-40.68063735961914
172.12130737304688
-1.999999987845058e-08
-1.999999987845058e-08
-43.50291061401367
191.3936309814453
1.999999987845058e-08
1.999999987845058e-08
-3.871781826019287
174.06906127929688
-1.999999987845058e-08
-1.999999987845058e-08
32.92184829711914
138.6595001220703
1.999999987845058e-08
1.999999987845058e-08
13.226000785827637
164.2662811279297
-1.999999987845058e-08
-1.999999987845058e-08
10.989689826965332
178.26914978027344
1.999999987845058e-08
1.999999987845058e-08
-31.3960018157959
183.66976928710938
-1.999999987845058e-08
-1.999999987845058e-08
-42.97128677368164
197.2281951904297
1.999999987845058e-08
1.999999987845058e-08
2.488701105117798
216.0794677734375
-1.999999987845058e-08
-1.999999987845058e-08
32.19207763671875
211.2403106689453
1.999999987845058e-08
1.999999987845058e-08
-1.4441509246826172
179.30853271484375
-1.999999987845058e-08
-1.999999987845058e-08
-34.600738525390625
155.1445770263672
1.999999987845058e-08
1.999999987845058e-08
-9.735434532165527
159.81503295898438
-1.999999987845058e-08
-1.999999987845058e-08
18.189559936523438
173.73492431640625
1.999999987845058e-08
1.999999987845058e-08
-49.8900032043457
169.92892456054688
-1.999999987845058e-08
-1.999999987845058e-08
-24.755809783935547
183.80502319335938
1.999999987845058e-08
1.999999987845058e-08
20.136079788208008
216.10682678222656
-1.999999987845058e-08
-1.999999987845058e-08
4.686758041381836
243.05137634277344
1.999999987845058e-08
1.999999987845058e-08
-42.31388854980469
245.0945281982422
-1.999999987845058e-08
-1.999999987845058e-08
-33.72956466674805
226.8333282470703
1.999999987845058e-08
1.999999987845058e-08
21.43934440612793
204.3280487060547
-1.999999987845058e-08
-1.999999987845058e-08
35.13978958129883
184.57533264160156
1.999999987845058e-08
1.999999987845058e-08
-8.54699993133545
169.50332641601562
-1.999999987845058e-08
-1.999999987845058e-08
-33.14790344238281
162.60858154296875
1.999999987845058e-08
1.999999987845058e-08
-33.72956466674805
226.8333282470703
-1.999999987845058e-08
-1.999999987845058e-08
21.43934440612793
204.3280487060547
1.999999987845058e-08
1.999999987845058e-08
35.13978958129883
184.57533264160156
-1.999999987845058e-08
-1.999999987845058e-08
-8.54699993133545
169.50332641601562
1.999999987845058e-08
1.999999987845058e-08
-33.14790344238281
162.60858154296875
-1.999999987845058e-08
-1.999999987845058e-08
-3.4608469009399414
158.955078125
1.999999987845058e-08
1.999999987845058e-08
20.51854133605957
153.6256561279297
-1.999999987845058e-08
-1.999999987845058e-08
-8.690418243408203
158.65809631347656
1.999999987845058e-08
1.999999987845058e-08
-48.84648895263672
180.24111938476562
-1.999999987845058e-08
-1.999999987845058e-08
-46.80707931518555
200.84429931640625
1.999999987845058e-08
1.999999987845058e-08
-21.684982299804688
206.53326416015625
-1.999999987845058e-08
-1.999999987845058e-08
-15.186626434326172
198.403564453125
1.999999987845058e-08
1.999999987845058e-08
-22.402589797973633
177.19317626953125
-1.999999987845058e-08
-1.999999987845058e-08
-18.265235900878906
148.83311462402344
1.999999987845058e-08
1.999999987845058e-08
-4.605589389801025
131.998291015625
-1.999999987845058e-08
-1.999999987845058e-08
1.674046277999878
136.84707641601562
1.999999987845058e-08
1.999999987845058e-08
-2.070295572280884
147.15489196777344
-1.999999987845058e-08
-1.999999987845058e-08
-5.573858737945557
138.80923461914062
1.999999987845058e-08
1.999999987845058e-08
-3.3383424282073975
114.73179626464844
-1.999999987845058e-08
-1.999999987845058e-08
-1.2399019002914429
105.80673217773438
1.999999987845058e-08
1.999999987845058e-08
-21.273454666137695
150.5645294189453
-1.999999987845058e-08
-1.999999987845058e-08
-34.55992126464844
160.71142578125
1.999999987845058e-08
1.999999987845058e-08
-34.71208572387695
157.68870544433594
-1.999999987845058e-08
-1.999999987845058e-08
-22.662023544311523
146.92965698242188
1.999999987845058e-08
1.999999987845058e-08
-14.062470436096191
129.7223663330078
-1.999999987845058e-08
-1.999999987845058e-08
-12.47705078125
107.57743072509766
1.999999987845058e-08
1.999999987845058e-08
-5.259707450866699
84.5289306640625
-1.999999987845058e-08
-1.999999987845058e-08
4.339391231536865
68.12104034423828
1.999999987845058e-08
1.999999987845058e-08
-2.2434241771698
63.58556365966797
-1.999999987845058e-08
-1.999999987845058e-08
-17.037134170532227
63.385902404785156
1.999999987845058e-08
1.999999987845058e-08
-17.03713607788086
63.385902404785156
-1.999999987845058e-08
-1.999999987845058e-08
-10.419963836669922
51.94325637817383
1.999999987845058e-08
1.999999987845058e-08
10.957921028137207
29.323820114135742
-1.999999987845058e-08
-1.999999987845058e-08
6.454145431518555
15.622727394104004
1.999999987845058e-08
1.999999987845058e-08
-26.62223243713379
23.462108612060547
-1.999999987845058e-08
-1.999999987845058e-08
-42.8250846862793
42.19171905517578
1.999999987845058e-08
1.999999987845058e-08
-23.433109283447266
50.92489242553711
-1.999999987845058e-08
-1.999999987845058e-08
-6.2431111335754395
40.15365219116211
1.999999987845058e-08
1.999999987845058e-08
-17.84906578063965
19.0635929107666
-1.999999987845058e-08
-1.999999987845058e-08
-26.913288116455078
-1.7108432054519653
1.999999987845058e-08
1.999999987845058e-08
18.285245895385742
-55.93272018432617
-1.999999987845058e-08
-1.999999987845058e-08
4.004695892333984
-90.34346008300781
1.999999987845058e-08
1.999999987845058e-08
-24.201780319213867
-106.1374282836914
-1.999999987845058e-08
-1.999999987845058e-08
-23.874069213867188
-91.2293472290039
1.999999987845058e-08
1.999999987845058e-08
-5.882722854614258
-66.65557098388672
-1.999999987845058e-08
-1.999999987845058e-08
-9.770875930786133
-57.871360778808594
1.999999987845058e-08
1.999999987845058e-08
-28.0246639251709
-62.117942810058594
-1.999999987845058e-08
-1.999999987845058e-08
-19.416963577270508
-67.59892272949219
1.999999987845058e-08
1.999999987845058e-08
12.189776420593262
-78.15310668945312
-1.999999987845058e-08
-1.999999987845058e-08
21.899173736572266
-100.24596405029297
1.999999987845058e-08
1.999999987845058e-08
2.6680564880371094
-124.05689239501953
-1.999999987845058e-08
-1.999999987845058e-08
-6.948179721832275
-135.56024169921875
1.999999987845058e-08
1.999999987845058e-08
5.779169082641602
-137.49111938476562
-1.999999987845058e-08
-1.999999987845058e-08
11.679198265075684
-145.468994140625
1.999999987845058e-08
1.999999987845058e-08
-0.15122966468334198
-168.40745544433594
-1.999999987845058e-08
-1.999999987845058e-08
-5.78883695602417
-196.30078125
1.999999987845058e-08
1.999999987845058e-08
0.809539794921875
-207.99658203125
-1.999999987845058e-08
-1.999999987845058e-08
-4.919431209564209
-196.62562561035156
1.999999987845058e-08
1.999999987845058e-08
-27.161535263061523
-181.07333374023438
-1.999999987845058e-08
-1.999999987845058e-08
-37.51633071899414
-181.8128662109375
1.999999987845058e-08
1.999999987845058e-08
-37.51633071899414
-181.8128662109375
-1.999999987845058e-08
-1.999999987845058e-08
-24.44039535522461
-197.00253295898438
1.999999987845058e-08
1.999999987845058e-08
-11.22732162475586
-212.85873413085938
-1.999999987845058e-08
-1.999999987845058e-08
-12.482060432434082
-226.67123413085938
1.999999987845058e-08
1.999999987845058e-08
-12.616252899169922
-244.8139190673828
-1.999999987845058e-08
-1.999999987845058e-08
-2.556276321411133
-260.7536926269531
1.999999987845058e-08
1.999999987845058e-08
2.8632309436798096
-259.36883544921875
-1.999999987845058e-08
-1.999999987845058e-08
-1.912635326385498
-247.2342529296875
1.999999987845058e-08
1.999999987845058e-08
-0.7797940969467163
-251.84432983398438
-1.999999987845058e-08
-1.999999987845058e-08
10.943168640136719
-281.5111999511719
1.999999987845058e-08
1.999999987845058e-08
13.619372367858887
-308.144775390625
-1.999999987845058e-08
-1.999999987845058e-08
-2.476106882095337
-304.3117370605469
1.999999987845058e-08
1.999999987845058e-08
-17.833219528198242
-277.0327453613281
-1.999999987845058e-08
-1.999999987845058e-08
-13.424605369567871
-253.44874572753906
1.999999987845058e-08
1.999999987845058e-08
2.758068323135376
-253.76071166992188
-1.999999987845058e-08
-1.999999987845058e-08
10.618612289428711
-277.436767578125
1.999999987845058e-08
1.999999987845058e-08
