0
-32.117794036865234
-73.67677307128906
1.999999987845058e-08
1.999999987845058e-08
-30.011104583740234
-82.60335540771484
-1.999999987845058e-08
-1.999999987845058e-08
-29.255998611450195
-91.95702362060547
1.999999987845058e-08
1.999999987845058e-08
-26.43404769897461
-98.40113067626953
-1.999999987845058e-08
-1.999999987845058e-08
-20.322093963623047
-105.96282958984375
1.999999987845058e-08
1.999999987845058e-08
-16.448251724243164
-114.96900939941406
-1.999999987845058e-08
-1.999999987845058e-08
-19.92821502685547
-120.33654022216797
1.999999987845058e-08
1.999999987845058e-08
-27.886791229248047
-121.19293212890625
-1.999999987845058e-08
-1.999999987845058e-08
-33.62259292602539
-121.24540710449219
1.999999987845058e-08
1.999999987845058e-08
-27.886791229248047
-121.19293212890625
-1.999999987845058e-08
-1.999999987845058e-08
-33.62259292602539
-121.24540710449219
1.999999987845058e-08
1.999999987845058e-08
-34.28070068359375
-120.48817443847656
-1.999999987845058e-08
-1.999999987845058e-08
-30.910341262817383
-115.78450012207031
1.999999987845058e-08
1.999999987845058e-08
-26.72323226928711
-107.96051788330078
-1.999999987845058e-08
-1.999999987845058e-08
-27.053234100341797
-101.19422149658203
1.999999987845058e-08
1.999999987845058e-08
-33.916786193847656
-98.8061294555664
-1.999999987845058e-08
-1.999999987845058e-08
-42.67958450317383
-102.17987060546875
1.999999987845058e-08
1.999999987845058e-08
-49.62416458129883
-107.26545715332031
-1.999999987845058e-08
-1.999999987845058e-08
-55.17839431762695
-104.23021697998047
1.999999987845058e-08
1.999999987845058e-08
-38.852474212646484
-92.52857971191406
-1.999999987845058e-08
-1.999999987845058e-08
-38.88551330566406
-94.43404388427734
1.999999987845058e-08
1.999999987845058e-08
-43.201717376708984
-77.78763580322266
-1.999999987845058e-08
-1.999999987845058e-08
-46.29613494873047
-56.55067825317383
1.999999987845058e-08
1.999999987845058e-08
-42.93278503417969
-44.975067138671875
-1.999999987845058e-08
-1.999999987845058e-08
-34.895355224609375
-45.2499885559082
1.999999987845058e-08
1.999999987845058e-08
-27.29808235168457
-53.539512634277344
-1.999999987845058e-08
-1.999999987845058e-08
-22.704849243164062
-64.47238159179688
1.999999987845058e-08
1.999999987845058e-08
-22.690505981445312
-67.83061981201172
-1.999999987845058e-08
-1.999999987845058e-08
-26.711509704589844
-56.92979431152344
1.999999987845058e-08
1.999999987845058e-08
-26.711509704589844
-56.92979431152344
-1.999999987845058e-08
-1.999999987845058e-08
-29.153932571411133
-38.785160064697266
1.999999987845058e-08
1.999999987845058e-08
-25.377809524536133
-25.939769744873047
-1.999999987845058e-08
-1.999999987845058e-08
-17.529373168945312
-26.31873321533203
1.999999987845058e-08
1.999999987845058e-08
-11.637330055236816
-38.599205017089844
-1.999999987845058e-08
-1.999999987845058e-08
-11.195943832397461
-49.1717529296875
1.999999987845058e-08
1.999999987845058e-08
-13.294595718383789
-47.12675476074219
-1.999999987845058e-08
-1.999999987845058e-08
-13.12171745300293
-40.631473541259766
1.999999987845058e-08
1.999999987845058e-08
-11.928093910217285
-40.175235748291016
-1.999999987845058e-08
-1.999999987845058e-08
-14.679372787475586
-39.335304260253906
1.999999987845058e-08
1.999999987845058e-08
-20.62543487548828
-30.051273345947266
-1.999999987845058e-08
-1.999999987845058e-08
-23.49236297607422
-19.162450790405273
1.999999987845058e-08
1.999999987845058e-08
-21.343584060668945
-15.774070739746094
-1.999999987845058e-08
-1.999999987845058e-08
-18.85385513305664
-16.686708450317383
1.999999987845058e-08
1.999999987845058e-08
-18.59336280822754
-13.446704864501953
-1.999999987845058e-08
-1.999999987845058e-08
-16.53931999206543
-5.792293071746826
1.999999987845058e-08
1.999999987845058e-08
-8.73933219909668
-2.589970350265503
-1.999999987845058e-08
-1.999999987845058e-08
1.1638456583023071
-9.827086448669434
1.999999987845058e-08
1.999999987845058e-08
5.31380033493042
-20.440635681152344
-1.999999987845058e-08
-1.999999987845058e-08
0.22230856120586395
-19.662343978881836
1.999999987845058e-08
1.999999987845058e-08
-11.130247116088867
-1.6915295124053955
-1.999999987845058e-08
-1.999999987845058e-08
-21.103912353515625
21.678937911987305
1.999999987845058e-08
1.999999987845058e-08
-22.1287899017334
33.26969528198242
-1.999999987845058e-08
-1.999999987845058e-08
-14.911836624145508
28.99645233154297
1.999999987845058e-08
1.999999987845058e-08
-8.579264640808105
20.72292137145996
-1.999999987845058e-08
-1.999999987845058e-08
-9.805950164794922
21.731830596923828
1.999999987845058e-08
1.999999987845058e-08
-15.497747421264648
31.938806533813477
-1.999999987845058e-08
-1.999999987845058e-08
-17.563095092773438
41.65723419189453
1.999999987845058e-08
1.999999987845058e-08
-11.7068510055542
44.70794677734375
-1.999999987845058e-08
-1.999999987845058e-08
-1.5926692485809326
40.1505012512207
1.999999987845058e-08
1.999999987845058e-08
3.7516894340515137
30.222761154174805
-1.999999987845058e-08
-1.999999987845058e-08
-0.7007867693901062
22.708101272583008
1.999999987845058e-08
1.999999987845058e-08
-9.500076293945312
25.419071197509766
-1.999999987845058e-08
-1.999999987845058e-08
-13.248747825622559
35.459571838378906
1.999999987845058e-08
1.999999987845058e-08
-9.90256118774414
42.86249923706055
-1.999999987845058e-08
-1.999999987845058e-08
-6.033721446990967
44.54756164550781
1.999999987845058e-08
1.999999987845058e-08
-6.931856632232666
45.430641174316406
-1.999999987845058e-08
-1.999999987845058e-08
-10.217157363891602
48.08229446411133
1.999999987845058e-08
1.999999987845058e-08
-11.376720428466797
48.70667266845703
-1.999999987845058e-08
-1.999999987845058e-08
-9.947953224182129
42.1272087097168
1.999999987845058e-08
1.999999987845058e-08
-9.947953224182129
42.1272087097168
-1.999999987845058e-08
-1.999999987845058e-08
-7.884337425231934
28.98365020751953
1.999999987845058e-08
1.999999987845058e-08
-5.4473137855529785
16.76093292236328
-1.999999987845058e-08
-1.999999987845058e-08
-1.6541746854782104
13.423286437988281
1.999999987845058e-08
1.999999987845058e-08
2.2214443683624268
21.24203109741211
-1.999999987845058e-08
-1.999999987845058e-08
4.312683582305908
33.53623962402344
1.999999987845058e-08
1.999999987845058e-08
5.579239845275879
39.669925689697266
-1.999999987845058e-08
-1.999999987845058e-08
7.020512580871582
36.922306060791016
1.999999987845058e-08
1.999999987845058e-08
6.755792617797852
32.38589859008789
-1.999999987845058e-08
-1.999999987845058e-08
3.2505500316619873
33.94266128540039
1.999999987845058e-08
1.999999987845058e-08
-0.1875903308391571
42.00490951538086
-1.999999987845058e-08
-1.999999987845058e-08
0.5774762034416199
50.12049102783203
1.999999987845058e-08
1.999999987845058e-08
2.3581230640411377
55.1956672668457
-1.999999987845058e-08
-1.999999987845058e-08
-0.9098576307296753
59.773189544677734
1.999999987845058e-08
1.999999987845058e-08
-7.923567771911621
64.0464859008789
-1.999999987845058e-08
-1.999999987845058e-08
-11.689778327941895
65.7588882446289
1.999999987845058e-08
1.999999987845058e-08
-7.479897975921631
62.559879302978516
-1.999999987845058e-08
-1.999999987845058e-08
2.3821499347686768
52.18917465209961
1.999999987845058e-08
1.999999987845058e-08
8.826095581054688
39.36370086669922
-1.999999987845058e-08
-1.999999987845058e-08
5.467656135559082
34.17264175415039
1.999999987845058e-08
1.999999987845058e-08
-6.399994373321533
40.27165222167969
-1.999999987845058e-08
-1.999999987845058e-08
-5.237889766693115
40.525238037109375
1.999999987845058e-08
1.999999987845058e-08
-3.9292330741882324
43.67817306518555
-1.999999987845058e-08
-1.999999987845058e-08
-2.795381784439087
46.543819427490234
1.999999987845058e-08
1.999999987845058e-08
0.06371451169252396
39.30379104614258
-1.999999987845058e-08
-1.999999987845058e-08
2.074723243713379
25.725811004638672
1.999999987845058e-08
1.999999987845058e-08
0.9798230528831482
16.722074508666992
-1.999999987845058e-08
-1.999999987845058e-08
-0.7306594848632812
11.76376724243164
1.999999987845058e-08
1.999999987845058e-08
-1.6334837675094604
6.792084217071533
-1.999999987845058e-08
-1.999999987845058e-08
-4.582469463348389
4.350795745849609
1.999999987845058e-08
1.999999987845058e-08
-16.2012939453125
7.179755687713623
-1.999999987845058e-08
-1.999999987845058e-08
-13.607256889343262
6.354182720184326
1.999999987845058e-08
1.999999987845058e-08
-18.80022621154785
6.4074482917785645
-1.999999987845058e-08
-1.999999987845058e-08
-25.887195587158203
8.022527694702148
1.999999987845058e-08
1.999999987845058e-08
-25.415681838989258
11.625941276550293
-1.999999987845058e-08
-1.999999987845058e-08
-16.345783233642578
13.098539352416992
1.999999987845058e-08
1.999999987845058e-08
-5.93266487121582
10.49130630493164
-1.999999987845058e-08
-1.999999987845058e-08
0.7768360376358032
6.717400550842285
1.999999987845058e-08
1.999999987845058e-08
3.402709722518921
3.678694486618042
-1.999999987845058e-08
-1.999999987845058e-08
1.542047142982483
2.0511348247528076
1.999999987845058e-08
1.999999987845058e-08
-5.93266487121582
10.49130630493164
-1.999999987845058e-08
-1.999999987845058e-08
0.7768360376358032
6.717400550842285
1.999999987845058e-08
1.999999987845058e-08
3.402709722518921
3.678694486618042
-1.999999987845058e-08
-1.999999987845058e-08
1.542047142982483
2.0511348247528076
1.999999987845058e-08
1.999999987845058e-08
-4.464367389678955
4.099373817443848
-1.999999987845058e-08
-1.999999987845058e-08
-11.697661399841309
11.567530632019043
1.999999987845058e-08
1.999999987845058e-08
-15.549385070800781
20.897981643676758
-1.999999987845058e-08
-1.999999987845058e-08
-11.532651901245117
22.004596710205078
1.999999987845058e-08
1.999999987845058e-08
-1.2155624628067017
8.481541633605957
-1.999999987845058e-08
-1.999999987845058e-08
6.753994464874268
-9.760370254516602
1.999999987845058e-08
1.999999987845058e-08
0.9418683648109436
-20.275230407714844
-1.999999987845058e-08
-1.999999987845058e-08
0.4179721176624298
-28.40162467956543
1.999999987845058e-08
1.999999987845058e-08
7.64631462097168
-39.41707229614258
-1.999999987845058e-08
-1.999999987845058e-08
17.67665672302246
-51.34968185424805
1.999999987845058e-08
1.999999987845058e-08
21.00415802001953
-59.5784797668457
-1.999999987845058e-08
-1.999999987845058e-08
13.053373336791992
-57.94844055175781
1.999999987845058e-08
1.999999987845058e-08
1.7467344999313354
-47.50041580200195
-1.999999987845058e-08
-1.999999987845058e-08
-1.4327250719070435
-38.122867584228516
1.999999987845058e-08
1.999999987845058e-08
3.4003686904907227
-36.97612380981445
-1.999999987845058e-08
-1.999999987845058e-08
7.314481735229492
-42.54144287109375
1.999999987845058e-08
1.999999987845058e-08
13.053372383117676
-57.94844055175781
-1.999999987845058e-08
-1.999999987845058e-08
1.746734619140625
-47.50041580200195
1.999999987845058e-08
1.999999987845058e-08
-1.432725191116333
-38.122867584228516
-1.999999987845058e-08
-1.999999987845058e-08
3.4003686904907227
-36.97612380981445
1.999999987845058e-08
1.999999987845058e-08
7.314481735229492
-42.54144287109375
-1.999999987845058e-08
-1.999999987845058e-08
5.999328136444092
-47.988243103027344
1.999999987845058e-08
1.999999987845058e-08
2.6473190784454346
-46.345951080322266
-1.999999987845058e-08
-1.999999987845058e-08
0.8238916993141174
-37.674800872802734
1.999999987845058e-08
1.999999987845058e-08
0.23650695383548737
-30.550527572631836
-1.999999987845058e-08
-1.999999987845058e-08
0.13263027369976044
-33.38652038574219
1.999999987845058e-08
1.999999987845058e-08
7.347796440124512
-58.72453308105469
-1.999999987845058e-08
-1.999999987845058e-08
6.769192695617676
-49.67021942138672
1.999999987845058e-08
1.999999987845058e-08
7.774957656860352
-39.80345916748047
-1.999999987845058e-08
-1.999999987845058e-08
13.100119590759277
-38.450103759765625
1.999999987845058e-08
1.999999987845058e-08
20.892000198364258
-48.435001373291016
-1.999999987845058e-08
-1.999999987845058e-08
24.322813034057617
-60.40361785888672
1.999999987845058e-08
1.999999987845058e-08
18.52277374267578
-61.647926330566406
-1.999999987845058e-08
-1.999999987845058e-08
7.16559362411499
-50.08774948120117
1.999999987845058e-08
1.999999987845058e-08
-2.1980810165405273
-30.701318740844727
-1.999999987845058e-08
-1.999999987845058e-08
-4.139217853546143
-13.393044471740723
1.999999987845058e-08
1.999999987845058e-08
13.882765769958496
-29.3957462310791
-1.999999987845058e-08
-1.999999987845058e-08
14.54086685180664
-25.068750381469727
1.999999987845058e-08
1.999999987845058e-08
14.099462509155273
-24.08506965637207
-1.999999987845058e-08
-1.999999987845058e-08
10.151601791381836
-19.61615753173828
1.999999987845058e-08
1.999999987845058e-08
6.888492107391357
-13.504237174987793
-1.999999987845058e-08
-1.999999987845058e-08
8.04752254486084
-9.250629425048828
1.999999987845058e-08
1.999999987845058e-08
9.892614364624023
-5.583298206329346
-1.999999987845058e-08
-1.999999987845058e-08
8.604820251464844
-3.565016031265259
1.999999987845058e-08
1.999999987845058e-08
6.595778465270996
-8.32559871673584
-1.999999987845058e-08
-1.999999987845058e-08
4.703341007232666
-15.521595001220703
1.999999987845058e-08
1.999999987845058e-08
9.892614364624023
-5.583298206329346
-1.999999987845058e-08
-1.999999987845058e-08
8.604820251464844
-3.565016031265259
1.999999987845058e-08
1.999999987845058e-08
6.595778465270996
-8.32559871673584
-1.999999987845058e-08
-1.999999987845058e-08
4.703341007232666
-15.521595001220703
1.999999987845058e-08
1.999999987845058e-08
0.5253005623817444
-13.257662773132324
-1.999999987845058e-08
-1.999999987845058e-08
-2.579570770263672
-1.2597323656082153
1.999999987845058e-08
1.999999987845058e-08
1.0900570154190063
11.448171615600586
-1.999999987845058e-08
-1.999999987845058e-08
8.581117630004883
21.597978591918945
1.999999987845058e-08
1.999999987845058e-08
12.455626487731934
26.623756408691406
-1.999999987845058e-08
-1.999999987845058e-08
11.27501392364502
21.34737205505371
1.999999987845058e-08
1.999999987845058e-08
8.07396125793457
10.496482849121094
-1.999999987845058e-08
-1.999999987845058e-08
9.735590934753418
14.632927894592285
1.999999987845058e-08
1.999999987845058e-08
14.218202590942383
8.907633781433105
-1.999999987845058e-08
-1.999999987845058e-08
18.070646286010742
-7.408085346221924
1.999999987845058e-08
1.999999987845058e-08
14.033079147338867
-14.600852012634277
-1.999999987845058e-08
-1.999999987845058e-08
4.19577693939209
-1.2225347757339478
1.999999987845058e-08
1.999999987845058e-08
1.256885051727295
16.237802505493164
-1.999999987845058e-08
-1.999999987845058e-08
6.5689802169799805
19.580625534057617
1.999999987845058e-08
1.999999987845058e-08
6.377824783325195
17.612211227416992
-1.999999987845058e-08
-1.999999987845058e-08
-4.390043258666992
28.588546752929688
1.999999987845058e-08
1.999999987845058e-08
14.928670883178711
61.22751235961914
-1.999999987845058e-08
-1.999999987845058e-08
22.03508758544922
32.86325454711914
1.999999987845058e-08
1.999999987845058e-08
14.03637981414795
21.234872817993164
-1.999999987845058e-08
-1.999999987845058e-08
0.5388952493667603
34.309043884277344
1.999999987845058e-08
1.999999987845058e-08
-5.38062858581543
59.12615966796875
-1.999999987845058e-08
-1.999999987845058e-08
-1.1028623580932617
74.6868896484375
1.999999987845058e-08
1.999999987845058e-08
6.383937835693359
69.5233154296875
-1.999999987845058e-08
-1.999999987845058e-08
9.874075889587402
53.2973747253418
1.999999987845058e-08
1.999999987845058e-08
8.11447525024414
45.74484634399414
-1.999999987845058e-08
-1.999999987845058e-08
5.780500411987305
53.83597946166992
1.999999987845058e-08
1.999999987845058e-08
6.383937835693359
69.5233154296875
-1.999999987845058e-08
-1.999999987845058e-08
9.874075889587402
53.2973747253418
1.999999987845058e-08
1.999999987845058e-08
8.11447525024414
45.74484634399414
-1.999999987845058e-08
-1.999999987845058e-08
5.780500411987305
53.83597946166992
1.999999987845058e-08
1.999999987845058e-08
8.056077003479004
69.05097198486328
-1.999999987845058e-08
-1.999999987845058e-08
13.747377395629883
83.0931396484375
1.999999987845058e-08
1.999999987845058e-08
17.1439151763916
93.75211334228516
-1.999999987845058e-08
-1.999999987845058e-08
17.044361114501953
98.99022674560547
1.999999987845058e-08
1.999999987845058e-08
16.263324737548828
98.55206298828125
-1.999999987845058e-08
-1.999999987845058e-08
14.606192588806152
97.76425170898438
1.999999987845058e-08
1.999999987845058e-08
10.4340238571167
99.7921142578125
-1.999999987845058e-08
-1.999999987845058e-08
13.6075439453125
97.4593505859375
1.999999987845058e-08
1.999999987845058e-08
15.5785493850708
102.45808410644531
-1.999999987845058e-08
-1.999999987845058e-08
12.861328125
117.9032974243164
1.999999987845058e-08
1.999999987845058e-08
10.123397827148438
129.9167938232422
-1.999999987845058e-08
-1.999999987845058e-08
12.890779495239258
124.61639404296875
1.999999987845058e-08
1.999999987845058e-08
18.729568481445312
107.58061218261719
-1.999999987845058e-08
-1.999999987845058e-08
19.05545997619629
98.61199188232422
1.999999987845058e-08
1.999999987845058e-08
11.900026321411133
105.50074768066406
-1.999999987845058e-08
-1.999999987845058e-08
7.126502513885498
112.2338638305664
1.999999987845058e-08
1.999999987845058e-08
7.126502513885498
112.2338638305664
-1.999999987845058e-08
-1.999999987845058e-08
10.429511070251465
102.38422393798828
1.999999987845058e-08
1.999999987845058e-08
11.051597595214844
85.14627838134766
-1.999999987845058e-08
-1.999999987845058e-08
-1.7221770286560059
84.66116333007812
1.999999987845058e-08
1.999999987845058e-08
-19.593671798706055
106.22454071044922
-1.999999987845058e-08
-1.999999987845058e-08
-26.397382736206055
128.56459045410156
1.999999987845058e-08
1.999999987845058e-08
-18.477846145629883
130.62985229492188
-1.999999987845058e-08
-1.999999987845058e-08
-4.502538204193115
112.50349426269531
1.999999987845058e-08
1.999999987845058e-08
4.839816570281982
91.77043151855469
-1.999999987845058e-08
-1.999999987845058e-08
4.164642810821533
86.14139556884766
1.999999987845058e-08
1.999999987845058e-08
-1.0429471731185913
94.33848571777344
-1.999999987845058e-08
-1.999999987845058e-08
-0.5034260153770447
97.32091522216797
1.999999987845058e-08
1.999999987845058e-08
5.4213690757751465
86.39039611816406
-1.999999987845058e-08
-1.999999987845058e-08
8.493707656860352
75.68729400634766
1.999999987845058e-08
1.999999987845058e-08
9.383330345153809
77.44617462158203
-1.999999987845058e-08
-1.999999987845058e-08
14.226277351379395
87.41867065429688
1.999999987845058e-08
1.999999987845058e-08
20.225557327270508
98.17962646484375
-1.999999987845058e-08
-1.999999987845058e-08
19.974367141723633
105.30253601074219
1.999999987845058e-08
1.999999987845058e-08
13.767681121826172
105.21070098876953
-1.999999987845058e-08
-1.999999987845058e-08
10.236658096313477
96.02005767822266
1.999999987845058e-08
1.999999987845058e-08
14.866390228271484
78.9393081665039
-1.999999987845058e-08
-1.999999987845058e-08
20.664306640625
63.959224700927734
1.999999987845058e-08
1.999999987845058e-08
19.495582580566406
63.00611114501953
-1.999999987845058e-08
-1.999999987845058e-08
17.326644897460938
69.2706069946289
1.999999987845058e-08
1.999999987845058e-08
22.30695152282715
65.77091979980469
-1.999999987845058e-08
-1.999999987845058e-08
27.01300621032715
56.735137939453125
1.999999987845058e-08
1.999999987845058e-08
21.35397720336914
60.59321594238281
-1.999999987845058e-08
-1.999999987845058e-08
13.067636489868164
72.66809844970703
1.999999987845058e-08
1.999999987845058e-08
14.757266998291016
70.05321502685547
-1.999999987845058e-08
-1.999999987845058e-08
20.86697769165039
52.633182525634766
1.999999987845058e-08
1.999999987845058e-08
18.482542037963867
41.590702056884766
-1.999999987845058e-08
-1.999999987845058e-08
8.420866966247559
43.47767639160156
1.999999987845058e-08
1.999999987845058e-08
0.23644134402275085
48.19566345214844
-1.999999987845058e-08
-1.999999987845058e-08
-0.06438180804252625
47.23258590698242
1.999999987845058e-08
1.999999987845058e-08
6.31777286529541
38.12122344970703
-1.999999987845058e-08
-1.999999987845058e-08
10.752176284790039
26.1768856048584
1.999999987845058e-08
1.999999987845058e-08
6.281598091125488
17.850914001464844
-1.999999987845058e-08
-1.999999987845058e-08
-4.909564018249512
13.107572555541992
1.999999987845058e-08
1.999999987845058e-08
-17.50239372253418
14.64522647857666
-1.999999987845058e-08
-1.999999987845058e-08
-26.180591583251953
25.63221549987793
1.999999987845058e-08
1.999999987845058e-08
-26.180591583251953
25.63221549987793
-1.999999987845058e-08
-1.999999987845058e-08
-26.6733341217041
40.63704299926758
1.999999987845058e-08
1.999999987845058e-08
-21.554576873779297
55.89370346069336
-1.999999987845058e-08
-1.999999987845058e-08
-15.789670944213867
68.92418670654297
1.999999987845058e-08
1.999999987845058e-08
-0.4126851260662079
71.02143096923828
-1.999999987845058e-08
-1.999999987845058e-08
37.69663619995117
63.11457061767578
1.999999987845058e-08
1.999999987845058e-08
66.13442993164062
56.44914245605469
-1.999999987845058e-08
-1.999999987845058e-08
32.12896728515625
47.119049072265625
1.999999987845058e-08
1.999999987845058e-08
-29.46712875366211
25.318315505981445
-1.999999987845058e-08
-1.999999987845058e-08
-35.569374084472656
4.039330005645752
1.999999987845058e-08
1.999999987845058e-08
-29.46712875366211
25.318315505981445
-1.999999987845058e-08
-1.999999987845058e-08
-35.569374084472656
4.039330005645752
1.999999987845058e-08
1.999999987845058e-08
-1.2856767177581787
1.090958833694458
-1.999999987845058e-08
-1.999999987845058e-08
2.387857675552368
8.401002883911133
1.999999987845058e-08
1.999999987845058e-08
-12.568402290344238
5.565196514129639
-1.999999987845058e-08
-1.999999987845058e-08
1.1732217073440552
-11.243692398071289
1.999999987845058e-08
1.999999987845058e-08
13.687397956848145
-27.73004150390625
-1.999999987845058e-08
-1.999999987845058e-08
-19.54281997680664
-30.122838973999023
1.999999987845058e-08
1.999999987845058e-08
-59.170223236083984
-13.075531959533691
-1.999999987845058e-08
-1.999999987845058e-08
-49.8965950012207
23.200876235961914
1.999999987845058e-08
1.999999987845058e-08
-14.405776977539062
63.37335968017578
-1.999999987845058e-08
-1.999999987845058e-08
-2.838669776916504
75.90653991699219
1.999999987845058e-08
1.999999987845058e-08
-13.271080017089844
47.24925994873047
-1.999999987845058e-08
-1.999999987845058e-08
-15.619948387145996
4.8079376220703125
1.999999987845058e-08
1.999999987845058e-08
-1.3710144758224487
-14.513242721557617
-1.999999987845058e-08
-1.999999987845058e-08
18.46660614013672
-3.292313814163208
1.999999987845058e-08
1.999999987845058e-08
25.358253479003906
18.792373657226562
-1.999999987845058e-08
-1.999999987845058e-08
4.381837368011475
28.15508270263672
1.999999987845058e-08
1.999999987845058e-08
-25.346588134765625
16.170297622680664
-1.999999987845058e-08
-1.999999987845058e-08
-18.059772491455078
-3.9090840816497803
1.999999987845058e-08
1.999999987845058e-08
41.309730529785156
-13.684175491333008
-1.999999987845058e-08
-1.999999987845058e-08
1.3120439052581787
-23.761423110961914
1.999999987845058e-08
1.999999987845058e-08
-29.015214920043945
-44.49665069580078
-1.999999987845058e-08
-1.999999987845058e-08
-2.0148561000823975
-49.796104431152344
1.999999987845058e-08
1.999999987845058e-08
25.080860137939453
-29.131940841674805
-1.999999987845058e-08
-1.999999987845058e-08
-10.017258644104004
-3.366380453109741
1.999999987845058e-08
1.999999987845058e-08
-57.164791107177734
12.542414665222168
-1.999999987845058e-08
-1.999999987845058e-08
-34.15449142456055
19.715744018554688
1.999999987845058e-08
1.999999987845058e-08
25.577579498291016
15.128721237182617
-1.999999987845058e-08
-1.999999987845058e-08
26.310848236083984
-2.2708473205566406
1.999999987845058e-08
1.999999987845058e-08
-22.17108154296875
-17.779956817626953
-1.999999987845058e-08
-1.999999987845058e-08
-26.752304077148438
-16.399341583251953
1.999999987845058e-08
1.999999987845058e-08
19.17189598083496
-4.726134300231934
-1.999999987845058e-08
-1.999999987845058e-08
29.363731384277344
0.0011139692505821586
1.999999987845058e-08
1.999999987845058e-08
-14.207244873046875
-3.4676733016967773
-1.999999987845058e-08
-1.999999987845058e-08
-29.659263610839844
-6.320343971252441
1.999999987845058e-08
1.999999987845058e-08
15.76746940612793
-13.402040481567383
-1.999999987845058e-08
-1.999999987845058e-08
46.313140869140625
-33.12804412841797
1.999999987845058e-08
1.999999987845058e-08
8.144570350646973
-51.353919982910156
-1.999999987845058e-08
-1.999999987845058e-08
-42.02728271484375
-44.189598083496094
1.999999987845058e-08
1.999999987845058e-08
-8.093944549560547
2.234506368637085
-1.999999987845058e-08
-1.999999987845058e-08
-10.134090423583984
19.145065307617188
1.999999987845058e-08
1.999999987845058e-08
-21.694019317626953
44.870697021484375
-1.999999987845058e-08
-1.999999987845058e-08
-24.182538986206055
69.1521987915039
1.999999987845058e-08
1.999999987845058e-08
-6.466843605041504
67.5931625366211
-1.999999987845058e-08
-1.999999987845058e-08
12.060372352600098
38.405757904052734
1.999999987845058e-08
1.999999987845058e-08
12.922904014587402
7.204482078552246
-1.999999987845058e-08
-1.999999987845058e-08
7.711153984069824
-6.367824554443359
1.999999987845058e-08
1.999999987845058e-08
9.096832275390625
-4.732352256774902
-1.999999987845058e-08
-1.999999987845058e-08
4.9993085861206055
-0.006507574580609798
1.999999987845058e-08
1.999999987845058e-08
-34.17710876464844
33.375343322753906
-1.999999987845058e-08
-1.999999987845058e-08
-37.76600646972656
37.02718734741211
1.999999987845058e-08
1.999999987845058e-08
-10.91257381439209
33.96443557739258
-1.999999987845058e-08
-1.999999987845058e-08
10.331940650939941
33.04527282714844
1.999999987845058e-08
1.999999987845058e-08
-2.313727855682373
28.25551414489746
-1.999999987845058e-08
-1.999999987845058e-08
-20.337846755981445
20.282697677612305
1.999999987845058e-08
1.999999987845058e-08
-5.470731258392334
21.793615341186523
-1.999999987845058e-08
-1.999999987845058e-08
22.34219741821289
35.32855224609375
1.999999987845058e-08
1.999999987845058e-08
18.452404022216797
48.85982131958008
-1.999999987845058e-08
-1.999999987845058e-08
-4.798895835876465
48.46062469482422
1.999999987845058e-08
1.999999987845058e-08
26.477245330810547
3.3321025371551514
-1.999999987845058e-08
-1.999999987845058e-08
19.4737491607666
-2.1736879348754883
1.999999987845058e-08
1.999999987845058e-08
-21.6080265045166
21.40463638305664
-1.999999987845058e-08
-1.999999987845058e-08
-39.03340148925781
53.710514068603516
1.999999987845058e-08
1.999999987845058e-08
-14.433300018310547
71.8734130859375
-1.999999987845058e-08
-1.999999987845058e-08
5.38916015625
73.11639404296875
1.999999987845058e-08
1.999999987845058e-08
-4.4688568115234375
64.63139343261719
-1.999999987845058e-08
-1.999999987845058e-08
-9.493298530578613
51.93782043457031
1.999999987845058e-08
1.999999987845058e-08
11.812691688537598
40.690086364746094
-1.999999987845058e-08
-1.999999987845058e-08
27.081039428710938
32.88905715942383
1.999999987845058e-08
1.999999987845058e-08
-9.493298530578613
51.93782043457031
-1.999999987845058e-08
-1.999999987845058e-08
11.812691688537598
40.690086364746094
1.999999987845058e-08
1.999999987845058e-08
27.081039428710938
32.88905715942383
-1.999999987845058e-08
-1.999999987845058e-08
9.845065116882324
27.060047149658203
1.999999987845058e-08
1.999999987845058e-08
-13.643485069274902
27.129175186157227
-1.999999987845058e-08
-1.999999987845058e-08
-8.480006217956543
33.71152114868164
1.999999987845058e-08
1.999999987845058e-08
13.361462593078613
34.53745651245117
-1.999999987845058e-08
-1.999999987845058e-08
16.27928352355957
23.76953887939453
1.999999987845058e-08
1.999999987845058e-08
-2.6317107677459717
18.304916381835938
-1.999999987845058e-08
-1.999999987845058e-08
-16.024904251098633
34.570655822753906
1.999999987845058e-08
1.999999987845058e-08
-16.024904251098633
34.570655822753906
-1.999999987845058e-08
-1.999999987845058e-08
-11.78974437713623
59.987667083740234
1.999999987845058e-08
1.999999987845058e-08
-4.009335517883301
72.05941009521484
-1.999999987845058e-08
-1.999999987845058e-08
-1.7918072938919067
70.73247528076172
1.999999987845058e-08
1.999999987845058e-08
3.378521680831909
63.844696044921875
-1.999999987845058e-08
-1.999999987845058e-08
13.49283504486084
45.60134506225586
1.999999987845058e-08
1.999999987845058e-08
14.548688888549805
19.67991828918457
-1.999999987845058e-08
-1.999999987845058e-08
2.1486523151397705
11.604572296142578
1.999999987845058e-08
1.999999987845058e-08
-7.686653137207031
30.01955795288086
-1.999999987845058e-08
-1.999999987845058e-08
-5.240805149078369
50.41215896606445
1.999999987845058e-08
1.999999987845058e-08
14.548688888549805
19.67991828918457
-1.999999987845058e-08
-1.999999987845058e-08
2.1486523151397705
11.604572296142578
1.999999987845058e-08
1.999999987845058e-08
-7.686653137207031
30.01955795288086
-1.999999987845058e-08
-1.999999987845058e-08
-5.240805149078369
50.41215896606445
1.999999987845058e-08
1.999999987845058e-08
-0.5464161038398743
51.56211471557617
-1.999999987845058e-08
-1.999999987845058e-08
-0.19873808324337006
35.80060577392578
1.999999987845058e-08
1.999999987845058e-08
2.333698034286499
16.844383239746094
-1.999999987845058e-08
-1.999999987845058e-08
5.829555034637451
12.180851936340332
1.999999987845058e-08
1.999999987845058e-08
1.1060669422149658
29.965574264526367
-1.999999987845058e-08
-1.999999987845058e-08
-5.886885643005371
48.95819854736328
1.999999987845058e-08
1.999999987845058e-08
2.333698034286499
16.844383239746094
-1.999999987845058e-08
-1.999999987845058e-08
5.829555034637451
12.180851936340332
1.999999987845058e-08
1.999999987845058e-08
1.1060669422149658
29.965574264526367
-1.999999987845058e-08
-1.999999987845058e-08
-5.886885643005371
48.95819854736328
1.999999987845058e-08
1.999999987845058e-08
-3.371095895767212
42.987213134765625
-1.999999987845058e-08
-1.999999987845058e-08
2.4148223400115967
24.874414443969727
1.999999987845058e-08
1.999999987845058e-08
2.5537257194519043
21.920988082885742
-1.999999987845058e-08
-1.999999987845058e-08
4.942010879516602
24.96531105041504
1.999999987845058e-08
1.999999987845058e-08
16.740537643432617
9.292348861694336
-1.999999987845058e-08
-1.999999987845058e-08
28.84294891357422
-16.197959899902344
1.999999987845058e-08
1.999999987845058e-08
2.5537257194519043
21.920989990234375
-1.999999987845058e-08
-1.999999987845058e-08
4.942010879516602
24.96531105041504
1.999999987845058e-08
1.999999987845058e-08
16.740537643432617
9.292348861694336
-1.999999987845058e-08
-1.999999987845058e-08
28.84294891357422
-16.197959899902344
1.999999987845058e-08
1.999999987845058e-08
30.2857608795166
-21.9678955078125
-1.999999987845058e-08
-1.999999987845058e-08
22.86351776123047
-7.916110992431641
1.999999987845058e-08
1.999999987845058e-08
14.724771499633789
-5.332981109619141
-1.999999987845058e-08
-1.999999987845058e-08
9.687199592590332
-26.64985466003418
1.999999987845058e-08
1.999999987845058e-08
8.262553215026855
-47.5961799621582
-1.999999987845058e-08
-1.999999987845058e-08
7.754343509674072
-42.93081283569336
1.999999987845058e-08
1.999999987845058e-08
22.86351776123047
-7.916110992431641
-1.999999987845058e-08
-1.999999987845058e-08
14.724771499633789
-5.332981109619141
1.999999987845058e-08
1.999999987845058e-08
9.687199592590332
-26.64985466003418
-1.999999987845058e-08
-1.999999987845058e-08
8.262553215026855
-47.5961799621582
1.999999987845058e-08
1.999999987845058e-08
7.754343509674072
-42.93081283569336
-1.999999987845058e-08
-1.999999987845058e-08
-0.3190058767795563
-10.840128898620605
1.999999987845058e-08
1.999999987845058e-08
-15.510557174682617
28.27722930908203
-1.999999987845058e-08
-1.999999987845058e-08
-18.30392074584961
43.06861877441406
1.999999987845058e-08
1.999999987845058e-08
1.991737961769104
22.705659866333008
-1.999999987845058e-08
-1.999999987845058e-08
22.92951774597168
-5.217694282531738
1.999999987845058e-08
1.999999987845058e-08
0.4132160246372223
3.5178425312042236
-1.999999987845058e-08
-1.999999987845058e-08
-3.937901258468628
14.908219337463379
1.999999987845058e-08
1.999999987845058e-08
9.877839088439941
13.909018516540527
-1.999999987845058e-08
-1.999999987845058e-08
22.15839958190918
-0.6852766871452332
1.999999987845058e-08
1.999999987845058e-08
20.830575942993164
-20.554800033569336
-1.999999987845058e-08
-1.999999987845058e-08
10.233057975769043
-21.892744064331055
1.999999987845058e-08
1.999999987845058e-08
-1.923576831817627
7.365318775177002
-1.999999987845058e-08
-1.999999987845058e-08
-12.457679748535156
45.441375732421875
1.999999987845058e-08
1.999999987845058e-08
-18.219024658203125
61.68247604370117
-1.999999987845058e-08
-1.999999987845058e-08
-13.199078559875488
44.85322189331055
1.999999987845058e-08
1.999999987845058e-08
-1.8413456678390503
7.603065013885498
-1.999999987845058e-08
-1.999999987845058e-08
-2.0413010120391846
-24.24786376953125
1.999999987845058e-08
1.999999987845058e-08
-18.355804443359375
-36.40098571777344
-1.999999987845058e-08
-1.999999987845058e-08
-31.66917610168457
-36.575706481933594
1.999999987845058e-08
1.999999987845058e-08
-28.260414123535156
-36.463958740234375
-1.999999987845058e-08
-1.999999987845058e-08
-19.18486785888672
-37.92245101928711
1.999999987845058e-08
1.999999987845058e-08
-20.718685150146484
-35.703006744384766
-1.999999987845058e-08
-1.999999987845058e-08
-29.377296447753906
-25.411746978759766
1.999999987845058e-08
1.999999987845058e-08
-29.4476318359375
-11.358237266540527
-1.999999987845058e-08
-1.999999987845058e-08
-19.58301544189453
-0.5215590596199036
1.999999987845058e-08
1.999999987845058e-08
-19.58301544189453
-0.5215591192245483
-1.999999987845058e-08
-1.999999987845058e-08
-12.14598560333252
8.15783405303955
1.999999987845058e-08
1.999999987845058e-08
-7.606276988983154
15.338068962097168
-1.999999987845058e-08
-1.999999987845058e-08
3.962336301803589
14.75094985961914
1.999999987845058e-08
1.999999987845058e-08
18.36800193786621
4.58689546585083
-1.999999987845058e-08
-1.999999987845058e-08
22.336626052856445
-6.763099670410156
1.999999987845058e-08
1.999999987845058e-08
17.72968292236328
-9.968277931213379
-1.999999987845058e-08
-1.999999987845058e-08
16.110137939453125
-4.935886859893799
1.999999987845058e-08
1.999999987845058e-08
15.711095809936523
2.027482748031616
-1.999999987845058e-08
-1.999999987845058e-08
5.60011625289917
9.620285034179688
1.999999987845058e-08
1.999999987845058e-08
-12.007370948791504
28.007108688354492
-1.999999987845058e-08
-1.999999987845058e-08
-1.362213373184204
33.63486862182617
1.999999987845058e-08
1.999999987845058e-08
3.5720996856689453
44.87922668457031
-1.999999987845058e-08
-1.999999987845058e-08
0.49213075637817383
55.958683013916016
1.999999987845058e-08
1.999999987845058e-08
5.220826148986816
48.42582321166992
-1.999999987845058e-08
-1.999999987845058e-08
18.666095733642578
26.520004272460938
1.999999987845058e-08
1.999999987845058e-08
24.502439498901367
15.726234436035156
-1.999999987845058e-08
-1.999999987845058e-08
16.540401458740234
24.68233871459961
1.999999987845058e-08
1.999999987845058e-08
6.2626776695251465
37.53336715698242
-1.999999987845058e-08
-1.999999987845058e-08
5.585100173950195
37.32329559326172
1.999999987845058e-08
1.999999987845058e-08
13.393169403076172
19.18881607055664
-1.999999987845058e-08
-1.999999987845058e-08
18.21053695678711
-5.891389846801758
1.999999987845058e-08
1.999999987845058e-08
11.983664512634277
-14.931205749511719
-1.999999987845058e-08
-1.999999987845058e-08
1.0709362030029297
2.0360443592071533
1.999999987845058e-08
1.999999987845058e-08
-2.4583022594451904
28.305580139160156
-1.999999987845058e-08
-1.999999987845058e-08
1.6243863105773926
45.01250076293945
1.999999987845058e-08
1.999999987845058e-08
4.352590084075928
51.644744873046875
-1.999999987845058e-08
-1.999999987845058e-08
3.132845640182495
55.93059158325195
1.999999987845058e-08
1.999999987845058e-08
2.409576177597046
59.70508575439453
-1.999999987845058e-08
-1.999999987845058e-08
3.6734719276428223
59.663230895996094
1.999999987845058e-08
1.999999987845058e-08
3.18906569480896
53.13799285888672
-1.999999987845058e-08
-1.999999987845058e-08
3.2763993740081787
59.117488861083984
1.999999987845058e-08
1.999999987845058e-08
4.769233703613281
58.55853271484375
-1.999999987845058e-08
-1.999999987845058e-08
5.094381332397461
50.86839294433594
1.999999987845058e-08
1.999999987845058e-08
1.74672269821167
49.27681350708008
-1.999999987845058e-08
-1.999999987845058e-08
2.117335557937622
48.5206184387207
1.999999987845058e-08
1.999999987845058e-08
13.103596687316895
26.872663497924805
-1.999999987845058e-08
-1.999999987845058e-08
22.14653968811035
-4.197969913482666
1.999999987845058e-08
1.999999987845058e-08
13.067117691040039
-6.734013080596924
-1.999999987845058e-08
-1.999999987845058e-08
-6.3402228355407715
25.176057815551758
1.999999987845058e-08
1.999999987845058e-08
-14.778101921081543
60.75681686401367
-1.999999987845058e-08
-1.999999987845058e-08
-5.686063289642334
74.20833587646484
1.999999987845058e-08
1.999999987845058e-08
10.00148868560791
63.95687484741211
-1.999999987845058e-08
-1.999999987845058e-08
19.97475242614746
44.701045989990234
1.999999987845058e-08
1.999999987845058e-08
19.757822036743164
32.62184143066406
-1.999999987845058e-08
-1.999999987845058e-08
13.336413383483887
31.80303382873535
1.999999987845058e-08
1.999999987845058e-08
8.588247299194336
34.015506744384766
-1.999999987845058e-08
-1.999999987845058e-08
8.06965446472168
32.792320251464844
1.999999987845058e-08
1.999999987845058e-08
9.061985969543457
27.48714828491211
-1.999999987845058e-08
-1.999999987845058e-08
11.227351188659668
15.880221366882324
1.999999987845058e-08
1.999999987845058e-08
11.227351188659668
15.880221366882324
-1.999999987845058e-08
-1.999999987845058e-08
14.173723220825195
-0.959575891494751
1.999999987845058e-08
1.999999987845058e-08
13.234907150268555
-12.177772521972656
-1.999999987845058e-08
-1.999999987845058e-08
6.110589981079102
-10.534056663513184
1.999999987845058e-08
1.999999987845058e-08
-2.0965914726257324
-5.184510707855225
-1.999999987845058e-08
-1.999999987845058e-08
-7.1228928565979
-7.9599456787109375
1.999999987845058e-08
1.999999987845058e-08
-12.858352661132812
-13.972744941711426
-1.999999987845058e-08
-1.999999987845058e-08
-22.836042404174805
-6.219006538391113
1.999999987845058e-08
1.999999987845058e-08
-30.620988845825195
22.149009704589844
-1.999999987845058e-08
-1.999999987845058e-08
-24.3632869720459
50.64415740966797
1.999999987845058e-08
1.999999987845058e-08
-24.3632869720459
50.64415740966797
-1.999999987845058e-08
-1.999999987845058e-08
-0.5991324186325073
48.07590866088867
1.999999987845058e-08
1.999999987845058e-08
26.610261917114258
14.568981170654297
-1.999999987845058e-08
-1.999999987845058e-08
35.676292419433594
-15.31218433380127
1.999999987845058e-08
1.999999987845058e-08
20.132463455200195
-18.262418746948242
-1.999999987845058e-08
-1.999999987845058e-08
-3.4448866844177246
-6.063102722167969
1.999999987845058e-08
1.999999987845058e-08
-14.10562515258789
-0.716935932636261
-1.999999987845058e-08
-1.999999987845058e-08
-9.217694282531738
-8.178256034851074
1.999999987845058e-08
1.999999987845058e-08
-2.8744451999664307
-20.511648178100586
-1.999999987845058e-08
-1.999999987845058e-08
-4.631541728973389
-30.621217727661133
1.999999987845058e-08
1.999999987845058e-08
-4.631541728973389
-30.621217727661133
-1.999999987845058e-08
-1.999999987845058e-08
-10.149435997009277
-37.2927360534668
1.999999987845058e-08
1.999999987845058e-08
-14.15042781829834
-37.43562316894531
-1.999999987845058e-08
-1.999999987845058e-08
-17.200651168823242
-27.437509536743164
1.999999987845058e-08
1.999999987845058e-08
-15.331446647644043
-19.351449966430664
-1.999999987845058e-08
-1.999999987845058e-08
-3.6474127769470215
-32.50189208984375
1.999999987845058e-08
1.999999987845058e-08
5.705925941467285
-55.78599166870117
-1.999999987845058e-08
-1.999999987845058e-08
-3.9298386573791504
-53.48662567138672
1.999999987845058e-08
1.999999987845058e-08
-22.68408203125
-22.728343963623047
-1.999999987845058e-08
-1.999999987845058e-08
-25.88922119140625
-0.17843683063983917
1.999999987845058e-08
1.999999987845058e-08
-11.32345962524414
-6.062154769897461
-1.999999987845058e-08
-1.999999987845058e-08
1.019327163696289
-24.63727569580078
1.999999987845058e-08
1.999999987845058e-08
-2.2534704208374023
-35.74098205566406
-1.999999987845058e-08
-1.999999987845058e-08
-14.522664070129395
-36.205020904541016
1.999999987845058e-08
1.999999987845058e-08
-19.76387596130371
-34.98091125488281
-1.999999987845058e-08
-1.999999987845058e-08
-12.577544212341309
-38.29795455932617
1.999999987845058e-08
1.999999987845058e-08
