0
27.971498489379883
97.93560791015625
1.999999987845058e-08
1.999999987845058e-08
30.731306076049805
83.29180145263672
-1.999999987845058e-08
-1.999999987845058e-08
26.919662475585938
77.43699645996094
1.999999987845058e-08
1.999999987845058e-08
23.85936737060547
73.37996673583984
-1.999999987845058e-08
-1.999999987845058e-08
24.209444046020508
64.74012756347656
1.999999987845058e-08
1.999999987845058e-08
24.32046127319336
56.15851593017578
-1.999999987845058e-08
-1.999999987845058e-08
21.093006134033203
55.62073516845703
1.999999987845058e-08
1.999999987845058e-08
17.94448471069336
61.039947509765625
-1.999999987845058e-08
-1.999999987845058e-08
18.426807403564453
62.00163650512695
1.999999987845058e-08
1.999999987845058e-08
17.95281410217285
58.03422546386719
-1.999999987845058e-08
-1.999999987845058e-08
11.458011627197266
60.63365173339844
1.999999987845058e-08
1.999999987845058e-08
1.7360111474990845
76.13016510009766
-1.999999987845058e-08
-1.999999987845058e-08
-5.651999473571777
97.2039566040039
1.999999987845058e-08
1.999999987845058e-08
-8.187260627746582
111.14515686035156
-1.999999987845058e-08
-1.999999987845058e-08
-5.98320198059082
113.06218719482422
1.999999987845058e-08
1.999999987845058e-08
-0.5313820242881775
107.55743408203125
-1.999999987845058e-08
-1.999999987845058e-08
5.178502559661865
100.1474609375
1.999999987845058e-08
1.999999987845058e-08
7.728457450866699
94.05205535888672
-1.999999987845058e-08
-1.999999987845058e-08
6.698566436767578
91.45787048339844
1.999999987845058e-08
1.999999987845058e-08
5.612329483032227
91.64445495605469
-1.999999987845058e-08
-1.999999987845058e-08
7.21373987197876
90.22037506103516
1.999999987845058e-08
1.999999987845058e-08
9.066750526428223
85.86827087402344
-1.999999987845058e-08
-1.999999987845058e-08
7.522486686706543
83.3240966796875
1.999999987845058e-08
1.999999987845058e-08
5.653192043304443
79.62989807128906
-1.999999987845058e-08
-1.999999987845058e-08
7.517236709594727
65.46994018554688
1.999999987845058e-08
1.999999987845058e-08
6.289813995361328
51.926124572753906
-1.999999987845058e-08
-1.999999987845058e-08
-5.171314716339111
62.25051498413086
1.999999987845058e-08
1.999999987845058e-08
-18.84017562866211
94.74036407470703
-1.999999987845058e-08
-1.999999987845058e-08
-22.467124938964844
126.15147399902344
1.999999987845058e-08
1.999999987845058e-08
-22.467124938964844
126.15147399902344
-1.999999987845058e-08
-1.999999987845058e-08
-13.542680740356445
136.85748291015625
1.999999987845058e-08
1.999999987845058e-08
3.0311145782470703
118.4396743774414
-1.999999987845058e-08
-1.999999987845058e-08
16.539281845092773
84.10136413574219
1.999999987845058e-08
1.999999987845058e-08
16.494029998779297
66.22393035888672
-1.999999987845058e-08
-1.999999987845058e-08
6.947005748748779
78.31983184814453
1.999999987845058e-08
1.999999987845058e-08
1.5570789575576782
98.23368072509766
-1.999999987845058e-08
-1.999999987845058e-08
3.9523227214813232
103.26664733886719
1.999999987845058e-08
1.999999987845058e-08
6.7867937088012695
95.82057189941406
-1.999999987845058e-08
-1.999999987845058e-08
4.817263126373291
88.27249908447266
1.999999987845058e-08
1.999999987845058e-08
-7.776639461517334
98.15460205078125
-1.999999987845058e-08
-1.999999987845058e-08
-8.667438507080078
111.05558776855469
1.999999987845058e-08
1.999999987845058e-08
-0.9083213210105896
112.27828216552734
-1.999999987845058e-08
-1.999999987845058e-08
11.42835807800293
94.27643585205078
1.999999987845058e-08
1.999999987845058e-08
18.479583740234375
68.19605255126953
-1.999999987845058e-08
-1.999999987845058e-08
12.967255592346191
55.878360748291016
1.999999987845058e-08
1.999999987845058e-08
-1.6490223407745361
68.60128784179688
-1.999999987845058e-08
-1.999999987845058e-08
-13.09787368774414
93.08330535888672
1.999999987845058e-08
1.999999987845058e-08
-13.48906135559082
104.43276977539062
-1.999999987845058e-08
-1.999999987845058e-08
-9.912354469299316
100.40828704833984
1.999999987845058e-08
1.999999987845058e-08
-9.912354469299316
100.40828704833984
-1.999999987845058e-08
-1.999999987845058e-08
-12.63163948059082
104.01557159423828
1.999999987845058e-08
1.999999987845058e-08
-15.298202514648438
120.31427764892578
-1.999999987845058e-08
-1.999999987845058e-08
-4.958043575286865
122.13514709472656
1.999999987845058e-08
1.999999987845058e-08
11.729567527770996
94.27357482910156
-1.999999987845058e-08
-1.999999987845058e-08
15.399474143981934
59.99464797973633
1.999999987845058e-08
1.999999987845058e-08
4.018770217895508
47.37205505371094
-1.999999987845058e-08
-1.999999987845058e-08
-6.495519638061523
57.43447494506836
1.999999987845058e-08
1.999999987845058e-08
-5.777519702911377
72.35027313232422
-1.999999987845058e-08
-1.999999987845058e-08
2.627609968185425
72.8786392211914
1.999999987845058e-08
1.999999987845058e-08
-5.777519702911377
72.35027313232422
-1.999999987845058e-08
-1.999999987845058e-08
2.627609968185425
72.8786392211914
1.999999987845058e-08
1.999999987845058e-08
7.0728325843811035
57.9283561706543
-1.999999987845058e-08
-1.999999987845058e-08
-0.797537624835968
51.595027923583984
1.999999987845058e-08
1.999999987845058e-08
-14.190476417541504
70.08578491210938
-1.999999987845058e-08
-1.999999987845058e-08
-19.687028884887695
97.99134826660156
1.999999987845058e-08
1.999999987845058e-08
-14.884819030761719
112.93438720703125
-1.999999987845058e-08
-1.999999987845058e-08
-7.093693256378174
110.29313659667969
1.999999987845058e-08
1.999999987845058e-08
-2.6938960552215576
99.5547866821289
-1.999999987845058e-08
-1.999999987845058e-08
-2.0561954975128174
89.88909912109375
1.999999987845058e-08
1.999999987845058e-08
3.1772372722625732
69.73554992675781
-1.999999987845058e-08
-1.999999987845058e-08
4.793225288391113
67.53462982177734
1.999999987845058e-08
1.999999987845058e-08
2.539125680923462
78.86372375488281
-1.999999987845058e-08
-1.999999987845058e-08
0.7056482434272766
89.29723358154297
1.999999987845058e-08
1.999999987845058e-08
-1.312942385673523
87.60623931884766
-1.999999987845058e-08
-1.999999987845058e-08
-6.867983341217041
79.17853546142578
1.999999987845058e-08
1.999999987845058e-08
-10.074199676513672
67.69702911376953
-1.999999987845058e-08
-1.999999987845058e-08
-3.7704110145568848
49.4715576171875
1.999999987845058e-08
1.999999987845058e-08
5.582726955413818
26.482498168945312
-1.999999987845058e-08
-1.999999987845058e-08
3.5441501140594482
13.446359634399414
1.999999987845058e-08
1.999999987845058e-08
-13.613036155700684
27.177536010742188
-1.999999987845058e-08
-1.999999987845058e-08
-33.61046600341797
64.70295715332031
1.999999987845058e-08
1.999999987845058e-08
-43.35506820678711
101.53628540039062
-1.999999987845058e-08
-1.999999987845058e-08
-40.19220733642578
112.64067840576172
1.999999987845058e-08
1.999999987845058e-08
-29.164487838745117
92.09693145751953
-1.999999987845058e-08
-1.999999987845058e-08
-19.22486114501953
61.135562896728516
1.999999987845058e-08
1.999999987845058e-08
-15.747201919555664
47.81007385253906
-1.999999987845058e-08
-1.999999987845058e-08
-13.755036354064941
53.24250793457031
1.999999987845058e-08
1.999999987845058e-08
-8.016167640686035
57.26184844970703
-1.999999987845058e-08
-1.999999987845058e-08
-2.4650070667266846
52.55875778198242
1.999999987845058e-08
1.999999987845058e-08
0.008803813718259335
46.65052032470703
-1.999999987845058e-08
-1.999999987845058e-08
3.649690628051758
38.19461441040039
1.999999987845058e-08
1.999999987845058e-08
7.921382427215576
19.611854553222656
-1.999999987845058e-08
-1.999999987845058e-08
4.028327941894531
-1.7510262727737427
1.999999987845058e-08
1.999999987845058e-08
-9.395973205566406
-10.036240577697754
-1.999999987845058e-08
-1.999999987845058e-08
-20.545089721679688
-4.968019962310791
1.999999987845058e-08
1.999999987845058e-08
-21.342994689941406
1.106948733329773
-1.999999987845058e-08
-1.999999987845058e-08
-17.064138412475586
1.8710265159606934
1.999999987845058e-08
1.999999987845058e-08
-16.501008987426758
2.38459849357605
-1.999999987845058e-08
-1.999999987845058e-08
-22.119613647460938
15.658661842346191
1.999999987845058e-08
1.999999987845058e-08
-22.119613647460938
15.658661842346191
-1.999999987845058e-08
-1.999999987845058e-08
-25.655717849731445
41.98832321166992
1.999999987845058e-08
1.999999987845058e-08
-15.27342414855957
53.99943542480469
-1.999999987845058e-08
-1.999999987845058e-08
4.879998683929443
32.62530517578125
1.999999987845058e-08
1.999999987845058e-08
15.073490142822266
0.3699183166027069
-1.999999987845058e-08
-1.999999987845058e-08
6.65248966217041
-11.000910758972168
1.999999987845058e-08
1.999999987845058e-08
-6.8850016593933105
-3.0932092666625977
-1.999999987845058e-08
-1.999999987845058e-08
-10.537349700927734
1.2488796710968018
1.999999987845058e-08
1.999999987845058e-08
-6.119606971740723
-6.470391273498535
-1.999999987845058e-08
-1.999999987845058e-08
-3.559234380722046
-17.75531005859375
1.999999987845058e-08
1.999999987845058e-08
-19.389501571655273
-54.311119079589844
-1.999999987845058e-08
-1.999999987845058e-08
-27.45183753967285
-21.87131690979004
1.999999987845058e-08
1.999999987845058e-08
-30.934045791625977
16.46718978881836
-1.999999987845058e-08
-1.999999987845058e-08
-23.77836036682129
30.07745361328125
1.999999987845058e-08
1.999999987845058e-08
-7.950723648071289
4.664133071899414
-1.999999987845058e-08
-1.999999987845058e-08
3.9563143253326416
-33.035282135009766
1.999999987845058e-08
1.999999987845058e-08
4.379428863525391
-48.62631607055664
-1.999999987845058e-08
-1.999999987845058e-08
-1.0486036539077759
-41.429290771484375
1.999999987845058e-08
1.999999987845058e-08
-5.697897911071777
-30.179771423339844
-1.999999987845058e-08
-1.999999987845058e-08
-8.004524230957031
-25.40427589416504
1.999999987845058e-08
1.999999987845058e-08
-8.004524230957031
-25.40427589416504
-1.999999987845058e-08
-1.999999987845058e-08
-5.251636981964111
-33.36052703857422
1.999999987845058e-08
1.999999987845058e-08
2.8456766605377197
-58.09728240966797
-1.999999987845058e-08
-1.999999987845058e-08
6.287546157836914
-83.84355163574219
1.999999987845058e-08
1.999999987845058e-08
-2.7911531925201416
-83.225341796875
-1.999999987845058e-08
-1.999999987845058e-08
-13.868059158325195
-57.367523193359375
1.999999987845058e-08
1.999999987845058e-08
-11.208138465881348
-38.07924270629883
-1.999999987845058e-08
-1.999999987845058e-08
3.6290030479431152
-42.92655563354492
1.999999987845058e-08
1.999999987845058e-08
15.79229736328125
-58.58416748046875
-1.999999987845058e-08
-1.999999987845058e-08
15.904120445251465
-68.23025512695312
1.999999987845058e-08
1.999999987845058e-08
6.808861255645752
-68.6114273071289
-1.999999987845058e-08
-1.999999987845058e-08
-2.529834032058716
-62.63042449951172
1.999999987845058e-08
1.999999987845058e-08
-4.043576240539551
-58.09192657470703
-1.999999987845058e-08
-1.999999987845058e-08
2.492797374725342
-66.16374206542969
1.999999987845058e-08
1.999999987845058e-08
5.288801670074463
-78.55220794677734
-1.999999987845058e-08
-1.999999987845058e-08
-4.4212846755981445
-71.47081756591797
1.999999987845058e-08
1.999999987845058e-08
-17.11176109313965
-47.5282096862793
-1.999999987845058e-08
-1.999999987845058e-08
-22.02008628845215
-31.52027130126953
1.999999987845058e-08
1.999999987845058e-08
-21.79277801513672
-31.03253746032715
-1.999999987845058e-08
-1.999999987845058e-08
-18.821659088134766
-39.18388748168945
1.999999987845058e-08
1.999999987845058e-08
-18.821659088134766
-39.18388748168945
-1.999999987845058e-08
-1.999999987845058e-08
-11.65566635131836
-51.76022720336914
1.999999987845058e-08
1.999999987845058e-08
-5.254992961883545
-62.08216094970703
-1.999999987845058e-08
-1.999999987845058e-08
-5.483708381652832
-61.95378494262695
1.999999987845058e-08
1.999999987845058e-08
-8.980670928955078
-52.642948150634766
-1.999999987845058e-08
-1.999999987845058e-08
-7.935977458953857
-46.36456298828125
1.999999987845058e-08
1.999999987845058e-08
-0.5081720948219299
-55.1325798034668
-1.999999987845058e-08
-1.999999987845058e-08
6.3364715576171875
-72.87483215332031
1.999999987845058e-08
1.999999987845058e-08
4.984423637390137
-78.31555938720703
-1.999999987845058e-08
-1.999999987845058e-08
-4.052376747131348
-62.1890754699707
1.999999987845058e-08
1.999999987845058e-08
4.984423637390137
-78.31555938720703
-1.999999987845058e-08
-1.999999987845058e-08
-4.052376747131348
-62.1890754699707
1.999999987845058e-08
1.999999987845058e-08
-13.82592487335205
-36.00135803222656
-1.999999987845058e-08
-1.999999987845058e-08
-16.207029342651367
-17.814151763916016
1.999999987845058e-08
1.999999987845058e-08
-7.525686264038086
-18.551673889160156
-1.999999987845058e-08
-1.999999987845058e-08
6.3488545417785645
-33.563350677490234
1.999999987845058e-08
1.999999987845058e-08
15.20087718963623
-46.586238861083984
-1.999999987845058e-08
-1.999999987845058e-08
14.977824211120605
-45.008522033691406
1.999999987845058e-08
1.999999987845058e-08
10.502875328063965
-31.726247787475586
-1.999999987845058e-08
-1.999999987845058e-08
8.982547760009766
-21.80779266357422
1.999999987845058e-08
1.999999987845058e-08
11.6876220703125
-27.653907775878906
-1.999999987845058e-08
-1.999999987845058e-08
-2.740089178085327
9.4761381149292
1.999999987845058e-08
1.999999987845058e-08
-10.251104354858398
39.566490173339844
-1.999999987845058e-08
-1.999999987845058e-08
-4.623674392700195
41.38225173950195
1.999999987845058e-08
1.999999987845058e-08
7.342558860778809
17.777729034423828
-1.999999987845058e-08
-1.999999987845058e-08
12.854659080505371
-5.927309036254883
1.999999987845058e-08
1.999999987845058e-08
9.383829116821289
-10.795302391052246
-1.999999987845058e-08
-1.999999987845058e-08
6.949979782104492
-5.2050018310546875
1.999999987845058e-08
1.999999987845058e-08
10.676716804504395
-4.232594966888428
-1.999999987845058e-08
-1.999999987845058e-08
14.006237030029297
-7.0972700119018555
1.999999987845058e-08
1.999999987845058e-08
13.153790473937988
-8.945479393005371
-1.999999987845058e-08
-1.999999987845058e-08
12.480120658874512
-13.95013427734375
1.999999987845058e-08
1.999999987845058e-08
11.344209671020508
-21.800508499145508
-1.999999987845058e-08
-1.999999987845058e-08
3.2826170921325684
-18.318740844726562
1.999999987845058e-08
1.999999987845058e-08
-8.934800148010254
6.679714202880859
-1.999999987845058e-08
-1.999999987845058e-08
-13.456189155578613
42.30531692504883
1.999999987845058e-08
1.999999987845058e-08
-5.005134582519531
64.60206604003906
-1.999999987845058e-08
-1.999999987845058e-08
10.006869316101074
60.667030334472656
1.999999987845058e-08
1.999999987845058e-08
23.143898010253906
40.46040725708008
-1.999999987845058e-08
-1.999999987845058e-08
30.996246337890625
22.098533630371094
1.999999987845058e-08
1.999999987845058e-08
30.996246337890625
22.098533630371094
-1.999999987845058e-08
-1.999999987845058e-08
32.87534713745117
14.323453903198242
1.999999987845058e-08
1.999999987845058e-08
29.28892707824707
16.062620162963867
-1.999999987845058e-08
-1.999999987845058e-08
24.557283401489258
21.42376136779785
1.999999987845058e-08
1.999999987845058e-08
24.218870162963867
20.603641510009766
-1.999999987845058e-08
-1.999999987845058e-08
26.03350257873535
10.504780769348145
1.999999987845058e-08
1.999999987845058e-08
23.026588439941406
4.579367160797119
-1.999999987845058e-08
-1.999999987845058e-08
17.144609451293945
14.496927261352539
1.999999987845058e-08
1.999999987845058e-08
14.89781379699707
34.6923828125
-1.999999987845058e-08
-1.999999987845058e-08
16.6554012298584
52.72695541381836
1.999999987845058e-08
1.999999987845058e-08
16.6554012298584
52.72695541381836
-1.999999987845058e-08
-1.999999987845058e-08
21.115327835083008
57.2076530456543
1.999999987845058e-08
1.999999987845058e-08
25.35565757751465
45.01142883300781
-1.999999987845058e-08
-1.999999987845058e-08
22.66884994506836
27.005006790161133
1.999999987845058e-08
1.999999987845058e-08
12.357769966125488
13.442451477050781
-1.999999987845058e-08
-1.999999987845058e-08
1.5858205556869507
4.375494956970215
1.999999987845058e-08
1.999999987845058e-08
-5.506349563598633
1.0527180433273315
-1.999999987845058e-08
-1.999999987845058e-08
-10.978873252868652
8.89433479309082
1.999999987845058e-08
1.999999987845058e-08
-16.747007369995117
27.018619537353516
-1.999999987845058e-08
-1.999999987845058e-08
-20.857879638671875
45.10581970214844
1.999999987845058e-08
1.999999987845058e-08
-20.424571990966797
49.9361572265625
-1.999999987845058e-08
-1.999999987845058e-08
-16.81455421447754
38.455623626708984
1.999999987845058e-08
1.999999987845058e-08
-14.049924850463867
24.79579734802246
-1.999999987845058e-08
-1.999999987845058e-08
-11.840861320495605
23.032339096069336
1.999999987845058e-08
1.999999987845058e-08
-6.617341041564941
27.620092391967773
-1.999999987845058e-08
-1.999999987845058e-08
1.2431447505950928
23.198989868164062
1.999999987845058e-08
1.999999987845058e-08
6.547778606414795
6.753462791442871
-1.999999987845058e-08
-1.999999987845058e-08
4.974880218505859
-10.482938766479492
1.999999987845058e-08
1.999999987845058e-08
-2.8612136840820312
-16.56759262084961
-1.999999987845058e-08
-1.999999987845058e-08
-13.555171012878418
-4.680533409118652
1.999999987845058e-08
1.999999987845058e-08
-11.744391441345215
59.4558219909668
-1.999999987845058e-08
-1.999999987845058e-08
4.4319539070129395
27.291471481323242
1.999999987845058e-08
1.999999987845058e-08
7.1780877113342285
-7.589645862579346
-1.999999987845058e-08
-1.999999987845058e-08
-4.238081455230713
-12.952781677246094
1.999999987845058e-08
1.999999987845058e-08
-13.039436340332031
6.512014389038086
-1.999999987845058e-08
-1.999999987845058e-08
-8.507868766784668
24.680036544799805
1.999999987845058e-08
1.999999987845058e-08
3.6595168113708496
23.81324005126953
-1.999999987845058e-08
-1.999999987845058e-08
12.405704498291016
4.158406734466553
1.999999987845058e-08
1.999999987845058e-08
10.33739948272705
-14.145048141479492
-1.999999987845058e-08
-1.999999987845058e-08
-1.4938606023788452
-9.777315139770508
1.999999987845058e-08
1.999999987845058e-08
-13.35409927368164
11.9165620803833
-1.999999987845058e-08
-1.999999987845058e-08
-19.460735321044922
35.690372467041016
1.999999987845058e-08
1.999999987845058e-08
-21.453393936157227
58.73794174194336
-1.999999987845058e-08
-1.999999987845058e-08
-17.628192901611328
71.75946044921875
1.999999987845058e-08
1.999999987845058e-08
-6.2049713134765625
58.40413284301758
-1.999999987845058e-08
-1.999999987845058e-08
5.411313056945801
23.40887451171875
1.999999987845058e-08
1.999999987845058e-08
8.475859642028809
-10.638679504394531
-1.999999987845058e-08
-1.999999987845058e-08
4.060241222381592
-28.694677352905273
1.999999987845058e-08
1.999999987845058e-08
-0.788942277431488
-30.778881072998047
-1.999999987845058e-08
-1.999999987845058e-08
-4.037299156188965
-24.682540893554688
1.999999987845058e-08
1.999999987845058e-08
-4.037299633026123
-24.682540893554688
-1.999999987845058e-08
-1.999999987845058e-08
-9.89470386505127
-16.97831916809082
1.999999987845058e-08
1.999999987845058e-08
-18.30608367919922
-11.130680084228516
-1.999999987845058e-08
-1.999999987845058e-08
-22.649993896484375
-10.001845359802246
1.999999987845058e-08
1.999999987845058e-08
-21.71303367614746
-10.876177787780762
-1.999999987845058e-08
-1.999999987845058e-08
-20.033397674560547
-9.000226974487305
1.999999987845058e-08
1.999999987845058e-08
-16.5081787109375
-9.831199645996094
-1.999999987845058e-08
-1.999999987845058e-08
-8.147517204284668
-18.974119186401367
1.999999987845058e-08
1.999999987845058e-08
1.164607286453247
-29.71112823486328
-1.999999987845058e-08
-1.999999987845058e-08
6.95087194442749
-37.2909049987793
1.999999987845058e-08
1.999999987845058e-08
6.95087194442749
-37.2909049987793
-1.999999987845058e-08
-1.999999987845058e-08
9.22282600402832
-46.604469299316406
1.999999987845058e-08
1.999999987845058e-08
6.789271354675293
-55.58125686645508
-1.999999987845058e-08
-1.999999987845058e-08
-1.628677487373352
-52.882389068603516
1.999999987845058e-08
1.999999987845058e-08
-11.274869918823242
-37.614505767822266
-1.999999987845058e-08
-1.999999987845058e-08
-16.941001892089844
-20.922239303588867
1.999999987845058e-08
1.999999987845058e-08
-18.900022506713867
-10.726139068603516
-1.999999987845058e-08
-1.999999987845058e-08
-17.44495964050293
-10.683822631835938
1.999999987845058e-08
1.999999987845058e-08
-11.915719032287598
-21.037179946899414
-1.999999987845058e-08
-1.999999987845058e-08
-6.434564113616943
-31.39401626586914
1.999999987845058e-08
1.999999987845058e-08
-6.575755596160889
-29.91924476623535
-1.999999987845058e-08
-1.999999987845058e-08
-11.126127243041992
-23.006744384765625
1.999999987845058e-08
1.999999987845058e-08
-13.606026649475098
-30.388986587524414
-1.999999987845058e-08
-1.999999987845058e-08
-13.83880615234375
-53.511783599853516
1.999999987845058e-08
1.999999987845058e-08
-20.004770278930664
-66.16643524169922
-1.999999987845058e-08
-1.999999987845058e-08
-33.22460174560547
-51.74571990966797
1.999999987845058e-08
1.999999987845058e-08
-43.95208740234375
-21.42715072631836
-1.999999987845058e-08
-1.999999987845058e-08
-44.75301742553711
9.10849380493164
1.999999987845058e-08
1.999999987845058e-08
-33.15421676635742
22.406511306762695
-1.999999987845058e-08
-1.999999987845058e-08
-13.327533721923828
-0.11103600263595581
1.999999987845058e-08
1.999999987845058e-08
-20.59489631652832
-65.09500885009766
-1.999999987845058e-08
-1.999999987845058e-08
-35.24263000488281
-19.4683895111084
1.999999987845058e-08
1.999999987845058e-08
-38.7249755859375
22.40191078186035
-1.999999987845058e-08
-1.999999987845058e-08
-29.878145217895508
34.05788803100586
1.999999987845058e-08
1.999999987845058e-08
-14.025344848632812
16.23632049560547
-1.999999987845058e-08
-1.999999987845058e-08
-1.1451523303985596
-10.468847274780273
1.999999987845058e-08
1.999999987845058e-08
1.6812169551849365
-24.110578536987305
-1.999999987845058e-08
-1.999999987845058e-08
-1.047533631324768
-23.767040252685547
1.999999987845058e-08
1.999999987845058e-08
0.2869254946708679
-30.977453231811523
-1.999999987845058e-08
-1.999999987845058e-08
5.296453952789307
-55.01335906982422
1.999999987845058e-08
1.999999987845058e-08
5.296453952789307
-55.01335906982422
-1.999999987845058e-08
-1.999999987845058e-08
3.9742720127105713
-70.81800079345703
1.999999987845058e-08
1.999999987845058e-08
-4.65398645401001
-54.26204299926758
-1.999999987845058e-08
-1.999999987845058e-08
-7.41232442855835
-19.880788803100586
1.999999987845058e-08
1.999999987845058e-08
2.300524950027466
3.1405060291290283
-1.999999987845058e-08
-1.999999987845058e-08
16.615032196044922
7.487949848175049
1.999999987845058e-08
1.999999987845058e-08
28.05323600769043
0.4888799488544464
-1.999999987845058e-08
-1.999999987845058e-08
34.72187805175781
-13.60430908203125
1.999999987845058e-08
1.999999987845058e-08
35.89339828491211
-31.093639373779297
-1.999999987845058e-08
-1.999999987845058e-08
32.81694412231445
-44.56279754638672
1.999999987845058e-08
1.999999987845058e-08
23.478302001953125
-58.65509796142578
-1.999999987845058e-08
-1.999999987845058e-08
17.098039627075195
-62.93373107910156
1.999999987845058e-08
1.999999987845058e-08
11.154219627380371
-55.21570587158203
-1.999999987845058e-08
-1.999999987845058e-08
7.800810813903809
-33.606666564941406
1.999999987845058e-08
1.999999987845058e-08
5.390097618103027
-5.0127854347229
-1.999999987845058e-08
-1.999999987845058e-08
4.880349636077881
17.642019271850586
1.999999987845058e-08
1.999999987845058e-08
11.62065315246582
17.60516929626465
-1.999999987845058e-08
-1.999999987845058e-08
24.367246627807617
-8.793399810791016
1.999999987845058e-08
1.999999987845058e-08
33.24779510498047
-42.881099700927734
-1.999999987845058e-08
-1.999999987845058e-08
29.280227661132812
-57.75139236450195
1.999999987845058e-08
1.999999987845058e-08
-2.0330750942230225
-7.859958171844482
-1.999999987845058e-08
-1.999999987845058e-08
-6.809485912322998
12.99011516571045
1.999999987845058e-08
1.999999987845058e-08
-7.862356662750244
20.726484298706055
-1.999999987845058e-08
-1.999999987845058e-08
-11.253791809082031
29.61708641052246
1.999999987845058e-08
1.999999987845058e-08
-7.920662879943848
32.689598083496094
-1.999999987845058e-08
-1.999999987845058e-08
6.855592727661133
12.005046844482422
1.999999987845058e-08
1.999999987845058e-08
18.870563507080078
-24.421642303466797
-1.999999987845058e-08
-1.999999987845058e-08
13.672293663024902
-45.29914855957031
1.999999987845058e-08
1.999999987845058e-08
-3.449310302734375
-32.85131072998047
-1.999999987845058e-08
-1.999999987845058e-08
-15.615599632263184
-1.4588208198547363
1.999999987845058e-08
1.999999987845058e-08
6.944069862365723
32.83626937866211
-1.999999987845058e-08
-1.999999987845058e-08
15.280485153198242
30.5967960357666
1.999999987845058e-08
1.999999987845058e-08
17.314836502075195
24.232872009277344
-1.999999987845058e-08
-1.999999987845058e-08
11.921883583068848
9.122883796691895
1.999999987845058e-08
1.999999987845058e-08
3.000370740890503
-12.428040504455566
-1.999999987845058e-08
-1.999999987845058e-08
-7.431451320648193
-24.58049774169922
1.999999987845058e-08
1.999999987845058e-08
-19.111644744873047
-14.798297882080078
-1.999999987845058e-08
-1.999999987845058e-08
-28.462841033935547
7.596182823181152
1.999999987845058e-08
1.999999987845058e-08
-33.13076400756836
29.20945167541504
-1.999999987845058e-08
-1.999999987845058e-08
-32.12590026855469
43.797672271728516
1.999999987845058e-08
1.999999987845058e-08
-28.462841033935547
7.596182823181152
-1.999999987845058e-08
-1.999999987845058e-08
-33.13076400756836
29.20945167541504
1.999999987845058e-08
1.999999987845058e-08
-32.12590026855469
43.797672271728516
-1.999999987845058e-08
-1.999999987845058e-08
-21.92904281616211
38.402706146240234
1.999999987845058e-08
1.999999987845058e-08
-8.34326457977295
11.541126251220703
-1.999999987845058e-08
-1.999999987845058e-08
-8.15603256225586
-7.941863536834717
1.999999987845058e-08
1.999999987845058e-08
-24.748504638671875
2.410221576690674
-1.999999987845058e-08
-1.999999987845058e-08
-41.09281539916992
29.471834182739258
1.999999987845058e-08
1.999999987845058e-08
-42.0897102355957
47.22573471069336
-1.999999987845058e-08
-1.999999987845058e-08
-29.866535186767578
45.40077590942383
1.999999987845058e-08
1.999999987845058e-08
-20.766035079956055
52.924652099609375
-1.999999987845058e-08
-1.999999987845058e-08
-16.583881378173828
47.99542236328125
1.999999987845058e-08
1.999999987845058e-08
-6.620475769042969
20.718456268310547
-1.999999987845058e-08
-1.999999987845058e-08
-0.09603841602802277
-9.942164421081543
1.999999987845058e-08
1.999999987845058e-08
-2.86662220954895
-18.725008010864258
-1.999999987845058e-08
-1.999999987845058e-08
-13.4246187210083
1.2411599159240723
1.999999987845058e-08
1.999999987845058e-08
-23.434276580810547
26.702354431152344
-1.999999987845058e-08
-1.999999987845058e-08
-26.355955123901367
33.562705993652344
1.999999987845058e-08
1.999999987845058e-08
-25.2125244140625
30.588165283203125
-1.999999987845058e-08
-1.999999987845058e-08
-24.805458068847656
37.19815444946289
1.999999987845058e-08
1.999999987845058e-08
-23.434276580810547
26.702354431152344
-1.999999987845058e-08
-1.999999987845058e-08
-26.355955123901367
33.562705993652344
1.999999987845058e-08
1.999999987845058e-08
-25.2125244140625
30.588165283203125
-1.999999987845058e-08
-1.999999987845058e-08
-24.805458068847656
37.19815444946289
1.999999987845058e-08
1.999999987845058e-08
-22.553773880004883
46.52132034301758
-1.999999987845058e-08
-1.999999987845058e-08
-15.196277618408203
39.40390396118164
1.999999987845058e-08
1.999999987845058e-08
-8.836234092712402
21.205400466918945
-1.999999987845058e-08
-1.999999987845058e-08
-10.459328651428223
15.392390251159668
1.999999987845058e-08
1.999999987845058e-08
-15.561244010925293
28.685800552368164
-1.999999987845058e-08
-1.999999987845058e-08
-16.885114669799805
49.736717224121094
1.999999987845058e-08
1.999999987845058e-08
-8.026716232299805
40.457481384277344
-1.999999987845058e-08
-1.999999987845058e-08
-1.044697880744934
26.134672164916992
1.999999987845058e-08
1.999999987845058e-08
3.530860662460327
9.281658172607422
-1.999999987845058e-08
-1.999999987845058e-08
-5.5987067222595215
4.911736488342285
1.999999987845058e-08
1.999999987845058e-08
-23.372339248657227
26.41253662109375
-1.999999987845058e-08
-1.999999987845058e-08
-31.82658576965332
57.178951263427734
1.999999987845058e-08
1.999999987845058e-08
-23.005062103271484
69.15731048583984
-1.999999987845058e-08
-1.999999987845058e-08
-8.256900787353516
61.64979553222656
1.999999987845058e-08
1.999999987845058e-08
-2.8499937057495117
59.061729431152344
-1.999999987845058e-08
-1.999999987845058e-08
-6.311251640319824
72.11516571044922
1.999999987845058e-08
1.999999987845058e-08
19.026777267456055
52.42265319824219
-1.999999987845058e-08
-1.999999987845058e-08
14.481711387634277
47.906524658203125
1.999999987845058e-08
1.999999987845058e-08
7.128641605377197
53.76172637939453
-1.999999987845058e-08
-1.999999987845058e-08
-1.6920409202575684
65.0894775390625
1.999999987845058e-08
1.999999987845058e-08
-11.058712005615234
80.01532745361328
-1.999999987845058e-08
-1.999999987845058e-08
-11.982344627380371
90.33686065673828
1.999999987845058e-08
1.999999987845058e-08
2.208256483078003
79.15486907958984
-1.999999987845058e-08
-1.999999987845058e-08
21.604650497436523
47.3145751953125
1.999999987845058e-08
1.999999987845058e-08
30.76943016052246
19.967592239379883
-1.999999987845058e-08
-1.999999987845058e-08
27.168254852294922
16.100364685058594
1.999999987845058e-08
1.999999987845058e-08
-11.982344627380371
90.33686065673828
-1.999999987845058e-08
-1.999999987845058e-08
2.208256483078003
79.15486907958984
1.999999987845058e-08
1.999999987845058e-08
21.604650497436523
47.3145751953125
-1.999999987845058e-08
-1.999999987845058e-08
30.76943016052246
19.967592239379883
1.999999987845058e-08
1.999999987845058e-08
27.168254852294922
16.100364685058594
-1.999999987845058e-08
-1.999999987845058e-08
19.162281036376953
30.145366668701172
1.999999987845058e-08
1.999999987845058e-08
13.996109008789062
43.446022033691406
-1.999999987845058e-08
-1.999999987845058e-08
12.467286109924316
44.459877014160156
1.999999987845058e-08
1.999999987845058e-08
10.716464042663574
39.988773345947266
-1.999999987845058e-08
-1.999999987845058e-08
7.116140842437744
42.95552062988281
1.999999987845058e-08
1.999999987845058e-08
9.823934555053711
51.40188217163086
-1.999999987845058e-08
-1.999999987845058e-08
15.208242416381836
35.133384704589844
1.999999987845058e-08
1.999999987845058e-08
11.570512771606445
18.960798263549805
-1.999999987845058e-08
-1.999999987845058e-08
-3.7012736797332764
24.932994842529297
1.999999987845058e-08
1.999999987845058e-08
-18.473546981811523
48.68415832519531
-1.999999987845058e-08
-1.999999987845058e-08
-20.238618850708008
62.373023986816406
1.999999987845058e-08
1.999999987845058e-08
-10.064374923706055
48.89365005493164
-1.999999987845058e-08
-1.999999987845058e-08
2.930570125579834
17.281526565551758
1.999999987845058e-08
1.999999987845058e-08
12.838370323181152
-13.941828727722168
-1.999999987845058e-08
-1.999999987845058e-08
17.85072135925293
-33.19279479980469
1.999999987845058e-08
1.999999987845058e-08
17.85072135925293
-33.19279479980469
-1.999999987845058e-08
-1.999999987845058e-08
16.08163070678711
-34.008094787597656
1.999999987845058e-08
1.999999987845058e-08
8.779664993286133
-16.7670841217041
-1.999999987845058e-08
-1.999999987845058e-08
1.8434622287750244
8.944642066955566
1.999999987845058e-08
1.999999987845058e-08
1.0149741172790527
33.3997688293457
-1.999999987845058e-08
-1.999999987845058e-08
11.616429328918457
44.052581787109375
1.999999987845058e-08
1.999999987845058e-08
33.0160026550293
26.828968048095703
-1.999999987845058e-08
-1.999999987845058e-08
50.332275390625
-7.959817886352539
1.999999987845058e-08
1.999999987845058e-08
49.11009216308594
-27.703330993652344
-1.999999987845058e-08
-1.999999987845058e-08
35.3985481262207
-20.525178909301758
1.999999987845058e-08
1.999999987845058e-08
23.744930267333984
1.4419339895248413
-1.999999987845058e-08
-1.999999987845058e-08
28.068626403808594
-0.30112022161483765
1.999999987845058e-08
1.999999987845058e-08
31.974855422973633
-3.267474889755249
-1.999999987845058e-08
-1.999999987845058e-08
30.640018463134766
-3.484877347946167
1.999999987845058e-08
1.999999987845058e-08
25.65671157836914
-7.1189284324646
-1.999999987845058e-08
-1.999999987845058e-08
20.174043655395508
-19.995357513427734
1.999999987845058e-08
1.999999987845058e-08
12.120287895202637
-31.16069221496582
-1.999999987845058e-08
-1.999999987845058e-08
2.7340023517608643
-26.762027740478516
1.999999987845058e-08
1.999999987845058e-08
0.346616268157959
-12.042190551757812
-1.999999987845058e-08
-1.999999987845058e-08
5.820190906524658
2.2891972064971924
1.999999987845058e-08
1.999999987845058e-08
17.175167083740234
16.690492630004883
-1.999999987845058e-08
-1.999999987845058e-08
27.58160972595215
-3.5989346504211426
1.999999987845058e-08
1.999999987845058e-08
37.66011428833008
-38.5404052734375
-1.999999987845058e-08
-1.999999987845058e-08
37.32512283325195
-61.35708999633789
1.999999987845058e-08
1.999999987845058e-08
25.971263885498047
-55.13774871826172
-1.999999987845058e-08
-1.999999987845058e-08
14.795866012573242
-31.19721794128418
1.999999987845058e-08
1.999999987845058e-08
13.1346435546875
-14.146257400512695
-1.999999987845058e-08
-1.999999987845058e-08
16.830488204956055
-11.870437622070312
1.999999987845058e-08
1.999999987845058e-08
17.84954833984375
-14.004703521728516
-1.999999987845058e-08
-1.999999987845058e-08
18.688785552978516
-14.059245109558105
1.999999987845058e-08
1.999999987845058e-08
43.235504150390625
-43.71931076049805
-1.999999987845058e-08
-1.999999987845058e-08
49.324745178222656
-70.64586639404297
1.999999987845058e-08
1.999999987845058e-08
36.568748474121094
-72.43141174316406
-1.999999987845058e-08
-1.999999987845058e-08
16.042308807373047
-40.86065673828125
1.999999987845058e-08
1.999999987845058e-08
5.553889274597168
-1.030879020690918
-1.999999987845058e-08
-1.999999987845058e-08
10.712632179260254
13.999223709106445
1.999999987845058e-08
1.999999987845058e-08
23.312692642211914
-2.572087049484253
-1.999999987845058e-08
-1.999999987845058e-08
32.898658752441406
-29.20400047302246
1.999999987845058e-08
1.999999987845058e-08
36.50578308105469
-48.86056900024414
-1.999999987845058e-08
-1.999999987845058e-08
35.22562789916992
-60.381561279296875
1.999999987845058e-08
1.999999987845058e-08
10.712632179260254
13.999223709106445
-1.999999987845058e-08
-1.999999987845058e-08
23.312692642211914
-2.572087049484253
1.999999987845058e-08
1.999999987845058e-08
32.898658752441406
-29.20400047302246
-1.999999987845058e-08
-1.999999987845058e-08
36.50578308105469
-48.86056900024414
1.999999987845058e-08
1.999999987845058e-08
35.22562789916992
-60.381561279296875
-1.999999987845058e-08
-1.999999987845058e-08
27.91280746459961
-58.969722747802734
1.999999987845058e-08
1.999999987845058e-08
16.12741470336914
-38.19878005981445
-1.999999987845058e-08
-1.999999987845058e-08
7.8064351081848145
-9.841358184814453
1.999999987845058e-08
1.999999987845058e-08
8.72853946685791
2.716203451156616
-1.999999987845058e-08
-1.999999987845058e-08
15.204120635986328
-9.526731491088867
1.999999987845058e-08
1.999999987845058e-08
15.204120635986328
-9.526731491088867
-1.999999987845058e-08
-1.999999987845058e-08
18.344676971435547
-31.977205276489258
1.999999987845058e-08
1.999999987845058e-08
15.469667434692383
-45.08950424194336
-1.999999987845058e-08
-1.999999987845058e-08
13.92009449005127
-49.16090774536133
1.999999987845058e-08
1.999999987845058e-08
16.024503707885742
-54.662906646728516
-1.999999987845058e-08
-1.999999987845058e-08
11.21778678894043
-52.812721252441406
1.999999987845058e-08
1.999999987845058e-08
-2.633323907852173
-32.530513763427734
-1.999999987845058e-08
-1.999999987845058e-08
-9.56251335144043
-14.627273559570312
1.999999987845058e-08
1.999999987845058e-08
-1.353621006011963
-25.480091094970703
-1.999999987845058e-08
-1.999999987845058e-08
8.21806526184082
-52.307395935058594
1.999999987845058e-08
1.999999987845058e-08
-4.977024555206299
-58.86316680908203
-1.999999987845058e-08
-1.999999987845058e-08
-21.066118240356445
-41.706214904785156
1.999999987845058e-08
1.999999987845058e-08
-29.029123306274414
-22.43744468688965
-1.999999987845058e-08
-1.999999987845058e-08
-17.164274215698242
-22.81768798828125
1.999999987845058e-08
1.999999987845058e-08
3.9634742736816406
-45.823020935058594
-1.999999987845058e-08
-1.999999987845058e-08
10.985479354858398
-62.569862365722656
1.999999987845058e-08
1.999999987845058e-08
0.5258972644805908
-54.6359748840332
-1.999999987845058e-08
-1.999999987845058e-08
-11.194174766540527
-36.27341842651367
1.999999987845058e-08
1.999999987845058e-08
-15.244474411010742
-25.739770889282227
-1.999999987845058e-08
-1.999999987845058e-08
-15.41102123260498
-24.207290649414062
1.999999987845058e-08
1.999999987845058e-08
-15.41102123260498
-24.207290649414062
-1.999999987845058e-08
-1.999999987845058e-08
-15.858142852783203
-20.561573028564453
1.999999987845058e-08
1.999999987845058e-08
-15.56196117401123
-6.191938400268555
-1.999999987845058e-08
-1.999999987845058e-08
-11.014992713928223
11.361393928527832
1.999999987845058e-08
1.999999987845058e-08
-0.75820392370224
13.60609245300293
-1.999999987845058e-08
-1.999999987845058e-08
12.143708229064941
-7.0921630859375
1.999999987845058e-08
1.999999987845058e-08
20.46604347229004
-36.92372512817383
-1.999999987845058e-08
-1.999999987845058e-08
17.54037094116211
-54.233642578125
1.999999987845058e-08
1.999999987845058e-08
6.1146745681762695
-51.86408996582031
-1.999999987845058e-08
-1.999999987845058e-08
-3.8288612365722656
-37.97746658325195
1.999999987845058e-08
1.999999987845058e-08
-8.103471755981445
-19.11717414855957
-1.999999987845058e-08
-1.999999987845058e-08
-7.186370849609375
-4.961403846740723
1.999999987845058e-08
1.999999987845058e-08
0.580714762210846
-14.70375919342041
-1.999999987845058e-08
-1.999999987845058e-08
10.434016227722168
-48.34806823730469
1.999999987845058e-08
1.999999987845058e-08
9.655879974365234
-74.1511459350586
-1.999999987845058e-08
-1.999999987845058e-08
-3.611110210418701
-68.57188415527344
1.999999987845058e-08
1.999999987845058e-08
-15.412775039672852
-43.87558364868164
-1.999999987845058e-08
-1.999999987845058e-08
-18.04372215270996
-18.01117706298828
1.999999987845058e-08
1.999999987845058e-08
-18.796751022338867
10.654990196228027
-1.999999987845058e-08
-1.999999987845058e-08
-20.175527572631836
36.2890625
1.999999987845058e-08
1.999999987845058e-08
-20.175527572631836
36.2890625
-1.999999987845058e-08
-1.999999987845058e-08
-13.339179992675781
33.66232681274414
1.999999987845058e-08
1.999999987845058e-08
2.5724074840545654
-1.2060987949371338
-1.999999987845058e-08
-1.999999987845058e-08
15.213739395141602
-36.965850830078125
1.999999987845058e-08
1.999999987845058e-08
15.962807655334473
-48.837059020996094
-1.999999987845058e-08
-1.999999987845058e-08
6.3962202072143555
-39.14125061035156
1.999999987845058e-08
1.999999987845058e-08
-7.966192722320557
-18.09610939025879
-1.999999987845058e-08
-1.999999987845058e-08
-19.152130126953125
2.732703924179077
1.999999987845058e-08
1.999999987845058e-08
-19.8985538482666
10.790993690490723
-1.999999987845058e-08
-1.999999987845058e-08
-10.928258895874023
5.115272045135498
1.999999987845058e-08
1.999999987845058e-08
5.137849807739258
-12.950124740600586
-1.999999987845058e-08
-1.999999987845058e-08
-7.1128010749816895
-6.504802703857422
1.999999987845058e-08
1.999999987845058e-08
-20.186460494995117
9.231302261352539
-1.999999987845058e-08
-1.999999987845058e-08
-23.144081115722656
23.186874389648438
1.999999987845058e-08
1.999999987845058e-08
-12.118142127990723
22.55401611328125
-1.999999987845058e-08
-1.999999987845058e-08
4.4104132652282715
6.470452308654785
1.999999987845058e-08
1.999999987845058e-08
12.290934562683105
-12.958658218383789
-1.999999987845058e-08
-1.999999987845058e-08
6.633974552154541
-25.0247745513916
1.999999987845058e-08
1.999999987845058e-08
-5.886746406555176
-23.990482330322266
-1.999999987845058e-08
-1.999999987845058e-08
-16.827001571655273
-7.179049491882324
1.999999987845058e-08
1.999999987845058e-08
-16.827001571655273
-7.179049491882324
-1.999999987845058e-08
-1.999999987845058e-08
-21.64910316467285
14.43576717376709
1.999999987845058e-08
1.999999987845058e-08
-21.39063262939453
25.604907989501953
-1.999999987845058e-08
-1.999999987845058e-08
-16.79716682434082
24.812559127807617
1.999999987845058e-08
1.999999987845058e-08
-4.510318756103516
15.114811897277832
-1.999999987845058e-08
-1.999999987845058e-08
10.932952880859375
1.1107593774795532
1.999999987845058e-08
1.999999987845058e-08
