0
-1.1385937929153442
4.999985218048096
3.796565055847168
1.999999987845058e-08
-0.7941547632217407
3.8768844604492188
2.049980640411377
-1.999999987845058e-08
0.43884962797164917
1.670008897781372
0.5239799618721008
1.999999987845058e-08
1.1908056735992432
0.818125307559967
-1.5525531768798828
-1.999999987845058e-08
-0.69252610206604
-0.4410104751586914
-5.189748764038086
1.999999987845058e-08
-5.994052886962891
-5.625312328338623
-9.87917709350586
-1.999999987845058e-08
-10.507829666137695
-10.96397590637207
-11.79166316986084
1.999999987845058e-08
-8.742661476135254
-9.628341674804688
-8.055424690246582
-1.999999987845058e-08
-0.6391280889511108
-2.633382558822632
-1.1111189126968384
1.999999987845058e-08
-8.742661476135254
-9.628341674804688
-8.055424690246582
-1.999999987845058e-08
-0.6391280889511108
-2.633382558822632
-1.1111189126968384
1.999999987845058e-08
9.503131866455078
4.716261386871338
5.2727251052856445
-1.999999987845058e-08
17.3896541595459
11.031302452087402
10.121999740600586
1.999999987845058e-08
19.45584487915039
15.420085906982422
12.13636302947998
-1.999999987845058e-08
14.856882095336914
15.219917297363281
8.976760864257812
1.999999987845058e-08
8.281661033630371
11.854857444763184
2.505175828933716
-1.999999987845058e-08
5.748457431793213
10.039203643798828
-1.2762224674224854
1.999999987845058e-08
7.626852512359619
10.744319915771484
0.6993260383605957
-1.999999987845058e-08
9.672057151794434
11.408390045166016
5.364276885986328
1.999999987845058e-08
9.749231338500977
10.81737232208252
8.193157196044922
-1.999999987845058e-08
9.651886940002441
9.809341430664062
8.13315200805664
1.999999987845058e-08
11.078577995300293
9.775351524353027
6.8516669273376465
-1.999999987845058e-08
13.186501502990723
11.99377155303955
5.681645393371582
1.999999987845058e-08
13.59768009185791
15.231979370117188
4.120139122009277
-1.999999987845058e-08
11.056527137756348
15.318451881408691
1.0401636362075806
1.999999987845058e-08
7.65096378326416
11.436773300170898
-2.375999689102173
-1.999999987845058e-08
6.406809329986572
8.357317924499512
-3.4325475692749023
1.999999987845058e-08
7.39129114151001
8.529662132263184
-2.02201771736145
-1.999999987845058e-08
8.554996490478516
8.797560691833496
-0.717179536819458
1.999999987845058e-08
8.554996490478516
8.797560691833496
-0.7171795964241028
-1.999999987845058e-08
8.191057205200195
7.184737682342529
-1.0762208700180054
1.999999987845058e-08
5.492428779602051
4.820160865783691
-2.638655185699463
-1.999999987845058e-08
1.351488471031189
1.2407842874526978
-4.83601188659668
1.999999987845058e-08
-1.72699773311615
-4.178671836853027
-7.457753658294678
-1.999999987845058e-08
-2.383977174758911
-8.249353408813477
-9.735477447509766
1.999999987845058e-08
-1.7550146579742432
-7.767772674560547
-10.919432640075684
-1.999999987845058e-08
-1.2430919408798218
-3.868425130844116
-11.170387268066406
1.999999987845058e-08
-0.6721363663673401
0.8597440719604492
-10.727640151977539
-1.999999987845058e-08
0.4583510756492615
4.922270774841309
-9.776339530944824
1.999999987845058e-08
5.543844223022461
6.742658615112305
1.8945869207382202
-1.999999987845058e-08
5.6476006507873535
5.6766462326049805
3.410303831100464
1.999999987845058e-08
5.4541096687316895
5.52849817276001
2.35599422454834
-1.999999987845058e-08
2.955425262451172
3.0057761669158936
-0.5001136064529419
1.999999987845058e-08
-2.0856168270111084
-3.427924633026123
-4.44537878036499
-1.999999987845058e-08
-6.542323589324951
-9.163241386413574
-8.010401725769043
1.999999987845058e-08
-7.058366298675537
-9.822478294372559
-8.990507125854492
-1.999999987845058e-08
-4.030357837677002
-6.66065788269043
-6.9439215660095215
1.999999987845058e-08
-0.5290250182151794
-2.3197174072265625
-3.8789169788360596
-1.999999987845058e-08
1.8511966466903687
2.8513152599334717
-1.349347710609436
1.999999987845058e-08
-4.030357837677002
-6.66065788269043
-6.9439215660095215
-1.999999987845058e-08
-0.5290250182151794
-2.3197174072265625
-3.8789167404174805
1.999999987845058e-08
1.851196527481079
2.8513152599334717
-1.349347710609436
-1.999999987845058e-08
3.0704526901245117
7.116461753845215
0.6755339503288269
1.999999987845058e-08
3.3131933212280273
7.504868030548096
2.791212320327759
-1.999999987845058e-08
3.940178155899048
6.11979866027832
5.837123394012451
1.999999987845058e-08
5.978968620300293
7.175138473510742
9.370110511779785
-1.999999987845058e-08
7.757027626037598
8.803299903869629
10.847553253173828
1.999999987845058e-08
6.757796287536621
7.189967632293701
8.664865493774414
-1.999999987845058e-08
2.6395387649536133
3.785688638687134
4.557951927185059
1.999999987845058e-08
2.3528854846954346
7.7807393074035645
6.3074631690979
-1.999999987845058e-08
1.7024030685424805
5.847749710083008
3.8543381690979004
1.999999987845058e-08
-1.804327368736267
-0.30686450004577637
-3.0427026748657227
-1.999999987845058e-08
-3.953003168106079
-3.3443973064422607
-9.526459693908691
1.999999987845058e-08
-3.0059285163879395
-1.0276883840560913
-11.019893646240234
-1.999999987845058e-08
-0.31812262535095215
2.1786811351776123
-7.76729679107666
1.999999987845058e-08
1.4759682416915894
3.476008176803589
-2.8929855823516846
-1.999999987845058e-08
-0.5461124777793884
3.2290380001068115
0.11204183846712112
1.999999987845058e-08
-6.654122829437256
1.1429489850997925
-1.4482296705245972
-1.999999987845058e-08
-12.607346534729004
-2.9864797592163086
-6.565469741821289
1.999999987845058e-08
-6.654122829437256
1.1429489850997925
-1.4482296705245972
-1.999999987845058e-08
-12.607346534729004
-2.9864797592163086
-6.565469741821289
1.999999987845058e-08
-13.864466667175293
-6.756298065185547
-10.214151382446289
-1.999999987845058e-08
-10.631857872009277
-6.993695259094238
-9.123753547668457
1.999999987845058e-08
-6.910006999969482
-3.8751561641693115
-5.7792558670043945
-1.999999987845058e-08
-5.285274982452393
-0.720879077911377
-3.712329864501953
1.999999987845058e-08
-4.6021809577941895
0.32982301712036133
-2.158393621444702
-1.999999987845058e-08
-3.3115904331207275
-0.23755095899105072
0.8560298681259155
1.999999987845058e-08
-1.9527735710144043
-0.9087496995925903
4.470245838165283
-1.999999987845058e-08
-1.4358713626861572
-0.3642118573188782
7.320246696472168
1.999999987845058e-08
-6.385908126831055
-1.2690412998199463
7.6460371017456055
-1.999999987845058e-08
-11.54949951171875
-4.504820823669434
2.971579074859619
1.999999987845058e-08
-14.262284278869629
-5.46783447265625
-1.502386212348938
-1.999999987845058e-08
-13.532992362976074
-4.230839729309082
-2.192742109298706
1.999999987845058e-08
-12.736919403076172
-4.094520568847656
-0.519649088382721
-1.999999987845058e-08
-14.141125679016113
-4.556704998016357
0.18655800819396973
1.999999987845058e-08
-15.355439186096191
-2.648721694946289
-0.33203616738319397
-1.999999987845058e-08
-12.998638153076172
0.7315202951431274
-0.5648617148399353
1.999999987845058e-08
-7.922464370727539
1.9661610126495361
-0.5820547938346863
-1.999999987845058e-08
-4.699099063873291
-0.3483756184577942
-1.4511786699295044
1.999999987845058e-08
-6.224527359008789
-4.582306861877441
-3.411759376525879
-1.999999987845058e-08
-10.417887687683105
-7.919675827026367
-5.435754299163818
1.999999987845058e-08
-12.767699241638184
-8.26064682006836
-5.311704158782959
-1.999999987845058e-08
-10.607430458068848
-5.548479080200195
-1.5699284076690674
1.999999987845058e-08
-3.929393768310547
-1.214174747467041
4.61838436126709
-1.999999987845058e-08
4.483492374420166
3.506086587905884
10.693974494934082
1.999999987845058e-08
8.848393440246582
7.13416862487793
14.000688552856445
-1.999999987845058e-08
5.4968953132629395
6.679120063781738
12.454218864440918
1.999999987845058e-08
-2.147167921066284
0.9121705889701843
6.568265914916992
-1.999999987845058e-08
-7.291175842285156
-5.306549072265625
0.004025425761938095
1.999999987845058e-08
-6.590231418609619
-5.796766757965088
-3.5382559299468994
-1.999999987845058e-08
-1.533479928970337
-1.3488866090774536
-3.3704209327697754
1.999999987845058e-08
4.616101264953613
2.696058988571167
-0.7372918725013733
-1.999999987845058e-08
8.74190616607666
3.953521966934204
3.1600801944732666
1.999999987845058e-08
8.438851356506348
2.5056660175323486
6.496514320373535
-1.999999987845058e-08
4.099258899688721
-1.7474644184112549
7.324438095092773
1.999999987845058e-08
-0.9295424818992615
-6.691317081451416
5.571298122406006
-1.999999987845058e-08
-3.996677875518799
-8.568618774414062
2.661129951477051
1.999999987845058e-08
-4.7235236167907715
-7.224880695343018
0.165324866771698
-1.999999987845058e-08
-2.8214023113250732
-4.793259620666504
-0.11223968118429184
1.999999987845058e-08
2.1585915088653564
-0.03680175915360451
3.3359506130218506
-1.999999987845058e-08
7.717657566070557
7.704276084899902
8.733355522155762
1.999999987845058e-08
9.271235466003418
12.380385398864746
10.991463661193848
-1.999999987845058e-08
6.692483901977539
9.42093563079834
8.560215950012207
1.999999987845058e-08
4.630126953125
4.1119794845581055
5.754192352294922
-1.999999987845058e-08
4.385406017303467
2.100311756134033
4.6722846031188965
1.999999987845058e-08
2.948904037475586
1.2884371280670166
2.6547093391418457
-1.999999987845058e-08
0.6435592174530029
0.5628141760826111
0.06919894367456436
1.999999987845058e-08
1.1291463375091553
3.5222387313842773
1.3160895109176636
-1.999999987845058e-08
4.268975257873535
8.863842964172363
6.805747032165527
1.999999987845058e-08
6.536437511444092
10.463833808898926
11.829322814941406
-1.999999987845058e-08
7.087649345397949
7.757073879241943
13.554770469665527
1.999999987845058e-08
7.534420490264893
5.045080661773682
13.071599960327148
-1.999999987845058e-08
7.32191801071167
3.3793790340423584
10.953731536865234
1.999999987845058e-08
4.408158779144287
0.8795448541641235
6.322490215301514
-1.999999987845058e-08
-1.1246981620788574
-3.2298426628112793
-0.23663558065891266
1.999999987845058e-08
-7.926877021789551
-8.650809288024902
-7.134566307067871
-1.999999987845058e-08
-14.908773422241211
-13.982890129089355
-13.467991828918457
1.999999987845058e-08
-20.22236442565918
-16.841821670532227
-18.32675552368164
-1.999999987845058e-08
-22.079883575439453
-17.21053695678711
-20.740955352783203
1.999999987845058e-08
-20.22236442565918
-16.841821670532227
-18.32675552368164
-1.999999987845058e-08
-22.079883575439453
-17.21053695678711
-20.740955352783203
1.999999987845058e-08
-20.61101722717285
-17.898937225341797
-20.194812774658203
-1.999999987845058e-08
-17.09416389465332
-19.549509048461914
-16.625394821166992
1.999999987845058e-08
-12.171060562133789
-18.687631607055664
-11.126334190368652
-1.999999987845058e-08
-6.626184463500977
-13.115995407104492
-6.378171443939209
1.999999987845058e-08
-2.5721490383148193
-6.193532943725586
-4.850796699523926
-1.999999987845058e-08
-0.6288805603981018
-2.680734157562256
-5.738220691680908
1.999999987845058e-08
1.8002896308898926
-2.9876186847686768
-5.426360130310059
-1.999999987845058e-08
6.188506126403809
-3.6792948246002197
-2.4896857738494873
1.999999987845058e-08
9.967328071594238
-1.859957218170166
-0.12750251591205597
-1.999999987845058e-08
10.5656156539917
1.518065333366394
-1.8112361431121826
1.999999987845058e-08
9.408208847045898
3.702155590057373
-5.977702617645264
-1.999999987845058e-08
9.216533660888672
5.362261772155762
-7.777543544769287
1.999999987845058e-08
10.24334716796875
9.057676315307617
-5.478372573852539
-1.999999987845058e-08
11.852962493896484
12.681215286254883
-1.511167049407959
1.999999987845058e-08
13.972079277038574
11.302356719970703
2.02675724029541
-1.999999987845058e-08
15.71259593963623
6.234269142150879
5.18049955368042
1.999999987845058e-08
16.296348571777344
4.419714450836182
7.918549537658691
-1.999999987845058e-08
16.27402687072754
7.268215179443359
8.96959114074707
1.999999987845058e-08
16.27402687072754
7.268215179443359
8.96959114074707
-1.999999987845058e-08
16.24009132385254
9.15743350982666
8.293611526489258
1.999999987845058e-08
16.474201202392578
8.526814460754395
9.003203392028809
-1.999999987845058e-08
16.82316017150879
9.292681694030762
13.353935241699219
1.999999987845058e-08
16.14482307434082
10.845304489135742
18.489267349243164
-1.999999987845058e-08
14.554384231567383
9.172347068786621
20.702695846557617
1.999999987845058e-08
14.666593551635742
6.436512470245361
20.896358489990234
-1.999999987845058e-08
17.003023147583008
7.409978866577148
20.756500244140625
1.999999987845058e-08
17.1923770904541
9.561535835266113
18.309186935424805
-1.999999987845058e-08
11.6157808303833
6.70330810546875
12.336518287658691
1.999999987845058e-08
3.1039035320281982
-0.9101254940032959
6.414928913116455
-1.999999987845058e-08
-2.0286612510681152
-7.102764129638672
4.987292289733887
1.999999987845058e-08
-0.8381087183952332
-7.14730167388916
8.261760711669922
-1.999999987845058e-08
3.762805461883545
-1.6173676252365112
11.726125717163086
1.999999987845058e-08
6.365530490875244
4.063931465148926
10.449576377868652
-1.999999987845058e-08
4.833797931671143
5.1279826164245605
5.148149013519287
1.999999987845058e-08
1.70565664768219
2.9557278156280518
1.3796303272247314
-1.999999987845058e-08
-0.6454483270645142
0.7737626433372498
1.4235174655914307
1.999999987845058e-08
-1.8341169357299805
-1.4733519554138184
2.559238910675049
-1.999999987845058e-08
-0.5560950636863708
-3.0103321075439453
3.5687637329101562
1.999999987845058e-08
4.317654609680176
3.396909236907959
5.6465163230896
-1.999999987845058e-08
0.7614513635635376
2.6070971488952637
3.8923583030700684
1.999999987845058e-08
-1.2109569311141968
1.5042407512664795
3.5344433784484863
-1.999999987845058e-08
-0.6001530885696411
0.12328927218914032
4.65593147277832
1.999999987845058e-08
1.0646721124649048
-1.648483395576477
5.837724208831787
-1.999999987845058e-08
2.231776237487793
-2.431252956390381
6.3017497062683105
1.999999987845058e-08
3.5067355632781982
-1.7018687725067139
6.808215141296387
-1.999999987845058e-08
5.819116115570068
-0.30674681067466736
8.380208969116211
1.999999987845058e-08
7.122174263000488
0.9908192157745361
10.007107734680176
-1.999999987845058e-08
4.288567543029785
0.7864141464233398
8.559959411621094
1.999999987845058e-08
4.288567543029785
0.7864141464233398
8.559959411621094
-1.999999987845058e-08
-1.747283935546875
-2.000748634338379
3.0870325565338135
1.999999987845058e-08
-6.504470348358154
-4.9443583488464355
-2.726022481918335
-1.999999987845058e-08
-8.229412078857422
-4.821880340576172
-5.563553810119629
1.999999987845058e-08
-9.538339614868164
-4.28203010559082
-6.572248935699463
-1.999999987845058e-08
-12.028830528259277
-8.749124526977539
-8.248785018920898
1.999999987845058e-08
-13.292339324951172
-15.748924255371094
-10.847087860107422
-1.999999987845058e-08
-9.948341369628906
-16.284650802612305
-12.613180160522461
1.999999987845058e-08
-2.268451690673828
-8.274147987365723
-12.360502243041992
-1.999999987845058e-08
4.617590427398682
0.346928209066391
-11.484444618225098
1.999999987845058e-08
4.617590427398682
0.3469281792640686
-11.484444618225098
-1.999999987845058e-08
6.310966491699219
3.494778633117676
-11.524572372436523
1.999999987845058e-08
4.357393264770508
2.7915432453155518
-11.454876899719238
-1.999999987845058e-08
2.4494240283966064
0.48334333300590515
-10.27070426940918
1.999999987845058e-08
1.8673949241638184
-2.202389717102051
-8.198541641235352
-1.999999987845058e-08
2.6205201148986816
-1.5715566873550415
-5.015517711639404
1.999999987845058e-08
4.107966423034668
2.8658647537231445
-1.173061490058899
-1.999999987845058e-08
5.083518981933594
6.507239818572998
2.1886847019195557
1.999999987845058e-08
4.7803449630737305
7.066385746002197
4.393303394317627
-1.999999987845058e-08
3.130833387374878
4.282708644866943
4.213679790496826
1.999999987845058e-08
0.9279307723045349
-5.647650718688965
-1.0245243310928345
-1.999999987845058e-08
2.0185675621032715
-2.781323194503784
-1.6086610555648804
1.999999987845058e-08
2.3483734130859375
1.7039422988891602
-1.4497733116149902
-1.999999987845058e-08
1.6967979669570923
0.35286253690719604
-1.2354124784469604
1.999999987845058e-08
2.255749464035034
-3.8861641883850098
0.4131953716278076
-1.999999987845058e-08
3.7712748050689697
-4.827070236206055
2.5218312740325928
1.999999987845058e-08
2.789034128189087
-4.393247604370117
1.152072548866272
-1.999999987845058e-08
-1.4329522848129272
-6.38926362991333
-3.9107625484466553
1.999999987845058e-08
-5.136951923370361
-8.482616424560547
-7.711455345153809
-1.999999987845058e-08
-5.367065906524658
-7.80593729019165
-7.571454048156738
1.999999987845058e-08
-5.367065906524658
-7.80593729019165
-7.571454048156738
-1.999999987845058e-08
-2.9786407947540283
-6.250229358673096
-6.11055850982666
1.999999987845058e-08
-0.2542877793312073
-5.600287437438965
-5.736889839172363
-1.999999987845058e-08
1.5879008769989014
-3.747633218765259
-5.805386543273926
1.999999987845058e-08
2.275597333908081
0.19599799811840057
-5.987282752990723
-1.999999987845058e-08
1.7233304977416992
2.6617302894592285
-7.342811107635498
1.999999987845058e-08
0.5898905992507935
2.2647762298583984
-8.879063606262207
-1.999999987845058e-08
0.7775219678878784
3.316226005554199
-7.061118125915527
1.999999987845058e-08
3.70873761177063
8.317278861999512
-0.5053250193595886
-1.999999987845058e-08
8.372312545776367
14.337451934814453
7.63202428817749
1.999999987845058e-08
12.635316848754883
21.637046813964844
14.1177978515625
-1.999999987845058e-08
8.218695640563965
21.22687339782715
10.18321704864502
1.999999987845058e-08
0.08228059113025665
16.624217987060547
2.4628870487213135
-1.999999987845058e-08
-7.695127487182617
10.576107025146484
-6.066099643707275
1.999999987845058e-08
-11.457822799682617
7.072757720947266
-11.595545768737793
-1.999999987845058e-08
-10.70722484588623
7.179538726806641
-11.766005516052246
1.999999987845058e-08
-7.608546733856201
8.687604904174805
-7.731764316558838
-1.999999987845058e-08
-4.738277912139893
8.821028709411621
-3.475456953048706
1.999999987845058e-08
-3.0717954635620117
8.024909973144531
-1.645775318145752
-1.999999987845058e-08
-2.096078872680664
9.413543701171875
-1.4038753509521484
1.999999987845058e-08
-1.1080398559570312
12.761940002441406
-0.7342672944068909
-1.999999987845058e-08
-0.45482876896858215
13.247440338134766
1.0416254997253418
1.999999987845058e-08
-2.126128673553467
8.082406997680664
2.6919286251068115
-1.999999987845058e-08
-7.178226947784424
0.22990955412387848
2.197741985321045
1.999999987845058e-08
-12.993931770324707
-5.990804672241211
-1.040274739265442
-1.999999987845058e-08
-16.093324661254883
-9.378946304321289
-5.305694580078125
1.999999987845058e-08
-15.680342674255371
-10.208620071411133
-7.910369396209717
-1.999999987845058e-08
-12.56501293182373
-7.890127182006836
-7.66072940826416
1.999999987845058e-08
-8.319677352905273
-3.473422050476074
-6.550446033477783
-1.999999987845058e-08
-5.473414421081543
-0.6810227632522583
-7.150202751159668
1.999999987845058e-08
-3.5092339515686035
-0.9853652715682983
-7.198958396911621
-1.999999987845058e-08
-0.91734778881073
1.2526363134384155
-4.3525919914245605
1.999999987845058e-08
0.8503943681716919
4.21310567855835
-2.290761709213257
-1.999999987845058e-08
-0.12312465906143188
5.013658046722412
-1.969921588897705
1.999999987845058e-08
-2.6787829399108887
2.044076442718506
-2.828909397125244
-1.999999987845058e-08
-3.8331339359283447
-3.003466844558716
-3.1005637645721436
1.999999987845058e-08
-1.7799698114395142
-5.121232986450195
-0.9421682953834534
-1.999999987845058e-08
1.9208016395568848
-2.296968460083008
2.479682445526123
1.999999987845058e-08
4.226662635803223
1.2061375379562378
3.718411922454834
-1.999999987845058e-08
4.794452667236328
2.004392147064209
1.3557279109954834
1.999999987845058e-08
4.794452667236328
2.004392147064209
1.3557279109954834
-1.999999987845058e-08
5.458314895629883
1.726242184638977
-2.9706308841705322
1.999999987845058e-08
5.874117851257324
1.4762245416641235
-7.348631381988525
-1.999999987845058e-08
4.15296745300293
-0.09427938610315323
-10.536060333251953
1.999999987845058e-08
1.139600157737732
-2.6480798721313477
-10.718667030334473
-1.999999987845058e-08
-1.127051591873169
-5.076746463775635
-7.166906833648682
1.999999987845058e-08
-3.5394797325134277
-8.766282081604004
-2.9161200523376465
-1.999999987845058e-08
-7.354394435882568
-14.000395774841309
-2.064931869506836
1.999999987845058e-08
-9.99528980255127
-16.590740203857422
-4.357517242431641
-1.999999987845058e-08
-8.345841407775879
-13.262076377868652
-5.669652462005615
1.999999987845058e-08
-8.345841407775879
-13.262076377868652
-5.669652462005615
-1.999999987845058e-08
-3.4629061222076416
-5.891879081726074
-3.7333428859710693
1.999999987845058e-08
0.9957955479621887
1.4104459285736084
-0.6955406665802002
-1.999999987845058e-08
1.1314736604690552
3.2132463455200195
-0.7966325283050537
1.999999987845058e-08
-4.774406433105469
-4.424295425415039
-5.523741245269775
-1.999999987845058e-08
-11.233403205871582
-14.789114952087402
-9.84041976928711
1.999999987845058e-08
-9.684341430664062
-15.41423225402832
-7.394991397857666
-1.999999987845058e-08
-1.067549228668213
-6.37618350982666
0.34156858921051025
1.999999987845058e-08
5.2216620445251465
0.8210077881813049
6.566867351531982
-1.999999987845058e-08
5.018327236175537
1.8342459201812744
9.008747100830078
1.999999987845058e-08
1.671586036682129
1.1082284450531006
9.833106994628906
-1.999999987845058e-08
-3.172403335571289
-1.7430075407028198
8.185783386230469
1.999999987845058e-08
-10.097000122070312
-10.309715270996094
2.23624587059021
-1.999999987845058e-08
-14.982537269592285
-18.86550521850586
-3.1335668563842773
1.999999987845058e-08
-12.301294326782227
-17.873336791992188
-1.394148826599121
-1.999999987845058e-08
-4.381730079650879
-9.374007225036621
5.118474960327148
1.999999987845058e-08
1.8848048448562622
-3.134749412536621
9.449100494384766
-1.999999987845058e-08
5.111207962036133
-1.3885345458984375
10.794275283813477
1.999999987845058e-08
8.17564582824707
0.9538906812667847
13.224204063415527
-1.999999987845058e-08
10.810274124145508
4.7743072509765625
17.60873794555664
1.999999987845058e-08
9.816000938415527
5.015843391418457
20.057178497314453
-1.999999987845058e-08
4.121938228607178
-1.1349058151245117
16.575836181640625
1.999999987845058e-08
-3.9524028301239014
-10.358819961547852
7.24330997467041
-1.999999987845058e-08
-11.264537811279297
-17.44801902770996
-3.450779438018799
1.999999987845058e-08
-16.580598831176758
-20.86147689819336
-10.836160659790039
-1.999999987845058e-08
-21.344478607177734
-23.14896011352539
-14.68295955657959
1.999999987845058e-08
-26.54610252380371
-25.207792282104492
-17.332895278930664
-1.999999987845058e-08
-29.42759132385254
-23.864200592041016
-19.052656173706055
1.999999987845058e-08
-26.699247360229492
-18.862150192260742
-18.609010696411133
-1.999999987845058e-08
-19.87778091430664
-15.456747055053711
-16.109302520751953
1.999999987845058e-08
3.1978919506073
-1.1161175966262817
4.333346366882324
-1.999999987845058e-08
7.51408576965332
2.716163396835327
7.8814802169799805
1.999999987845058e-08
9.071609497070312
2.7740204334259033
9.126758575439453
-1.999999987845058e-08
7.282618522644043
-0.9653387069702148
8.763190269470215
1.999999987845058e-08
3.6490628719329834
-5.800271034240723
8.107338905334473
-1.999999987845058e-08
1.8188115358352661
-5.90749454498291
8.806525230407715
1.999999987845058e-08
3.1168534755706787
-0.8735836148262024
10.117216110229492
-1.999999987845058e-08
4.253861427307129
2.7951433658599854
8.647991180419922
1.999999987845058e-08
2.8834683895111084
2.3809971809387207
3.76735520362854
-1.999999987845058e-08
1.3393186330795288
1.0877909660339355
0.34955254197120667
1.999999987845058e-08
1.3393185138702393
1.0877909660339355
0.3495525121688843
-1.999999987845058e-08
2.2953710556030273
0.2896016240119934
2.74308180809021
1.999999987845058e-08
5.522280693054199
-0.29145634174346924
9.077938079833984
-1.999999987845058e-08
9.865200996398926
1.4355871677398682
14.765923500061035
1.999999987845058e-08
13.674448013305664
6.144040107727051
17.36275291442871
-1.999999987845058e-08
13.836737632751465
9.78177547454834
15.74933910369873
1.999999987845058e-08
9.271812438964844
8.604930877685547
10.7885103225708
-1.999999987845058e-08
3.6621217727661133
3.976412534713745
6.8770365715026855
1.999999987845058e-08
0.7238044738769531
-0.24654439091682434
6.982141971588135
-1.999999987845058e-08
-0.07279504835605621
-2.2621257305145264
8.792503356933594
1.999999987845058e-08
-0.1405426263809204
-1.6166095733642578
0.853531539440155
-1.999999987845058e-08
-0.6165860891342163
-1.0173392295837402
-5.782489776611328
1.999999987845058e-08
-2.270066499710083
-0.9166622161865234
-11.323246002197266
-1.999999987845058e-08
-2.7348275184631348
-1.646788477897644
-13.090872764587402
1.999999987845058e-08
-1.1719008684158325
-2.3483726978302
-11.548140525817871
-1.999999987845058e-08
0.007943899370729923
-1.6574649810791016
-9.518951416015625
1.999999987845058e-08
-1.0860437154769897
-0.6621804237365723
-9.19818115234375
-1.999999987845058e-08
-3.0453896522521973
-1.6948550939559937
-10.432579040527344
1.999999987845058e-08
-2.9853248596191406
-2.6665749549865723
-11.007455825805664
-1.999999987845058e-08
-0.28518182039260864
0.6508219838142395
-10.171262741088867
1.999999987845058e-08
-3.0453898906707764
-1.6948552131652832
-10.432579040527344
-1.999999987845058e-08
-2.9853248596191406
-2.6665749549865723
-11.007455825805664
1.999999987845058e-08
-0.28518185019493103
0.6508219242095947
-10.171262741088867
-1.999999987845058e-08
3.1708853244781494
6.7049970626831055
-9.766138076782227
1.999999987845058e-08
6.204802513122559
11.292766571044922
-9.32686996459961
-1.999999987845058e-08
8.338967323303223
14.458915710449219
-5.828874588012695
1.999999987845058e-08
7.595815181732178
15.93016529083252
-0.4807499945163727
-1.999999987845058e-08
3.244877576828003
12.289443016052246
1.7488930225372314
1.999999987845058e-08
-0.8641811609268188
5.332895755767822
0.288301557302475
-1.999999987845058e-08
-0.3682797849178314
2.5725393295288086
-0.5294387340545654
1.999999987845058e-08
5.812088489532471
7.214092254638672
0.8604770302772522
-1.999999987845058e-08
2.9259655475616455
3.6843183040618896
-3.4582836627960205
1.999999987845058e-08
-2.313295602798462
-2.00309157371521
-9.649019241333008
-1.999999987845058e-08
-5.634001731872559
-6.107094764709473
-13.48159408569336
1.999999987845058e-08
-5.3412556648254395
-7.103024959564209
-13.117876052856445
-1.999999987845058e-08
-2.726405620574951
-4.1585259437561035
-9.412206649780273
1.999999987845058e-08
-1.1910120248794556
-0.09129032492637634
-5.289124488830566
-1.999999987845058e-08
-1.404358983039856
0.5071472525596619
-2.639622926712036
1.999999987845058e-08
1.489089846611023
-0.15994217991828918
0.3305807113647461
-1.999999987845058e-08
9.382990837097168
3.4726979732513428
4.649990558624268
1.999999987845058e-08
14.612506866455078
11.575764656066895
5.312938213348389
-1.999999987845058e-08
9.956332206726074
9.037423133850098
1.5281695127487183
1.999999987845058e-08
6.403708457946777
3.8556203842163086
-1.2650632858276367
-1.999999987845058e-08
3.8836896419525146
-2.2884390354156494
-2.4706406593322754
1.999999987845058e-08
2.079010248184204
-5.314326286315918
-2.0097668170928955
-1.999999987845058e-08
2.0580780506134033
-2.282680034637451
0.0812230333685875
1.999999987845058e-08
1.9848214387893677
2.6054279804229736
1.9094080924987793
-1.999999987845058e-08
-0.4076388478279114
4.756910800933838
1.675027847290039
1.999999987845058e-08
-2.2432966232299805
6.724617958068848
1.0827206373214722
-1.999999987845058e-08
0.29491060972213745
10.62458610534668
3.3264472484588623
1.999999987845058e-08
5.130456924438477
12.436392784118652
8.148141860961914
-1.999999987845058e-08
7.370724201202393
10.1458101272583
11.860438346862793
1.999999987845058e-08
6.187389373779297
7.3204851150512695
11.793299674987793
-1.999999987845058e-08
4.512459754943848
5.933634281158447
8.280614852905273
1.999999987845058e-08
4.008968830108643
4.122189521789551
3.245912551879883
-1.999999987845058e-08
3.5295941829681396
1.430324912071228
-1.168721318244934
1.999999987845058e-08
0.9554556608200073
-0.2047719806432724
-4.46856164932251
-1.999999987845058e-08
-5.032154083251953
-0.9413797855377197
-8.893998146057129
1.999999987845058e-08
-12.651111602783203
-2.9902093410491943
-15.269862174987793
-1.999999987845058e-08
-16.85314178466797
-6.036214828491211
-19.383697509765625
1.999999987845058e-08
-14.74667739868164
-7.656854152679443
-17.513256072998047
-1.999999987845058e-08
-9.125791549682617
-6.973679065704346
-12.00999641418457
1.999999987845058e-08
-3.42311429977417
-3.9537253379821777
-6.398817539215088
-1.999999987845058e-08
2.2814090251922607
1.3984171152114868
-1.0677733421325684
1.999999987845058e-08
7.689524173736572
7.068036079406738
3.062084913253784
-1.999999987845058e-08
10.488736152648926
10.352829933166504
4.317868232727051
1.999999987845058e-08
9.811117172241211
10.854090690612793
4.175609588623047
-1.999999987845058e-08
7.499776840209961
9.400455474853516
4.917511940002441
1.999999987845058e-08
5.7573041915893555
7.116949081420898
6.081791877746582
-1.999999987845058e-08
5.302900791168213
6.477924823760986
6.792783260345459
1.999999987845058e-08
5.490232467651367
8.962484359741211
7.245260238647461
-1.999999987845058e-08
5.321313858032227
12.623684883117676
7.0469207763671875
1.999999987845058e-08
4.212800025939941
14.792084693908691
5.710774898529053
-1.999999987845058e-08
3.069967269897461
14.61941909790039
4.3219475746154785
1.999999987845058e-08
3.9371416568756104
12.405084609985352
4.482641696929932
-1.999999987845058e-08
7.24887228012085
9.963851928710938
6.425766944885254
1.999999987845058e-08
11.605332374572754
10.60451889038086
9.617358207702637
-1.999999987845058e-08
14.892919540405273
13.867768287658691
12.615221977233887
1.999999987845058e-08
13.38596248626709
12.809511184692383
11.51364803314209
-1.999999987845058e-08
5.228605270385742
3.8424789905548096
4.012004375457764
1.999999987845058e-08
14.892919540405273
13.867768287658691
12.615221977233887
-1.999999987845058e-08
13.38596248626709
12.809511184692383
11.51364803314209
1.999999987845058e-08
5.228605270385742
3.8424789905548096
4.012004375457764
-1.999999987845058e-08
-4.279897689819336
-5.0078043937683105
-5.069698810577393
1.999999987845058e-08
-8.139688491821289
-5.398453712463379
-8.738680839538574
-1.999999987845058e-08
-7.363848686218262
-2.0074808597564697
-6.7649712562561035
1.999999987845058e-08
-8.109954833984375
-3.4146435260772705
-4.061995029449463
-1.999999987845058e-08
-11.355929374694824
-7.812929153442383
-3.037252902984619
1.999999987845058e-08
-12.593756675720215
-8.685148239135742
-3.0587737560272217
-1.999999987845058e-08
-9.715581893920898
-5.8016486167907715
-3.9925920963287354
1.999999987845058e-08
3.232632637023926
3.252997636795044
-0.9387106895446777
-1.999999987845058e-08
4.188055992126465
5.034228324890137
1.8711390495300293
1.999999987845058e-08
5.29657506942749
7.086194038391113
4.401543617248535
-1.999999987845058e-08
6.740598678588867
8.47665786743164
6.868135452270508
1.999999987845058e-08
6.302499771118164
7.394593238830566
8.272505760192871
-1.999999987845058e-08
3.3600001335144043
5.048637866973877
7.6366705894470215
1.999999987845058e-08
-1.0405223369598389
3.463711738586426
4.229872703552246
-1.999999987845058e-08
-6.281635284423828
1.7892388105392456
-2.1289079189300537
1.999999987845058e-08
-10.5807523727417
-0.5166865587234497
-8.735392570495605
-1.999999987845058e-08
-10.681317329406738
-1.103729248046875
-11.210949897766113
1.999999987845058e-08
-10.681317329406738
-1.1037293672561646
-11.210949897766113
-1.999999987845058e-08
-6.268486976623535
1.0063929557800293
-8.836935997009277
1.999999987845058e-08
-0.5588566064834595
3.578169345855713
-4.603719711303711
-1.999999987845058e-08
4.328674793243408
5.178921222686768
-0.22157862782478333
1.999999987845058e-08
7.111603736877441
5.860509395599365
3.436129570007324
-1.999999987845058e-08
5.443850040435791
4.822762966156006
4.147134304046631
1.999999987845058e-08
0.5036101341247559
2.45654559135437
2.5981557369232178
-1.999999987845058e-08
-2.3464138507843018
1.2604012489318848
3.465869665145874
1.999999987845058e-08
-1.7458703517913818
0.8344461917877197
8.047955513000488
-1.999999987845058e-08
-1.8701380491256714
-1.9814914464950562
12.11660385131836
1.999999987845058e-08
-1.8701380491256714
-1.9814914464950562
12.11660385131836
-1.999999987845058e-08
-3.9684829711914062
-5.872558116912842
13.269550323486328
1.999999987845058e-08
-4.6285200119018555
-6.464247226715088
13.04276180267334
-1.999999987845058e-08
-3.1637611389160156
-4.657380104064941
10.985614776611328
1.999999987845058e-08
-2.326442241668701
-3.7443253993988037
5.2972822189331055
-1.999999987845058e-08
-1.7425646781921387
-1.1763383150100708
-1.283084750175476
1.999999987845058e-08
1.2791272401809692
5.834566593170166
-4.532233238220215
-1.999999987845058e-08
5.587830066680908
12.065147399902344
-4.819186210632324
1.999999987845058e-08
7.370728969573975
11.922123908996582
-4.498520851135254
-1.999999987845058e-08
5.0845136642456055
7.415555477142334
-4.413943767547607
1.999999987845058e-08
-4.691218376159668
-1.311631202697754
-7.316551685333252
-1.999999987845058e-08
-6.534443378448486
-2.4007151126861572
-7.875692367553711
1.999999987845058e-08
-5.003035068511963
0.00789367314428091
-4.83803653717041
-1.999999987845058e-08
-2.438563108444214
3.1604976654052734
-0.6775020360946655
1.999999987845058e-08
-1.1504861116409302
4.209835529327393
0.2802790701389313
-1.999999987845058e-08
-0.6944204568862915
4.166153430938721
-1.8052098751068115
1.999999987845058e-08
0.5045374631881714
4.758683681488037
-3.313687801361084
-1.999999987845058e-08
2.239321231842041
4.592974662780762
-2.7122325897216797
1.999999987845058e-08
3.7441465854644775
2.417328119277954
-0.45536690950393677
-1.999999987845058e-08
5.708470821380615
0.4006679058074951
3.8161683082580566
1.999999987845058e-08
8.577825546264648
0.6676192283630371
9.72528076171875
-1.999999987845058e-08
10.682950019836426
2.4064087867736816
14.046966552734375
1.999999987845058e-08
9.400790214538574
2.681256055831909
13.47107219696045
-1.999999987845058e-08
3.5791847705841064
-1.997753620147705
8.270264625549316
1.999999987845058e-08
-5.167807579040527
-11.02728271484375
1.1544781923294067
-1.999999987845058e-08
-13.304990768432617
-17.90143585205078
-5.738171100616455
1.999999987845058e-08
-17.887741088867188
-18.542654037475586
-11.424144744873047
-1.999999987845058e-08
-18.5181884765625
-16.370685577392578
-15.467552185058594
1.999999987845058e-08
-16.012714385986328
-14.63680648803711
-16.902633666992188
-1.999999987845058e-08
-11.046792984008789
-11.64039421081543
-14.639724731445312
1.999999987845058e-08
-8.709098815917969
-7.639524936676025
-11.612778663635254
-1.999999987845058e-08
-14.30165958404541
-10.289776802062988
-14.925202369689941
1.999999987845058e-08
-16.089998245239258
-9.396679878234863
-15.050679206848145
-1.999999987845058e-08
-11.963046073913574
-4.523631572723389
-10.993546485900879
1.999999987845058e-08
-7.513822078704834
-1.508193016052246
-7.73768424987793
-1.999999987845058e-08
-6.487875938415527
-2.4625327587127686
-7.441549777984619
1.999999987845058e-08
-7.147561550140381
-4.601820945739746
-8.024726867675781
-1.999999987845058e-08
-7.199154376983643
-5.3920512199401855
-7.977980613708496
1.999999987845058e-08
-5.810205459594727
-3.571255922317505
-6.579800128936768
-1.999999987845058e-08
-2.495595932006836
0.22213797271251678
-2.80973744392395
1.999999987845058e-08
1.282504677772522
2.2300243377685547
2.249091386795044
-1.999999987845058e-08
2.49656343460083
-0.08316238224506378
5.726767539978027
1.999999987845058e-08
1.533439040184021
-3.1033034324645996
7.265153884887695
-1.999999987845058e-08
2.1689608097076416
-1.7621203660964966
8.992974281311035
1.999999987845058e-08
5.354182243347168
2.5562033653259277
11.407288551330566
-1.999999987845058e-08
8.158817291259766
5.471127986907959
12.947648048400879
1.999999987845058e-08
8.489277839660645
7.192576885223389
12.305037498474121
-1.999999987845058e-08
6.687174320220947
8.786453247070312
9.028504371643066
1.999999987845058e-08
3.9958558082580566
7.743591785430908
4.472744941711426
-1.999999987845058e-08
1.8775326013565063
3.828996419906616
2.2109885215759277
1.999999987845058e-08
0.9734776616096497
0.8655269145965576
3.900158166885376
-1.999999987845058e-08
1.0984573364257812
0.6888571977615356
7.118335723876953
1.999999987845058e-08
3.524122953414917
2.7258808612823486
9.929410934448242
-1.999999987845058e-08
9.921554565429688
7.140995025634766
12.985712051391602
1.999999987845058e-08
18.544174194335938
12.90578556060791
16.605104446411133
-1.999999987845058e-08
24.89546012878418
17.00273895263672
19.86639404296875
1.999999987845058e-08
25.466339111328125
17.98016929626465
20.980579376220703
-1.999999987845058e-08
19.658966064453125
15.915666580200195
17.565340042114258
1.999999987845058e-08
9.728127479553223
10.395047187805176
9.214393615722656
-1.999999987845058e-08
-0.13636381924152374
3.1577534675598145
-0.44901955127716064
1.999999987845058e-08
-5.310862064361572
-0.6778885126113892
-6.195247650146484
-1.999999987845058e-08
-4.050630569458008
1.4371616840362549
-6.3129448890686035
1.999999987845058e-08
0.44707250595092773
5.9466986656188965
-3.393031358718872
-1.999999987845058e-08
3.7136170864105225
8.507401466369629
0.011864431202411652
1.999999987845058e-08
3.9590184688568115
8.19667911529541
2.3960487842559814
-1.999999987845058e-08
1.8412470817565918
5.707581520080566
2.07621693611145
1.999999987845058e-08
-0.5268201231956482
2.208109140396118
-0.11772667616605759
-1.999999987845058e-08
-1.195243239402771
-0.41638246178627014
-0.7588248252868652
1.999999987845058e-08
-0.3200068175792694
-0.8600204586982727
0.7232169508934021
-1.999999987845058e-08
0.9346152544021606
0.3738175928592682
1.5399805307388306
1.999999987845058e-08
-4.382979393005371
-7.570027828216553
-3.6419663429260254
-1.999999987845058e-08
-10.398221015930176
-13.992401123046875
-8.739275932312012
1.999999987845058e-08
-11.256103515625
-15.956738471984863
-10.058700561523438
-1.999999987845058e-08
-5.719905853271484
-12.953374862670898
-6.525294780731201
1.999999987845058e-08
2.3401999473571777
-6.801227569580078
-1.1099298000335693
-1.999999987845058e-08
7.924701690673828
-0.08514508605003357
2.625363826751709
1.999999987845058e-08
9.56148624420166
3.9930641651153564
2.750948905944824
-1.999999987845058e-08
9.010566711425781
3.907471179962158
-0.12059338390827179
1.999999987845058e-08
7.593116760253906
1.0336695909500122
-3.6390292644500732
-1.999999987845058e-08
4.870145320892334
-3.3909480571746826
-6.1877899169921875
1.999999987845058e-08
7.593116760253906
1.0336695909500122
-3.6390292644500732
-1.999999987845058e-08
4.870145320892334
-3.3909480571746826
-6.1877899169921875
1.999999987845058e-08
0.8144329190254211
-8.933897018432617
-7.523146152496338
-1.999999987845058e-08
-2.4335553646087646
-12.209129333496094
-7.303038597106934
1.999999987845058e-08
-3.14563250541687
-9.668831825256348
-5.8276872634887695
-1.999999987845058e-08
-3.443243980407715
-5.423515796661377
-5.278377532958984
1.999999987845058e-08
