0
7.865087509155273
10.63248062133789
14.143146514892578
1.999999987845058e-08
5.048170566558838
8.397466659545898
11.731791496276855
-1.999999987845058e-08
-0.17469187080860138
4.135152339935303
5.8825459480285645
1.999999987845058e-08
-2.4051599502563477
0.8147786855697632
2.1339340209960938
-1.999999987845058e-08
0.09570638835430145
0.09318500757217407
2.9334468841552734
1.999999987845058e-08
1.5862205028533936
-0.49435165524482727
4.046105861663818
-1.999999987845058e-08
-2.368953227996826
-3.3743979930877686
2.1435794830322266
1.999999987845058e-08
-8.35254192352295
-7.291857719421387
-0.2589356005191803
-1.999999987845058e-08
-10.697237968444824
-9.29726505279541
-0.39269113540649414
1.999999987845058e-08
-1.661909818649292
2.289935827255249
-0.39728057384490967
-1.999999987845058e-08
0.3340442478656769
2.2893497943878174
2.7633070945739746
1.999999987845058e-08
6.110644817352295
3.455885887145996
9.327886581420898
-1.999999987845058e-08
12.281970024108887
5.742971420288086
15.348555564880371
1.999999987845058e-08
11.512445449829102
5.654420852661133
14.217692375183105
-1.999999987845058e-08
3.0057170391082764
1.6344906091690063
5.659572601318359
1.999999987845058e-08
-5.82785177230835
-4.140130996704102
-3.1461892127990723
-1.999999987845058e-08
-9.021784782409668
-8.54040241241455
-6.506192684173584
1.999999987845058e-08
-7.137073516845703
-9.358977317810059
-5.066481590270996
-1.999999987845058e-08
-3.3113858699798584
-6.834614276885986
-1.9770077466964722
1.999999987845058e-08
-3.3113858699798584
-6.834614276885986
-1.9770077466964722
-1.999999987845058e-08
-0.003205436747521162
-4.266610622406006
0.5224232077598572
1.999999987845058e-08
1.690197229385376
-3.421064853668213
1.5345120429992676
-1.999999987845058e-08
2.8712379932403564
-1.6810407638549805
2.07852840423584
1.999999987845058e-08
5.064892768859863
1.9394456148147583
3.353161334991455
-1.999999987845058e-08
6.82010555267334
3.3851935863494873
3.693845272064209
1.999999987845058e-08
4.395314693450928
-0.15363073348999023
0.5887727737426758
-1.999999987845058e-08
-3.842442512512207
-6.8845391273498535
-5.263908386230469
1.999999987845058e-08
-15.073908805847168
-15.00502872467041
-11.396405220031738
-1.999999987845058e-08
-24.2825984954834
-23.701908111572266
-16.76810646057129
1.999999987845058e-08
-28.023958206176758
-29.530874252319336
-20.693361282348633
-1.999999987845058e-08
-26.366573333740234
-28.911928176879883
-21.748044967651367
1.999999987845058e-08
-22.55052947998047
-23.877647399902344
-19.785484313964844
-1.999999987845058e-08
-19.816749572753906
-19.54545783996582
-15.863762855529785
1.999999987845058e-08
-17.55805015563965
-16.825925827026367
-9.936731338500977
-1.999999987845058e-08
-12.654943466186523
-12.733267784118652
-1.8944216966629028
1.999999987845058e-08
-5.14083194732666
-6.835386276245117
6.053422927856445
-1.999999987845058e-08
0.7511336803436279
-2.448991060256958
10.621517181396484
1.999999987845058e-08
2.458254814147949
-1.940190076828003
10.579120635986328
-1.999999987845058e-08
2.3556408882141113
-3.925746202468872
7.631488800048828
1.999999987845058e-08
6.4656572341918945
-2.9091594219207764
1.4577926397323608
-1.999999987845058e-08
7.600269794464111
0.01885351724922657
-1.1418342590332031
1.999999987845058e-08
5.169372081756592
0.9424148201942444
-2.7268002033233643
-1.999999987845058e-08
1.4574134349822998
0.471291720867157
-0.6163397431373596
1.999999987845058e-08
0.18349799513816833
0.7309566736221313
5.1374077796936035
-1.999999987845058e-08
1.0909343957901
0.9945991039276123
8.732373237609863
1.999999987845058e-08
0.9882234930992126
0.05769532546401024
5.171541213989258
-1.999999987845058e-08
-0.9107375741004944
-0.6663862466812134
-2.7709031105041504
1.999999987845058e-08
-2.861457586288452
-0.6139915585517883
-8.765098571777344
-1.999999987845058e-08
-4.275084495544434
-1.6839265823364258
-10.491551399230957
1.999999987845058e-08
0.18349799513816833
0.7309567332267761
5.1374077796936035
-1.999999987845058e-08
1.0909343957901
0.9945991039276123
8.732373237609863
1.999999987845058e-08
0.9882234930992126
0.05769532546401024
5.171541213989258
-1.999999987845058e-08
-0.9107375741004944
-0.6663862466812134
-2.7709031105041504
1.999999987845058e-08
-2.861457586288452
-0.6139915585517883
-8.765098571777344
-1.999999987845058e-08
-4.275084495544434
-1.6839265823364258
-10.491551399230957
1.999999987845058e-08
-5.461977481842041
-3.8424484729766846
-9.338201522827148
-1.999999987845058e-08
-5.197059631347656
-4.674816608428955
-7.0391435623168945
1.999999987845058e-08
-2.0009355545043945
-3.658362865447998
-5.225798606872559
-1.999999987845058e-08
3.265458106994629
-1.8459001779556274
-4.206313133239746
1.999999987845058e-08
7.893792152404785
5.793212413787842
7.680838584899902
-1.999999987845058e-08
4.51033353805542
2.888155698776245
6.669094562530518
1.999999987845058e-08
-0.7733824253082275
-3.5605053901672363
3.5883679389953613
-1.999999987845058e-08
-4.422934532165527
-8.209073066711426
2.3959765434265137
1.999999987845058e-08
-2.0703117847442627
-3.543325662612915
6.806419372558594
-1.999999987845058e-08
4.171092987060547
7.367070198059082
13.233485221862793
1.999999987845058e-08
8.462194442749023
14.86819076538086
15.944330215454102
-1.999999987845058e-08
9.724964141845703
16.769575119018555
15.457258224487305
1.999999987845058e-08
9.967933654785156
16.439626693725586
14.146492958068848
-1.999999987845058e-08
8.574007034301758
13.931118965148926
10.30216121673584
1.999999987845058e-08
8.574007034301758
13.931118965148926
10.30216121673584
-1.999999987845058e-08
4.848963737487793
9.253904342651367
3.2648565769195557
1.999999987845058e-08
1.4364471435546875
5.683880805969238
-2.9928057193756104
-1.999999987845058e-08
1.1877210140228271
4.116652011871338
-5.3497772216796875
1.999999987845058e-08
4.523108005523682
2.867246627807617
-3.8935739994049072
-1.999999987845058e-08
10.08634090423584
2.789325714111328
0.716008186340332
1.999999987845058e-08
14.807147026062012
4.510433197021484
6.363133907318115
-1.999999987845058e-08
15.498109817504883
5.020233631134033
9.167447090148926
1.999999987845058e-08
12.450616836547852
2.935145616531372
7.761493682861328
-1.999999987845058e-08
8.618945121765137
0.8083374500274658
4.286890983581543
1.999999987845058e-08
5.061695575714111
-0.2603735327720642
0.39927852153778076
-1.999999987845058e-08
1.5620810985565186
-1.0986932516098022
-3.198557138442993
1.999999987845058e-08
0.6487373113632202
-0.7545487880706787
-3.797828197479248
-1.999999987845058e-08
5.05654764175415
1.5500857830047607
0.7878768444061279
1.999999987845058e-08
12.400691986083984
4.111541271209717
7.2582688331604
-1.999999987845058e-08
17.042402267456055
5.359045028686523
10.005890846252441
1.999999987845058e-08
15.984501838684082
5.552977085113525
7.8096160888671875
-1.999999987845058e-08
11.44466495513916
5.805246829986572
4.151103973388672
1.999999987845058e-08
8.647209167480469
7.241396427154541
3.3958561420440674
-1.999999987845058e-08
10.256237030029297
10.007777214050293
7.1283440589904785
1.999999987845058e-08
12.947772979736328
8.070762634277344
15.402287483215332
-1.999999987845058e-08
7.566563129425049
6.73745059967041
11.189715385437012
1.999999987845058e-08
1.7017464637756348
6.6197733879089355
5.856839656829834
-1.999999987845058e-08
-0.6380547881126404
5.483494758605957
2.4827616214752197
1.999999987845058e-08
2.1221084594726562
3.8274073600769043
2.8939900398254395
-1.999999987845058e-08
6.8971757888793945
3.4925942420959473
5.77327299118042
1.999999987845058e-08
8.5895414352417
3.9730615615844727
7.26986026763916
-1.999999987845058e-08
4.982645034790039
3.246990203857422
4.569518089294434
1.999999987845058e-08
-1.5272539854049683
0.18832790851593018
-1.6711945533752441
-1.999999987845058e-08
-6.157493591308594
-4.42195987701416
-8.008605003356934
1.999999987845058e-08
-6.157494068145752
-4.42195987701416
-8.008605003356934
-1.999999987845058e-08
-5.1466851234436035
-7.502264499664307
-10.157795906066895
1.999999987845058e-08
0.8034206628799438
-5.834020137786865
-6.286695957183838
-1.999999987845058e-08
5.952351093292236
-0.4337751865386963
0.09774236381053925
1.999999987845058e-08
4.757225513458252
3.1858396530151367
3.14945387840271
-1.999999987845058e-08
-2.2408013343811035
1.1523789167404175
1.2551071643829346
1.999999987845058e-08
-9.64726448059082
-4.402726173400879
-2.353602409362793
-1.999999987845058e-08
-12.929865837097168
-8.835691452026367
-4.59265661239624
1.999999987845058e-08
-11.079901695251465
-9.425989151000977
-4.962345600128174
-1.999999987845058e-08
-5.867557048797607
-5.544909954071045
-4.149340629577637
1.999999987845058e-08
-5.867557048797607
-5.544909954071045
-4.149341106414795
-1.999999987845058e-08
0.004627376329153776
0.7036387920379639
-2.6244559288024902
1.999999987845058e-08
4.438976764678955
4.563259124755859
-1.1417713165283203
-1.999999987845058e-08
6.179501056671143
3.753359317779541
-0.7365422248840332
1.999999987845058e-08
5.624339580535889
1.8027974367141724
-0.6769378185272217
-1.999999987845058e-08
4.903696060180664
2.7301692962646484
0.7259120941162109
1.999999987845058e-08
5.066720485687256
5.637594699859619
2.764085531234741
-1.999999987845058e-08
5.128131866455078
8.035706520080566
3.244767665863037
1.999999987845058e-08
4.031578540802002
9.427250862121582
1.4296633005142212
-1.999999987845058e-08
1.2304681539535522
8.909662246704102
-1.9259824752807617
1.999999987845058e-08
-7.692013740539551
2.7616987228393555
-5.194477081298828
-1.999999987845058e-08
-7.368753433227539
4.651055812835693
-4.966892242431641
1.999999987845058e-08
-5.0287861824035645
6.687798976898193
-4.061069488525391
-1.999999987845058e-08
-0.8115485906600952
9.356819152832031
-0.26625651121139526
1.999999987845058e-08
3.6386570930480957
11.882283210754395
5.393414497375488
-1.999999987845058e-08
6.24543571472168
12.592885971069336
8.780694961547852
1.999999987845058e-08
7.1805243492126465
13.19154167175293
7.914994239807129
-1.999999987845058e-08
7.99464225769043
15.91769027709961
4.782047271728516
1.999999987845058e-08
8.482189178466797
18.677310943603516
1.7326416969299316
-1.999999987845058e-08
8.505374908447266
19.90723991394043
0.5769915580749512
1.999999987845058e-08
9.048640251159668
23.75893211364746
6.4099531173706055
-1.999999987845058e-08
6.1520891189575195
20.737321853637695
8.3961820602417
1.999999987845058e-08
3.1161160469055176
14.721138954162598
8.56039810180664
-1.999999987845058e-08
2.4319305419921875
11.109956741333008
7.729285717010498
1.999999987845058e-08
1.5338670015335083
8.978116989135742
4.848324298858643
-1.999999987845058e-08
-2.0571632385253906
5.032916069030762
-0.09696179628372192
1.999999987845058e-08
-6.572785377502441
1.1044524908065796
-5.271963596343994
-1.999999987845058e-08
-9.01785659790039
0.07728466391563416
-9.628721237182617
1.999999987845058e-08
-7.764246463775635
1.3683172464370728
-11.946601867675781
-1.999999987845058e-08
-2.582977771759033
3.9824187755584717
-9.837037086486816
1.999999987845058e-08
-2.582977771759033
3.9824187755584717
-9.837037086486816
-1.999999987845058e-08
4.300224304199219
7.364880084991455
-3.9392855167388916
1.999999987845058e-08
8.168142318725586
9.039582252502441
0.4150507152080536
-1.999999987845058e-08
6.102380752563477
7.72001838684082
-0.7951384782791138
1.999999987845058e-08
0.7136167287826538
6.481588840484619
-5.522006511688232
-1.999999987845058e-08
-3.260751962661743
7.415945529937744
-9.011564254760742
1.999999987845058e-08
-4.750201225280762
7.623757362365723
-9.216343879699707
-1.999999987845058e-08
-5.495399475097656
5.029720783233643
-7.262062072753906
1.999999987845058e-08
-5.892956256866455
2.278913736343384
-5.148596286773682
-1.999999987845058e-08
-5.458358287811279
1.620917797088623
-4.199976444244385
1.999999987845058e-08
-5.187228202819824
2.0024361610412598
-4.545074462890625
-1.999999987845058e-08
-6.235426425933838
2.2435719966888428
-5.68330192565918
1.999999987845058e-08
-7.329631328582764
2.2216031551361084
-6.738049030303955
-1.999999987845058e-08
-6.46674108505249
1.8084862232208252
-6.619265079498291
1.999999987845058e-08
-4.480293273925781
1.6028505563735962
-5.377272129058838
-1.999999987845058e-08
-3.404036283493042
2.5139293670654297
-4.393373966217041
1.999999987845058e-08
-2.7291665077209473
3.068969964981079
-4.510978698730469
-1.999999987845058e-08
-1.076082468032837
0.6355575323104858
-4.980207443237305
1.999999987845058e-08
0.8033639788627625
-3.668356418609619
-4.471828937530518
-1.999999987845058e-08
1.6915751695632935
-5.871320724487305
-2.8147132396698
1.999999987845058e-08
0.7236995100975037
-1.5907262563705444
-1.876172423362732
-1.999999987845058e-08
-1.265032410621643
1.0808558464050293
-3.788555145263672
1.999999987845058e-08
-2.7378270626068115
1.5611013174057007
-5.69704008102417
-1.999999987845058e-08
-3.17067289352417
-0.5037370920181274
-7.658613681793213
1.999999987845058e-08
-4.357513427734375
-2.951559066772461
-10.62282657623291
-1.999999987845058e-08
-5.729242324829102
-3.2836132049560547
-12.867144584655762
1.999999987845058e-08
-5.478714466094971
-1.8681613206863403
-12.625371932983398
-1.999999987845058e-08
-6.098103046417236
-1.7928599119186401
-12.26980972290039
1.999999987845058e-08
-9.429758071899414
-4.770051002502441
-13.302929878234863
-1.999999987845058e-08
-10.862298965454102
-8.46500015258789
-12.786480903625488
1.999999987845058e-08
-4.357513427734375
-2.951559066772461
-10.62282657623291
-1.999999987845058e-08
-5.729242324829102
-3.2836132049560547
-12.867144584655762
1.999999987845058e-08
-5.478714466094971
-1.8681613206863403
-12.625371932983398
-1.999999987845058e-08
-6.098103046417236
-1.7928599119186401
-12.26980972290039
1.999999987845058e-08
-9.429758071899414
-4.770051002502441
-13.302929878234863
-1.999999987845058e-08
-10.862298965454102
-8.46500015258789
-12.786480903625488
1.999999987845058e-08
-5.378295421600342
-8.224113464355469
-8.331894874572754
-1.999999987845058e-08
6.1296067237854
-0.8571590781211853
-0.3483599126338959
1.999999987845058e-08
17.78850555419922
11.037636756896973
8.761469841003418
-1.999999987845058e-08
22.477588653564453
18.962751388549805
14.16141414642334
1.999999987845058e-08
-29.055612564086914
-18.131044387817383
-17.446447372436523
-1.999999987845058e-08
-31.043603897094727
-20.431184768676758
-20.08937644958496
1.999999987845058e-08
-31.856189727783203
-21.111774444580078
-23.95696449279785
-1.999999987845058e-08
-32.125213623046875
-21.985576629638672
-28.05123519897461
1.999999987845058e-08
-30.07176399230957
-21.62105369567871
-28.35111427307129
-1.999999987845058e-08
-24.03864860534668
-17.847776412963867
-22.645498275756836
1.999999987845058e-08
-15.535591125488281
-11.812100410461426
-13.419196128845215
-1.999999987845058e-08
-8.733492851257324
-6.0191779136657715
-5.339527606964111
1.999999987845058e-08
-5.828212261199951
-2.109015941619873
-0.17508335411548615
-1.999999987845058e-08
-4.5242109298706055
-1.1050934791564941
4.241374492645264
1.999999987845058e-08
-1.14396333694458
-1.0583088397979736
9.945318222045898
-1.999999987845058e-08
5.588779926300049
3.2013795375823975
16.249265670776367
1.999999987845058e-08
13.56921100616455
13.384149551391602
21.037736892700195
-1.999999987845058e-08
18.58220863342285
25.218637466430664
22.587499618530273
1.999999987845058e-08
16.23340606689453
29.874834060668945
18.80785369873047
-1.999999987845058e-08
5.188793659210205
17.258386611938477
8.2434720993042
1.999999987845058e-08
-8.35130786895752
-9.353447914123535
-4.230737686157227
-1.999999987845058e-08
-15.020060539245605
-31.543468475341797
-10.394210815429688
1.999999987845058e-08
-12.064605712890625
-36.56572341918945
-8.292718887329102
-1.999999987845058e-08
-2.6832971572875977
-24.341840744018555
-1.3658549785614014
1.999999987845058e-08
8.004582405090332
-2.437821388244629
5.5536017417907715
-1.999999987845058e-08
14.073753356933594
14.809678077697754
7.74561071395874
1.999999987845058e-08
13.945137023925781
16.549619674682617
5.738034248352051
-1.999999987845058e-08
11.84174919128418
6.908457279205322
4.468230724334717
1.999999987845058e-08
10.593432426452637
-1.860728144645691
4.878820896148682
-1.999999987845058e-08
8.993171691894531
-3.165196180343628
4.211109638214111
1.999999987845058e-08
6.969332695007324
1.082370400428772
3.2133264541625977
-1.999999987845058e-08
6.4729132652282715
5.725590705871582
4.4593915939331055
1.999999987845058e-08
6.8906378746032715
6.2926154136657715
5.851977825164795
-1.999999987845058e-08
5.682906627655029
1.5367019176483154
3.861994504928589
1.999999987845058e-08
3.1202728748321533
-4.345133304595947
0.183751180768013
-1.999999987845058e-08
1.2857228517532349
-5.302798271179199
-1.5396977663040161
1.999999987845058e-08
0.10783567279577255
-1.9748305082321167
-1.3007926940917969
-1.999999987845058e-08
-1.7237794399261475
-2.2139508724212646
-1.1978533267974854
1.999999987845058e-08
-3.6792871952056885
-9.314682006835938
-2.3035507202148438
-1.999999987845058e-08
-3.308053731918335
-14.963534355163574
-3.118436336517334
1.999999987845058e-08
0.5672257542610168
-10.84984016418457
-0.7626249194145203
-1.999999987845058e-08
5.038199424743652
-2.306544065475464
3.867295503616333
1.999999987845058e-08
6.1635518074035645
-0.37576723098754883
6.454351902008057
-1.999999987845058e-08
5.0386061668396
-4.525401592254639
7.196568012237549
1.999999987845058e-08
6.249553680419922
-5.021727561950684
10.795293807983398
-1.999999987845058e-08
9.4276704788208
-0.13127417862415314
16.69422149658203
1.999999987845058e-08
8.57235336303711
1.731184720993042
17.85358428955078
-1.999999987845058e-08
1.936913251876831
-2.8439502716064453
11.185637474060059
1.999999987845058e-08
-4.727939128875732
-7.804373264312744
1.5177721977233887
-1.999999987845058e-08
-6.856996059417725
-9.293547630310059
-5.725666522979736
1.999999987845058e-08
-5.492102146148682
-9.848169326782227
-9.034329414367676
-1.999999987845058e-08
-2.7168240547180176
-10.971306800842285
-8.745359420776367
1.999999987845058e-08
1.4476287364959717
-10.270742416381836
-5.224884986877441
-1.999999987845058e-08
7.135718822479248
-5.7966766357421875
0.7215996384620667
1.999999987845058e-08
12.183371543884277
0.4017566740512848
6.650953769683838
-1.999999987845058e-08
13.858476638793945
3.4227755069732666
9.598207473754883
1.999999987845058e-08
12.241387367248535
1.1067012548446655
9.049588203430176
-1.999999987845058e-08
9.741189002990723
-2.4633097648620605
7.019224643707275
1.999999987845058e-08
8.385245323181152
-2.7143473625183105
5.630256175994873
-1.999999987845058e-08
7.724429130554199
-1.8527954816818237
5.170026779174805
1.999999987845058e-08
5.505706310272217
-3.8966164588928223
4.430876731872559
-1.999999987845058e-08
1.1623079776763916
-6.491635799407959
2.8790550231933594
1.999999987845058e-08
-3.011033535003662
-5.876567363739014
1.3575021028518677
-1.999999987845058e-08
-4.397186279296875
-4.0703511238098145
1.2090309858322144
1.999999987845058e-08
-4.397186279296875
-4.0703511238098145
1.2090309858322144
-1.999999987845058e-08
-3.0819942951202393
-4.53228759765625
2.6895666122436523
1.999999987845058e-08
-1.8994518518447876
-6.795243263244629
3.664576530456543
-1.999999987845058e-08
-2.294598340988159
-8.054875373840332
2.242213487625122
1.999999987845058e-08
-2.2018613815307617
-6.015450477600098
-0.21897165477275848
-1.999999987845058e-08
0.08873625099658966
-1.4497497081756592
-1.7728314399719238
1.999999987845058e-08
3.381840944290161
1.3149194717407227
-2.7011852264404297
-1.999999987845058e-08
6.141572952270508
-0.11336499452590942
-3.4361767768859863
1.999999987845058e-08
8.051779747009277
-2.102017641067505
-2.766728401184082
-1.999999987845058e-08
7.747501373291016
-1.4332032203674316
-0.5922026038169861
1.999999987845058e-08
-10.668312072753906
-10.860923767089844
-6.7668304443359375
-1.999999987845058e-08
-7.295085430145264
-7.642980575561523
-5.546921253204346
1.999999987845058e-08
-1.818873643875122
-3.9617323875427246
-2.551644802093506
-1.999999987845058e-08
-0.0495024211704731
-5.036931037902832
-0.9599595069885254
1.999999987845058e-08
-0.5762852430343628
-6.646800994873047
-0.10237034410238266
-1.999999987845058e-08
-0.3700360655784607
-5.893154144287109
0.1544630229473114
1.999999987845058e-08
0.5585317611694336
-6.129035949707031
-1.9211786985397339
-1.999999987845058e-08
2.051981210708618
-7.334601402282715
-5.376718044281006
1.999999987845058e-08
3.849904775619507
-5.861841678619385
-8.155900001525879
-1.999999987845058e-08
3.414182662963867
-4.084775447845459
-11.570484161376953
1.999999987845058e-08
-0.28813639283180237
-6.85645866394043
-16.33515167236328
-1.999999987845058e-08
-3.9837486743927
-11.431077003479004
-18.563186645507812
1.999999987845058e-08
-4.68248176574707
-11.443835258483887
-15.040627479553223
-1.999999987845058e-08
-3.5340640544891357
-6.599617958068848
-7.991217136383057
1.999999987845058e-08
-3.376601457595825
-1.9483699798583984
-1.7380430698394775
-1.999999987845058e-08
-4.489046573638916
-0.6306013464927673
2.011233329772949
1.999999987845058e-08
-4.797939777374268
-0.8679999709129333
3.7310853004455566
-1.999999987845058e-08
-3.9255826473236084
0.5095090270042419
3.4684014320373535
1.999999987845058e-08
-3.684091806411743
2.797337055206299
1.4514669179916382
-1.999999987845058e-08
-4.82034158706665
1.5496995449066162
-0.8620733022689819
1.999999987845058e-08
-6.713306903839111
-4.433206558227539
-2.7301104068756104
-1.999999987845058e-08
-8.731619834899902
-9.379981994628906
-4.378387451171875
1.999999987845058e-08
-9.963556289672852
-8.237753868103027
-5.388385772705078
-1.999999987845058e-08
-9.885766983032227
-5.09436559677124
-5.81226110458374
1.999999987845058e-08
-8.871881484985352
-6.781155109405518
-6.1741790771484375
-1.999999987845058e-08
-6.295191287994385
-10.324037551879883
-4.529819011688232
1.999999987845058e-08
-1.3098399639129639
-7.128050804138184
1.0949586629867554
-1.999999987845058e-08
3.597646713256836
1.7280662059783936
7.364708423614502
1.999999987845058e-08
4.165049076080322
6.127584934234619
8.9484224319458
-1.999999987845058e-08
-0.44249725341796875
2.179227828979492
5.312826633453369
1.999999987845058e-08
-6.2990851402282715
-3.437124013900757
0.44647306203842163
-1.999999987845058e-08
-8.379865646362305
-4.315264701843262
-1.4436593055725098
1.999999987845058e-08
-6.410423755645752
-2.285217046737671
0.36272644996643066
-1.999999987845058e-08
-4.9958577156066895
-2.410756826400757
2.6732919216156006
1.999999987845058e-08
-6.096639633178711
-3.9486606121063232
2.731541395187378
-1.999999987845058e-08
-7.4140167236328125
-2.3809092044830322
0.5926223993301392
1.999999987845058e-08
-8.417287826538086
0.9956911206245422
-3.0931308269500732
-1.999999987845058e-08
-10.38524055480957
0.5110471248626709
-7.361480712890625
1.999999987845058e-08
-12.288827896118164
-3.7689895629882812
-9.871786117553711
-1.999999987845058e-08
-12.215659141540527
-6.435335636138916
-9.199591636657715
1.999999987845058e-08
-8.417287826538086
0.9956911206245422
-3.0931308269500732
-1.999999987845058e-08
-10.38524055480957
0.5110471248626709
-7.361480712890625
1.999999987845058e-08
-12.288827896118164
-3.7689895629882812
-9.871786117553711
-1.999999987845058e-08
-12.215659141540527
-6.435335636138916
-9.199591636657715
1.999999987845058e-08
-10.66938304901123
-6.106700420379639
-7.264779090881348
-1.999999987845058e-08
-9.46440315246582
-6.6693434715271
-6.63646936416626
1.999999987845058e-08
-8.414237022399902
-8.689352035522461
-6.016729354858398
-1.999999987845058e-08
-5.905369758605957
-7.101043224334717
-2.59306263923645
1.999999987845058e-08
-2.7658307552337646
-0.631963312625885
2.1788082122802734
-1.999999987845058e-08
-1.9631035327911377
4.153079509735107
4.308551788330078
1.999999987845058e-08
1.1545896530151367
8.19899845123291
6.632976055145264
-1.999999987845058e-08
4.7571258544921875
8.55595874786377
7.502240180969238
1.999999987845058e-08
7.140683174133301
5.561926364898682
6.8270673751831055
-1.999999987845058e-08
10.932525634765625
3.903083324432373
10.161205291748047
1.999999987845058e-08
13.325908660888672
1.684570550918579
15.4671049118042
-1.999999987845058e-08
10.585345268249512
-4.415282249450684
16.930450439453125
1.999999987845058e-08
5.68269157409668
-9.505464553833008
14.316373825073242
-1.999999987845058e-08
2.5966198444366455
-7.736615180969238
9.83397388458252
1.999999987845058e-08
0.13031096756458282
-2.713773488998413
3.695302724838257
-1.999999987845058e-08
-3.385385036468506
-0.8075131773948669
-2.5253875255584717
1.999999987845058e-08
2.5966198444366455
-7.736615180969238
9.83397388458252
-1.999999987845058e-08
0.1303110122680664
-2.713773488998413
3.695302724838257
1.999999987845058e-08
-3.385385036468506
-0.8075131773948669
-2.5253875255584717
-1.999999987845058e-08
-6.9239091873168945
-2.5382866859436035
-5.771145820617676
1.999999987845058e-08
-9.147201538085938
-6.340963840484619
-5.927917957305908
-1.999999987845058e-08
-8.209860801696777
-10.84406852722168
-4.283572673797607
1.999999987845058e-08
-2.164597272872925
-11.420056343078613
0.33220717310905457
-1.999999987845058e-08
6.599092483520508
-4.656057357788086
8.000195503234863
1.999999987845058e-08
12.24256706237793
4.60933256149292
14.12880802154541
-1.999999987845058e-08
12.90233325958252
9.435107231140137
14.37969970703125
1.999999987845058e-08
11.482872009277344
10.211039543151855
9.472516059875488
-1.999999987845058e-08
8.98383617401123
10.7882719039917
2.5211918354034424
1.999999987845058e-08
4.046370029449463
11.044652938842773
-4.161684036254883
-1.999999987845058e-08
-1.9757205247879028
9.03528118133545
-8.358388900756836
1.999999987845058e-08
-6.399271488189697
4.8799967765808105
-9.001631736755371
-1.999999987845058e-08
-9.715313911437988
0.05714283511042595
-8.577736854553223
1.999999987845058e-08
-13.259627342224121
-3.203902006149292
-10.25228214263916
-1.999999987845058e-08
-14.789432525634766
-2.6881792545318604
-12.546746253967285
1.999999987845058e-08
-11.184393882751465
1.1619189977645874
-10.577712059020996
-1.999999987845058e-08
-3.858602523803711
5.844070911407471
-3.0224311351776123
1.999999987845058e-08
4.669671058654785
15.155231475830078
9.730415344238281
-1.999999987845058e-08
9.250948905944824
16.307348251342773
11.364812850952148
1.999999987845058e-08
14.821486473083496
17.580217361450195
13.963764190673828
-1.999999987845058e-08
15.561699867248535
12.926100730895996
12.923521041870117
1.999999987845058e-08
10.058940887451172
3.2046327590942383
7.321486949920654
-1.999999987845058e-08
3.714759349822998
-2.0665242671966553
2.29897141456604
1.999999987845058e-08
1.0621850490570068
0.2514726519584656
1.5428311824798584
-1.999999987845058e-08
1.1896843910217285
2.4683287143707275
3.085928201675415
1.999999987845058e-08
3.56675386428833
1.7234909534454346
5.517068862915039
-1.999999987845058e-08
9.52285385131836
3.97019100189209
9.713754653930664
1.999999987845058e-08
3.56675386428833
1.7234909534454346
5.517068862915039
-1.999999987845058e-08
9.52285385131836
3.97019100189209
9.713754653930664
1.999999987845058e-08
16.474946975708008
10.035770416259766
13.673458099365234
-1.999999987845058e-08
19.484619140625
14.083946228027344
14.574652671813965
1.999999987845058e-08
17.898717880249023
14.21878719329834
13.837672233581543
-1.999999987845058e-08
15.225001335144043
12.958466529846191
13.81190013885498
1.999999987845058e-08
14.322961807250977
11.627785682678223
13.47982120513916
-1.999999987845058e-08
15.422297477722168
10.813593864440918
11.779092788696289
1.999999987845058e-08
17.038679122924805
11.206209182739258
10.224617958068848
-1.999999987845058e-08
17.454191207885742
11.717684745788574
9.386553764343262
1.999999987845058e-08
12.78561019897461
11.25583267211914
4.856476306915283
-1.999999987845058e-08
6.071669101715088
9.286148071289062
0.7675812244415283
1.999999987845058e-08
-2.5489165782928467
3.689279317855835
-3.02264404296875
-1.999999987845058e-08
-6.248950481414795
-0.3132345974445343
-1.9285008907318115
1.999999987845058e-08
-1.2146174907684326
3.9676942825317383
6.873077869415283
-1.999999987845058e-08
5.852866172790527
12.2925443649292
17.266422271728516
1.999999987845058e-08
7.277232646942139
15.049628257751465
21.192638397216797
-1.999999987845058e-08
5.129922866821289
12.405570030212402
19.8381290435791
1.999999987845058e-08
4.693124294281006
11.328496932983398
19.05130958557129
-1.999999987845058e-08
6.625532150268555
13.444986343383789
20.090784072875977
1.999999987845058e-08
12.973878860473633
16.939022064208984
20.603445053100586
-1.999999987845058e-08
14.246192932128906
16.702091217041016
19.48531723022461
1.999999987845058e-08
11.776187896728516
16.13649559020996
17.2026309967041
-1.999999987845058e-08
5.796597003936768
15.411038398742676
13.379183769226074
1.999999987845058e-08
-0.8317672610282898
12.86834716796875
9.578094482421875
-1.999999987845058e-08
-4.407662868499756
9.080918312072754
7.799522399902344
1.999999987845058e-08
-4.28364372253418
8.497719764709473
6.985818386077881
-1.999999987845058e-08
-3.4416840076446533
12.1195707321167
4.017578125
1.999999987845058e-08
-4.794862747192383
13.145872116088867
-1.7899835109710693
-1.999999987845058e-08
-7.844273090362549
7.076030254364014
-7.121429443359375
1.999999987845058e-08
-7.844273090362549
7.076030254364014
-7.121429443359375
-1.999999987845058e-08
-8.714944839477539
0.6696524024009705
-7.545650005340576
1.999999987845058e-08
-4.769293308258057
1.4073429107666016
-2.5660011768341064
-1.999999987845058e-08
1.2367420196533203
5.770843982696533
2.8237946033477783
1.999999987845058e-08
4.676891803741455
7.51270866394043
4.010742664337158
-1.999999987845058e-08
4.94747257232666
7.617405414581299
1.3711124658584595
1.999999987845058e-08
4.621890068054199
8.910715103149414
-2.8548996448516846
-1.999999987845058e-08
4.879518985748291
10.259828567504883
-7.726541996002197
1.999999987845058e-08
5.0492448806762695
9.959205627441406
-12.034481048583984
-1.999999987845058e-08
5.578023910522461
8.655359268188477
-13.287454605102539
1.999999987845058e-08
-0.2450496107339859
0.41428616642951965
-12.974499702453613
-1.999999987845058e-08
-5.959146499633789
-5.230666160583496
-15.478828430175781
1.999999987845058e-08
-5.558282852172852
-7.684537887573242
-13.733468055725098
-1.999999987845058e-08
1.443322777748108
-2.7047886848449707
-7.116262912750244
1.999999987845058e-08
9.513204574584961
7.4452433586120605
0.7112760543823242
-1.999999987845058e-08
12.521546363830566
15.00924015045166
4.471523284912109
1.999999987845058e-08
9.5837984085083
15.59946060180664
2.5889549255371094
-1.999999987845058e-08
5.213212013244629
11.49721908569336
-1.4753503799438477
1.999999987845058e-08
3.3093252182006836
5.791463375091553
-4.758194923400879
-1.999999987845058e-08
3.5084011554718018
-0.545547366142273
-7.9256486892700195
1.999999987845058e-08
9.5837984085083
15.59946060180664
2.5889549255371094
-1.999999987845058e-08
5.213212013244629
11.49721908569336
-1.4753503799438477
1.999999987845058e-08
3.3093252182006836
5.791463375091553
-4.758194923400879
-1.999999987845058e-08
3.5084011554718018
-0.545547366142273
-7.9256486892700195
1.999999987845058e-08
3.8360207080841064
-5.565595626831055
-11.37085247039795
-1.999999987845058e-08
3.685070753097534
-7.009578227996826
-12.860282897949219
1.999999987845058e-08
2.643186092376709
-6.3462700843811035
-11.938759803771973
-1.999999987845058e-08
-0.3800201117992401
-6.594367504119873
-11.691678047180176
1.999999987845058e-08
-4.349579811096191
-6.968524932861328
-12.718506813049316
-1.999999987845058e-08
-6.645297527313232
-5.629489898681641
-12.253055572509766
1.999999987845058e-08
-9.266297340393066
-6.347812652587891
-11.09347152709961
-1.999999987845058e-08
-7.202905654907227
-3.3393514156341553
-8.497227668762207
1.999999987845058e-08
-4.036494255065918
-0.46738556027412415
-5.016984939575195
-1.999999987845058e-08
-0.7010916471481323
1.327468991279602
-2.7603673934936523
1.999999987845058e-08
2.840259075164795
3.0729379653930664
-1.9793843030929565
-1.999999987845058e-08
5.436439037322998
3.0236496925354004
-2.771240711212158
1.999999987845058e-08
6.051814556121826
0.5484562516212463
-4.656635761260986
-1.999999987845058e-08
4.167356491088867
-2.131352663040161
-6.945704460144043
1.999999987845058e-08
-1.1244908571243286
-4.939573764801025
-10.008391380310059
-1.999999987845058e-08
-8.136585235595703
-8.192208290100098
-12.791007995605469
1.999999987845058e-08
6.051814556121826
0.5484562516212463
-4.656635761260986
-1.999999987845058e-08
4.167356491088867
-2.131352663040161
-6.945704460144043
1.999999987845058e-08
-1.1244908571243286
-4.939573764801025
-10.008391380310059
-1.999999987845058e-08
-8.136585235595703
-8.192208290100098
-12.791007995605469
1.999999987845058e-08
-12.234452247619629
-8.959516525268555
-12.3803071975708
-1.999999987845058e-08
-11.985864639282227
-6.749943733215332
-9.275861740112305
1.999999987845058e-08
-10.25468635559082
-6.494888782501221
-7.636123180389404
-1.999999987845058e-08
-8.292279243469238
-10.340774536132812
-8.328970909118652
1.999999987845058e-08
-5.144671440124512
-13.236855506896973
-7.826326370239258
-1.999999987845058e-08
-2.6042730808258057
-11.93566608428955
-5.247651100158691
1.999999987845058e-08
2.871159553527832
-4.636384963989258
5.151548385620117
-1.999999987845058e-08
7.321386814117432
-0.0368061363697052
9.397668838500977
1.999999987845058e-08
7.8289289474487305
3.2595460414886475
9.945003509521484
-1.999999987845058e-08
3.9386069774627686
3.0268635749816895
4.884926795959473
1.999999987845058e-08
-2.310234308242798
-0.25030142068862915
-2.853107213973999
-1.999999987845058e-08
-6.768155574798584
-2.526721954345703
-7.475505828857422
1.999999987845058e-08
-7.429549217224121
-3.1282036304473877
-6.386085510253906
-1.999999987845058e-08
-5.978641510009766
-3.920264720916748
-0.848036527633667
1.999999987845058e-08
-4.615488052368164
-4.201418876647949
6.6841139793396
-1.999999987845058e-08
-4.638099193572998
-4.442730903625488
12.2152099609375
1.999999987845058e-08
-4.638099670410156
-4.442730903625488
12.2152099609375
-1.999999987845058e-08
-7.195259094238281
-7.910017967224121
10.773930549621582
1.999999987845058e-08
-10.485471725463867
-12.575135231018066
2.7501473426818848
-1.999999987845058e-08
-9.761689186096191
-11.934632301330566
-4.5804829597473145
1.999999987845058e-08
-4.562943458557129
-6.737544536590576
-6.498231410980225
-1.999999987845058e-08
0.045279908925294876
-4.26058292388916
-5.458433628082275
1.999999987845058e-08
1.4547213315963745
-6.147221565246582
-4.263216972351074
-1.999999987845058e-08
2.5560455322265625
-7.190730094909668
-2.0229053497314453
1.999999987845058e-08
5.278592586517334
-4.990943431854248
1.3977192640304565
-1.999999987845058e-08
5.859735488891602
-3.085010051727295
2.340172529220581
1.999999987845058e-08
0.6253980398178101
-5.025214672088623
-1.6810401678085327
-1.999999987845058e-08
-6.623312950134277
-9.990250587463379
-6.885462760925293
1.999999987845058e-08
-9.034618377685547
-13.95833683013916
-7.79583215713501
-1.999999987845058e-08
-6.0297322273254395
-13.549463272094727
-4.157660007476807
1.999999987845058e-08
-2.573499917984009
-9.375618934631348
0.27638959884643555
-1.999999987845058e-08
-1.6844639778137207
-5.026304721832275
2.5357327461242676
1.999999987845058e-08
-1.7114144563674927
-2.1615614891052246
2.6475260257720947
-1.999999987845058e-08
0.34369513392448425
0.899230420589447
2.9966847896575928
1.999999987845058e-08
4.609590530395508
4.724468231201172
5.018886566162109
-1.999999987845058e-08
7.849089622497559
6.746034145355225
6.789005279541016
1.999999987845058e-08
7.849089622497559
6.746034145355225
6.789005279541016
-1.999999987845058e-08
6.721443176269531
4.895518779754639
4.73701810836792
1.999999987845058e-08
0.7387549877166748
-0.24649427831172943
-2.4845328330993652
-1.999999987845058e-08
-7.493625640869141
-7.2396135330200195
-11.888795852661133
1.999999987845058e-08
-14.039710998535156
-14.33407211303711
-18.26262855529785
-1.999999987845058e-08
-15.727303504943848
-18.400766372680664
-18.45222282409668
1.999999987845058e-08
-12.474276542663574
-17.30137825012207
-13.901371955871582
-1.999999987845058e-08
-8.045839309692383
-13.135404586791992
-9.208898544311523
1.999999987845058e-08
-6.110847473144531
-10.091697692871094
-7.42024564743042
-1.999999987845058e-08
-6.95904016494751
-10.578048706054688
-8.317365646362305
1.999999987845058e-08
-9.767850875854492
-14.47830867767334
-11.328874588012695
-1.999999987845058e-08
-13.714191436767578
-19.16271209716797
-15.537405014038086
1.999999987845058e-08
-17.170976638793945
-21.305051803588867
-18.70060920715332
-1.999999987845058e-08
-20.190000534057617
-21.16136932373047
-21.071853637695312
1.999999987845058e-08
-23.904977798461914
-21.275903701782227
-25.11873435974121
-1.999999987845058e-08
-25.295663833618164
-20.215373992919922
-28.765377044677734
1.999999987845058e-08
-20.078250885009766
-14.917669296264648
-26.849620819091797
-1.999999987845058e-08
-11.621407508850098
-9.144845962524414
-20.031875610351562
1.999999987845058e-08
-7.742067813873291
-9.298229217529297
-13.825020790100098
-1.999999987845058e-08
-9.416010856628418
-13.146657943725586
-10.318300247192383
1.999999987845058e-08
-11.301190376281738
-13.797564506530762
-7.960110664367676
-1.999999987845058e-08
-9.937274932861328
-10.191246032714844
-5.266685962677002
1.999999987845058e-08
-5.7541375160217285
-5.352041721343994
-0.6080915331840515
-1.999999987845058e-08
-1.55131995677948
-1.595479965209961
6.032772541046143
1.999999987845058e-08
-0.22835290431976318
-0.6804597973823547
10.968403816223145
-1.999999987845058e-08
-1.0270658731460571
-1.6777490377426147
11.457615852355957
1.999999987845058e-08
-0.36760634183883667
-0.529014527797699
9.654012680053711
-1.999999987845058e-08
2.8429646492004395
3.657438278198242
8.940245628356934
1.999999987845058e-08
6.145560264587402
6.867944240570068
9.682271003723145
-1.999999987845058e-08
7.686396598815918
6.633017063140869
10.855542182922363
1.999999987845058e-08
8.68657112121582
1.7857393026351929
15.696948051452637
-1.999999987845058e-08
8.16531753540039
-1.1339105367660522
16.3375186920166
1.999999987845058e-08
6.7085041999816895
-2.6716902256011963
13.38168716430664
-1.999999987845058e-08
4.817626953125
-1.741726040840149
8.567108154296875
1.999999987845058e-08
1.5386518239974976
-1.1935983896255493
3.7835276126861572
-1.999999987845058e-08
-3.4207851886749268
-3.98297119140625
-0.15138480067253113
1.999999987845058e-08
-7.850119590759277
-7.892065048217773
-2.7993924617767334
-1.999999987845058e-08
-9.35767936706543
-8.976263046264648
-4.160897254943848
1.999999987845058e-08
-6.684321880340576
-6.876994609832764
-3.3704068660736084
-1.999999987845058e-08
0.5169603824615479
-2.7739181518554688
2.021000862121582
1.999999987845058e-08
0.5169603228569031
-2.7739181518554688
2.021000862121582
-1.999999987845058e-08
9.762948989868164
2.507113218307495
11.517693519592285
1.999999987845058e-08
16.212926864624023
6.678790092468262
19.131906509399414
-1.999999987845058e-08
18.588115692138672
8.817299842834473
20.969480514526367
1.999999987845058e-08
19.93312644958496
11.275664329528809
20.036884307861328
-1.999999987845058e-08
20.506973266601562
13.548113822937012
18.740394592285156
1.999999987845058e-08
