0
-4.724409103393555
8.810022222860425e-08
8.810022222860425e-08
8.810022222860425e-08
28.136627197265625
4.0944307500012656e-08
4.0944307500012656e-08
4.0944307500012656e-08
19.1641902923584
7.466515228315984e-08
7.466515228315984e-08
7.466515228315984e-08
-4.539923191070557
3.494466938036567e-08
3.494466938036567e-08
3.494466938036567e-08
-20.226411819458008
6.90059209773608e-08
6.90059209773608e-08
6.90059209773608e-08
-12.559576034545898
2.032103907367855e-08
2.032103907367855e-08
2.032103907367855e-08
24.023054122924805
4.1181607457474456e-08
4.1181607457474456e-08
4.1181607457474456e-08
51.170101165771484
-3.506894685756379e-08
-3.506894685756379e-08
-3.506894685756379e-08
27.924951553344727
-3.163403761163863e-08
-3.163403761163863e-08
-3.163403761163863e-08
15.084901809692383
3.932937886474974e-08
3.932937886474974e-08
3.932937886474974e-08
-3.0064024925231934
8.810022222860425e-08
8.810022222860425e-08
8.810022222860425e-08
-2.919774293899536
4.0944307500012656e-08
4.0944307500012656e-08
4.0944307500012656e-08
-13.993106842041016
7.466515228315984e-08
7.466515228315984e-08
7.466515228315984e-08
-33.00792694091797
3.494466938036567e-08
3.494466938036567e-08
3.494466938036567e-08
-20.697961807250977
6.90059209773608e-08
6.90059209773608e-08
6.90059209773608e-08
29.407283782958984
2.032103907367855e-08
2.032103907367855e-08
2.032103907367855e-08
83.67486572265625
4.1181607457474456e-08
4.1181607457474456e-08
4.1181607457474456e-08
96.6325912475586
-3.506894685756379e-08
-3.506894685756379e-08
-3.506894685756379e-08
43.48043441772461
-3.163403761163863e-08
-3.163403761163863e-08
-3.163403761163863e-08
83.67486572265625
3.932937886474974e-08
3.932937886474974e-08
3.932937886474974e-08
96.6325912475586
8.810022222860425e-08
8.810022222860425e-08
8.810022222860425e-08
43.48043441772461
4.0944307500012656e-08
4.0944307500012656e-08
4.0944307500012656e-08
-45.058292388916016
7.466515228315984e-08
7.466515228315984e-08
7.466515228315984e-08
-99.57138061523438
3.494466938036567e-08
3.494466938036567e-08
3.494466938036567e-08
-89.89763641357422
6.90059209773608e-08
6.90059209773608e-08
6.90059209773608e-08
-42.16176223754883
2.032103907367855e-08
2.032103907367855e-08
2.032103907367855e-08
14.948953628540039
4.1181607457474456e-08
4.1181607457474456e-08
4.1181607457474456e-08
58.11141586303711
-3.506894685756379e-08
-3.506894685756379e-08
-3.506894685756379e-08
60.707672119140625
-3.163403761163863e-08
-3.163403761163863e-08
-3.163403761163863e-08
33.999473571777344
3.932937886474974e-08
3.932937886474974e-08
3.932937886474974e-08
-6.407129287719727
8.810022222860425e-08
8.810022222860425e-08
8.810022222860425e-08
-20.42231559753418
4.0944307500012656e-08
4.0944307500012656e-08
4.0944307500012656e-08
15.673837661743164
7.466515228315984e-08
7.466515228315984e-08
7.466515228315984e-08
26.106473922729492
3.494466938036567e-08
3.494466938036567e-08
3.494466938036567e-08
-15.154862403869629
6.90059209773608e-08
6.90059209773608e-08
6.90059209773608e-08
-51.21863555908203
2.032103907367855e-08
2.032103907367855e-08
2.032103907367855e-08
-42.1392707824707
4.1181607457474456e-08
4.1181607457474456e-08
4.1181607457474456e-08
-10.52655029296875
-3.506894685756379e-08
-3.506894685756379e-08
-3.506894685756379e-08
0.9735782742500305
-3.163403761163863e-08
-3.163403761163863e-08
-3.163403761163863e-08
-51.21863555908203
3.932937886474974e-08
3.932937886474974e-08
3.932937886474974e-08
-42.1392707824707
8.810022222860425e-08
8.810022222860425e-08
8.810022222860425e-08
-10.52655029296875
4.0944307500012656e-08
4.0944307500012656e-08
4.0944307500012656e-08
0.9735782742500305
7.466515228315984e-08
7.466515228315984e-08
7.466515228315984e-08
-18.279664993286133
3.494466938036567e-08
3.494466938036567e-08
3.494466938036567e-08
-40.682682037353516
6.90059209773608e-08
6.90059209773608e-08
6.90059209773608e-08
-34.401214599609375
2.032103907367855e-08
2.032103907367855e-08
2.032103907367855e-08
1.9645928144454956
4.1181607457474456e-08
4.1181607457474456e-08
4.1181607457474456e-08
39.981502532958984
-3.506894685756379e-08
-3.506894685756379e-08
-3.506894685756379e-08
63.57794189453125
-3.163403761163863e-08
-3.163403761163863e-08
-3.163403761163863e-08
70.86695861816406
3.932937886474974e-08
3.932937886474974e-08
3.932937886474974e-08
29.141706466674805
8.810022222860425e-08
8.810022222860425e-08
8.810022222860425e-08
-56.22352981567383
4.0944307500012656e-08
4.0944307500012656e-08
4.0944307500012656e-08
-78.49201965332031
7.466515228315984e-08
7.466515228315984e-08
7.466515228315984e-08
4.693565845489502
3.494466938036567e-08
3.494466938036567e-08
3.494466938036567e-08
75.89413452148438
6.90059209773608e-08
6.90059209773608e-08
6.90059209773608e-08
53.844966888427734
2.032103907367855e-08
2.032103907367855e-08
2.032103907367855e-08
3.497528314590454
4.1181607457474456e-08
4.1181607457474456e-08
4.1181607457474456e-08
-17.709665298461914
-3.506894685756379e-08
-3.506894685756379e-08
-3.506894685756379e-08
-28.002477645874023
-3.163403761163863e-08
-3.163403761163863e-08
-3.163403761163863e-08
27.76956558227539
3.932937886474974e-08
3.932937886474974e-08
3.932937886474974e-08
55.8116569519043
8.810022222860425e-08
8.810022222860425e-08
8.810022222860425e-08
33.82524871826172
4.0944307500012656e-08
4.0944307500012656e-08
4.0944307500012656e-08
16.819076538085938
7.466515228315984e-08
7.466515228315984e-08
7.466515228315984e-08
17.869585037231445
3.494466938036567e-08
3.494466938036567e-08
3.494466938036567e-08
-19.061887741088867
6.90059209773608e-08
6.90059209773608e-08
6.90059209773608e-08
-63.36703109741211
2.032103907367855e-08
2.032103907367855e-08
2.032103907367855e-08
-22.321565628051758
4.1181607457474456e-08
4.1181607457474456e-08
4.1181607457474456e-08
73.5108642578125
-3.506894685756379e-08
-3.506894685756379e-08
-3.506894685756379e-08
108.64595794677734
-3.163403761163863e-08
-3.163403761163863e-08
-3.163403761163863e-08
42.227294921875
3.932937886474974e-08
3.932937886474974e-08
3.932937886474974e-08
3.3684511184692383
8.810022222860425e-08
8.810022222860425e-08
8.810022222860425e-08
-12.86062240600586
4.0944307500012656e-08
4.0944307500012656e-08
4.0944307500012656e-08
-0.5458089709281921
7.466515228315984e-08
7.466515228315984e-08
7.466515228315984e-08
-6.872045993804932
3.494466938036567e-08
3.494466938036567e-08
3.494466938036567e-08
-40.968753814697266
6.90059209773608e-08
6.90059209773608e-08
6.90059209773608e-08
-39.3853645324707
2.032103907367855e-08
2.032103907367855e-08
2.032103907367855e-08
15.947691917419434
4.1181607457474456e-08
4.1181607457474456e-08
4.1181607457474456e-08
64.55144500732422
-3.506894685756379e-08
-3.506894685756379e-08
-3.506894685756379e-08
70.51543426513672
-3.163403761163863e-08
-3.163403761163863e-08
-3.163403761163863e-08
-12.86062240600586
3.932937886474974e-08
3.932937886474974e-08
3.932937886474974e-08
-0.5458089709281921
8.810022222860425e-08
8.810022222860425e-08
8.810022222860425e-08
-6.872045993804932
4.0944307500012656e-08
4.0944307500012656e-08
4.0944307500012656e-08
-40.968753814697266
7.466515228315984e-08
7.466515228315984e-08
7.466515228315984e-08
-39.3853645324707
3.494466938036567e-08
3.494466938036567e-08
3.494466938036567e-08
15.947691917419434
6.90059209773608e-08
6.90059209773608e-08
6.90059209773608e-08
64.55144500732422
2.032103907367855e-08
2.032103907367855e-08
2.032103907367855e-08
70.51543426513672
4.1181607457474456e-08
4.1181607457474456e-08
4.1181607457474456e-08
39.16656494140625
-3.506894685756379e-08
-3.506894685756379e-08
-3.506894685756379e-08
-23.12291717529297
-3.163403761163863e-08
-3.163403761163863e-08
-3.163403761163863e-08
27.868852615356445
3.932937886474974e-08
3.932937886474974e-08
3.932937886474974e-08
-17.196413040161133
8.810022222860425e-08
8.810022222860425e-08
8.810022222860425e-08
-36.57521057128906
4.0944307500012656e-08
4.0944307500012656e-08
4.0944307500012656e-08
-17.21780014038086
7.466515228315984e-08
7.466515228315984e-08
7.466515228315984e-08
18.175256729125977
3.494466938036567e-08
3.494466938036567e-08
3.494466938036567e-08
32.12244415283203
6.90059209773608e-08
6.90059209773608e-08
6.90059209773608e-08
5.046015739440918
2.032103907367855e-08
2.032103907367855e-08
2.032103907367855e-08
-25.508474349975586
4.1181607457474456e-08
4.1181607457474456e-08
4.1181607457474456e-08
-0.25495821237564087
-3.506894685756379e-08
-3.506894685756379e-08
-3.506894685756379e-08
53.48187255859375
-3.163403761163863e-08
-3.163403761163863e-08
-3.163403761163863e-08
-25.508474349975586
3.932937886474974e-08
3.932937886474974e-08
3.932937886474974e-08
-0.2549581825733185
8.810022222860425e-08
8.810022222860425e-08
8.810022222860425e-08
53.48187255859375
4.0944307500012656e-08
4.0944307500012656e-08
4.0944307500012656e-08
46.883026123046875
7.466515228315984e-08
7.466515228315984e-08
7.466515228315984e-08
-15.837258338928223
3.494466938036567e-08
3.494466938036567e-08
3.494466938036567e-08
-44.86573028564453
6.90059209773608e-08
6.90059209773608e-08
6.90059209773608e-08
-17.79957389831543
2.032103907367855e-08
2.032103907367855e-08
2.032103907367855e-08
7.488441467285156
4.1181607457474456e-08
4.1181607457474456e-08
4.1181607457474456e-08
7.200930118560791
-3.506894685756379e-08
-3.506894685756379e-08
-3.506894685756379e-08
1.03341543674469
-3.163403761163863e-08
-3.163403761163863e-08
-3.163403761163863e-08
-4.473135948181152
3.932937886474974e-08
3.932937886474974e-08
3.932937886474974e-08
-36.22588348388672
8.810022222860425e-08
8.810022222860425e-08
8.810022222860425e-08
-26.3576717376709
4.0944307500012656e-08
4.0944307500012656e-08
4.0944307500012656e-08
1.6000245809555054
7.466515228315984e-08
7.466515228315984e-08
7.466515228315984e-08
-9.154306411743164
3.494466938036567e-08
3.494466938036567e-08
3.494466938036567e-08
-31.21387481689453
6.90059209773608e-08
6.90059209773608e-08
6.90059209773608e-08
-18.238061904907227
2.032103907367855e-08
2.032103907367855e-08
2.032103907367855e-08
4.75740909576416
4.1181607457474456e-08
4.1181607457474456e-08
4.1181607457474456e-08
-10.426445960998535
-3.506894685756379e-08
-3.506894685756379e-08
-3.506894685756379e-08
-45.08911895751953
-3.163403761163863e-08
-3.163403761163863e-08
-3.163403761163863e-08
-18.238061904907227
3.932937886474974e-08
3.932937886474974e-08
3.932937886474974e-08
4.75740909576416
8.810022222860425e-08
8.810022222860425e-08
8.810022222860425e-08
-10.426445960998535
4.0944307500012656e-08
4.0944307500012656e-08
4.0944307500012656e-08
-45.08911895751953
7.466515228315984e-08
7.466515228315984e-08
7.466515228315984e-08
-38.244503021240234
3.494466938036567e-08
3.494466938036567e-08
3.494466938036567e-08
0.9111746549606323
6.90059209773608e-08
6.90059209773608e-08
6.90059209773608e-08
14.754425048828125
2.032103907367855e-08
2.032103907367855e-08
2.032103907367855e-08
10.793947219848633
4.1181607457474456e-08
4.1181607457474456e-08
4.1181607457474456e-08
19.64794921875
-3.506894685756379e-08
-3.506894685756379e-08
-3.506894685756379e-08
22.67420196533203
-3.163403761163863e-08
-3.163403761163863e-08
-3.163403761163863e-08
45.160858154296875
3.932937886474974e-08
3.932937886474974e-08
3.932937886474974e-08
76.00486755371094
8.810022222860425e-08
8.810022222860425e-08
8.810022222860425e-08
24.140695571899414
4.0944307500012656e-08
4.0944307500012656e-08
4.0944307500012656e-08
-42.13301467895508
7.466515228315984e-08
7.466515228315984e-08
7.466515228315984e-08
-77.53627014160156
3.494466938036567e-08
3.494466938036567e-08
3.494466938036567e-08
-58.34699249267578
6.90059209773608e-08
6.90059209773608e-08
6.90059209773608e-08
6.974649906158447
2.032103907367855e-08
2.032103907367855e-08
2.032103907367855e-08
50.97107696533203
4.1181607457474456e-08
4.1181607457474456e-08
4.1181607457474456e-08
32.64679718017578
-3.506894685756379e-08
-3.506894685756379e-08
-3.506894685756379e-08
-9.683303833007812
-3.163403761163863e-08
-3.163403761163863e-08
-3.163403761163863e-08
6.974649906158447
3.932937886474974e-08
3.932937886474974e-08
3.932937886474974e-08
50.97107696533203
8.810022222860425e-08
8.810022222860425e-08
8.810022222860425e-08
32.64679718017578
4.0944307500012656e-08
4.0944307500012656e-08
4.0944307500012656e-08
-9.683303833007812
7.466515228315984e-08
7.466515228315984e-08
7.466515228315984e-08
-37.109188079833984
3.494466938036567e-08
3.494466938036567e-08
3.494466938036567e-08
-58.03520965576172
6.90059209773608e-08
6.90059209773608e-08
6.90059209773608e-08
-64.2533187866211
2.032103907367855e-08
2.032103907367855e-08
2.032103907367855e-08
-12.291603088378906
4.1181607457474456e-08
4.1181607457474456e-08
4.1181607457474456e-08
66.7862548828125
-3.506894685756379e-08
-3.506894685756379e-08
-3.506894685756379e-08
78.55767059326172
-3.163403761163863e-08
-3.163403761163863e-08
-3.163403761163863e-08
-33.967018127441406
3.932937886474974e-08
3.932937886474974e-08
3.932937886474974e-08
12.690074920654297
8.810022222860425e-08
8.810022222860425e-08
8.810022222860425e-08
36.93244171142578
4.0944307500012656e-08
4.0944307500012656e-08
4.0944307500012656e-08
27.047840118408203
7.466515228315984e-08
7.466515228315984e-08
7.466515228315984e-08
-5.852102279663086
3.494466938036567e-08
3.494466938036567e-08
3.494466938036567e-08
-30.591838836669922
6.90059209773608e-08
6.90059209773608e-08
6.90059209773608e-08
-12.592082977294922
2.032103907367855e-08
2.032103907367855e-08
2.032103907367855e-08
18.997684478759766
4.1181607457474456e-08
4.1181607457474456e-08
4.1181607457474456e-08
10.733307838439941
-3.506894685756379e-08
-3.506894685756379e-08
-3.506894685756379e-08
-9.311460494995117
-3.163403761163863e-08
-3.163403761163863e-08
-3.163403761163863e-08
18.997684478759766
3.932937886474974e-08
3.932937886474974e-08
3.932937886474974e-08
10.733307838439941
8.810022222860425e-08
8.810022222860425e-08
8.810022222860425e-08
-9.311460494995117
4.0944307500012656e-08
4.0944307500012656e-08
4.0944307500012656e-08
3.898254871368408
7.466515228315984e-08
7.466515228315984e-08
7.466515228315984e-08
17.16362953186035
3.494466938036567e-08
3.494466938036567e-08
3.494466938036567e-08
9.214426040649414
6.90059209773608e-08
6.90059209773608e-08
6.90059209773608e-08
23.19122886657715
2.032103907367855e-08
2.032103907367855e-08
2.032103907367855e-08
55.94099044799805
4.1181607457474456e-08
4.1181607457474456e-08
4.1181607457474456e-08
41.15699768066406
-3.506894685756379e-08
-3.506894685756379e-08
-3.506894685756379e-08
-20.084997177124023
-3.163403761163863e-08
-3.163403761163863e-08
-3.163403761163863e-08
23.19122886657715
3.932937886474974e-08
3.932937886474974e-08
3.932937886474974e-08
55.94099044799805
8.810022222860425e-08
8.810022222860425e-08
8.810022222860425e-08
41.15699768066406
4.0944307500012656e-08
4.0944307500012656e-08
4.0944307500012656e-08
-20.084997177124023
7.466515228315984e-08
7.466515228315984e-08
7.466515228315984e-08
-39.31150817871094
3.494466938036567e-08
3.494466938036567e-08
3.494466938036567e-08
19.63321304321289
6.90059209773608e-08
6.90059209773608e-08
6.90059209773608e-08
82.03907012939453
2.032103907367855e-08
2.032103907367855e-08
2.032103907367855e-08
75.59583282470703
4.1181607457474456e-08
4.1181607457474456e-08
4.1181607457474456e-08
19.407453536987305
-3.506894685756379e-08
-3.506894685756379e-08
-3.506894685756379e-08
-34.6414909362793
-3.163403761163863e-08
-3.163403761163863e-08
-3.163403761163863e-08
66.5383529663086
3.932937886474974e-08
3.932937886474974e-08
3.932937886474974e-08
49.624237060546875
8.810022222860425e-08
8.810022222860425e-08
8.810022222860425e-08
12.915983200073242
4.0944307500012656e-08
4.0944307500012656e-08
4.0944307500012656e-08
-57.23578643798828
7.466515228315984e-08
7.466515228315984e-08
7.466515228315984e-08
-92.52373504638672
3.494466938036567e-08
3.494466938036567e-08
3.494466938036567e-08
-50.57973098754883
6.90059209773608e-08
6.90059209773608e-08
6.90059209773608e-08
-1.9423748254776
2.032103907367855e-08
2.032103907367855e-08
2.032103907367855e-08
-7.5492753982543945
4.1181607457474456e-08
4.1181607457474456e-08
4.1181607457474456e-08
-26.12092399597168
-3.506894685756379e-08
-3.506894685756379e-08
-3.506894685756379e-08
-23.59808921813965
-3.163403761163863e-08
-3.163403761163863e-08
-3.163403761163863e-08
-7.5492753982543945
3.932937886474974e-08
3.932937886474974e-08
3.932937886474974e-08
-26.12092399597168
8.810022222860425e-08
8.810022222860425e-08
8.810022222860425e-08
-23.59808921813965
4.0944307500012656e-08
4.0944307500012656e-08
4.0944307500012656e-08
-29.590120315551758
7.466515228315984e-08
7.466515228315984e-08
7.466515228315984e-08
-22.907569885253906
3.494466938036567e-08
3.494466938036567e-08
3.494466938036567e-08
36.62331008911133
6.90059209773608e-08
6.90059209773608e-08
6.90059209773608e-08
83.86358642578125
2.032103907367855e-08
2.032103907367855e-08
2.032103907367855e-08
61.26373291015625
4.1181607457474456e-08
4.1181607457474456e-08
4.1181607457474456e-08
13.208662986755371
-3.506894685756379e-08
-3.506894685756379e-08
-3.506894685756379e-08
-32.23971176147461
-3.163403761163863e-08
-3.163403761163863e-08
-3.163403761163863e-08
-67.18998718261719
3.932937886474974e-08
3.932937886474974e-08
3.932937886474974e-08
-37.63540267944336
8.810022222860425e-08
8.810022222860425e-08
8.810022222860425e-08
45.23613739013672
4.0944307500012656e-08
4.0944307500012656e-08
4.0944307500012656e-08
76.17434692382812
7.466515228315984e-08
7.466515228315984e-08
7.466515228315984e-08
34.67634963989258
3.494466938036567e-08
3.494466938036567e-08
3.494466938036567e-08
-0.11932290345430374
6.90059209773608e-08
6.90059209773608e-08
6.90059209773608e-08
-17.329980850219727
2.032103907367855e-08
2.032103907367855e-08
2.032103907367855e-08
-53.57741928100586
4.1181607457474456e-08
4.1181607457474456e-08
4.1181607457474456e-08
-73.29387664794922
-3.506894685756379e-08
-3.506894685756379e-08
-3.506894685756379e-08
-29.908187866210938
-3.163403761163863e-08
-3.163403761163863e-08
-3.163403761163863e-08
34.448219299316406
3.932937886474974e-08
3.932937886474974e-08
3.932937886474974e-08
-42.550750732421875
8.810022222860425e-08
8.810022222860425e-08
8.810022222860425e-08
-111.5256576538086
4.0944307500012656e-08
4.0944307500012656e-08
4.0944307500012656e-08
-111.1246566772461
7.466515228315984e-08
7.466515228315984e-08
7.466515228315984e-08
-41.78730392456055
3.494466938036567e-08
3.494466938036567e-08
3.494466938036567e-08
45.77085876464844
6.90059209773608e-08
6.90059209773608e-08
6.90059209773608e-08
93.04524993896484
2.032103907367855e-08
2.032103907367855e-08
2.032103907367855e-08
74.1258773803711
4.1181607457474456e-08
4.1181607457474456e-08
4.1181607457474456e-08
5.961135387420654
-3.506894685756379e-08
-3.506894685756379e-08
-3.506894685756379e-08
-60.72930908203125
-3.163403761163863e-08
-3.163403761163863e-08
-3.163403761163863e-08
93.04524993896484
3.932937886474974e-08
3.932937886474974e-08
3.932937886474974e-08
74.1258773803711
8.810022222860425e-08
8.810022222860425e-08
8.810022222860425e-08
5.961135387420654
4.0944307500012656e-08
4.0944307500012656e-08
4.0944307500012656e-08
-60.72930908203125
7.466515228315984e-08
7.466515228315984e-08
7.466515228315984e-08
-82.14814758300781
3.494466938036567e-08
3.494466938036567e-08
3.494466938036567e-08
-69.66752624511719
6.90059209773608e-08
6.90059209773608e-08
6.90059209773608e-08
-45.687137603759766
2.032103907367855e-08
2.032103907367855e-08
2.032103907367855e-08
0.9212915897369385
4.1181607457474456e-08
4.1181607457474456e-08
4.1181607457474456e-08
60.42847442626953
-3.506894685756379e-08
-3.506894685756379e-08
-3.506894685756379e-08
79.77169799804688
-3.163403761163863e-08
-3.163403761163863e-08
-3.163403761163863e-08
-38.72136688232422
3.932937886474974e-08
3.932937886474974e-08
3.932937886474974e-08
-26.299495697021484
8.810022222860425e-08
8.810022222860425e-08
8.810022222860425e-08
-8.613136291503906
4.0944307500012656e-08
4.0944307500012656e-08
4.0944307500012656e-08
36.50075912475586
7.466515228315984e-08
7.466515228315984e-08
7.466515228315984e-08
84.82887268066406
3.494466938036567e-08
3.494466938036567e-08
3.494466938036567e-08
67.70687866210938
6.90059209773608e-08
6.90059209773608e-08
6.90059209773608e-08
-23.142955780029297
2.032103907367855e-08
2.032103907367855e-08
2.032103907367855e-08
-81.9954605102539
4.1181607457474456e-08
4.1181607457474456e-08
4.1181607457474456e-08
-33.11561584472656
-3.506894685756379e-08
-3.506894685756379e-08
-3.506894685756379e-08
42.45204544067383
-3.163403761163863e-08
-3.163403761163863e-08
-3.163403761163863e-08
-81.9954605102539
3.932937886474974e-08
3.932937886474974e-08
3.932937886474974e-08
-33.11561584472656
8.810022222860425e-08
8.810022222860425e-08
8.810022222860425e-08
42.45204544067383
4.0944307500012656e-08
4.0944307500012656e-08
4.0944307500012656e-08
42.97516632080078
7.466515228315984e-08
7.466515228315984e-08
7.466515228315984e-08
-0.6709016561508179
3.494466938036567e-08
3.494466938036567e-08
3.494466938036567e-08
-13.231228828430176
6.90059209773608e-08
6.90059209773608e-08
6.90059209773608e-08
6.950844764709473
2.032103907367855e-08
2.032103907367855e-08
2.032103907367855e-08
20.18313980102539
4.1181607457474456e-08
4.1181607457474456e-08
4.1181607457474456e-08
12.69124984741211
-3.506894685756379e-08
-3.506894685756379e-08
-3.506894685756379e-08
4.632301330566406
-3.163403761163863e-08
-3.163403761163863e-08
-3.163403761163863e-08
0.3113919496536255
3.932937886474974e-08
3.932937886474974e-08
3.932937886474974e-08
28.130769729614258
8.810022222860425e-08
8.810022222860425e-08
8.810022222860425e-08
29.306955337524414
4.0944307500012656e-08
4.0944307500012656e-08
4.0944307500012656e-08
6.637142658233643
7.466515228315984e-08
7.466515228315984e-08
7.466515228315984e-08
-20.10917091369629
3.494466938036567e-08
3.494466938036567e-08
3.494466938036567e-08
-18.24704360961914
6.90059209773608e-08
6.90059209773608e-08
6.90059209773608e-08
16.288015365600586
2.032103907367855e-08
2.032103907367855e-08
2.032103907367855e-08
40.5592155456543
4.1181607457474456e-08
4.1181607457474456e-08
4.1181607457474456e-08
30.000822067260742
-3.506894685756379e-08
-3.506894685756379e-08
-3.506894685756379e-08
18.114906311035156
-3.163403761163863e-08
-3.163403761163863e-08
-3.163403761163863e-08
-18.24704360961914
3.932937886474974e-08
3.932937886474974e-08
3.932937886474974e-08
16.288015365600586
8.810022222860425e-08
8.810022222860425e-08
8.810022222860425e-08
40.5592155456543
4.0944307500012656e-08
4.0944307500012656e-08
4.0944307500012656e-08
30.000822067260742
7.466515228315984e-08
7.466515228315984e-08
7.466515228315984e-08
18.114906311035156
3.494466938036567e-08
3.494466938036567e-08
3.494466938036567e-08
29.754667282104492
6.90059209773608e-08
6.90059209773608e-08
6.90059209773608e-08
17.307659149169922
2.032103907367855e-08
2.032103907367855e-08
2.032103907367855e-08
-51.008541107177734
4.1181607457474456e-08
4.1181607457474456e-08
4.1181607457474456e-08
-83.55890655517578
-3.506894685756379e-08
-3.506894685756379e-08
-3.506894685756379e-08
-3.481443166732788
-3.163403761163863e-08
-3.163403761163863e-08
-3.163403761163863e-08
4.290410041809082
3.932937886474974e-08
3.932937886474974e-08
3.932937886474974e-08
-10.544942855834961
8.810022222860425e-08
8.810022222860425e-08
8.810022222860425e-08
-42.7866325378418
4.0944307500012656e-08
4.0944307500012656e-08
4.0944307500012656e-08
-34.56159591674805
7.466515228315984e-08
7.466515228315984e-08
7.466515228315984e-08
11.373387336730957
3.494466938036567e-08
3.494466938036567e-08
3.494466938036567e-08
42.52919006347656
6.90059209773608e-08
6.90059209773608e-08
6.90059209773608e-08
41.51950454711914
2.032103907367855e-08
2.032103907367855e-08
2.032103907367855e-08
8.144682884216309
4.1181607457474456e-08
4.1181607457474456e-08
4.1181607457474456e-08
-26.72270393371582
-3.506894685756379e-08
-3.506894685756379e-08
-3.506894685756379e-08
-6.9993767738342285
-3.163403761163863e-08
-3.163403761163863e-08
-3.163403761163863e-08
41.51950454711914
3.932937886474974e-08
3.932937886474974e-08
3.932937886474974e-08
8.144682884216309
8.810022222860425e-08
8.810022222860425e-08
8.810022222860425e-08
-26.72270393371582
4.0944307500012656e-08
4.0944307500012656e-08
4.0944307500012656e-08
-6.9993767738342285
7.466515228315984e-08
7.466515228315984e-08
7.466515228315984e-08
38.46199417114258
3.494466938036567e-08
3.494466938036567e-08
3.494466938036567e-08
23.776599884033203
6.90059209773608e-08
6.90059209773608e-08
6.90059209773608e-08
-32.34817886352539
2.032103907367855e-08
2.032103907367855e-08
2.032103907367855e-08
-39.91231918334961
4.1181607457474456e-08
4.1181607457474456e-08
4.1181607457474456e-08
-9.312509536743164
-3.506894685756379e-08
-3.506894685756379e-08
-3.506894685756379e-08
-12.399195671081543
-3.163403761163863e-08
-3.163403761163863e-08
-3.163403761163863e-08
-11.731120109558105
3.932937886474974e-08
3.932937886474974e-08
3.932937886474974e-08
28.871423721313477
8.810022222860425e-08
8.810022222860425e-08
8.810022222860425e-08
42.71533966064453
4.0944307500012656e-08
4.0944307500012656e-08
4.0944307500012656e-08
20.88277816772461
7.466515228315984e-08
7.466515228315984e-08
7.466515228315984e-08
-20.04690170288086
3.494466938036567e-08
3.494466938036567e-08
3.494466938036567e-08
-44.31053161621094
6.90059209773608e-08
6.90059209773608e-08
6.90059209773608e-08
-22.3184814453125
2.032103907367855e-08
2.032103907367855e-08
2.032103907367855e-08
16.350852966308594
4.1181607457474456e-08
4.1181607457474456e-08
4.1181607457474456e-08
22.707950592041016
-3.506894685756379e-08
-3.506894685756379e-08
-3.506894685756379e-08
-1.0764634609222412
-3.163403761163863e-08
-3.163403761163863e-08
-3.163403761163863e-08
12.754387855529785
3.932937886474974e-08
3.932937886474974e-08
3.932937886474974e-08
34.74453353881836
8.810022222860425e-08
8.810022222860425e-08
8.810022222860425e-08
67.08087158203125
4.0944307500012656e-08
4.0944307500012656e-08
4.0944307500012656e-08
75.82833862304688
7.466515228315984e-08
7.466515228315984e-08
7.466515228315984e-08
21.41391944885254
3.494466938036567e-08
3.494466938036567e-08
3.494466938036567e-08
-47.89445495605469
6.90059209773608e-08
6.90059209773608e-08
6.90059209773608e-08
-57.66121292114258
2.032103907367855e-08
2.032103907367855e-08
2.032103907367855e-08
-17.739763259887695
4.1181607457474456e-08
4.1181607457474456e-08
4.1181607457474456e-08
6.896816730499268
-3.506894685756379e-08
-3.506894685756379e-08
-3.506894685756379e-08
-10.072522163391113
-3.163403761163863e-08
-3.163403761163863e-08
-3.163403761163863e-08
1.9891291856765747
3.932937886474974e-08
3.932937886474974e-08
3.932937886474974e-08
16.204397201538086
8.810022222860425e-08
8.810022222860425e-08
8.810022222860425e-08
15.315605163574219
4.0944307500012656e-08
4.0944307500012656e-08
4.0944307500012656e-08
11.715118408203125
7.466515228315984e-08
7.466515228315984e-08
7.466515228315984e-08
13.744306564331055
3.494466938036567e-08
3.494466938036567e-08
3.494466938036567e-08
11.373689651489258
6.90059209773608e-08
6.90059209773608e-08
6.90059209773608e-08
-7.647895812988281
2.032103907367855e-08
2.032103907367855e-08
2.032103907367855e-08
-31.46931266784668
4.1181607457474456e-08
4.1181607457474456e-08
4.1181607457474456e-08
-36.08189010620117
-3.506894685756379e-08
-3.506894685756379e-08
-3.506894685756379e-08
-15.152239799499512
-3.163403761163863e-08
-3.163403761163863e-08
-3.163403761163863e-08
-7.647895812988281
3.932937886474974e-08
3.932937886474974e-08
3.932937886474974e-08
-31.46931266784668
8.810022222860425e-08
8.810022222860425e-08
8.810022222860425e-08
-36.08189010620117
4.0944307500012656e-08
4.0944307500012656e-08
4.0944307500012656e-08
-15.152239799499512
7.466515228315984e-08
7.466515228315984e-08
7.466515228315984e-08
12.873917579650879
3.494466938036567e-08
3.494466938036567e-08
3.494466938036567e-08
21.28803253173828
6.90059209773608e-08
6.90059209773608e-08
6.90059209773608e-08
4.766133785247803
2.032103907367855e-08
2.032103907367855e-08
2.032103907367855e-08
-15.170125961303711
4.1181607457474456e-08
4.1181607457474456e-08
4.1181607457474456e-08
-27.681486129760742
-3.506894685756379e-08
-3.506894685756379e-08
-3.506894685756379e-08
-37.72549057006836
-3.163403761163863e-08
-3.163403761163863e-08
-3.163403761163863e-08
-0.4126724302768707
3.932937886474974e-08
3.932937886474974e-08
3.932937886474974e-08
-20.317211151123047
8.810022222860425e-08
8.810022222860425e-08
8.810022222860425e-08
-21.20565414428711
4.0944307500012656e-08
4.0944307500012656e-08
4.0944307500012656e-08
12.154052734375
7.466515228315984e-08
7.466515228315984e-08
7.466515228315984e-08
35.320396423339844
3.494466938036567e-08
3.494466938036567e-08
3.494466938036567e-08
16.875577926635742
6.90059209773608e-08
6.90059209773608e-08
6.90059209773608e-08
-16.57131004333496
2.032103907367855e-08
2.032103907367855e-08
2.032103907367855e-08
-25.749074935913086
4.1181607457474456e-08
4.1181607457474456e-08
4.1181607457474456e-08
-11.450246810913086
-3.506894685756379e-08
-3.506894685756379e-08
-3.506894685756379e-08
1.4422619342803955
-3.163403761163863e-08
-3.163403761163863e-08
-3.163403761163863e-08
14.10171890258789
3.932937886474974e-08
3.932937886474974e-08
3.932937886474974e-08
6.0447611808776855
8.810022222860425e-08
8.810022222860425e-08
8.810022222860425e-08
-10.322864532470703
4.0944307500012656e-08
4.0944307500012656e-08
4.0944307500012656e-08
-20.98545265197754
7.466515228315984e-08
7.466515228315984e-08
7.466515228315984e-08
-7.319523811340332
3.494466938036567e-08
3.494466938036567e-08
3.494466938036567e-08
18.80776596069336
6.90059209773608e-08
6.90059209773608e-08
6.90059209773608e-08
22.025217056274414
2.032103907367855e-08
2.032103907367855e-08
2.032103907367855e-08
2.8593673706054688
4.1181607457474456e-08
4.1181607457474456e-08
4.1181607457474456e-08
-0.11427012830972672
-3.506894685756379e-08
-3.506894685756379e-08
-3.506894685756379e-08
27.398128509521484
-3.163403761163863e-08
-3.163403761163863e-08
-3.163403761163863e-08
22.025217056274414
3.932937886474974e-08
3.932937886474974e-08
3.932937886474974e-08
2.8593673706054688
8.810022222860425e-08
8.810022222860425e-08
8.810022222860425e-08
-0.11427012830972672
4.0944307500012656e-08
4.0944307500012656e-08
4.0944307500012656e-08
27.398128509521484
7.466515228315984e-08
7.466515228315984e-08
7.466515228315984e-08
60.01109313964844
3.494466938036567e-08
3.494466938036567e-08
3.494466938036567e-08
63.31639862060547
6.90059209773608e-08
6.90059209773608e-08
6.90059209773608e-08
15.326953887939453
2.032103907367855e-08
2.032103907367855e-08
2.032103907367855e-08
-62.942771911621094
4.1181607457474456e-08
4.1181607457474456e-08
4.1181607457474456e-08
-99.27107238769531
-3.506894685756379e-08
-3.506894685756379e-08
-3.506894685756379e-08
-44.39151382446289
-3.163403761163863e-08
-3.163403761163863e-08
-3.163403761163863e-08
32.35472106933594
3.932937886474974e-08
3.932937886474974e-08
3.932937886474974e-08
-8.785004615783691
8.810022222860425e-08
8.810022222860425e-08
8.810022222860425e-08
-50.92550277709961
4.0944307500012656e-08
4.0944307500012656e-08
4.0944307500012656e-08
-42.905269622802734
7.466515228315984e-08
7.466515228315984e-08
7.466515228315984e-08
-4.036115646362305
3.494466938036567e-08
3.494466938036567e-08
3.494466938036567e-08
15.138154983520508
6.90059209773608e-08
6.90059209773608e-08
6.90059209773608e-08
8.487512588500977
2.032103907367855e-08
2.032103907367855e-08
2.032103907367855e-08
-15.757590293884277
4.1181607457474456e-08
4.1181607457474456e-08
4.1181607457474456e-08
-38.501609802246094
-3.506894685756379e-08
-3.506894685756379e-08
-3.506894685756379e-08
-23.33967399597168
-3.163403761163863e-08
-3.163403761163863e-08
-3.163403761163863e-08
8.487512588500977
3.932937886474974e-08
3.932937886474974e-08
3.932937886474974e-08
-15.757590293884277
8.810022222860425e-08
8.810022222860425e-08
8.810022222860425e-08
-38.501609802246094
4.0944307500012656e-08
4.0944307500012656e-08
4.0944307500012656e-08
-23.33967399597168
7.466515228315984e-08
7.466515228315984e-08
7.466515228315984e-08
30.501155853271484
3.494466938036567e-08
3.494466938036567e-08
3.494466938036567e-08
65.38936614990234
6.90059209773608e-08
6.90059209773608e-08
6.90059209773608e-08
31.95946502685547
2.032103907367855e-08
2.032103907367855e-08
2.032103907367855e-08
-30.790334701538086
4.1181607457474456e-08
4.1181607457474456e-08
4.1181607457474456e-08
-40.660648345947266
-3.506894685756379e-08
-3.506894685756379e-08
-3.506894685756379e-08
-3.70739483833313
-3.163403761163863e-08
-3.163403761163863e-08
-3.163403761163863e-08
31.95946502685547
3.932937886474974e-08
3.932937886474974e-08
3.932937886474974e-08
-30.790334701538086
8.810022222860425e-08
8.810022222860425e-08
8.810022222860425e-08
-40.660648345947266
4.0944307500012656e-08
4.0944307500012656e-08
4.0944307500012656e-08
-3.70739483833313
7.466515228315984e-08
7.466515228315984e-08
7.466515228315984e-08
5.378170967102051
3.494466938036567e-08
3.494466938036567e-08
3.494466938036567e-08
-17.142410278320312
6.90059209773608e-08
6.90059209773608e-08
6.90059209773608e-08
-10.795804023742676
2.032103907367855e-08
2.032103907367855e-08
2.032103907367855e-08
26.65358543395996
4.1181607457474456e-08
4.1181607457474456e-08
4.1181607457474456e-08
29.90532875061035
-3.506894685756379e-08
-3.506894685756379e-08
-3.506894685756379e-08
-15.183255195617676
-3.163403761163863e-08
-3.163403761163863e-08
-3.163403761163863e-08
-9.622298240661621
3.932937886474974e-08
3.932937886474974e-08
3.932937886474974e-08
-4.195074558258057
8.810022222860425e-08
8.810022222860425e-08
8.810022222860425e-08
19.817060470581055
4.0944307500012656e-08
4.0944307500012656e-08
4.0944307500012656e-08
14.272909164428711
7.466515228315984e-08
7.466515228315984e-08
7.466515228315984e-08
-20.18512725830078
3.494466938036567e-08
3.494466938036567e-08
3.494466938036567e-08
-46.32868957519531
6.90059209773608e-08
6.90059209773608e-08
6.90059209773608e-08
-47.6966667175293
2.032103907367855e-08
2.032103907367855e-08
2.032103907367855e-08
-32.28287124633789
4.1181607457474456e-08
4.1181607457474456e-08
4.1181607457474456e-08
-10.6646089553833
-3.506894685756379e-08
-3.506894685756379e-08
-3.506894685756379e-08
10.155044555664062
-3.163403761163863e-08
-3.163403761163863e-08
-3.163403761163863e-08
-50.434913635253906
3.932937886474974e-08
3.932937886474974e-08
3.932937886474974e-08
18.921436309814453
8.810022222860425e-08
8.810022222860425e-08
8.810022222860425e-08
74.64319610595703
4.0944307500012656e-08
4.0944307500012656e-08
4.0944307500012656e-08
51.26685333251953
7.466515228315984e-08
7.466515228315984e-08
7.466515228315984e-08
-18.969100952148438
3.494466938036567e-08
3.494466938036567e-08
3.494466938036567e-08
-44.452938079833984
6.90059209773608e-08
6.90059209773608e-08
6.90059209773608e-08
-6.037540435791016
2.032103907367855e-08
2.032103907367855e-08
2.032103907367855e-08
28.566791534423828
4.1181607457474456e-08
4.1181607457474456e-08
4.1181607457474456e-08
17.137950897216797
-3.506894685756379e-08
-3.506894685756379e-08
-3.506894685756379e-08
-10.665398597717285
-3.163403761163863e-08
-3.163403761163863e-08
-3.163403761163863e-08
17.137950897216797
3.932937886474974e-08
3.932937886474974e-08
3.932937886474974e-08
-10.665398597717285
8.810022222860425e-08
8.810022222860425e-08
8.810022222860425e-08
-19.500511169433594
4.0944307500012656e-08
4.0944307500012656e-08
4.0944307500012656e-08
-12.51599407196045
7.466515228315984e-08
7.466515228315984e-08
7.466515228315984e-08
-1.336393117904663
3.494466938036567e-08
3.494466938036567e-08
3.494466938036567e-08
4.144776344299316
6.90059209773608e-08
6.90059209773608e-08
6.90059209773608e-08
-14.013751029968262
2.032103907367855e-08
2.032103907367855e-08
2.032103907367855e-08
-41.368831634521484
4.1181607457474456e-08
4.1181607457474456e-08
4.1181607457474456e-08
-29.68453025817871
-3.506894685756379e-08
-3.506894685756379e-08
-3.506894685756379e-08
18.31573486328125
-3.163403761163863e-08
-3.163403761163863e-08
-3.163403761163863e-08
-41.368831634521484
3.932937886474974e-08
3.932937886474974e-08
3.932937886474974e-08
-29.68453025817871
8.810022222860425e-08
8.810022222860425e-08
8.810022222860425e-08
18.31573486328125
4.0944307500012656e-08
4.0944307500012656e-08
4.0944307500012656e-08
42.10422134399414
7.466515228315984e-08
7.466515228315984e-08
7.466515228315984e-08
8.276434898376465
3.494466938036567e-08
3.494466938036567e-08
3.494466938036567e-08
-52.40393829345703
6.90059209773608e-08
6.90059209773608e-08
6.90059209773608e-08
-63.23788070678711
2.032103907367855e-08
2.032103907367855e-08
2.032103907367855e-08
9.393210411071777
4.1181607457474456e-08
4.1181607457474456e-08
4.1181607457474456e-08
83.25315856933594
-3.506894685756379e-08
-3.506894685756379e-08
-3.506894685756379e-08
87.12451934814453
-3.163403761163863e-08
-3.163403761163863e-08
-3.163403761163863e-08
-112.80956268310547
3.932937886474974e-08
3.932937886474974e-08
3.932937886474974e-08
-23.83092498779297
8.810022222860425e-08
8.810022222860425e-08
8.810022222860425e-08
41.53498840332031
4.0944307500012656e-08
4.0944307500012656e-08
4.0944307500012656e-08
36.33024215698242
7.466515228315984e-08
7.466515228315984e-08
7.466515228315984e-08
13.219879150390625
3.494466938036567e-08
3.494466938036567e-08
3.494466938036567e-08
8.07786750793457
6.90059209773608e-08
6.90059209773608e-08
6.90059209773608e-08
-2.536381959915161
2.032103907367855e-08
2.032103907367855e-08
2.032103907367855e-08
-26.232933044433594
4.1181607457474456e-08
4.1181607457474456e-08
4.1181607457474456e-08
-41.663692474365234
-3.506894685756379e-08
-3.506894685756379e-08
-3.506894685756379e-08
-42.262393951416016
-3.163403761163863e-08
-3.163403761163863e-08
-3.163403761163863e-08
-41.663692474365234
3.932937886474974e-08
3.932937886474974e-08
3.932937886474974e-08
-42.262393951416016
8.810022222860425e-08
8.810022222860425e-08
8.810022222860425e-08
-14.239892959594727
4.0944307500012656e-08
4.0944307500012656e-08
4.0944307500012656e-08
50.81831359863281
7.466515228315984e-08
7.466515228315984e-08
7.466515228315984e-08
80.26012420654297
3.494466938036567e-08
3.494466938036567e-08
3.494466938036567e-08
8.95903491973877
6.90059209773608e-08
6.90059209773608e-08
6.90059209773608e-08
-72.55171966552734
2.032103907367855e-08
2.032103907367855e-08
2.032103907367855e-08
-50.81727981567383
4.1181607457474456e-08
4.1181607457474456e-08
4.1181607457474456e-08
11.03618049621582
-3.506894685756379e-08
-3.506894685756379e-08
-3.506894685756379e-08
-3.6990087032318115
-3.163403761163863e-08
-3.163403761163863e-08
-3.163403761163863e-08
-50.81727981567383
3.932937886474974e-08
3.932937886474974e-08
3.932937886474974e-08
11.03618049621582
8.810022222860425e-08
8.810022222860425e-08
8.810022222860425e-08
-3.6990087032318115
4.0944307500012656e-08
4.0944307500012656e-08
4.0944307500012656e-08
-55.733192443847656
7.466515228315984e-08
7.466515228315984e-08
7.466515228315984e-08
-35.170875549316406
3.494466938036567e-08
3.494466938036567e-08
3.494466938036567e-08
43.386314392089844
6.90059209773608e-08
6.90059209773608e-08
6.90059209773608e-08
73.28692626953125
2.032103907367855e-08
2.032103907367855e-08
2.032103907367855e-08
17.78607749938965
4.1181607457474456e-08
4.1181607457474456e-08
4.1181607457474456e-08
-58.78339385986328
-3.506894685756379e-08
-3.506894685756379e-08
-3.506894685756379e-08
-88.72569274902344
-3.163403761163863e-08
-3.163403761163863e-08
-3.163403761163863e-08
65.66935729980469
3.932937886474974e-08
3.932937886474974e-08
3.932937886474974e-08
-37.429588317871094
8.810022222860425e-08
8.810022222860425e-08
8.810022222860425e-08
-127.18498229980469
4.0944307500012656e-08
4.0944307500012656e-08
4.0944307500012656e-08
-119.2762451171875
7.466515228315984e-08
7.466515228315984e-08
7.466515228315984e-08
-40.27460479736328
3.494466938036567e-08
3.494466938036567e-08
3.494466938036567e-08
6.085898399353027
6.90059209773608e-08
6.90059209773608e-08
6.90059209773608e-08
-5.286355495452881
2.032103907367855e-08
2.032103907367855e-08
2.032103907367855e-08
-18.305021286010742
4.1181607457474456e-08
4.1181607457474456e-08
4.1181607457474456e-08
-3.6498863697052
-3.506894685756379e-08
-3.506894685756379e-08
-3.506894685756379e-08
19.550642013549805
-3.163403761163863e-08
-3.163403761163863e-08
-3.163403761163863e-08
-5.286355495452881
3.932937886474974e-08
3.932937886474974e-08
3.932937886474974e-08
-18.305021286010742
8.810022222860425e-08
8.810022222860425e-08
8.810022222860425e-08
-3.6498863697052
4.0944307500012656e-08
4.0944307500012656e-08
4.0944307500012656e-08
19.550642013549805
7.466515228315984e-08
7.466515228315984e-08
7.466515228315984e-08
19.667957305908203
3.494466938036567e-08
3.494466938036567e-08
3.494466938036567e-08
-7.879941463470459
6.90059209773608e-08
6.90059209773608e-08
6.90059209773608e-08
-25.310626983642578
2.032103907367855e-08
2.032103907367855e-08
2.032103907367855e-08
-6.415740966796875
4.1181607457474456e-08
4.1181607457474456e-08
4.1181607457474456e-08
11.887154579162598
-3.506894685756379e-08
-3.506894685756379e-08
-3.506894685756379e-08
-8.457839965820312
-3.163403761163863e-08
-3.163403761163863e-08
-3.163403761163863e-08
60.99074172973633
3.932937886474974e-08
3.932937886474974e-08
3.932937886474974e-08
63.22411346435547
8.810022222860425e-08
8.810022222860425e-08
8.810022222860425e-08
26.556901931762695
4.0944307500012656e-08
4.0944307500012656e-08
4.0944307500012656e-08
-35.14105224609375
7.466515228315984e-08
7.466515228315984e-08
7.466515228315984e-08
-59.867183685302734
3.494466938036567e-08
3.494466938036567e-08
3.494466938036567e-08
-7.829803466796875
6.90059209773608e-08
6.90059209773608e-08
6.90059209773608e-08
55.720741271972656
2.032103907367855e-08
2.032103907367855e-08
2.032103907367855e-08
48.510353088378906
4.1181607457474456e-08
4.1181607457474456e-08
4.1181607457474456e-08
-13.372075080871582
-3.506894685756379e-08
-3.506894685756379e-08
-3.506894685756379e-08
-67.68730163574219
-3.163403761163863e-08
-3.163403761163863e-08
-3.163403761163863e-08
48.510353088378906
3.932937886474974e-08
3.932937886474974e-08
3.932937886474974e-08
-13.372075080871582
8.810022222860425e-08
8.810022222860425e-08
8.810022222860425e-08
-67.68730163574219
4.0944307500012656e-08
4.0944307500012656e-08
4.0944307500012656e-08
-82.80347442626953
7.466515228315984e-08
7.466515228315984e-08
7.466515228315984e-08
-45.50341796875
3.494466938036567e-08
3.494466938036567e-08
3.494466938036567e-08
31.167818069458008
6.90059209773608e-08
6.90059209773608e-08
6.90059209773608e-08
