0
-0.6721522212028503
16.545169830322266
-4.5736823081970215
1.999999987845058e-08
-4.359733581542969
16.728939056396484
-7.383378505706787
-1.999999987845058e-08
-11.146206855773926
13.296289443969727
-11.489548683166504
1.999999987845058e-08
-17.745946884155273
7.5565361976623535
-16.890470504760742
-1.999999987845058e-08
-19.49267578125
4.787102699279785
-20.51582908630371
1.999999987845058e-08
-14.765929222106934
7.810190200805664
-19.82526969909668
-1.999999987845058e-08
-7.160440444946289
14.653016090393066
-16.211477279663086
1.999999987845058e-08
-1.143202781677246
22.951416015625
-11.914982795715332
-1.999999987845058e-08
2.729414224624634
30.685440063476562
-7.553905963897705
1.999999987845058e-08
9.651803016662598
33.65251541137695
-3.5134780406951904
-1.999999987845058e-08
13.353902816772461
32.159454345703125
-4.388899803161621
1.999999987845058e-08
17.848407745361328
33.14980697631836
-5.058413505554199
-1.999999987845058e-08
22.068622589111328
35.48905944824219
-5.688995361328125
1.999999987845058e-08
21.748062133789062
36.88515090942383
-7.731954574584961
-1.999999987845058e-08
13.774589538574219
36.34174346923828
-11.140519142150879
1.999999987845058e-08
0.5987715721130371
34.62601852416992
-13.912156105041504
-1.999999987845058e-08
-13.06653881072998
33.86653518676758
-14.080726623535156
1.999999987845058e-08
-25.10725212097168
35.30659866333008
-11.433350563049316
-1.999999987845058e-08
-35.58100509643555
37.40180206298828
-8.562990188598633
1.999999987845058e-08
-35.58100509643555
37.40180206298828
-8.56299114227295
-1.999999987845058e-08
-44.25891876220703
38.57955551147461
-8.425347328186035
1.999999987845058e-08
-50.00204849243164
41.47169494628906
-8.964944839477539
-1.999999987845058e-08
-52.528377532958984
49.08102035522461
-5.778809070587158
1.999999987845058e-08
-54.08977508544922
58.231990814208984
-0.23054257035255432
-1.999999987845058e-08
-57.4623908996582
63.81326675415039
2.989748954772949
1.999999987845058e-08
-62.62593078613281
65.97230529785156
3.6657488346099854
-1.999999987845058e-08
-67.23757934570312
66.8973617553711
4.1846160888671875
1.999999987845058e-08
-70.09114837646484
66.25724792480469
4.819143772125244
-1.999999987845058e-08
-73.21479797363281
64.3379898071289
5.353200435638428
1.999999987845058e-08
-125.80248260498047
54.04718017578125
-1.215842604637146
-1.999999987845058e-08
-137.1457061767578
49.67171859741211
-3.166804552078247
1.999999987845058e-08
-142.272216796875
48.34726333618164
-2.7203712463378906
-1.999999987845058e-08
-141.11868286132812
51.67224884033203
1.4273359775543213
1.999999987845058e-08
-138.83108520507812
55.382362365722656
6.369797229766846
-1.999999987845058e-08
-139.0998077392578
54.6645622253418
7.918511867523193
1.999999987845058e-08
-140.43592834472656
52.46056365966797
6.951116561889648
-1.999999987845058e-08
-140.1948699951172
53.68826675415039
6.183063983917236
1.999999987845058e-08
-137.04913330078125
57.30071258544922
4.787940502166748
-1.999999987845058e-08
-130.1429443359375
61.042381286621094
2.09002947807312
1.999999987845058e-08
-140.1948699951172
53.68826675415039
6.183063983917236
-1.999999987845058e-08
-137.04913330078125
57.30071258544922
4.787940502166748
1.999999987845058e-08
-130.1429443359375
61.042381286621094
2.09002947807312
-1.999999987845058e-08
-120.52114868164062
65.49788665771484
0.7205293774604797
1.999999987845058e-08
-111.50373077392578
69.4674072265625
1.9237034320831299
-1.999999987845058e-08
-105.19891357421875
69.85974884033203
3.3712551593780518
1.999999987845058e-08
-101.05442810058594
66.77580261230469
3.2408664226531982
-1.999999987845058e-08
-97.60728454589844
62.7503662109375
1.8042339086532593
1.999999987845058e-08
-93.59525299072266
59.26333236694336
-0.482363224029541
-1.999999987845058e-08
-89.07292175292969
56.740089416503906
-3.3578433990478516
1.999999987845058e-08
-85.68649291992188
55.03352355957031
-6.151803493499756
-1.999999987845058e-08
-83.42135620117188
52.83628463745117
-8.443193435668945
1.999999987845058e-08
-78.47364044189453
49.717044830322266
-9.946541786193848
-1.999999987845058e-08
-67.6952133178711
48.485904693603516
-9.406972885131836
1.999999987845058e-08
-53.75227737426758
50.9315071105957
-6.316012859344482
-1.999999987845058e-08
-42.02749252319336
53.719207763671875
-2.5834410190582275
1.999999987845058e-08
-33.98642349243164
54.21396255493164
0.47743749618530273
-1.999999987845058e-08
-27.485416412353516
55.110233306884766
3.7123031616210938
1.999999987845058e-08
-20.890636444091797
58.133792877197266
6.746636867523193
-1.999999987845058e-08
-13.910104751586914
60.13946533203125
7.368797302246094
1.999999987845058e-08
-5.44657039642334
51.6681022644043
-1.8615217208862305
-1.999999987845058e-08
-4.8150954246521
47.98065185546875
-3.9876115322113037
1.999999987845058e-08
-1.5913318395614624
47.34022903442383
-4.383433818817139
-1.999999987845058e-08
3.7504489421844482
49.32344436645508
-3.2563223838806152
1.999999987845058e-08
10.54629135131836
50.045997619628906
-2.541761875152588
-1.999999987845058e-08
17.358531951904297
48.2796745300293
-3.604119300842285
1.999999987845058e-08
21.56554412841797
45.46609878540039
-5.732728004455566
-1.999999987845058e-08
21.446741104125977
41.116214752197266
-8.72926139831543
1.999999987845058e-08
18.19194221496582
35.42270278930664
-12.907191276550293
-1.999999987845058e-08
15.562039375305176
32.37680435180664
-15.96800422668457
1.999999987845058e-08
21.56554412841797
45.46609878540039
-5.732728004455566
-1.999999987845058e-08
21.446741104125977
41.116214752197266
-8.72926139831543
1.999999987845058e-08
18.19194221496582
35.42270278930664
-12.907191276550293
-1.999999987845058e-08
15.562039375305176
32.37680435180664
-15.96800422668457
1.999999987845058e-08
16.786190032958984
33.708526611328125
-15.75125503540039
-1.999999987845058e-08
22.361114501953125
36.26356506347656
-13.739352226257324
1.999999987845058e-08
30.941165924072266
38.74454116821289
-10.82224178314209
-1.999999987845058e-08
39.85389709472656
42.072792053222656
-6.292205810546875
1.999999987845058e-08
46.1410026550293
44.203792572021484
-2.5882701873779297
-1.999999987845058e-08
48.86902618408203
43.33086395263672
-2.7744956016540527
1.999999987845058e-08
47.482295989990234
35.22985076904297
-11.799848556518555
-1.999999987845058e-08
49.44673538208008
31.1740779876709
-12.355278968811035
1.999999987845058e-08
51.68423843383789
31.088037490844727
-9.90593433380127
-1.999999987845058e-08
54.072349548339844
34.299278259277344
-6.441614627838135
1.999999987845058e-08
57.01760482788086
36.045379638671875
-5.963225364685059
-1.999999987845058e-08
59.7656364440918
35.39661407470703
-8.716002464294434
1.999999987845058e-08
60.83955001831055
34.79862594604492
-11.467314720153809
-1.999999987845058e-08
59.98064041137695
34.41044235229492
-13.621663093566895
1.999999987845058e-08
60.8879280090332
34.634464263916016
-15.279462814331055
-1.999999987845058e-08
68.13643646240234
38.93962097167969
-12.626609802246094
1.999999987845058e-08
79.77257537841797
47.07963562011719
-4.475811958312988
-1.999999987845058e-08
87.95567321777344
52.559322357177734
2.6270840167999268
1.999999987845058e-08
87.99897766113281
51.908851623535156
3.7290711402893066
-1.999999987845058e-08
82.68193817138672
48.087135314941406
1.6249369382858276
1.999999987845058e-08
77.44789123535156
43.59737777709961
-0.3592170774936676
-1.999999987845058e-08
75.03329467773438
39.3109245300293
-1.8829245567321777
1.999999987845058e-08
74.78456115722656
37.492706298828125
-1.8127018213272095
-1.999999987845058e-08
74.4623794555664
38.1083869934082
0.212406724691391
1.999999987845058e-08
73.29127502441406
37.47539138793945
1.7216442823410034
-1.999999987845058e-08
73.62823486328125
35.24618911743164
2.2739341259002686
1.999999987845058e-08
81.16695404052734
37.12469482421875
6.018652439117432
-1.999999987845058e-08
80.40986633300781
36.511924743652344
2.8943111896514893
1.999999987845058e-08
73.60778045654297
31.976064682006836
-5.3203630447387695
-1.999999987845058e-08
64.90916442871094
26.59992218017578
-13.114792823791504
1.999999987845058e-08
59.61161422729492
23.144073486328125
-17.05169105529785
-1.999999987845058e-08
60.18487548828125
23.07680320739746
-17.437326431274414
1.999999987845058e-08
65.96613311767578
27.037290573120117
-14.170011520385742
-1.999999987845058e-08
72.6878890991211
32.73759460449219
-8.26202392578125
1.999999987845058e-08
74.13369750976562
35.84931182861328
-4.369668006896973
-1.999999987845058e-08
69.20415496826172
34.86363220214844
-5.437658786773682
1.999999987845058e-08
74.13369750976562
35.84931182861328
-4.369668006896973
-1.999999987845058e-08
69.20415496826172
34.86363220214844
-5.437658786773682
1.999999987845058e-08
64.46319580078125
32.27743911743164
-8.131942749023438
-1.999999987845058e-08
65.00331115722656
30.772817611694336
-8.091607093811035
1.999999987845058e-08
67.22124481201172
31.17441749572754
-5.79186487197876
-1.999999987845058e-08
64.98249816894531
32.72419738769531
-4.484763145446777
1.999999987845058e-08
58.538936614990234
33.06240463256836
-6.140985012054443
-1.999999987845058e-08
53.33070755004883
31.07801055908203
-9.90034294128418
1.999999987845058e-08
51.87412643432617
29.68970489501953
-12.449442863464355
-1.999999987845058e-08
51.2625732421875
31.195499420166016
-11.953838348388672
1.999999987845058e-08
49.87691116333008
33.566314697265625
-10.365570068359375
-1.999999987845058e-08
51.0497932434082
36.0709228515625
-8.493399620056152
1.999999987845058e-08
57.18822479248047
41.253257751464844
-3.622788190841675
-1.999999987845058e-08
65.051513671875
47.707115173339844
4.2372870445251465
1.999999987845058e-08
68.6464614868164
50.19684600830078
9.829379081726074
-1.999999987845058e-08
65.1435546875
48.20191955566406
9.766798973083496
1.999999987845058e-08
58.32852554321289
45.641361236572266
7.105686664581299
-1.999999987845058e-08
54.52088928222656
43.58335494995117
6.122982025146484
1.999999987845058e-08
54.62921905517578
40.32794952392578
6.803576469421387
-1.999999987845058e-08
54.186988830566406
35.993221282958984
6.669546604156494
1.999999987845058e-08
33.5610237121582
25.49657440185547
-4.242993354797363
-1.999999987845058e-08
33.56471252441406
25.030033111572266
-2.860295057296753
1.999999987845058e-08
36.50217056274414
23.768386840820312
-0.28771114349365234
-1.999999987845058e-08
37.76801300048828
22.499652862548828
1.7959694862365723
1.999999987845058e-08
34.27238464355469
22.153629302978516
2.237556219100952
-1.999999987845058e-08
27.95005226135254
21.817277908325195
0.23181726038455963
1.999999987845058e-08
23.264081954956055
21.64143943786621
-2.9965438842773438
-1.999999987845058e-08
23.818832397460938
23.841039657592773
-3.4291982650756836
1.999999987845058e-08
29.32945442199707
27.83138084411621
1.143626093864441
-1.999999987845058e-08
34.379520416259766
30.16342544555664
7.449549198150635
1.999999987845058e-08
23.818832397460938
23.841039657592773
-3.4291982650756836
-1.999999987845058e-08
29.32945442199707
27.83138084411621
1.143626093864441
1.999999987845058e-08
34.379520416259766
30.16342544555664
7.449549198150635
-1.999999987845058e-08
34.3509521484375
30.69526481628418
11.507160186767578
1.999999987845058e-08
31.625919342041016
31.954608917236328
13.532058715820312
-1.999999987845058e-08
30.840965270996094
33.73533248901367
14.967632293701172
1.999999987845058e-08
30.50813865661621
34.12404251098633
14.964029312133789
-1.999999987845058e-08
25.55326271057129
32.40688705444336
12.058062553405762
1.999999987845058e-08
16.841663360595703
28.54698371887207
7.188370227813721
-1.999999987845058e-08
11.5521240234375
24.304208755493164
4.492854595184326
1.999999987845058e-08
15.393851280212402
24.18105697631836
13.186925888061523
-1.999999987845058e-08
13.872800827026367
24.0535945892334
15.573735237121582
1.999999987845058e-08
10.340008735656738
22.683456420898438
14.390975952148438
-1.999999987845058e-08
8.363055229187012
23.176097869873047
14.165470123291016
1.999999987845058e-08
7.281461715698242
24.668067932128906
15.441125869750977
-1.999999987845058e-08
5.982718467712402
24.674785614013672
15.237874031066895
1.999999987845058e-08
5.6355366706848145
25.145153045654297
13.781940460205078
-1.999999987845058e-08
6.3846259117126465
28.5257625579834
14.017333030700684
1.999999987845058e-08
7.276737213134766
32.25823211669922
16.548906326293945
-1.999999987845058e-08
9.388867378234863
33.476951599121094
20.52994728088379
1.999999987845058e-08
12.722085952758789
31.802576065063477
30.334041595458984
-1.999999987845058e-08
9.064972877502441
27.44833755493164
30.86189079284668
1.999999987845058e-08
5.346366882324219
22.94230079650879
29.575252532958984
-1.999999987845058e-08
2.0742733478546143
22.263652801513672
29.530324935913086
1.999999987845058e-08
-2.945244789123535
23.36577606201172
28.774171829223633
-1.999999987845058e-08
-7.717475414276123
22.747560501098633
25.534271240234375
1.999999987845058e-08
-8.415170669555664
21.66012954711914
23.035978317260742
-1.999999987845058e-08
-6.547454357147217
20.98936653137207
22.966793060302734
1.999999987845058e-08
-7.928421497344971
17.837989807128906
20.832477569580078
-1.999999987845058e-08
-14.867396354675293
11.926407814025879
14.015571594238281
1.999999987845058e-08
-6.547454357147217
20.98936653137207
22.966793060302734
-1.999999987845058e-08
-7.928421497344971
17.837989807128906
20.832477569580078
1.999999987845058e-08
-14.867396354675293
11.926407814025879
14.015570640563965
-1.999999987845058e-08
-23.060230255126953
7.350892066955566
7.826223850250244
1.999999987845058e-08
-27.195425033569336
5.731699466705322
7.59627103805542
-1.999999987845058e-08
-26.473323822021484
4.907384872436523
11.332619667053223
1.999999987845058e-08
-22.914108276367188
4.320077419281006
14.881987571716309
-1.999999987845058e-08
-18.1031436920166
5.271490097045898
17.127838134765625
1.999999987845058e-08
-13.89063835144043
7.184612274169922
16.92549705505371
-1.999999987845058e-08
-12.193633079528809
8.881689071655273
13.251447677612305
1.999999987845058e-08
-16.418212890625
10.958779335021973
7.541740417480469
-1.999999987845058e-08
-20.248388290405273
8.52662181854248
8.109774589538574
1.999999987845058e-08
-23.186250686645508
5.031931400299072
9.181047439575195
-1.999999987845058e-08
-26.568225860595703
2.5270235538482666
9.338252067565918
1.999999987845058e-08
-32.79477310180664
-0.5226436853408813
6.183356761932373
-1.999999987845058e-08
-41.240047454833984
-5.320463180541992
-0.25451794266700745
1.999999987845058e-08
-49.70069885253906
-10.334311485290527
-5.864241123199463
-1.999999987845058e-08
-56.908714294433594
-15.169425964355469
-8.061371803283691
1.999999987845058e-08
-62.34937286376953
-20.741098403930664
-9.450207710266113
-1.999999987845058e-08
-65.61874389648438
-24.758546829223633
-12.875840187072754
1.999999987845058e-08
-60.41431427001953
-16.1385555267334
-15.776047706604004
-1.999999987845058e-08
-51.7098274230957
-7.58162784576416
-10.356889724731445
1.999999987845058e-08
-44.45458221435547
-1.8780055046081543
-4.10708475112915
-1.999999987845058e-08
-42.13272476196289
-1.159164309501648
-1.4949116706848145
1.999999987845058e-08
-42.91361999511719
-3.8851330280303955
-2.8215038776397705
-1.999999987845058e-08
-42.0447998046875
-5.826522350311279
-3.755004644393921
1.999999987845058e-08
-36.870391845703125
-4.944044589996338
-0.33081772923469543
-1.999999987845058e-08
-29.726594924926758
-3.7144899368286133
6.210304260253906
1.999999987845058e-08
-25.365798950195312
-4.243711471557617
12.052448272705078
-1.999999987845058e-08
-25.658742904663086
-5.118760585784912
15.472509384155273
1.999999987845058e-08
-37.70210647583008
-13.495182037353516
10.671192169189453
-1.999999987845058e-08
-39.44914245605469
-13.16848087310791
12.08240795135498
1.999999987845058e-08
-38.4347038269043
-10.830794334411621
15.419716835021973
-1.999999987845058e-08
-35.947113037109375
-10.977123260498047
16.689590454101562
1.999999987845058e-08
-33.548831939697266
-11.7296142578125
16.03561782836914
-1.999999987845058e-08
-32.06305694580078
-9.850915908813477
14.455666542053223
1.999999987845058e-08
-31.965444564819336
-8.17047119140625
10.043794631958008
-1.999999987845058e-08
-33.046382904052734
-9.342005729675293
3.7396106719970703
1.999999987845058e-08
-33.630340576171875
-10.553179740905762
1.2546308040618896
-1.999999987845058e-08
-32.521610260009766
-10.610416412353516
3.413752317428589
1.999999987845058e-08
-33.046382904052734
-9.342005729675293
3.7396106719970703
-1.999999987845058e-08
-33.630340576171875
-10.553179740905762
1.2546308040618896
1.999999987845058e-08
-32.521610260009766
-10.610416412353516
3.413752317428589
-1.999999987845058e-08
-31.14682388305664
-12.787210464477539
3.8222100734710693
1.999999987845058e-08
-32.129554748535156
-17.880008697509766
-0.24142539501190186
-1.999999987845058e-08
-36.54817199707031
-23.465160369873047
-5.187628269195557
1.999999987845058e-08
-43.0908203125
-28.831212997436523
-9.380483627319336
-1.999999987845058e-08
-49.23050308227539
-33.291099548339844
-13.323769569396973
1.999999987845058e-08
-52.92116928100586
-34.412715911865234
-14.830147743225098
-1.999999987845058e-08
-53.32450485229492
-33.0493049621582
-12.825111389160156
1.999999987845058e-08
-45.55850601196289
-33.17322540283203
-6.859166622161865
-1.999999987845058e-08
-40.214969635009766
-30.318098068237305
-1.543703317642212
1.999999987845058e-08
-35.175907135009766
-24.73171043395996
4.24385404586792
-1.999999987845058e-08
-29.483232498168945
-19.231346130371094
7.713962078094482
1.999999987845058e-08
-23.028100967407227
-14.1121244430542
10.089685440063477
-1.999999987845058e-08
-18.34540557861328
-9.919482231140137
11.635191917419434
1.999999987845058e-08
-18.414752960205078
-10.459014892578125
8.494582176208496
-1.999999987845058e-08
-22.700159072875977
-17.199874877929688
0.98520427942276
1.999999987845058e-08
-27.117074966430664
-25.075435638427734
-3.6942410469055176
-1.999999987845058e-08
-28.891393661499023
-28.802757263183594
-1.9662283658981323
1.999999987845058e-08
-29.446002960205078
-28.681257247924805
1.2348066568374634
-1.999999987845058e-08
-31.307369232177734
-27.710369110107422
0.4777688682079315
1.999999987845058e-08
-34.43547058105469
-27.838438034057617
-3.534050464630127
-1.999999987845058e-08
-37.17042922973633
-28.927793502807617
-6.3428850173950195
1.999999987845058e-08
-38.59864807128906
-28.75724220275879
-5.248599052429199
-1.999999987845058e-08
-38.68054962158203
-26.61777114868164
-2.0266852378845215
1.999999987845058e-08
-38.23822021484375
-25.69199562072754
-0.6865025758743286
-1.999999987845058e-08
-38.7190055847168
-27.42527961730957
-1.9697777032852173
1.999999987845058e-08
-39.86338424682617
-28.11710548400879
-2.3081679344177246
-1.999999987845058e-08
-39.46836471557617
-25.923534393310547
0.0898810625076294
1.999999987845058e-08
-39.46836471557617
-25.923534393310547
0.08988102525472641
-1.999999987845058e-08
-37.282928466796875
-24.379959106445312
2.517716646194458
1.999999987845058e-08
-35.44978713989258
-25.37530517578125
3.3722050189971924
-1.999999987845058e-08
-34.38707733154297
-26.359094619750977
4.931791305541992
1.999999987845058e-08
-33.35206985473633
-27.145790100097656
7.446628570556641
-1.999999987845058e-08
-32.604740142822266
-30.725200653076172
7.657572269439697
1.999999987845058e-08
-30.85968589782715
-34.63627243041992
6.997368812561035
-1.999999987845058e-08
-26.53205108642578
-32.52101516723633
10.524589538574219
1.999999987845058e-08
-22.635427474975586
-26.516326904296875
14.916656494140625
-1.999999987845058e-08
-24.48527717590332
-25.812551498413086
11.27678394317627
1.999999987845058e-08
-51.98154067993164
-50.493865966796875
-16.068952560424805
-1.999999987845058e-08
-53.54572677612305
-53.1962776184082
-17.339252471923828
1.999999987845058e-08
-50.12998962402344
-50.783538818359375
-15.9511137008667
-1.999999987845058e-08
-43.66321563720703
-45.19608688354492
-12.484209060668945
1.999999987845058e-08
-36.42610168457031
-39.5394172668457
-8.548786163330078
-1.999999987845058e-08
-29.989290237426758
-34.583038330078125
-4.28726863861084
1.999999987845058e-08
-23.745529174804688
-29.0311222076416
1.9662659168243408
-1.999999987845058e-08
-17.729162216186523
-23.09414291381836
9.016169548034668
1.999999987845058e-08
-14.638537406921387
-18.960901260375977
12.41394329071045
-1.999999987845058e-08
-16.14353370666504
-18.89320182800293
9.824605941772461
1.999999987845058e-08
-16.14353370666504
-18.89320182800293
9.824605941772461
-1.999999987845058e-08
-20.824798583984375
-23.83470916748047
2.961668014526367
1.999999987845058e-08
-26.307146072387695
-31.45750617980957
-4.856794834136963
-1.999999987845058e-08
-29.655902862548828
-36.3569221496582
-9.829968452453613
1.999999987845058e-08
-28.183658599853516
-35.38362503051758
-9.458680152893066
-1.999999987845058e-08
-23.114208221435547
-30.864604949951172
-5.662760257720947
1.999999987845058e-08
-18.86451530456543
-26.479461669921875
-2.737187147140503
-1.999999987845058e-08
-18.21822166442871
-24.043209075927734
-2.5407025814056396
1.999999987845058e-08
-21.28136444091797
-24.898639678955078
-4.898313045501709
-1.999999987845058e-08
-26.0776424407959
-28.57219696044922
-9.660134315490723
1.999999987845058e-08
-26.0776424407959
-28.57219696044922
-9.660134315490723
-1.999999987845058e-08
-28.538894653320312
-31.5189208984375
-15.149645805358887
1.999999987845058e-08
-25.93387794494629
-31.777807235717773
-17.598861694335938
-1.999999987845058e-08
-19.543060302734375
-30.279830932617188
-14.379157066345215
1.999999987845058e-08
-12.612624168395996
-27.16790771484375
-7.2553019523620605
-1.999999987845058e-08
-8.280258178710938
-23.92782211303711
-2.1834285259246826
1.999999987845058e-08
-8.054222106933594
-25.146190643310547
-3.793640375137329
-1.999999987845058e-08
-9.785968780517578
-30.778907775878906
-8.702410697937012
1.999999987845058e-08
-9.400735855102539
-33.64133071899414
-8.480287551879883
-1.999999987845058e-08
-6.505094528198242
-30.986248016357422
-1.7657115459442139
1.999999987845058e-08
-5.208524227142334
-29.210073471069336
3.1607248783111572
-1.999999987845058e-08
-8.066764831542969
-32.06045150756836
0.5705723762512207
1.999999987845058e-08
-13.379297256469727
-35.72554016113281
-6.548262596130371
-1.999999987845058e-08
-18.375713348388672
-38.28436279296875
-13.789305686950684
1.999999987845058e-08
-21.242366790771484
-42.010536193847656
-19.676288604736328
-1.999999987845058e-08
-21.364055633544922
-45.86955261230469
-22.54441261291504
1.999999987845058e-08
-19.577171325683594
-46.06696701049805
-20.846149444580078
-1.999999987845058e-08
-17.19532012939453
-43.04846954345703
-17.0603084564209
1.999999987845058e-08
-14.13498306274414
-40.03030776977539
-15.642333030700684
-1.999999987845058e-08
-9.064576148986816
-36.84902572631836
-16.506940841674805
1.999999987845058e-08
3.7270572185516357
-25.972373962402344
-10.950754165649414
-1.999999987845058e-08
7.347157001495361
-21.691904067993164
-5.354599952697754
1.999999987845058e-08
8.184471130371094
-20.44367027282715
-2.856691837310791
-1.999999987845058e-08
7.526618957519531
-21.751399993896484
-4.597399711608887
1.999999987845058e-08
7.323144912719727
-22.718990325927734
-7.154083251953125
-1.999999987845058e-08
7.354454040527344
-21.83015251159668
-7.425879955291748
1.999999987845058e-08
6.187222957611084
-21.765398025512695
-6.876311779022217
-1.999999987845058e-08
3.828174591064453
-24.740901947021484
-8.463099479675293
1.999999987845058e-08
1.8483556509017944
-27.430835723876953
-11.657963752746582
-1.999999987845058e-08
2.196672201156616
-25.24315071105957
-13.438214302062988
1.999999987845058e-08
4.9490814208984375
-20.161226272583008
-13.664066314697266
-1.999999987845058e-08
8.381179809570312
-17.485469818115234
-14.08940601348877
1.999999987845058e-08
11.088888168334961
-17.297672271728516
-12.968091011047363
-1.999999987845058e-08
11.767125129699707
-17.176250457763672
-8.927005767822266
1.999999987845058e-08
10.302391052246094
-17.406925201416016
-5.799571990966797
-1.999999987845058e-08
9.192421913146973
-16.814722061157227
-5.626593112945557
1.999999987845058e-08
10.131318092346191
-12.160313606262207
-5.151712894439697
-1.999999987845058e-08
12.444425582885742
-5.272967338562012
-3.6212360858917236
1.999999987845058e-08
16.202730178833008
-1.8105542659759521
-3.7336013317108154
-1.999999987845058e-08
21.73711585998535
-2.424529552459717
-4.2763142585754395
1.999999987845058e-08
26.20051383972168
-3.517439365386963
-2.3405609130859375
-1.999999987845058e-08
25.46540641784668
-4.625743389129639
-0.7830396294593811
1.999999987845058e-08
19.46704864501953
-7.561621189117432
-4.081148624420166
-1.999999987845058e-08
12.608111381530762
-11.769353866577148
-10.308771133422852
1.999999987845058e-08
9.300570487976074
-15.506123542785645
-14.445059776306152
-1.999999987845058e-08
10.467093467712402
-17.7629451751709
-15.188633918762207
1.999999987845058e-08
13.596267700195312
-17.84694480895996
-14.225883483886719
-1.999999987845058e-08
15.685830116271973
-16.253141403198242
-13.357033729553223
1.999999987845058e-08
15.564034461975098
-14.788511276245117
-14.01215934753418
-1.999999987845058e-08
13.408350944519043
-14.013059616088867
-16.131916046142578
1.999999987845058e-08
13.408350944519043
-14.013059616088867
-16.131916046142578
-1.999999987845058e-08
10.450243949890137
-12.672739028930664
-17.768966674804688
1.999999987845058e-08
9.415064811706543
-10.61727523803711
-17.526208877563477
-1.999999987845058e-08
12.387398719787598
-9.088542938232422
-15.856532096862793
1.999999987845058e-08
18.6615047454834
-7.040701866149902
-12.957340240478516
-1.999999987845058e-08
25.628551483154297
-1.9645813703536987
-8.490415573120117
1.999999987845058e-08
29.91537094116211
4.634746551513672
-4.8620219230651855
-1.999999987845058e-08
29.80390167236328
8.731603622436523
-5.446037769317627
1.999999987845058e-08
27.71893310546875
9.97126579284668
-8.278017044067383
-1.999999987845058e-08
26.863718032836914
10.055761337280273
-8.476066589355469
1.999999987845058e-08
26.863718032836914
10.055761337280273
-8.476066589355469
-1.999999987845058e-08
27.358461380004883
8.395634651184082
-6.049355983734131
1.999999987845058e-08
28.003541946411133
4.702038288116455
-4.4256134033203125
-1.999999987845058e-08
28.417631149291992
1.2699508666992188
-4.274909496307373
1.999999987845058e-08
28.126632690429688
-0.40859925746917725
-4.269394397735596
-1.999999987845058e-08
25.525970458984375
-1.2863473892211914
-4.750133514404297
1.999999987845058e-08
19.851144790649414
-2.608414888381958
-6.749040603637695
-1.999999987845058e-08
13.944290161132812
-5.004681587219238
-9.79467487335205
1.999999987845058e-08
12.132025718688965
-7.426980018615723
-12.281771659851074
-1.999999987845058e-08
14.695625305175781
-6.576891899108887
-12.693370819091797
1.999999987845058e-08
15.454339027404785
1.1231950521469116
-9.755627632141113
-1.999999987845058e-08
23.015605926513672
8.436866760253906
-1.9413830041885376
1.999999987845058e-08
29.78658676147461
16.4664249420166
5.131849765777588
-1.999999987845058e-08
29.17517852783203
17.71308708190918
4.330832004547119
1.999999987845058e-08
23.3508243560791
13.251982688903809
-1.601662278175354
-1.999999987845058e-08
18.772197723388672
7.857386589050293
-5.217772483825684
1.999999987845058e-08
16.791730880737305
2.5647025108337402
-5.8749284744262695
-1.999999987845058e-08
14.842852592468262
-1.869309902191162
-7.171177864074707
1.999999987845058e-08
12.031031608581543
-3.0931835174560547
-9.510650634765625
-1.999999987845058e-08
9.218043327331543
-1.9498735666275024
-11.866253852844238
1.999999987845058e-08
7.228000640869141
-1.008476734161377
-13.942831039428711
-1.999999987845058e-08
7.017470836639404
-0.04276302084326744
-14.494601249694824
1.999999987845058e-08
10.056779861450195
1.995552897453308
-12.310589790344238
-1.999999987845058e-08
16.675987243652344
5.499340057373047
-7.475125312805176
1.999999987845058e-08
24.015403747558594
11.22128963470459
-1.136063814163208
-1.999999987845058e-08
27.91632843017578
17.287260055541992
3.251420021057129
1.999999987845058e-08
26.910890579223633
18.859153747558594
1.879885196685791
-1.999999987845058e-08
23.35922622680664
15.768519401550293
-3.2187256813049316
1.999999987845058e-08
21.1486873626709
14.25439167022705
-5.217541694641113
-1.999999987845058e-08
21.812042236328125
16.545242309570312
-2.4987168312072754
1.999999987845058e-08
21.1486873626709
14.25439167022705
-5.217541694641113
-1.999999987845058e-08
21.812042236328125
16.545242309570312
-2.4987168312072754
1.999999987845058e-08
23.095617294311523
17.625560760498047
-0.642795741558075
-1.999999987845058e-08
21.611133575439453
15.636178016662598
-2.8781259059906006
1.999999987845058e-08
16.615543365478516
14.343634605407715
-6.521535873413086
-1.999999987845058e-08
11.532197952270508
14.1673583984375
-9.043734550476074
1.999999987845058e-08
10.202810287475586
11.772895812988281
-10.634407997131348
-1.999999987845058e-08
11.749484062194824
7.657571315765381
-11.163348197937012
1.999999987845058e-08
12.268962860107422
5.125248908996582
-10.296442031860352
-1.999999987845058e-08
10.270727157592773
3.854341983795166
-9.991621017456055
1.999999987845058e-08
10.270727157592773
3.854341983795166
-9.991621971130371
-1.999999987845058e-08
6.97901725769043
1.6737589836120605
-11.765886306762695
1.999999987845058e-08
3.8440308570861816
-0.27433231472969055
-12.988423347473145
-1.999999987845058e-08
2.467804431915283
0.045170001685619354
-10.662684440612793
1.999999987845058e-08
3.7193472385406494
1.497205138206482
-6.8945794105529785
-1.999999987845058e-08
5.9667067527771
1.5908094644546509
-6.276383399963379
1.999999987845058e-08
6.578665733337402
-0.8812458515167236
-9.744831085205078
-1.999999987845058e-08
4.955127239227295
-4.682785511016846
-14.061964988708496
1.999999987845058e-08
2.889235258102417
-5.897720813751221
-15.788070678710938
-1.999999987845058e-08
1.7494219541549683
-3.066606044769287
-14.86374282836914
1.999999987845058e-08
1.2892690896987915
-1.006955862045288
-13.95057201385498
-1.999999987845058e-08
1.5240273475646973
-2.8336071968078613
-13.339442253112793
1.999999987845058e-08
2.0698084831237793
-3.6629841327667236
-10.54879093170166
-1.999999987845058e-08
1.1021395921707153
-0.17726315557956696
-6.737077236175537
1.999999987845058e-08
-0.9697267413139343
2.8328073024749756
-5.796368598937988
-1.999999987845058e-08
-0.44145265221595764
3.0018229484558105
-6.014543533325195
1.999999987845058e-08
3.7334530353546143
5.178329944610596
-2.5817298889160156
-1.999999987845058e-08
7.3472394943237305
9.97488021850586
2.1133668422698975
1.999999987845058e-08
6.623710632324219
11.138611793518066
1.4900298118591309
-1.999999987845058e-08
3.05434513092041
7.974658489227295
-3.009653091430664
1.999999987845058e-08
18.160417556762695
22.556434631347656
14.530017852783203
-1.999999987845058e-08
25.689538955688477
27.47791862487793
19.65626335144043
1.999999987845058e-08
27.063928604125977
28.738672256469727
21.484132766723633
-1.999999987845058e-08
25.222455978393555
28.590591430664062
22.15612030029297
1.999999987845058e-08
23.678539276123047
29.263870239257812
21.527788162231445
-1.999999987845058e-08
21.346250534057617
29.617706298828125
18.29738426208496
1.999999987845058e-08
14.666313171386719
25.362295150756836
10.869709014892578
-1.999999987845058e-08
3.656524658203125
16.076549530029297
0.1327817589044571
1.999999987845058e-08
-7.6915178298950195
7.031418800354004
-8.960550308227539
-1.999999987845058e-08
-16.796470642089844
0.8398337960243225
-13.964661598205566
1.999999987845058e-08
-16.796470642089844
0.8398337960243225
-13.964661598205566
-1.999999987845058e-08
-23.379823684692383
-5.154533863067627
-18.17157554626465
1.999999987845058e-08
-26.09276580810547
-10.582343101501465
-21.867528915405273
-1.999999987845058e-08
-23.5495662689209
-10.424761772155762
-19.831438064575195
1.999999987845058e-08
-17.885784149169922
-4.361010551452637
-12.148153305053711
-1.999999987845058e-08
-13.113299369812012
1.4103775024414062
-6.325507640838623
1.999999987845058e-08
-10.243518829345703
3.7488455772399902
-5.389199256896973
-1.999999987845058e-08
-6.74585485458374
5.872162342071533
-4.140614032745361
1.999999987845058e-08
-0.4122951626777649
10.803628921508789
1.5860509872436523
-1.999999987845058e-08
7.298455715179443
17.167896270751953
9.273266792297363
1.999999987845058e-08
14.457854270935059
21.249605178833008
15.065923690795898
-1.999999987845058e-08
16.100818634033203
20.751235961914062
16.85097312927246
1.999999987845058e-08
17.810405731201172
21.937807083129883
19.454999923706055
-1.999999987845058e-08
16.664875030517578
21.17283058166504
17.749589920043945
1.999999987845058e-08
12.306013107299805
15.848697662353516
10.96333122253418
-1.999999987845058e-08
7.081174850463867
10.996461868286133
4.902341842651367
1.999999987845058e-08
2.082648515701294
10.96617317199707
2.685117244720459
-1.999999987845058e-08
-1.9245401620864868
11.46882152557373
1.5711052417755127
1.999999987845058e-08
-2.9980947971343994
8.068989753723145
-0.19518573582172394
-1.999999987845058e-08
-0.5648064613342285
5.2926506996154785
0.4655483663082123
1.999999987845058e-08
3.8843741416931152
9.06705379486084
5.932413578033447
-1.999999987845058e-08
8.314627647399902
16.002838134765625
11.869860649108887
1.999999987845058e-08
10.30636978149414
18.729127883911133
12.89881706237793
-1.999999987845058e-08
8.659192085266113
17.484661102294922
11.54325008392334
1.999999987845058e-08
5.478936672210693
17.344783782958984
12.734006881713867
-1.999999987845058e-08
4.035430908203125
17.742202758789062
14.19083023071289
1.999999987845058e-08
4.6448211669921875
14.568497657775879
11.880016326904297
-1.999999987845058e-08
4.387704372406006
9.20377254486084
8.264884948730469
1.999999987845058e-08
1.4042428731918335
6.498761177062988
6.798004627227783
-1.999999987845058e-08
-1.965985894203186
7.155813217163086
6.133425235748291
1.999999987845058e-08
-2.1441428661346436
8.244074821472168
5.531705856323242
-1.999999987845058e-08
0.884301483631134
8.043852806091309
7.374355316162109
1.999999987845058e-08
4.352412223815918
7.762174606323242
11.700299263000488
-1.999999987845058e-08
6.041011333465576
9.217873573303223
15.071751594543457
1.999999987845058e-08
4.148326873779297
10.570475578308105
14.534199714660645
-1.999999987845058e-08
-1.7708618640899658
7.88038969039917
10.258161544799805
1.999999987845058e-08
-7.419536113739014
2.8888399600982666
6.5332417488098145
-1.999999987845058e-08
-7.055081844329834
2.3066353797912598
8.22299861907959
1.999999987845058e-08
-1.0410401821136475
7.313230037689209
14.252142906188965
-1.999999987845058e-08
4.857487678527832
11.899149894714355
19.008705139160156
1.999999987845058e-08
2.627331495285034
17.795515060424805
22.037446975708008
-1.999999987845058e-08
2.4116945266723633
20.29961585998535
21.878084182739258
1.999999987845058e-08
4.743899822235107
21.921485900878906
22.34351348876953
-1.999999987845058e-08
9.17952823638916
24.683923721313477
26.054641723632812
1.999999987845058e-08
12.627256393432617
26.139629364013672
29.84286117553711
-1.999999987845058e-08
11.428008079528809
23.077943801879883
29.18646240234375
1.999999987845058e-08
5.765505313873291
17.32693099975586
25.32710075378418
-1.999999987845058e-08
-0.9562180042266846
11.72374153137207
21.386884689331055
1.999999987845058e-08
-5.626182556152344
7.5286688804626465
18.107412338256836
-1.999999987845058e-08
-6.656333923339844
7.155462265014648
16.71399688720703
1.999999987845058e-08
-5.626182556152344
7.5286688804626465
18.107412338256836
-1.999999987845058e-08
-6.656333923339844
7.155462265014648
16.71399688720703
1.999999987845058e-08
-4.505451679229736
10.805922508239746
18.24521255493164
-1.999999987845058e-08
-1.503442406654358
13.374080657958984
20.343244552612305
1.999999987845058e-08
0.6694165468215942
12.57778263092041
21.257888793945312
-1.999999987845058e-08
2.2617297172546387
13.306267738342285
22.722126007080078
1.999999987845058e-08
3.4647409915924072
17.392133712768555
24.0463924407959
-1.999999987845058e-08
3.7773027420043945
18.911813735961914
21.3128662109375
1.999999987845058e-08
3.6335856914520264
14.990757942199707
15.799057960510254
-1.999999987845058e-08
2.9511172771453857
10.109959602355957
13.009552955627441
1.999999987845058e-08
-0.3057200014591217
6.416617393493652
12.466500282287598
-1.999999987845058e-08
-6.246851444244385
1.3704181909561157
9.349556922912598
1.999999987845058e-08
-11.314003944396973
-4.514847278594971
4.176766395568848
-1.999999987845058e-08
-12.512956619262695
-7.766374588012695
1.7695289850234985
1.999999987845058e-08
-10.23733139038086
-7.905477523803711
3.678673028945923
-1.999999987845058e-08
-7.048772811889648
-6.720073699951172
7.314508438110352
1.999999987845058e-08
-5.385010719299316
-5.0495123863220215
10.227189064025879
-1.999999987845058e-08
-6.074905872344971
-3.503817558288574
11.51897144317627
1.999999987845058e-08
-8.935298919677734
-3.327791929244995
10.262467384338379
-1.999999987845058e-08
-13.40687370300293
-5.673736095428467
6.17222785949707
1.999999987845058e-08
-17.500051498413086
-10.747142791748047
1.3687528371810913
-1.999999987845058e-08
-18.9716854095459
-16.484832763671875
-1.2799427509307861
1.999999987845058e-08
-17.986000061035156
-18.968881607055664
-0.8831140398979187
-1.999999987845058e-08
-15.943346977233887
-16.502504348754883
1.1760501861572266
1.999999987845058e-08
-12.840015411376953
-11.622358322143555
3.011453628540039
-1.999999987845058e-08
-8.41482162475586
-7.0330586433410645
4.794710636138916
1.999999987845058e-08
-4.6045966148376465
-2.96490216255188
7.87134313583374
-1.999999987845058e-08
-3.856088161468506
-0.7988147735595703
9.91784381866455
1.999999987845058e-08
-6.1374831199646
-3.3631365299224854
6.3786163330078125
-1.999999987845058e-08
-9.80412483215332
-8.54741096496582
-1.4492210149765015
1.999999987845058e-08
-12.87806510925293
-9.830448150634766
-6.901144981384277
-1.999999987845058e-08
-12.981161117553711
-6.129143238067627
-7.156774044036865
1.999999987845058e-08
-10.257051467895508
-3.699293851852417
-5.157881259918213
-1.999999987845058e-08
-9.145611763000488
-6.7977094650268555
-3.7170379161834717
1.999999987845058e-08
-13.003352165222168
-13.713107109069824
-3.80735182762146
-1.999999987845058e-08
-19.397502899169922
-21.67583465576172
-6.280326843261719
1.999999987845058e-08
-23.22198486328125
-28.46131706237793
-9.906888961791992
-1.999999987845058e-08
-21.88180160522461
-30.925535202026367
-10.451248168945312
1.999999987845058e-08
-16.07916259765625
-27.97964096069336
-5.7803826332092285
-1.999999987845058e-08
-7.9954328536987305
-22.189289093017578
0.8987804055213928
1.999999987845058e-08
-0.6980578303337097
-15.94236946105957
5.3237481117248535
-1.999999987845058e-08
3.4471113681793213
-10.32774543762207
6.929810047149658
1.999999987845058e-08
5.457625865936279
-6.890293121337891
7.420656681060791
-1.999999987845058e-08
7.431412696838379
-5.782590866088867
6.956330299377441
1.999999987845058e-08
8.091343879699707
-5.380748748779297
4.3373541831970215
-1.999999987845058e-08
4.49954891204834
-6.463443756103516
-0.60986328125
1.999999987845058e-08
