0
-22.845457077026367
-16.097339630126953
-31.16295623779297
1.999999987845058e-08
-22.187572479248047
-14.103424072265625
-30.581790924072266
-1.999999987845058e-08
-19.55118751525879
-10.093245506286621
-28.805641174316406
1.999999987845058e-08
-16.08755111694336
-6.648163318634033
-28.63892936706543
-1.999999987845058e-08
-12.132147789001465
-3.0110971927642822
-28.49153709411621
1.999999987845058e-08
-7.0037031173706055
2.2944862842559814
-24.803327560424805
-1.999999987845058e-08
-2.556797742843628
6.866581439971924
-19.40738296508789
1.999999987845058e-08
-2.203425645828247
8.534972190856934
-16.81797981262207
-1.999999987845058e-08
-5.761653900146484
8.492086410522461
-17.225339889526367
1.999999987845058e-08
-13.899889945983887
4.93336820602417
-20.270172119140625
-1.999999987845058e-08
-16.49446678161621
4.905771732330322
-21.25472640991211
1.999999987845058e-08
-18.109394073486328
9.404587745666504
-19.812711715698242
-1.999999987845058e-08
-20.114633560180664
14.168931007385254
-18.707763671875
1.999999987845058e-08
-23.687551498413086
15.30639362335205
-21.485647201538086
-1.999999987845058e-08
-28.701122283935547
14.889893531799316
-26.74510955810547
1.999999987845058e-08
-34.44789505004883
15.02585220336914
-32.38914489746094
-1.999999987845058e-08
-39.01993179321289
14.649910926818848
-38.9699592590332
1.999999987845058e-08
-39.997196197509766
14.047089576721191
-45.18719482421875
-1.999999987845058e-08
-37.86457061767578
15.484672546386719
-47.45320129394531
1.999999987845058e-08
-39.997196197509766
14.047089576721191
-45.18719482421875
-1.999999987845058e-08
-37.86457061767578
15.484672546386719
-47.45320129394531
1.999999987845058e-08
-36.01032257080078
19.157869338989258
-45.49970245361328
-1.999999987845058e-08
-35.89902114868164
23.014848709106445
-42.270240783691406
1.999999987845058e-08
-35.139686584472656
26.07352066040039
-38.41778564453125
-1.999999987845058e-08
-32.39158630371094
28.540773391723633
-33.45669937133789
1.999999987845058e-08
-29.922306060791016
30.304346084594727
-30.161605834960938
-1.999999987845058e-08
-28.390321731567383
32.03720474243164
-30.4786434173584
1.999999987845058e-08
-24.906030654907227
34.8890380859375
-31.294191360473633
-1.999999987845058e-08
-18.22547149658203
38.894588470458984
-29.536169052124023
1.999999987845058e-08
-10.123809814453125
44.74443817138672
-25.814899444580078
-1.999999987845058e-08
-1.4461147785186768
53.398345947265625
-21.111730575561523
1.999999987845058e-08
8.770572662353516
61.218605041503906
-16.363210678100586
-1.999999987845058e-08
21.600133895874023
62.32526779174805
-14.41955852508545
1.999999987845058e-08
37.96961975097656
57.8791618347168
-15.869272232055664
-1.999999987845058e-08
56.234500885009766
54.001197814941406
-17.165910720825195
1.999999987845058e-08
70.012939453125
51.63199234008789
-17.162729263305664
-1.999999987845058e-08
73.19847106933594
49.07304000854492
-17.92763900756836
1.999999987845058e-08
65.00884246826172
48.3360710144043
-19.210935592651367
-1.999999987845058e-08
48.86824035644531
49.023406982421875
-20.004789352416992
1.999999987845058e-08
48.86824035644531
49.023406982421875
-20.004789352416992
-1.999999987845058e-08
30.018070220947266
46.232696533203125
-21.334869384765625
1.999999987845058e-08
12.58088207244873
40.33857345581055
-22.7455997467041
-1.999999987845058e-08
-2.896510601043701
37.086326599121094
-22.087539672851562
1.999999987845058e-08
-18.130285263061523
37.30686950683594
-20.20575523376465
-1.999999987845058e-08
-34.37643051147461
38.026763916015625
-19.542627334594727
1.999999987845058e-08
-50.081878662109375
40.199886322021484
-19.076581954956055
-1.999999987845058e-08
-61.14984130859375
44.66376495361328
-16.783334732055664
1.999999987845058e-08
-66.2914047241211
46.714073181152344
-14.368878364562988
-1.999999987845058e-08
-69.95995330810547
43.92750549316406
-13.855870246887207
1.999999987845058e-08
-88.65036010742188
38.762359619140625
-14.359733581542969
-1.999999987845058e-08
-99.09370422363281
34.37654113769531
-16.316465377807617
1.999999987845058e-08
-103.45226287841797
28.764169692993164
-17.796783447265625
-1.999999987845058e-08
-102.72085571289062
26.415050506591797
-16.31043243408203
1.999999987845058e-08
-103.11279296875
25.17510223388672
-14.788154602050781
-1.999999987845058e-08
-107.84498596191406
21.696544647216797
-15.649639129638672
1.999999987845058e-08
-112.95304870605469
20.483983993530273
-14.871552467346191
-1.999999987845058e-08
-112.56706237792969
24.799192428588867
-9.690689086914062
1.999999987845058e-08
-106.76363372802734
28.64552116394043
-4.5303497314453125
-1.999999987845058e-08
-101.22525787353516
27.733745574951172
-3.3711905479431152
1.999999987845058e-08
-100.39846801757812
25.4478759765625
-5.095643043518066
-1.999999987845058e-08
-104.19319152832031
22.989635467529297
-8.93796157836914
1.999999987845058e-08
-108.68256378173828
17.93232536315918
-14.467040061950684
-1.999999987845058e-08
-108.08478546142578
12.614813804626465
-17.1303768157959
1.999999987845058e-08
-99.77533721923828
11.403429985046387
-13.618243217468262
-1.999999987845058e-08
-87.45240020751953
13.590754508972168
-7.739573955535889
1.999999987845058e-08
-76.54261016845703
16.626413345336914
-4.022566795349121
-1.999999987845058e-08
-68.75627899169922
19.461488723754883
-1.9392544031143188
1.999999987845058e-08
-62.77170944213867
20.643125534057617
-0.2629354000091553
-1.999999987845058e-08
-56.28044128417969
20.390188217163086
0.551776111125946
1.999999987845058e-08
-56.28044128417969
20.390188217163086
0.551776111125946
-1.999999987845058e-08
-46.982566833496094
21.496482849121094
1.6787936687469482
1.999999987845058e-08
-35.80493927001953
23.597803115844727
4.709224224090576
-1.999999987845058e-08
-27.58623504638672
23.441682815551758
7.756488800048828
1.999999987845058e-08
-25.40567970275879
21.372100830078125
7.561401844024658
-1.999999987845058e-08
-26.86646842956543
19.791275024414062
3.9254443645477295
1.999999987845058e-08
-27.366348266601562
18.181257247924805
-0.4401072561740875
-1.999999987845058e-08
-25.20184898376465
15.38478946685791
-3.033445358276367
1.999999987845058e-08
-22.45920753479004
12.439163208007812
-3.5562655925750732
-1.999999987845058e-08
-20.533344268798828
9.851346015930176
-3.7303619384765625
1.999999987845058e-08
-17.071334838867188
6.569357872009277
-4.769237041473389
-1.999999987845058e-08
-9.722652435302734
3.580068588256836
-5.131165981292725
1.999999987845058e-08
0.2904392182826996
3.2055845260620117
-3.018314838409424
-1.999999987845058e-08
10.644619941711426
4.959471702575684
0.3154186010360718
1.999999987845058e-08
20.500226974487305
7.830712795257568
3.0091097354888916
-1.999999987845058e-08
29.74244499206543
12.619242668151855
5.6403303146362305
1.999999987845058e-08
38.21372604370117
17.00142478942871
8.677618980407715
-1.999999987845058e-08
45.43215560913086
16.01110076904297
10.75544548034668
1.999999987845058e-08
50.61347579956055
10.582733154296875
11.856675148010254
-1.999999987845058e-08
54.333961486816406
6.9464006423950195
13.799500465393066
1.999999987845058e-08
64.4614028930664
-6.362262725830078
8.607675552368164
-1.999999987845058e-08
63.54572677612305
-10.476621627807617
4.914514064788818
1.999999987845058e-08
65.6552505493164
-15.272937774658203
2.590395927429199
-1.999999987845058e-08
68.088134765625
-20.36441993713379
2.4094271659851074
1.999999987845058e-08
68.97649383544922
-24.223482131958008
4.285233497619629
-1.999999987845058e-08
69.2061996459961
-27.557008743286133
5.0515031814575195
1.999999987845058e-08
69.91879272460938
-30.777198791503906
3.394638776779175
-1.999999987845058e-08
71.65631103515625
-32.825016021728516
3.0609827041625977
1.999999987845058e-08
73.79957580566406
-34.78040313720703
5.636287212371826
-1.999999987845058e-08
74.51118469238281
-38.83767318725586
7.030524730682373
1.999999987845058e-08
73.60728454589844
-43.74502944946289
5.28389835357666
-1.999999987845058e-08
73.33773040771484
-46.806766510009766
3.6193418502807617
1.999999987845058e-08
74.6993408203125
-48.16752243041992
3.609591484069824
-1.999999987845058e-08
76.387451171875
-48.742130279541016
3.4947729110717773
1.999999987845058e-08
78.22020721435547
-47.66747283935547
3.2361533641815186
-1.999999987845058e-08
81.8145523071289
-44.43333053588867
4.7570624351501465
1.999999987845058e-08
87.08283233642578
-40.361412048339844
8.41627311706543
-1.999999987845058e-08
91.67679595947266
-37.484344482421875
13.07748794555664
1.999999987845058e-08
94.18663024902344
-37.691951751708984
17.863954544067383
-1.999999987845058e-08
94.89756774902344
-41.398616790771484
22.040218353271484
1.999999987845058e-08
91.67679595947266
-37.484344482421875
13.07748794555664
-1.999999987845058e-08
94.18663024902344
-37.691951751708984
17.863954544067383
1.999999987845058e-08
94.89756774902344
-41.398616790771484
22.040218353271484
-1.999999987845058e-08
94.03504180908203
-46.83631896972656
24.723546981811523
1.999999987845058e-08
91.58163452148438
-52.91065979003906
25.393207550048828
-1.999999987845058e-08
88.34785461425781
-60.7144660949707
23.946514129638672
1.999999987845058e-08
85.84320068359375
-69.96862030029297
20.78104591369629
-1.999999987845058e-08
84.87998962402344
-78.24347686767578
17.29825210571289
1.999999987845058e-08
84.20904541015625
-85.85249328613281
14.600152015686035
-1.999999987845058e-08
81.38458251953125
-95.69559478759766
11.650561332702637
1.999999987845058e-08
74.1368408203125
-113.92809295654297
4.497197151184082
-1.999999987845058e-08
76.02597045898438
-117.02226257324219
3.866096019744873
1.999999987845058e-08
79.69021606445312
-118.27404022216797
5.451830863952637
-1.999999987845058e-08
80.84335327148438
-118.60577392578125
8.553434371948242
1.999999987845058e-08
77.50617218017578
-119.98106384277344
11.051506042480469
-1.999999987845058e-08
71.28041076660156
-125.26432037353516
9.845294952392578
1.999999987845058e-08
65.91495513916016
-132.0907440185547
5.843815326690674
-1.999999987845058e-08
63.88563919067383
-135.51866149902344
3.4594638347625732
1.999999987845058e-08
64.73632049560547
-136.65101623535156
3.7036426067352295
-1.999999987845058e-08
65.91590118408203
-140.1297149658203
3.5695128440856934
1.999999987845058e-08
65.91495513916016
-132.0907440185547
5.843815326690674
-1.999999987845058e-08
63.88563919067383
-135.51866149902344
3.4594638347625732
1.999999987845058e-08
64.73632049560547
-136.65101623535156
3.7036426067352295
-1.999999987845058e-08
65.91590118408203
-140.1297149658203
3.5695128440856934
1.999999987845058e-08
65.61762237548828
-144.80194091796875
2.74448299407959
-1.999999987845058e-08
65.32878112792969
-145.56234741210938
4.048511505126953
1.999999987845058e-08
67.00444030761719
-142.5035400390625
7.042435169219971
-1.999999987845058e-08
69.44290161132812
-139.8006591796875
9.091870307922363
1.999999987845058e-08
69.74160766601562
-138.908203125
10.59520149230957
-1.999999987845058e-08
65.80863952636719
-139.7096405029297
11.716436386108398
1.999999987845058e-08
43.41215515136719
-147.59434509277344
4.572722434997559
-1.999999987845058e-08
39.30790328979492
-146.44850158691406
5.166693210601807
1.999999987845058e-08
37.06916809082031
-147.4053497314453
6.851393699645996
-1.999999987845058e-08
36.79527282714844
-148.3944091796875
8.946566581726074
1.999999987845058e-08
38.21399688720703
-145.44407653808594
12.94044017791748
-1.999999987845058e-08
40.7021598815918
-139.78109741210938
17.970611572265625
1.999999987845058e-08
42.310428619384766
-134.9164276123047
20.77346420288086
-1.999999987845058e-08
40.891658782958984
-130.1741943359375
20.987539291381836
1.999999987845058e-08
36.069061279296875
-124.61099243164062
20.41166114807129
-1.999999987845058e-08
29.65073585510254
-121.1541976928711
19.326459884643555
1.999999987845058e-08
29.65073585510254
-121.1541976928711
19.326459884643555
-1.999999987845058e-08
22.942447662353516
-121.71312713623047
17.00394058227539
1.999999987845058e-08
15.255373001098633
-124.7887954711914
13.177932739257812
-1.999999987845058e-08
7.303072929382324
-127.98654174804688
8.483734130859375
1.999999987845058e-08
2.5161242485046387
-127.80526733398438
4.9894585609436035
-1.999999987845058e-08
3.17030668258667
-121.500244140625
5.3404765129089355
1.999999987845058e-08
7.695790767669678
-112.24667358398438
9.677050590515137
-1.999999987845058e-08
11.66752815246582
-106.3664779663086
14.327648162841797
1.999999987845058e-08
11.142312049865723
-104.78689575195312
15.743279457092285
-1.999999987845058e-08
6.374948978424072
-103.32242584228516
14.644227981567383
1.999999987845058e-08
6.374948978424072
-103.32242584228516
14.644227981567383
-1.999999987845058e-08
1.304376244544983
-100.6142349243164
13.775992393493652
1.999999987845058e-08
-1.322563886642456
-98.60285949707031
13.939788818359375
-1.999999987845058e-08
-2.7702856063842773
-96.83646392822266
14.354329109191895
1.999999987845058e-08
-5.645352840423584
-94.42878723144531
14.054583549499512
-1.999999987845058e-08
-9.956969261169434
-93.6021728515625
12.76880168914795
1.999999987845058e-08
-13.612069129943848
-94.33997344970703
12.064152717590332
-1.999999987845058e-08
-15.614921569824219
-92.68872833251953
13.37473201751709
1.999999987845058e-08
-16.76978874206543
-88.69206237792969
14.926105499267578
-1.999999987845058e-08
-17.528779983520508
-86.48175048828125
14.653759956359863
1.999999987845058e-08
-18.772705078125
-65.88286590576172
18.297334671020508
-1.999999987845058e-08
-22.15509605407715
-62.82437515258789
15.354632377624512
1.999999987845058e-08
-24.058786392211914
-58.88316345214844
15.03171157836914
-1.999999987845058e-08
-28.248920440673828
-57.629295349121094
13.31164836883545
1.999999987845058e-08
-34.35871124267578
-59.20896530151367
9.052082061767578
-1.999999987845058e-08
-37.42761993408203
-58.37499237060547
7.640906810760498
1.999999987845058e-08
-35.17474365234375
-53.96015548706055
10.816179275512695
-1.999999987845058e-08
-29.375640869140625
-48.68254089355469
14.469362258911133
1.999999987845058e-08
-23.709186553955078
-42.81840515136719
16.021085739135742
-1.999999987845058e-08
-22.242345809936523
-37.18700408935547
15.484658241271973
1.999999987845058e-08
-22.242345809936523
-37.18700408935547
15.484658241271973
-1.999999987845058e-08
-25.967260360717773
-34.93129348754883
12.797951698303223
1.999999987845058e-08
-31.076644897460938
-34.302799224853516
9.662012100219727
-1.999999987845058e-08
-33.6926383972168
-29.70250701904297
9.067896842956543
1.999999987845058e-08
-34.048091888427734
-22.188417434692383
10.348520278930664
-1.999999987845058e-08
-33.873626708984375
-17.80768394470215
10.572006225585938
1.999999987845058e-08
-33.44054412841797
-16.425148010253906
10.736374855041504
-1.999999987845058e-08
-32.52013397216797
-13.092416763305664
13.73956298828125
1.999999987845058e-08
-30.965648651123047
-7.436325550079346
17.837997436523438
-1.999999987845058e-08
-28.155441284179688
-2.235332727432251
19.468046188354492
1.999999987845058e-08
-23.62771987915039
2.8173248767852783
19.882572174072266
-1.999999987845058e-08
-18.030925750732422
9.050209999084473
22.008956909179688
1.999999987845058e-08
-13.45483684539795
14.838098526000977
24.489459991455078
-1.999999987845058e-08
-11.939374923706055
18.329105377197266
25.00090789794922
1.999999987845058e-08
-12.902255058288574
21.05914878845215
24.814495086669922
-1.999999987845058e-08
-14.439515113830566
24.97014045715332
25.15322494506836
1.999999987845058e-08
-17.31170082092285
28.508359909057617
23.856964111328125
-1.999999987845058e-08
-24.300657272338867
28.451059341430664
18.609203338623047
1.999999987845058e-08
-35.053428649902344
23.29180335998535
9.807308197021484
-1.999999987845058e-08
-45.20747756958008
14.936306953430176
-0.12311390042304993
1.999999987845058e-08
-45.20747756958008
14.936306953430176
-0.12311394512653351
-1.999999987845058e-08
-51.46394729614258
8.791305541992188
-7.663309097290039
1.999999987845058e-08
-53.9919319152832
9.037262916564941
-10.463469505310059
-1.999999987845058e-08
-53.8670768737793
13.690938949584961
-9.76673412322998
1.999999987845058e-08
-50.74571228027344
19.105051040649414
-6.922305107116699
-1.999999987845058e-08
-44.148345947265625
25.569780349731445
-0.3845806121826172
1.999999987845058e-08
-36.470985412597656
33.17178726196289
9.021337509155273
-1.999999987845058e-08
-31.433259963989258
39.96302795410156
16.406368255615234
1.999999987845058e-08
-29.383056640625
46.878028869628906
19.643449783325195
-1.999999987845058e-08
-27.832054138183594
55.19575119018555
20.785526275634766
1.999999987845058e-08
-27.832054138183594
55.19575119018555
20.785526275634766
-1.999999987845058e-08
-25.585384368896484
61.48157501220703
20.999034881591797
1.999999987845058e-08
-23.36945152282715
63.512855529785156
20.53676986694336
-1.999999987845058e-08
-21.77043342590332
65.31693267822266
21.09798812866211
1.999999987845058e-08
-20.605031967163086
70.1153564453125
23.12773895263672
-1.999999987845058e-08
-19.608930587768555
75.51089477539062
24.233970642089844
1.999999987845058e-08
-19.000194549560547
79.08743286132812
23.3466854095459
-1.999999987845058e-08
-19.884763717651367
81.12576293945312
21.95171546936035
1.999999987845058e-08
-22.297197341918945
81.69709014892578
20.54790687561035
-1.999999987845058e-08
-23.15121078491211
81.67278289794922
19.3565616607666
1.999999987845058e-08
-12.473361015319824
89.43083953857422
27.122323989868164
-1.999999987845058e-08
-9.837835311889648
92.82148742675781
27.33095359802246
1.999999987845058e-08
-7.780144691467285
97.07148742675781
26.775352478027344
-1.999999987845058e-08
-8.175976753234863
98.35392761230469
25.91998863220215
1.999999987845058e-08
-12.569493293762207
94.3150634765625
23.003536224365234
-1.999999987845058e-08
-18.661195755004883
89.39320373535156
19.56036949157715
1.999999987845058e-08
-22.240358352661133
87.69818115234375
18.761882781982422
-1.999999987845058e-08
-22.002559661865234
87.5897445678711
19.723262786865234
1.999999987845058e-08
-19.97231101989746
87.96086883544922
20.06521987915039
-1.999999987845058e-08
-17.984193801879883
91.12210083007812
20.04552459716797
1.999999987845058e-08
-15.631563186645508
97.08385467529297
20.112163543701172
-1.999999987845058e-08
-12.073369979858398
102.79080200195312
19.502243041992188
1.999999987845058e-08
-8.762264251708984
106.5160140991211
18.552474975585938
-1.999999987845058e-08
-8.380346298217773
107.61274719238281
17.960060119628906
1.999999987845058e-08
-10.646186828613281
105.96178436279297
17.00481414794922
-1.999999987845058e-08
-11.596138954162598
104.7602767944336
15.838227272033691
1.999999987845058e-08
-9.003024101257324
107.1437759399414
15.981488227844238
-1.999999987845058e-08
-6.217220783233643
109.95356750488281
16.232563018798828
1.999999987845058e-08
-7.450052261352539
108.8734359741211
13.598955154418945
-1.999999987845058e-08
-11.160640716552734
106.68421936035156
9.588601112365723
1.999999987845058e-08
-11.950825691223145
107.83900451660156
8.862558364868164
-1.999999987845058e-08
-8.332244873046875
110.03236389160156
11.470602035522461
1.999999987845058e-08
-4.1833720207214355
110.19695281982422
13.393686294555664
-1.999999987845058e-08
-2.114689826965332
111.64261627197266
13.608790397644043
1.999999987845058e-08
-1.1019600629806519
115.87944030761719
13.595608711242676
-1.999999987845058e-08
-0.7067290544509888
117.39833068847656
12.996626853942871
1.999999987845058e-08
-1.374461054801941
114.43501281738281
12.122063636779785
-1.999999987845058e-08
-2.264706611633301
111.86151885986328
12.617385864257812
1.999999987845058e-08
-3.554003953933716
110.03547668457031
12.145262718200684
-1.999999987845058e-08
-6.641523838043213
105.526123046875
7.835861682891846
1.999999987845058e-08
-0.7067291140556335
117.39833068847656
12.996626853942871
-1.999999987845058e-08
-1.3744609355926514
114.43501281738281
12.122063636779785
1.999999987845058e-08
-2.264706611633301
111.86151885986328
12.617384910583496
-1.999999987845058e-08
-3.554003953933716
110.03547668457031
12.145262718200684
1.999999987845058e-08
-6.641523838043213
105.526123046875
7.835861682891846
-1.999999987845058e-08
-10.321341514587402
101.0387954711914
3.8117928504943848
1.999999987845058e-08
-12.431880950927734
100.4487533569336
4.143445014953613
-1.999999987845058e-08
-13.188512802124023
100.39505004882812
5.073760032653809
1.999999987845058e-08
-12.473492622375488
98.25789642333984
4.056024074554443
-1.999999987845058e-08
-9.14708423614502
98.47261810302734
5.187510967254639
1.999999987845058e-08
16.629772186279297
125.03611755371094
29.7609806060791
-1.999999987845058e-08
12.829618453979492
118.6750717163086
24.371137619018555
1.999999987845058e-08
1.1586618423461914
106.16873931884766
11.16295051574707
-1.999999987845058e-08
-12.083334922790527
92.36493682861328
-2.6833932399749756
1.999999987845058e-08
-20.911563873291016
81.9811782836914
-11.794278144836426
-1.999999987845058e-08
-22.45006561279297
78.6742172241211
-13.849531173706055
1.999999987845058e-08
-19.389225006103516
79.80875396728516
-10.996993064880371
-1.999999987845058e-08
-16.86087417602539
78.3325424194336
-8.864598274230957
1.999999987845058e-08
-15.995975494384766
73.58187866210938
-9.730477333068848
-1.999999987845058e-08
-14.251394271850586
72.2187728881836
-10.160011291503906
1.999999987845058e-08
-10.556225776672363
76.81839752197266
-8.097604751586914
-1.999999987845058e-08
-6.718765735626221
82.26119995117188
-6.554290771484375
1.999999987845058e-08
-4.621879577636719
84.06085205078125
-7.4648261070251465
-1.999999987845058e-08
-4.488561153411865
82.254638671875
-8.420473098754883
1.999999987845058e-08
-5.1432342529296875
78.56209564208984
-7.176937103271484
-1.999999987845058e-08
-4.6511406898498535
75.2192611694336
-4.2137627601623535
1.999999987845058e-08
-2.412118673324585
73.58595275878906
-1.4215689897537231
-1.999999987845058e-08
-0.5881965756416321
72.07453918457031
-1.1839901208877563
1.999999987845058e-08
-1.9900709390640259
68.4068603515625
-4.949242115020752
-1.999999987845058e-08
-6.3501129150390625
63.2147331237793
-11.07490348815918
1.999999987845058e-08
-6.961666107177734
56.2012825012207
-15.05732250213623
-1.999999987845058e-08
0.26103466749191284
55.78401565551758
-9.705012321472168
1.999999987845058e-08
8.778554916381836
59.58854675292969
-0.5882387757301331
-1.999999987845058e-08
14.156522750854492
65.90333557128906
7.775025367736816
1.999999987845058e-08
13.52369213104248
68.51006317138672
8.989538192749023
-1.999999987845058e-08
8.467286109924316
65.3833999633789
3.1305439472198486
1.999999987845058e-08
2.9693801403045654
60.48133087158203
-2.800057888031006
-1.999999987845058e-08
-0.8897650837898254
55.65863037109375
-5.163747787475586
1.999999987845058e-08
-3.4205000400543213
49.57415771484375
-6.239311218261719
-1.999999987845058e-08
-6.00167179107666
42.87639617919922
-7.716329097747803
1.999999987845058e-08
-9.438427925109863
36.80810546875
-9.6237154006958
-1.999999987845058e-08
-11.889784812927246
30.85878562927246
-12.04456615447998
1.999999987845058e-08
-10.165307998657227
26.40279769897461
-12.617697715759277
-1.999999987845058e-08
-4.123678684234619
26.1640625
-8.240079879760742
1.999999987845058e-08
3.116056442260742
29.21194076538086
-0.9152901768684387
-1.999999987845058e-08
9.103754997253418
33.13740539550781
4.963958263397217
1.999999987845058e-08
13.442463874816895
38.28327178955078
9.022187232971191
-1.999999987845058e-08
16.314767837524414
43.58713150024414
11.701041221618652
1.999999987845058e-08
16.63714027404785
43.14087677001953
9.498128890991211
-1.999999987845058e-08
12.755935668945312
34.00877380371094
0.8842139840126038
1.999999987845058e-08
5.976100444793701
22.518220901489258
-8.556302070617676
-1.999999987845058e-08
0.5115876793861389
15.605177879333496
-13.754493713378906
1.999999987845058e-08
-0.7468745112419128
13.010762214660645
-15.660853385925293
-1.999999987845058e-08
1.3587762117385864
12.66594409942627
-15.540658950805664
1.999999987845058e-08
3.9274823665618896
13.915617942810059
-13.168008804321289
-1.999999987845058e-08
5.969764709472656
14.863729476928711
-10.584722518920898
1.999999987845058e-08
9.257678031921387
15.345015525817871
-9.58569622039795
-1.999999987845058e-08
14.388432502746582
18.428987503051758
-8.87155818939209
1.999999987845058e-08
19.01788902282715
23.787256240844727
-7.965420246124268
-1.999999987845058e-08
20.587221145629883
26.460193634033203
-8.93962574005127
1.999999987845058e-08
18.582576751708984
24.456512451171875
-12.71832275390625
-1.999999987845058e-08
14.616056442260742
20.924726486206055
-17.772241592407227
1.999999987845058e-08
11.319950103759766
18.62740135192871
-22.49148941040039
-1.999999987845058e-08
10.5416841506958
17.498689651489258
-25.701093673706055
1.999999987845058e-08
11.835561752319336
16.716903686523438
-25.891674041748047
-1.999999987845058e-08
12.600586891174316
15.364900588989258
-23.72443199157715
1.999999987845058e-08
10.258837699890137
11.995818138122559
-23.399293899536133
-1.999999987845058e-08
4.993937015533447
6.623147487640381
-26.96837043762207
1.999999987845058e-08
0.7524117827415466
2.496853828430176
-30.14710807800293
-1.999999987845058e-08
2.6638989448547363
3.222160816192627
-28.153226852416992
1.999999987845058e-08
2.6638987064361572
3.222160816192627
-28.153228759765625
-1.999999987845058e-08
11.874876022338867
8.824997901916504
-22.111438751220703
1.999999987845058e-08
23.03807258605957
16.07623291015625
-16.382539749145508
-1.999999987845058e-08
28.580167770385742
20.651248931884766
-14.000091552734375
1.999999987845058e-08
26.13334846496582
19.897586822509766
-16.086139678955078
-1.999999987845058e-08
19.85603904724121
15.785608291625977
-21.11959457397461
1.999999987845058e-08
14.087800025939941
11.791967391967773
-25.850122451782227
-1.999999987845058e-08
9.371694564819336
7.238842964172363
-29.805513381958008
1.999999987845058e-08
5.217789173126221
0.6938740611076355
-35.013580322265625
-1.999999987845058e-08
3.0732741355895996
-4.188416957855225
-40.291927337646484
1.999999987845058e-08
5.1898369789123535
-3.4712839126586914
-41.28422164916992
-1.999999987845058e-08
11.235158920288086
0.49654096364974976
-37.11676025390625
1.999999987845058e-08
17.643646240234375
3.777787685394287
-31.90450668334961
-1.999999987845058e-08
21.233112335205078
6.375948905944824
-29.609588623046875
1.999999987845058e-08
21.336666107177734
7.706852436065674
-31.90237808227539
-1.999999987845058e-08
18.66460418701172
4.72580099105835
-38.331886291503906
1.999999987845058e-08
14.46760368347168
-1.5211931467056274
-44.612850189208984
-1.999999987845058e-08
9.994428634643555
-6.388754367828369
-45.904666900634766
1.999999987845058e-08
6.568012714385986
-8.906291961669922
-43.352684020996094
-1.999999987845058e-08
6.102268218994141
-10.047829627990723
-40.80168533325195
1.999999987845058e-08
13.056595802307129
-2.7926533222198486
-33.14252471923828
-1.999999987845058e-08
13.706910133361816
0.7491835355758667
-30.23590087890625
1.999999987845058e-08
10.597299575805664
-0.016316339373588562
-31.46588134765625
-1.999999987845058e-08
7.259317874908447
-2.984060287475586
-34.579952239990234
1.999999987845058e-08
6.550685405731201
-6.517287254333496
-37.26039123535156
-1.999999987845058e-08
7.860730171203613
-9.788307189941406
-39.053932189941406
1.999999987845058e-08
9.854878425598145
-9.673014640808105
-38.399497985839844
-1.999999987845058e-08
11.983960151672363
-5.135675430297852
-34.550994873046875
1.999999987845058e-08
13.082496643066406
-0.8188813328742981
-30.71105194091797
-1.999999987845058e-08
11.98282527923584
-0.3952595293521881
-30.123159408569336
1.999999987845058e-08
8.872299194335938
-2.6094484329223633
-32.32337188720703
-1.999999987845058e-08
4.766624927520752
-6.418933868408203
-35.334957122802734
1.999999987845058e-08
0.7744778394699097
-12.363398551940918
-37.33990478515625
-1.999999987845058e-08
-1.7094446420669556
-18.42881202697754
-36.25276184082031
1.999999987845058e-08
-1.39369535446167
-21.091970443725586
-31.951122283935547
-1.999999987845058e-08
1.599607229232788
-19.634601593017578
-27.525815963745117
1.999999987845058e-08
6.0685811042785645
-15.63238525390625
-24.8120059967041
-1.999999987845058e-08
10.475116729736328
-11.040026664733887
-22.130889892578125
1.999999987845058e-08
12.64470100402832
-8.415989875793457
-18.826086044311523
-1.999999987845058e-08
11.725737571716309
-8.798529624938965
-16.905088424682617
1.999999987845058e-08
11.725736618041992
-8.798529624938965
-16.905088424682617
-1.999999987845058e-08
10.098816871643066
-9.564735412597656
-16.855531692504883
1.999999987845058e-08
10.485271453857422
-8.998659133911133
-17.14888572692871
-1.999999987845058e-08
12.359609603881836
-9.801405906677246
-17.6672306060791
1.999999987845058e-08
13.056588172912598
-12.815648078918457
-18.824695587158203
-1.999999987845058e-08
11.289200782775879
-14.02391529083252
-19.575281143188477
1.999999987845058e-08
8.088199615478516
-12.394512176513672
-19.95916748046875
-1.999999987845058e-08
5.020247459411621
-11.824283599853516
-21.68203353881836
1.999999987845058e-08
2.8826651573181152
-13.581267356872559
-24.432619094848633
-1.999999987845058e-08
1.4880684614181519
-15.553262710571289
-26.38627052307129
1.999999987845058e-08
8.088199615478516
-12.394512176513672
-19.95916748046875
-1.999999987845058e-08
5.020247459411621
-11.824283599853516
-21.68203353881836
1.999999987845058e-08
2.8826651573181152
-13.581267356872559
-24.432619094848633
-1.999999987845058e-08
1.4880684614181519
-15.553262710571289
-26.38627052307129
1.999999987845058e-08
0.20724710822105408
-17.100788116455078
-27.563196182250977
-1.999999987845058e-08
-0.7133723497390747
-17.742889404296875
-27.85793113708496
1.999999987845058e-08
-0.3741186857223511
-15.466053009033203
-25.054847717285156
-1.999999987845058e-08
1.183364987373352
-10.620925903320312
-19.116228103637695
1.999999987845058e-08
3.093139410018921
-5.728670120239258
-13.405013084411621
-1.999999987845058e-08
5.45329475402832
-0.9222956299781799
-9.113143920898438
1.999999987845058e-08
-1.4165737628936768
-20.62835693359375
-10.205414772033691
-1.999999987845058e-08
-11.273833274841309
-29.380794525146484
-16.990915298461914
1.999999987845058e-08
-16.614206314086914
-36.938453674316406
-23.602046966552734
-1.999999987845058e-08
-16.87858009338379
-39.080135345458984
-25.990942001342773
1.999999987845058e-08
-14.9614896774292
-36.34317398071289
-23.702951431274414
-1.999999987845058e-08
-15.283656120300293
-35.77947998046875
-21.753820419311523
1.999999987845058e-08
-18.689855575561523
-39.59954833984375
-21.62227439880371
-1.999999987845058e-08
-20.437788009643555
-41.87510299682617
-18.84561538696289
1.999999987845058e-08
-16.04887580871582
-38.66982650756836
-11.63975715637207
-1.999999987845058e-08
-7.722653865814209
-32.683597564697266
-3.176649332046509
1.999999987845058e-08
-1.9251246452331543
-31.26895523071289
6.4536919593811035
-1.999999987845058e-08
0.0267746951431036
-28.99101448059082
4.78621244430542
1.999999987845058e-08
4.994894504547119
-25.75687599182129
5.020488739013672
-1.999999987845058e-08
9.580321311950684
-25.44070053100586
5.341146945953369
1.999999987845058e-08
10.15384578704834
-28.010971069335938
5.106019496917725
-1.999999987845058e-08
8.840907096862793
-29.1195011138916
6.586709022521973
1.999999987845058e-08
9.904086112976074
-26.60286521911621
10.917133331298828
-1.999999987845058e-08
12.14747142791748
-23.203964233398438
15.942123413085938
1.999999987845058e-08
10.848615646362305
-22.21954917907715
18.748884201049805
-1.999999987845058e-08
5.343347072601318
-25.152503967285156
17.937761306762695
1.999999987845058e-08
12.14747142791748
-23.203964233398438
15.942123413085938
-1.999999987845058e-08
10.848615646362305
-22.21954917907715
18.748884201049805
1.999999987845058e-08
5.343347072601318
-25.152503967285156
17.937761306762695
-1.999999987845058e-08
0.5322575569152832
-30.487791061401367
15.224915504455566
1.999999987845058e-08
1.5145376920700073
-33.64329147338867
14.385042190551758
-1.999999987845058e-08
8.256431579589844
-31.904909133911133
16.49458885192871
1.999999987845058e-08
16.055919647216797
-26.714202880859375
19.04033660888672
-1.999999987845058e-08
20.643903732299805
-20.73832130432129
20.72099494934082
1.999999987845058e-08
20.70194435119629
-17.137537002563477
22.418312072753906
-1.999999987845058e-08
17.61989974975586
-18.217937469482422
23.690866470336914
1.999999987845058e-08
15.086602210998535
-20.44212532043457
23.9450626373291
-1.999999987845058e-08
15.067351341247559
-17.929716110229492
24.36786460876465
1.999999987845058e-08
15.109453201293945
-13.145395278930664
24.174341201782227
-1.999999987845058e-08
13.09956169128418
-13.57012939453125
21.011552810668945
1.999999987845058e-08
10.407159805297852
-18.696290969848633
17.143096923828125
-1.999999987845058e-08
8.55568790435791
-22.238235473632812
17.161516189575195
1.999999987845058e-08
7.6525559425354
-22.948291778564453
20.54296875
-1.999999987845058e-08
8.059264183044434
-22.87966537475586
23.926109313964844
1.999999987845058e-08
9.632892608642578
-21.786203384399414
26.642152786254883
-1.999999987845058e-08
10.226349830627441
-20.54827308654785
27.989511489868164
1.999999987845058e-08
8.022619247436523
-22.14285659790039
25.412824630737305
-1.999999987845058e-08
4.755244255065918
-25.694656372070312
19.992494583129883
1.999999987845058e-08
3.6414034366607666
-27.331768035888672
16.978809356689453
-1.999999987845058e-08
4.425397872924805
-26.999483108520508
18.052980422973633
1.999999987845058e-08
4.283609867095947
-27.297779083251953
19.742090225219727
-1.999999987845058e-08
2.833836078643799
-27.808061599731445
20.615724563598633
1.999999987845058e-08
2.0356285572052
-26.629207611083984
23.070768356323242
-1.999999987845058e-08
2.5621395111083984
-24.126922607421875
27.626131057739258
1.999999987845058e-08
3.404768943786621
-21.3643856048584
31.796218872070312
-1.999999987845058e-08
2.996668577194214
-19.32571792602539
33.90180206298828
1.999999987845058e-08
2.996668577194214
-19.32571792602539
33.90180206298828
-1.999999987845058e-08
0.032923828810453415
-20.156295776367188
33.69721603393555
1.999999987845058e-08
-4.139491081237793
-23.915233612060547
31.574085235595703
-1.999999987845058e-08
-5.576992511749268
-26.121179580688477
29.533395767211914
1.999999987845058e-08
-2.337090253829956
-23.09844207763672
29.59235954284668
-1.999999987845058e-08
3.315633535385132
-17.06241798400879
30.34423828125
1.999999987845058e-08
7.798248291015625
-12.722155570983887
29.082685470581055
-1.999999987845058e-08
8.973227500915527
-11.767523765563965
26.526836395263672
1.999999987845058e-08
6.633034706115723
-13.1449613571167
25.0376033782959
-1.999999987845058e-08
2.4576146602630615
-15.43128776550293
24.584026336669922
1.999999987845058e-08
-3.1727583408355713
-14.041245460510254
22.99942970275879
-1.999999987845058e-08
-4.507788181304932
-13.603525161743164
22.08017921447754
1.999999987845058e-08
-6.069005489349365
-14.54909610748291
21.535633087158203
-1.999999987845058e-08
-5.637870788574219
-15.303994178771973
22.569509506225586
1.999999987845058e-08
-2.2685952186584473
-15.602340698242188
24.90855598449707
-1.999999987845058e-08
2.3561718463897705
-15.784293174743652
27.272785186767578
1.999999987845058e-08
5.174136638641357
-15.220490455627441
28.6751766204834
-1.999999987845058e-08
4.162065505981445
-13.851632118225098
27.944719314575195
1.999999987845058e-08
0.1250763237476349
-12.755635261535645
24.892578125
-1.999999987845058e-08
-4.829626560211182
-12.691557884216309
21.798892974853516
1.999999987845058e-08
-9.620902061462402
-14.288941383361816
20.145492553710938
-1.999999987845058e-08
-14.143824577331543
-18.346826553344727
17.83670997619629
1.999999987845058e-08
-18.35902976989746
-24.07735824584961
13.352923393249512
-1.999999987845058e-08
-21.084938049316406
-28.43778419494629
9.655539512634277
1.999999987845058e-08
-19.809417724609375
-28.57520866394043
10.557561874389648
-1.999999987845058e-08
-13.154233932495117
-23.909072875976562
16.279964447021484
1.999999987845058e-08
-3.530841588973999
-16.226404190063477
23.864559173583984
-1.999999987845058e-08
3.4787611961364746
-9.646368980407715
28.763988494873047
1.999999987845058e-08
3.9161484241485596
-8.31155776977539
27.551836013793945
-1.999999987845058e-08
-0.28972652554512024
-11.670148849487305
22.006752014160156
1.999999987845058e-08
-0.2897265553474426
-11.670148849487305
22.006752014160156
-1.999999987845058e-08
-4.337362766265869
-15.395986557006836
17.06739616394043
1.999999987845058e-08
-6.88870096206665
-17.654993057250977
13.833782196044922
-1.999999987845058e-08
-9.299178123474121
-18.766464233398438
10.72244644165039
1.999999987845058e-08
-11.013821601867676
-17.1401424407959
9.523449897766113
-1.999999987845058e-08
-10.414356231689453
-13.053675651550293
12.031961441040039
1.999999987845058e-08
-7.185525894165039
-10.252293586730957
15.639507293701172
-1.999999987845058e-08
-2.261155605316162
-9.172332763671875
17.905595779418945
1.999999987845058e-08
1.5065128803253174
-7.42616081237793
18.66387367248535
-1.999999987845058e-08
0.3229329288005829
-6.753053665161133
16.656408309936523
1.999999987845058e-08
-6.258121013641357
-9.837264060974121
10.758017539978027
-1.999999987845058e-08
-13.470993995666504
-13.390632629394531
3.849317789077759
1.999999987845058e-08
-15.667075157165527
-13.32529067993164
0.7776414752006531
-1.999999987845058e-08
-12.268184661865234
-11.676565170288086
3.0245137214660645
1.999999987845058e-08
-8.033221244812012
-11.586971282958984
8.378959655761719
-1.999999987845058e-08
-7.991392612457275
-13.050566673278809
13.579978942871094
1.999999987845058e-08
-13.149528503417969
-16.810083389282227
14.687490463256836
-1.999999987845058e-08
-20.291515350341797
-23.095874786376953
9.640580177307129
1.999999987845058e-08
-24.836734771728516
-26.952619552612305
2.4160115718841553
-1.999999987845058e-08
-23.790525436401367
-23.762826919555664
-0.6129285097122192
1.999999987845058e-08
-11.179302215576172
-10.323867797851562
6.937953948974609
-1.999999987845058e-08
-6.918045997619629
-6.679964065551758
12.542048454284668
1.999999987845058e-08
-2.542086124420166
-3.5729968547821045
18.756242752075195
-1.999999987845058e-08
4.295808792114258
0.06276380270719528
23.85967254638672
1.999999987845058e-08
10.42740249633789
4.66317081451416
25.525569915771484
-1.999999987845058e-08
11.619083404541016
9.096044540405273
23.72018051147461
1.999999987845058e-08
6.679893493652344
8.970650672912598
18.54481315612793
-1.999999987845058e-08
-2.871631383895874
2.22426176071167
10.513411521911621
1.999999987845058e-08
-12.058646202087402
-5.298100471496582
3.8770337104797363
-1.999999987845058e-08
-15.336082458496094
-7.335338115692139
2.0879480838775635
1.999999987845058e-08
11.619083404541016
9.096043586730957
23.72018051147461
-1.999999987845058e-08
6.679893493652344
8.970650672912598
18.54481315612793
1.999999987845058e-08
-2.871631383895874
2.22426176071167
10.513411521911621
-1.999999987845058e-08
-12.058646202087402
-5.298100471496582
3.8770337104797363
1.999999987845058e-08
-15.336082458496094
-7.335338115692139
2.0879480838775635
-1.999999987845058e-08
-12.881138801574707
-4.817208766937256
2.869093894958496
1.999999987845058e-08
