0
15.521303176879883
4.128777503967285
8.427122116088867
1.999999987845058e-08
15.802872657775879
8.95329475402832
10.642321586608887
-1.999999987845058e-08
10.67428970336914
10.1840181350708
5.837685585021973
1.999999987845058e-08
3.936647653579712
7.9180908203125
-1.446760654449463
-1.999999987845058e-08
0.8137058019638062
5.840522766113281
-3.6953794956207275
1.999999987845058e-08
2.8829965591430664
6.080844402313232
-0.4246463477611542
-1.999999987845058e-08
7.027442932128906
8.039776802062988
3.4492123126983643
1.999999987845058e-08
9.701079368591309
9.890707969665527
4.507232666015625
-1.999999987845058e-08
9.88241958618164
10.019577980041504
2.75608491897583
1.999999987845058e-08
7.836381435394287
7.356983661651611
-0.33652520179748535
-1.999999987845058e-08
4.209142684936523
1.441491961479187
-3.5667781829833984
1.999999987845058e-08
0.9396452307701111
-4.489668369293213
-5.635202884674072
-1.999999987845058e-08
0.03510187566280365
-5.31503963470459
-5.369535446166992
1.999999987845058e-08
-0.17492008209228516
-1.649920105934143
-4.039552688598633
-1.999999987845058e-08
-3.7053000926971436
0.7604645490646362
-5.6417765617370605
1.999999987845058e-08
-10.444519996643066
-2.60353422164917
-12.579793930053711
-1.999999987845058e-08
-15.42529010772705
-10.552671432495117
-20.46026611328125
1.999999987845058e-08
-14.780954360961914
-16.20425796508789
-21.407432556152344
-1.999999987845058e-08
-9.574850082397461
-14.772040367126465
-14.818245887756348
1.999999987845058e-08
1.430256724357605
-0.5018008351325989
-6.312457084655762
-1.999999987845058e-08
4.147963047027588
5.400150299072266
-6.263070583343506
1.999999987845058e-08
2.668684959411621
6.21174955368042
-6.5320048332214355
-1.999999987845058e-08
-2.3533363342285156
1.7054224014282227
-8.284780502319336
1.999999987845058e-08
-6.16126823425293
-3.558215379714966
-10.096641540527344
-1.999999987845058e-08
-5.527777671813965
-5.440044403076172
-9.047744750976562
1.999999987845058e-08
-1.381562352180481
-3.3838117122650146
-4.905098915100098
-1.999999987845058e-08
3.768627166748047
1.3510804176330566
0.42870593070983887
1.999999987845058e-08
6.617835998535156
6.175520896911621
3.571063995361328
-1.999999987845058e-08
4.460707187652588
8.968528747558594
0.9248545169830322
1.999999987845058e-08
-5.818417549133301
15.276053428649902
-11.229944229125977
-1.999999987845058e-08
-4.780514717102051
17.65240478515625
-10.081998825073242
1.999999987845058e-08
2.0387070178985596
16.620437622070312
-4.135743141174316
-1.999999987845058e-08
10.561091423034668
16.69736099243164
3.792376756668091
1.999999987845058e-08
15.318285942077637
20.444026947021484
10.436767578125
-1.999999987845058e-08
13.054632186889648
21.6155948638916
10.547106742858887
1.999999987845058e-08
5.1791181564331055
16.271305084228516
4.019854545593262
-1.999999987845058e-08
-2.4534010887145996
11.723909378051758
-0.15577039122581482
1.999999987845058e-08
-4.665285110473633
13.925405502319336
2.39044189453125
-1.999999987845058e-08
-2.4511337280273438
17.154512405395508
4.34729528427124
1.999999987845058e-08
-0.4879990518093109
15.119020462036133
1.488165259361267
-1.999999987845058e-08
-0.3780805170536041
9.87061595916748
-0.876573383808136
1.999999987845058e-08
-0.69856858253479
4.949014186859131
-0.44749918580055237
-1.999999987845058e-08
-0.9281656742095947
1.6597943305969238
-1.0666221380233765
1.999999987845058e-08
-1.2468172311782837
1.7627612352371216
-3.528740644454956
-1.999999987845058e-08
-1.6891752481460571
4.143301963806152
-6.1082658767700195
1.999999987845058e-08
-2.783440113067627
3.842170238494873
-9.627074241638184
-1.999999987845058e-08
-4.221107482910156
0.44108688831329346
-13.33022689819336
1.999999987845058e-08
-4.05670690536499
-1.256938099861145
-13.190241813659668
-1.999999987845058e-08
-1.4416327476501465
-0.7016745209693909
-8.931363105773926
1.999999987845058e-08
1.4782440662384033
-0.9349221587181091
-4.881736755371094
-1.999999987845058e-08
1.528918743133545
-1.100462555885315
-3.625444173812866
1.999999987845058e-08
-2.5858078002929688
-0.6013742685317993
-5.945597171783447
-1.999999987845058e-08
-8.941335678100586
-3.6232869625091553
-11.97850513458252
1.999999987845058e-08
-13.01711654663086
-9.395410537719727
-15.894929885864258
-1.999999987845058e-08
-10.98579216003418
-8.701582908630371
-9.610943794250488
1.999999987845058e-08
-4.3274827003479
0.7050654292106628
2.2514090538024902
-1.999999987845058e-08
0.8866959810256958
7.9318671226501465
5.575647830963135
1.999999987845058e-08
1.8695629835128784
6.602268218994141
0.04474855586886406
-1.999999987845058e-08
2.608363151550293
5.070901393890381
0.5725179314613342
1.999999987845058e-08
6.573836803436279
11.061306953430176
11.174818992614746
-1.999999987845058e-08
10.931426048278809
18.77465057373047
18.072559356689453
1.999999987845058e-08
11.741250991821289
19.30267906188965
13.63060188293457
-1.999999987845058e-08
9.812546730041504
13.88430118560791
7.598930358886719
1.999999987845058e-08
7.534635066986084
9.463353157043457
8.427401542663574
-1.999999987845058e-08
4.498800277709961
7.906678676605225
10.168956756591797
1.999999987845058e-08
-0.47249889373779297
5.726680755615234
4.907740116119385
-1.999999987845058e-08
-6.045740604400635
1.571268916130066
-3.9521641731262207
1.999999987845058e-08
-9.746944427490234
-1.1196180582046509
-7.941606521606445
-1.999999987845058e-08
-11.796751976013184
-0.9878811240196228
-6.97860050201416
1.999999987845058e-08
-11.796751976013184
-0.9878811836242676
-6.97860050201416
-1.999999987845058e-08
-14.938669204711914
-2.9543585777282715
-8.686305046081543
1.999999987845058e-08
-19.367799758911133
-9.2328462600708
-14.68448543548584
-1.999999987845058e-08
-21.214208602905273
-12.98928165435791
-16.841602325439453
1.999999987845058e-08
-18.11709213256836
-9.865304946899414
-11.72943115234375
-1.999999987845058e-08
-12.926908493041992
-6.901553153991699
-7.962206840515137
1.999999987845058e-08
-9.585799217224121
-9.414183616638184
-10.53779125213623
-1.999999987845058e-08
-7.794148921966553
-10.1651611328125
-10.717881202697754
1.999999987845058e-08
-4.508584976196289
-2.5021674633026123
-2.2859280109405518
-1.999999987845058e-08
0.8232166171073914
7.965089797973633
6.6929497718811035
1.999999987845058e-08
0.8232166171073914
7.965089321136475
6.6929497718811035
-1.999999987845058e-08
5.598230838775635
13.783781051635742
8.540213584899902
1.999999987845058e-08
7.986143112182617
16.107257843017578
7.600463390350342
-1.999999987845058e-08
9.069069862365723
18.66110610961914
9.960702896118164
1.999999987845058e-08
11.194354057312012
21.50953483581543
14.753080368041992
-1.999999987845058e-08
15.224530220031738
23.91728973388672
18.89106559753418
1.999999987845058e-08
19.120769500732422
24.985090255737305
20.514644622802734
-1.999999987845058e-08
20.50276756286621
23.42915153503418
19.726167678833008
1.999999987845058e-08
20.32655906677246
21.770111083984375
20.34130859375
-1.999999987845058e-08
20.69345474243164
23.263418197631836
24.49494743347168
1.999999987845058e-08
3.096364974975586
4.734753131866455
11.273883819580078
-1.999999987845058e-08
4.252590179443359
4.8769755363464355
11.318412780761719
1.999999987845058e-08
7.3684210777282715
4.651223182678223
11.398106575012207
-1.999999987845058e-08
9.113662719726562
4.363893985748291
11.598933219909668
1.999999987845058e-08
12.10468578338623
7.517977237701416
14.14106273651123
-1.999999987845058e-08
17.70873260498047
12.79774284362793
17.41458511352539
1.999999987845058e-08
21.51498031616211
16.100847244262695
18.222904205322266
-1.999999987845058e-08
19.162212371826172
15.98449993133545
15.705855369567871
1.999999987845058e-08
11.9307222366333
13.07907485961914
9.974322319030762
-1.999999987845058e-08
5.091710567474365
8.996321678161621
2.552600622177124
1.999999987845058e-08
19.162212371826172
15.98449993133545
15.705855369567871
-1.999999987845058e-08
11.930723190307617
13.079075813293457
9.974322319030762
1.999999987845058e-08
5.091710567474365
8.996321678161621
2.552600622177124
-1.999999987845058e-08
2.3736326694488525
6.008729457855225
-2.2148962020874023
1.999999987845058e-08
3.7148115634918213
5.130316734313965
-0.8436478972434998
-1.999999987845058e-08
6.865293979644775
6.196563243865967
5.495330333709717
1.999999987845058e-08
9.578569412231445
8.732489585876465
12.133655548095703
-1.999999987845058e-08
11.301159858703613
10.39580249786377
14.740534782409668
1.999999987845058e-08
11.977105140686035
8.520936965942383
13.198295593261719
-1.999999987845058e-08
10.220769882202148
5.019794940948486
11.664270401000977
1.999999987845058e-08
5.224898815155029
3.805479049682617
12.381153106689453
-1.999999987845058e-08
-0.9877181053161621
3.4420411586761475
11.973604202270508
1.999999987845058e-08
-4.914133071899414
0.9630973935127258
8.297027587890625
-1.999999987845058e-08
-4.859803199768066
-0.15811842679977417
5.7348713874816895
1.999999987845058e-08
-2.5736398696899414
3.348764419555664
7.247832298278809
-1.999999987845058e-08
-1.2045934200286865
6.377103328704834
8.233616828918457
1.999999987845058e-08
-2.065077066421509
4.4083147048950195
5.252548694610596
-1.999999987845058e-08
-4.37834358215332
1.656423807144165
2.647657871246338
1.999999987845058e-08
-7.047805309295654
2.5747036933898926
4.1499924659729
-1.999999987845058e-08
-9.051873207092285
5.024092674255371
5.97015380859375
1.999999987845058e-08
-2.406597137451172
11.537986755371094
9.072498321533203
-1.999999987845058e-08
-0.9236924052238464
11.501495361328125
12.606847763061523
1.999999987845058e-08
-2.934819221496582
8.238937377929688
9.983918190002441
-1.999999987845058e-08
-5.535334587097168
5.033200740814209
4.957424640655518
1.999999987845058e-08
-5.771914958953857
4.497110843658447
3.9548423290252686
-1.999999987845058e-08
-5.032692909240723
5.902656078338623
6.282020568847656
1.999999987845058e-08
-5.878851890563965
6.1723151206970215
6.282965660095215
-1.999999987845058e-08
-7.136341571807861
3.741096258163452
2.7863426208496094
1.999999987845058e-08
-6.441730976104736
1.5972367525100708
0.8121629953384399
-1.999999987845058e-08
-4.6810622215271
3.3201913833618164
3.227174758911133
1.999999987845058e-08
-4.694930553436279
5.8539862632751465
5.574527263641357
-1.999999987845058e-08
-7.658039569854736
2.831498622894287
2.9108564853668213
1.999999987845058e-08
-11.544122695922852
-3.8900506496429443
-1.7545504570007324
-1.999999987845058e-08
-12.822026252746582
-5.61434268951416
-2.091451644897461
1.999999987845058e-08
-9.830222129821777
-0.439933180809021
1.659336805343628
-1.999999987845058e-08
-4.2013468742370605
5.279094219207764
4.79321813583374
1.999999987845058e-08
0.18403613567352295
7.6312336921691895
5.903531074523926
-1.999999987845058e-08
0.5757937431335449
7.431917667388916
5.867975234985352
1.999999987845058e-08
-1.2152128219604492
5.5777482986450195
4.149944305419922
-1.999999987845058e-08
-1.2918145656585693
3.6864311695098877
1.4329707622528076
1.999999987845058e-08
0.9644562602043152
4.646402359008789
1.0984386205673218
-1.999999987845058e-08
2.941643714904785
7.94566011428833
3.981779098510742
1.999999987845058e-08
2.484285593032837
9.4924898147583
6.059592247009277
-1.999999987845058e-08
0.44631752371788025
8.060354232788086
4.697536468505859
1.999999987845058e-08
0.6416227221488953
6.7029924392700195
2.870645046234131
-1.999999987845058e-08
5.321118354797363
7.420022010803223
3.939697504043579
1.999999987845058e-08
11.213419914245605
9.335691452026367
6.434834957122803
-1.999999987845058e-08
13.228513717651367
10.97397232055664
6.8609724044799805
1.999999987845058e-08
9.882594108581543
10.152599334716797
3.8370699882507324
-1.999999987845058e-08
3.320317506790161
5.390816688537598
-1.276533842086792
1.999999987845058e-08
-2.839780569076538
0.0700640082359314
-4.7568230628967285
-1.999999987845058e-08
-5.7401204109191895
-1.3772131204605103
-3.931440591812134
1.999999987845058e-08
-6.069516181945801
-1.0320676565170288
-1.7739852666854858
-1.999999987845058e-08
-7.154453754425049
-3.264197587966919
-3.0123589038848877
1.999999987845058e-08
-10.103343963623047
-6.37322998046875
-6.343569755554199
-1.999999987845058e-08
-12.836750030517578
-6.760948181152344
-7.823539733886719
1.999999987845058e-08
-13.279354095458984
-5.9467058181762695
-7.922362327575684
-1.999999987845058e-08
-10.640645027160645
-6.217192649841309
-7.758513450622559
1.999999987845058e-08
-5.902022838592529
-5.917330741882324
-5.615513801574707
-1.999999987845058e-08
-2.192707061767578
-4.017916679382324
-2.007328510284424
1.999999987845058e-08
-1.5430278778076172
-3.3222179412841797
-0.7270312905311584
-1.999999987845058e-08
0.584717869758606
-4.564387798309326
-0.8685863614082336
1.999999987845058e-08
2.585249662399292
-6.045592784881592
-0.8425912261009216
-1.999999987845058e-08
-0.7749534845352173
-8.80172348022461
-3.618035078048706
1.999999987845058e-08
-10.467812538146973
-13.85576057434082
-10.212054252624512
-1.999999987845058e-08
-21.009931564331055
-20.74275016784668
-17.91590690612793
1.999999987845058e-08
-25.176006317138672
-25.75259017944336
-22.031274795532227
-1.999999987845058e-08
-20.358308792114258
-24.406417846679688
-19.084915161132812
1.999999987845058e-08
-11.331616401672363
-18.877290725708008
-11.816848754882812
-1.999999987845058e-08
-5.697788715362549
-17.133251190185547
-7.918041706085205
1.999999987845058e-08
-5.838221549987793
-22.742929458618164
-8.76559829711914
-1.999999987845058e-08
-4.512106895446777
-19.835981369018555
-5.545222282409668
1.999999987845058e-08
-2.4580302238464355
-16.29157257080078
-5.010807991027832
-1.999999987845058e-08
-0.4380224943161011
-14.844533920288086
-8.18269157409668
1.999999987845058e-08
1.1183934211730957
-14.25955867767334
-10.204366683959961
-1.999999987845058e-08
0.7874887585639954
-14.097420692443848
-9.947876930236816
1.999999987845058e-08
-0.9799148440361023
-14.450913429260254
-9.365260124206543
-1.999999987845058e-08
-1.3845463991165161
-13.925559997558594
-7.4068098068237305
1.999999987845058e-08
0.4892118275165558
-12.438241004943848
-3.6417906284332275
-1.999999987845058e-08
2.05854868888855
-12.190754890441895
-2.310657501220703
1.999999987845058e-08
0.4892118275165558
-12.438241004943848
-3.6417906284332275
-1.999999987845058e-08
2.05854868888855
-12.190754890441895
-2.310657501220703
1.999999987845058e-08
0.8312134742736816
-14.103464126586914
-6.2343621253967285
-1.999999987845058e-08
-1.8820277452468872
-16.99997901916504
-11.377334594726562
1.999999987845058e-08
-2.7165305614471436
-19.659530639648438
-12.220109939575195
-1.999999987845058e-08
-1.214254379272461
-20.453941345214844
-8.758872985839844
1.999999987845058e-08
-0.24869802594184875
-18.03818130493164
-4.988963603973389
-1.999999987845058e-08
-1.9137558937072754
-15.14796257019043
-4.148523330688477
1.999999987845058e-08
-5.413355827331543
-16.231861114501953
-6.605738162994385
-1.999999987845058e-08
-8.741580963134766
-20.023082733154297
-9.918966293334961
1.999999987845058e-08
-10.86840534210205
-21.568010330200195
-11.936446189880371
-1.999999987845058e-08
-11.311247825622559
-19.965024948120117
-13.180397987365723
1.999999987845058e-08
-8.760833740234375
-16.940841674804688
-13.609880447387695
-1.999999987845058e-08
-2.7623281478881836
-12.593378067016602
-10.83743667602539
1.999999987845058e-08
4.2309346199035645
-7.969979286193848
-4.964747905731201
-1.999999987845058e-08
8.589065551757812
-5.8645219802856445
-0.6124252676963806
1.999999987845058e-08
8.431638717651367
-6.639430522918701
-1.1726775169372559
-1.999999987845058e-08
4.77479887008667
-8.598421096801758
-5.016164779663086
1.999999987845058e-08
0.33702725172042847
-11.935196876525879
-9.177395820617676
-1.999999987845058e-08
-2.6370162963867188
-16.92666244506836
-12.06527328491211
1.999999987845058e-08
-2.6370162963867188
-16.92666244506836
-12.06527328491211
-1.999999987845058e-08
-3.473532199859619
-20.389671325683594
-11.948979377746582
1.999999987845058e-08
-3.3492507934570312
-20.060611724853516
-8.900708198547363
-1.999999987845058e-08
-3.893850088119507
-18.77892303466797
-6.933674335479736
1.999999987845058e-08
-5.075369834899902
-19.103290557861328
-8.714390754699707
-1.999999987845058e-08
-5.8851542472839355
-19.17144203186035
-11.094799995422363
1.999999987845058e-08
-5.65697717666626
-17.347257614135742
-9.68960952758789
-1.999999987845058e-08
-3.360635280609131
-14.777509689331055
-4.023612022399902
1.999999987845058e-08
1.0902725458145142
-12.164021492004395
3.2772233486175537
-1.999999987845058e-08
4.1526031494140625
-10.146028518676758
7.532299041748047
1.999999987845058e-08
2.9004738330841064
-10.569814682006836
4.702692031860352
-1.999999987845058e-08
0.6280984878540039
-12.57337760925293
-2.405031204223633
1.999999987845058e-08
0.8968275189399719
-13.166837692260742
-6.838309288024902
-1.999999987845058e-08
0.7386875152587891
-12.87319564819336
-7.51497220993042
1.999999987845058e-08
-2.8841733932495117
-13.746469497680664
-8.470052719116211
-1.999999987845058e-08
-6.212469100952148
-13.850393295288086
-9.889304161071777
1.999999987845058e-08
-4.611577987670898
-10.018765449523926
-8.129587173461914
-1.999999987845058e-08
-0.038738105446100235
-3.5812695026397705
-3.2304294109344482
1.999999987845058e-08
2.5330097675323486
1.382796049118042
0.3853882849216461
-1.999999987845058e-08
1.5960941314697266
2.7606308460235596
-0.24747323989868164
1.999999987845058e-08
-0.8118913173675537
0.7348722815513611
-3.994657039642334
-1.999999987845058e-08
-1.2135924100875854
-2.5335593223571777
-6.986739158630371
1.999999987845058e-08
2.179229974746704
-3.5557591915130615
-6.14854097366333
-1.999999987845058e-08
6.450204372406006
-1.8446784019470215
-2.956387758255005
1.999999987845058e-08
8.399480819702148
-0.032057952135801315
-0.8035645484924316
-1.999999987845058e-08
9.794803619384766
1.7225475311279297
0.4395658075809479
1.999999987845058e-08
12.678703308105469
4.915053844451904
2.2485198974609375
-1.999999987845058e-08
14.347230911254883
7.196589469909668
3.232278823852539
1.999999987845058e-08
11.468549728393555
4.939609050750732
2.0096588134765625
-1.999999987845058e-08
5.175453186035156
-0.3745577335357666
0.26681655645370483
1.999999987845058e-08
5.175453186035156
-0.374557763338089
0.26681652665138245
-1.999999987845058e-08
-0.37239256501197815
-4.662466049194336
-0.5994593501091003
1.999999987845058e-08
-2.5178463459014893
-7.217252731323242
-1.8788280487060547
-1.999999987845058e-08
-0.6942655444145203
-7.877996444702148
-3.1423192024230957
1.999999987845058e-08
5.862829208374023
-3.6043596267700195
-0.11401897668838501
-1.999999987845058e-08
15.638527870178223
5.274283409118652
8.410632133483887
1.999999987845058e-08
21.8627986907959
12.120807647705078
16.05327033996582
-1.999999987845058e-08
18.90384864807129
12.499181747436523
15.964168548583984
1.999999987845058e-08
10.162261009216309
8.912129402160645
8.83399486541748
-1.999999987845058e-08
4.136269569396973
5.252618789672852
1.137816071510315
1.999999987845058e-08
7.038269519805908
6.191378116607666
8.15256404876709
-1.999999987845058e-08
5.323721885681152
5.554332256317139
8.376947402954102
1.999999987845058e-08
4.095974922180176
1.220389485359192
4.330114841461182
-1.999999987845058e-08
5.044127941131592
-1.3304654359817505
2.6517269611358643
1.999999987845058e-08
5.785743236541748
0.4346536695957184
3.9690287113189697
-1.999999987845058e-08
2.006412982940674
1.293567419052124
0.8497406840324402
1.999999987845058e-08
-4.400564670562744
-1.3544628620147705
-7.486671447753906
-1.999999987845058e-08
-5.692984580993652
-1.8902478218078613
-11.104331016540527
1.999999987845058e-08
-0.21301856637001038
2.9260125160217285
-6.041931629180908
-1.999999987845058e-08
5.3534650802612305
8.03986644744873
-0.11281394213438034
1.999999987845058e-08
7.426394462585449
7.192936420440674
3.4942235946655273
-1.999999987845058e-08
8.638022422790527
6.336001873016357
7.521017551422119
1.999999987845058e-08
8.912402153015137
6.755706310272217
9.683061599731445
-1.999999987845058e-08
6.8731465339660645
6.868779182434082
6.996537208557129
1.999999987845058e-08
5.0164995193481445
6.816585540771484
3.5029895305633545
-1.999999987845058e-08
5.967945575714111
9.182872772216797
3.9654529094696045
1.999999987845058e-08
8.289144515991211
14.324786186218262
5.923727035522461
-1.999999987845058e-08
9.235260963439941
17.974206924438477
3.904778480529785
1.999999987845058e-08
8.451798439025879
17.215845108032227
-1.2295266389846802
-1.999999987845058e-08
6.964179039001465
14.643248558044434
-3.8676133155822754
1.999999987845058e-08
9.235260963439941
17.974206924438477
3.904778480529785
-1.999999987845058e-08
8.451798439025879
17.215845108032227
-1.2295266389846802
1.999999987845058e-08
6.964179039001465
14.643248558044434
-3.8676135540008545
-1.999999987845058e-08
5.062955379486084
12.289508819580078
-3.2215771675109863
1.999999987845058e-08
2.3413007259368896
7.850607872009277
-4.504510402679443
-1.999999987845058e-08
-1.14718759059906
0.9520304799079895
-10.174619674682617
1.999999987845058e-08
-4.121273040771484
-4.114712715148926
-16.042089462280273
-1.999999987845058e-08
-4.841161251068115
-4.964428901672363
-17.72683334350586
1.999999987845058e-08
-3.6660022735595703
-3.663499116897583
-15.766332626342773
-1.999999987845058e-08
-3.486276626586914
-1.3753145933151245
-12.676989555358887
1.999999987845058e-08
-5.1412177085876465
2.4664969444274902
-9.618054389953613
-1.999999987845058e-08
-4.986398696899414
6.230165004730225
-6.789828777313232
1.999999987845058e-08
-0.42032232880592346
8.110617637634277
-3.7686333656311035
-1.999999987845058e-08
5.746243953704834
9.64722728729248
0.09400007128715515
1.999999987845058e-08
9.315646171569824
12.104188919067383
3.78059458732605
-1.999999987845058e-08
10.183560371398926
14.022950172424316
6.00577974319458
1.999999987845058e-08
11.286169052124023
15.093805313110352
8.404301643371582
-1.999999987845058e-08
12.846583366394043
16.253427505493164
11.884674072265625
1.999999987845058e-08
11.446623802185059
15.623458862304688
12.16163444519043
-1.999999987845058e-08
5.903494834899902
10.755614280700684
6.156074047088623
1.999999987845058e-08
-0.17679578065872192
3.898333787918091
-0.767587423324585
-1.999999987845058e-08
-2.9463229179382324
-0.8053587675094604
-2.1448826789855957
1.999999987845058e-08
-2.412208318710327
-3.565828323364258
-0.348452091217041
-1.999999987845058e-08
-1.6685326099395752
-6.687121868133545
-0.5879684090614319
1.999999987845058e-08
-3.17637038230896
-9.16433048248291
-1.5270498991012573
-1.999999987845058e-08
-5.804687023162842
-9.180121421813965
-0.205222949385643
1.999999987845058e-08
-6.429680347442627
-7.673730850219727
1.509352445602417
-1.999999987845058e-08
-4.251275539398193
-5.150473117828369
1.943118691444397
1.999999987845058e-08
-2.4808778762817383
-1.1434147357940674
2.346538782119751
-1.999999987845058e-08
-5.220149517059326
1.2212964296340942
1.2662550210952759
1.999999987845058e-08
-12.56430721282959
-2.1769187450408936
-4.731947898864746
-1.999999987845058e-08
-20.446500778198242
-9.5269136428833
-13.956793785095215
1.999999987845058e-08
-24.62293815612793
-14.56249713897705
-19.905994415283203
-1.999999987845058e-08
-23.449731826782227
-13.3287935256958
-18.802562713623047
1.999999987845058e-08
-18.236215591430664
-7.177423477172852
-13.576258659362793
-1.999999987845058e-08
-11.768836975097656
-1.4559720754623413
-9.966778755187988
1.999999987845058e-08
-7.0577073097229
-0.8181177973747253
-9.98141098022461
-1.999999987845058e-08
-5.787311553955078
-3.568716287612915
-10.085646629333496
1.999999987845058e-08
-6.210724830627441
-3.980973720550537
-6.566125869750977
-1.999999987845058e-08
-5.148725509643555
-1.1505566835403442
-1.1166397333145142
1.999999987845058e-08
6.563896656036377
8.076780319213867
12.044524192810059
-1.999999987845058e-08
9.408807754516602
10.231488227844238
16.385221481323242
1.999999987845058e-08
10.243959426879883
7.581619739532471
16.508047103881836
-1.999999987845058e-08
9.168522834777832
4.654583930969238
15.048660278320312
1.999999987845058e-08
7.223659038543701
5.862646579742432
15.504544258117676
-1.999999987845058e-08
5.330913066864014
7.857431411743164
15.978414535522461
1.999999987845058e-08
4.117242813110352
6.650627613067627
13.642807960510254
-1.999999987845058e-08
5.362968921661377
5.3936004638671875
11.023563385009766
1.999999987845058e-08
10.851643562316895
8.677545547485352
11.969461441040039
-1.999999987845058e-08
18.112628936767578
14.938060760498047
14.917732238769531
1.999999987845058e-08
21.817075729370117
19.535409927368164
15.741945266723633
-1.999999987845058e-08
20.262826919555664
20.265106201171875
13.891002655029297
1.999999987845058e-08
15.721890449523926
17.46009635925293
11.066001892089844
-1.999999987845058e-08
10.10011100769043
13.022725105285645
7.65823221206665
1.999999987845058e-08
4.175692081451416
8.561811447143555
3.196715831756592
-1.999999987845058e-08
-1.4180755615234375
2.972684621810913
-2.5682506561279297
1.999999987845058e-08
-6.253633975982666
-4.568600177764893
-8.974461555480957
-1.999999987845058e-08
-9.452284812927246
-10.939606666564941
-13.573163986206055
1.999999987845058e-08
-9.952717781066895
-13.382308959960938
-14.484223365783691
-1.999999987845058e-08
-7.969560146331787
-13.064742088317871
-13.03269100189209
1.999999987845058e-08
-7.969560146331787
-13.064742088317871
-13.032691955566406
-1.999999987845058e-08
-4.469173908233643
-10.474892616271973
-10.688211441040039
1.999999987845058e-08
-0.41027578711509705
-4.830085754394531
-6.600167751312256
-1.999999987845058e-08
2.5805060863494873
0.5177884697914124
-1.362969994544983
1.999999987845058e-08
2.4906973838806152
1.009503722190857
1.4166804552078247
-1.999999987845058e-08
-1.154585838317871
-1.8840270042419434
-0.21877945959568024
1.999999987845058e-08
-5.8033342361450195
-3.285071849822998
-4.105203151702881
-1.999999987845058e-08
-7.322085380554199
-1.8298752307891846
-6.920940399169922
1.999999987845058e-08
-3.1208348274230957
1.5422611236572266
-5.949460029602051
-1.999999987845058e-08
5.452897071838379
7.31449031829834
0.5526519417762756
1.999999987845058e-08
-3.1208348274230957
1.5422611236572266
-5.949460029602051
-1.999999987845058e-08
5.452897071838379
7.31449031829834
0.5526519417762756
1.999999987845058e-08
12.866425514221191
14.133235931396484
9.651910781860352
-1.999999987845058e-08
14.429221153259277
17.42357063293457
14.293133735656738
1.999999987845058e-08
11.534422874450684
15.695537567138672
12.563215255737305
-1.999999987845058e-08
8.106000900268555
11.978672981262207
9.83981704711914
1.999999987845058e-08
4.973974704742432
8.187981605529785
9.233253479003906
-1.999999987845058e-08
1.625525712966919
4.71174430847168
8.74158000946045
1.999999987845058e-08
-0.988021731376648
3.2667324542999268
7.541959762573242
-1.999999987845058e-08
-2.4475362300872803
3.453434944152832
5.976688861846924
1.999999987845058e-08
-5.7795329093933105
0.15616333484649658
1.8031867742538452
-1.999999987845058e-08
-8.965108871459961
3.534363269805908
5.071063995361328
1.999999987845058e-08
-14.265283584594727
3.457468032836914
4.194913387298584
-1.999999987845058e-08
-18.470813751220703
0.9996626973152161
0.7750983238220215
1.999999987845058e-08
-18.88850975036621
0.3020228445529938
0.20318865776062012
-1.999999987845058e-08
-15.188505172729492
1.3281335830688477
2.7236130237579346
1.999999987845058e-08
-7.9877238273620605
3.713963031768799
6.420939922332764
-1.999999987845058e-08
0.5226730108261108
8.852582931518555
11.356806755065918
1.999999987845058e-08
5.598687171936035
14.090530395507812
15.331598281860352
-1.999999987845058e-08
3.5797243118286133
14.125139236450195
13.931171417236328
1.999999987845058e-08
-3.3813462257385254
9.30005168914795
7.631202220916748
-1.999999987845058e-08
-8.954928398132324
4.648675441741943
2.040618419647217
1.999999987845058e-08
-9.535372734069824
2.9474291801452637
0.5013848543167114
-1.999999987845058e-08
-7.028476715087891
4.139340877532959
1.5955569744110107
1.999999987845058e-08
-5.171823978424072
6.451760292053223
2.6101415157318115
-1.999999987845058e-08
-6.318504810333252
5.778446674346924
1.6313129663467407
1.999999987845058e-08
-10.413414001464844
0.5639128088951111
-0.9705302119255066
-1.999999987845058e-08
-14.562431335449219
-3.8868801593780518
-2.0496742725372314
1.999999987845058e-08
-15.14830207824707
-2.8814706802368164
-0.5421948432922363
-1.999999987845058e-08
-11.185493469238281
0.46952518820762634
0.3826197683811188
1.999999987845058e-08
-4.748078346252441
2.597491502761841
0.4500359296798706
-1.999999987845058e-08
1.0172353982925415
6.298549652099609
4.274697303771973
1.999999987845058e-08
3.524232864379883
12.630788803100586
11.668153762817383
-1.999999987845058e-08
2.295252799987793
15.877859115600586
15.616098403930664
1.999999987845058e-08
-0.5597090125083923
13.44139575958252
13.39116382598877
-1.999999987845058e-08
-2.6287593841552734
9.853466987609863
9.51823902130127
1.999999987845058e-08
-3.07392954826355
7.65339469909668
6.948769569396973
-1.999999987845058e-08
-2.5098862648010254
5.209375381469727
4.562311172485352
1.999999987845058e-08
-2.305835723876953
3.348461389541626
2.6027886867523193
-1.999999987845058e-08
-3.1371188163757324
4.296173095703125
3.087062120437622
1.999999987845058e-08
-3.8703815937042236
6.281229496002197
5.518538951873779
-1.999999987845058e-08
-2.9564592838287354
6.335983753204346
7.374571323394775
1.999999987845058e-08
-1.231269359588623
4.882384300231934
7.4628119468688965
-1.999999987845058e-08
-1.3397362232208252
3.5581271648406982
5.677332401275635
1.999999987845058e-08
-3.45841383934021
3.0324807167053223
2.5885560512542725
-1.999999987845058e-08
-4.3382039070129395
4.213621616363525
0.4058946669101715
1.999999987845058e-08
-2.033299684524536
6.857005596160889
0.34498676657676697
-1.999999987845058e-08
1.1574504375457764
8.560162544250488
0.43686553835868835
1.999999987845058e-08
2.2191290855407715
8.975318908691406
-0.41790059208869934
-1.999999987845058e-08
1.0356500148773193
10.008688926696777
-0.3812825381755829
1.999999987845058e-08
2.2191290855407715
8.975318908691406
-0.41790056228637695
-1.999999987845058e-08
1.0356500148773193
10.008688926696777
-0.3812825381755829
1.999999987845058e-08
-0.948833167552948
10.122197151184082
0.5211204886436462
-1.999999987845058e-08
-2.82769775390625
6.101545333862305
-0.7399786114692688
1.999999987845058e-08
-3.7022838592529297
0.24344971776008606
-4.304727077484131
-1.999999987845058e-08
-2.3487067222595215
-2.0934226512908936
-6.171393871307373
1.999999987845058e-08
0.8032306432723999
-0.26609566807746887
-4.152107238769531
-1.999999987845058e-08
3.1221282482147217
2.5691769123077393
-0.258113831281662
1.999999987845058e-08
3.0537545680999756
4.431643962860107
2.566807270050049
-1.999999987845058e-08
1.5148857831954956
4.518703460693359
2.7741122245788574
1.999999987845058e-08
-3.9672229290008545
-1.361936330795288
-5.586338996887207
-1.999999987845058e-08
-8.979945182800293
-6.592583179473877
-6.109599590301514
1.999999987845058e-08
-12.010547637939453
-9.687615394592285
-5.942595958709717
-1.999999987845058e-08
-10.20114517211914
-10.928727149963379
-7.220698833465576
1.999999987845058e-08
-5.4335832595825195
-9.282980918884277
-7.346702575683594
-1.999999987845058e-08
-1.2085835933685303
-4.365283966064453
-2.3715479373931885
1.999999987845058e-08
0.4139076769351959
-1.3075997829437256
3.887970447540283
-1.999999987845058e-08
-0.6489753127098083
-4.626832962036133
4.7254743576049805
1.999999987845058e-08
-3.8798155784606934
-10.955975532531738
0.4264221787452698
-1.999999987845058e-08
-8.04448127746582
-14.808365821838379
-4.449170112609863
1.999999987845058e-08
-10.38662338256836
-15.61801528930664
-7.137089252471924
-1.999999987845058e-08
-9.659847259521484
-14.86693286895752
-6.524702072143555
1.999999987845058e-08
-8.143172264099121
-13.204813003540039
-3.4811201095581055
-1.999999987845058e-08
-7.255436897277832
-11.139881134033203
-0.9245171546936035
1.999999987845058e-08
-5.0682501792907715
-7.737157344818115
0.03813401609659195
-1.999999987845058e-08
-0.20963972806930542
-1.7717580795288086
1.172084927558899
1.999999987845058e-08
5.955765247344971
4.278875827789307
3.6930179595947266
-1.999999987845058e-08
10.943933486938477
6.681498050689697
7.0474395751953125
1.999999987845058e-08
12.45582389831543
6.273346900939941
10.590359687805176
-1.999999987845058e-08
10.406289100646973
6.202518463134766
13.608187675476074
1.999999987845058e-08
10.406289100646973
6.202518463134766
13.608187675476074
-1.999999987845058e-08
8.241028785705566
6.450449466705322
14.765008926391602
1.999999987845058e-08
8.870676040649414
5.989762783050537
14.191588401794434
-1.999999987845058e-08
10.48271369934082
5.990034580230713
13.960835456848145
1.999999987845058e-08
9.582079887390137
6.3074049949646
14.213845252990723
-1.999999987845058e-08
5.631999492645264
4.249336242675781
12.547598838806152
1.999999987845058e-08
0.7515172958374023
0.05042536184191704
8.708235740661621
-1.999999987845058e-08
-2.3927419185638428
-2.3959009647369385
5.370072364807129
1.999999987845058e-08
-2.1025283336639404
-1.9482097625732422
3.8460283279418945
-1.999999987845058e-08
1.2175045013427734
-0.9135566353797913
3.433605432510376
1.999999987845058e-08
1.2175045013427734
-0.913556694984436
3.433605432510376
-1.999999987845058e-08
5.636410713195801
0.012982696294784546
4.162814140319824
1.999999987845058e-08
9.232621192932129
1.4280496835708618
6.112512588500977
-1.999999987845058e-08
10.899148941040039
2.4257144927978516
7.5835862159729
1.999999987845058e-08
10.379620552062988
2.2229535579681396
7.193144798278809
-1.999999987845058e-08
7.7117018699646
1.0868070125579834
5.480005741119385
1.999999987845058e-08
3.763594627380371
-1.4706323146820068
3.022294044494629
-1.999999987845058e-08
1.3553537130355835
-5.156520366668701
0.6769657135009766
1.999999987845058e-08
2.62886643409729
-6.9610981941223145
0.9326497316360474
-1.999999987845058e-08
5.562244892120361
-5.540665626525879
3.79897403717041
1.999999987845058e-08
6.523949146270752
-4.256672382354736
4.508227348327637
-1.999999987845058e-08
4.898070812225342
-5.366949081420898
0.8181511759757996
1.999999987845058e-08
2.7574591636657715
-6.290160655975342
-3.0504870414733887
-1.999999987845058e-08
1.5312469005584717
-5.191192150115967
-4.118159294128418
1.999999987845058e-08
0.8053596615791321
-4.24188232421875
-4.7977986335754395
-1.999999987845058e-08
-0.0114723090082407
-4.931647300720215
-6.330840110778809
1.999999987845058e-08
-1.2824137210845947
-6.455648422241211
-6.919318675994873
-1.999999987845058e-08
-4.052355766296387
-9.754911422729492
-8.086915969848633
1.999999987845058e-08
-7.820597171783447
-15.942713737487793
-12.834382057189941
-1.999999987845058e-08
-9.12228775024414
-21.053512573242188
-17.500322341918945
1.999999987845058e-08
-9.12228775024414
-21.053512573242188
-17.500322341918945
-1.999999987845058e-08
-5.920816421508789
-20.069547653198242
-15.884347915649414
1.999999987845058e-08
-0.7150479555130005
-13.936517715454102
-9.348115921020508
-1.999999987845058e-08
3.3388335704803467
-6.894781589508057
-4.120326519012451
1.999999987845058e-08
6.055092811584473
-1.2735695838928223
-2.382408618927002
-1.999999987845058e-08
8.200108528137207
2.0555403232574463
-2.0493664741516113
1.999999987845058e-08
9.33993911743164
2.9173426628112793
-1.1970651149749756
-1.999999987845058e-08
8.714620590209961
2.2225003242492676
0.562335193157196
1.999999987845058e-08
6.022830009460449
0.0464472621679306
1.7806353569030762
-1.999999987845058e-08
1.7702713012695312
-4.466366291046143
0.03244241327047348
1.999999987845058e-08
0.3076382875442505
-8.265776634216309
-8.05383014678955
-1.999999987845058e-08
3.117340087890625
-6.3233208656311035
-7.596158504486084
1.999999987845058e-08
2.130906820297241
-7.405685901641846
-8.156543731689453
-1.999999987845058e-08
-1.5689996480941772
-10.37462043762207
-9.19994831085205
1.999999987845058e-08
-3.6178138256073
-13.189702033996582
-9.97055435180664
-1.999999987845058e-08
-2.1920223236083984
-13.177660942077637
-9.93593978881836
1.999999987845058e-08
0.7303798198699951
-8.86572265625
-8.827232360839844
-1.999999987845058e-08
3.0618817806243896
-3.642270565032959
-8.247693061828613
1.999999987845058e-08
4.856980800628662
-1.801527976989746
-9.223613739013672
-1.999999987845058e-08
5.8356122970581055
-3.028254985809326
-10.185770988464355
1.999999987845058e-08
4.257510185241699
-5.830308437347412
-10.960500717163086
-1.999999987845058e-08
0.30680006742477417
-10.11845874786377
-12.829970359802246
1.999999987845058e-08
-3.773301124572754
-13.521331787109375
-14.197328567504883
-1.999999987845058e-08
-6.871031284332275
-13.149191856384277
-13.13873291015625
1.999999987845058e-08
-8.36172103881836
-11.396211624145508
-11.598108291625977
-1.999999987845058e-08
-6.997038841247559
-12.266571044921875
-11.567575454711914
1.999999987845058e-08
-3.904850959777832
-14.590424537658691
-11.586902618408203
-1.999999987845058e-08
-3.116553783416748
-15.806650161743164
-10.762813568115234
1.999999987845058e-08
-6.199718952178955
-16.839269638061523
-10.984795570373535
-1.999999987845058e-08
-9.781261444091797
-17.71938705444336
-12.518180847167969
1.999999987845058e-08
-10.08006763458252
-15.856904029846191
-12.667303085327148
-1.999999987845058e-08
-6.642703056335449
-11.634969711303711
-10.276220321655273
1.999999987845058e-08
-1.7097975015640259
-8.427678108215332
-7.321994304656982
-1.999999987845058e-08
1.7446445226669312
-6.913463115692139
-5.413966178894043
1.999999987845058e-08
2.6647655963897705
-5.517367839813232
-4.086256980895996
-1.999999987845058e-08
2.8979105949401855
-4.642306327819824
-3.0577449798583984
1.999999987845058e-08
4.717221736907959
-4.456899642944336
-2.3898792266845703
-1.999999987845058e-08
8.801460266113281
-1.760956883430481
-0.7287757396697998
1.999999987845058e-08
14.645959854125977
4.9545135498046875
2.4607391357421875
-1.999999987845058e-08
21.066059112548828
11.968916893005371
5.236449241638184
1.999999987845058e-08
25.51712989807129
15.882478713989258
6.5263142585754395
-1.999999987845058e-08
24.946094512939453
16.673799514770508
7.066707611083984
1.999999987845058e-08
19.01337242126465
14.081418991088867
6.500762939453125
-1.999999987845058e-08
10.122122764587402
7.305044174194336
3.5826849937438965
1.999999987845058e-08
0.37717872858047485
-1.9007060527801514
-1.4966108798980713
-1.999999987845058e-08
-8.811322212219238
-10.4531831741333
-7.643642425537109
1.999999987845058e-08
-16.19045066833496
-16.907543182373047
-14.533308029174805
-1.999999987845058e-08
-21.03941535949707
-20.808773040771484
-21.701091766357422
1.999999987845058e-08
-23.138647079467773
-22.00884437561035
-27.115598678588867
-1.999999987845058e-08
-23.2427921295166
-21.694677352905273
-29.097496032714844
1.999999987845058e-08
-23.2427921295166
-21.694677352905273
-29.097496032714844
-1.999999987845058e-08
-22.454885482788086
-20.365680694580078
-28.053613662719727
1.999999987845058e-08
-20.57773780822754
-16.476581573486328
-24.756175994873047
-1.999999987845058e-08
-16.82394790649414
-10.465085983276367
-19.625328063964844
1.999999987845058e-08
-11.66012954711914
-5.499849319458008
-13.986581802368164
-1.999999987845058e-08
-6.570963382720947
-2.2328388690948486
-9.343737602233887
1.999999987845058e-08
