0
-8.98659896850586
-0.8934399485588074
-2.786672592163086
1.999999987845058e-08
-7.6427083015441895
1.2874107360839844
-1.8402634859085083
-1.999999987845058e-08
-6.247190952301025
-0.07653780281543732
1.454284429550171
1.999999987845058e-08
-5.469635486602783
-2.6161580085754395
5.3307108879089355
-1.999999987845058e-08
-4.824498176574707
-4.407341480255127
6.909205913543701
1.999999987845058e-08
-4.379653453826904
-5.325514793395996
6.35972261428833
-1.999999987845058e-08
-5.543782711029053
-6.123026371002197
5.3316144943237305
1.999999987845058e-08
-8.993839263916016
-8.596202850341797
2.910228729248047
-1.999999987845058e-08
-12.838046073913574
-12.561243057250977
-1.320723056793213
1.999999987845058e-08
-5.543783187866211
-6.123026371002197
5.3316144943237305
-1.999999987845058e-08
-8.993839263916016
-8.596202850341797
2.910228729248047
1.999999987845058e-08
-12.838046073913574
-12.561244010925293
-1.320723056793213
-1.999999987845058e-08
-14.306736946105957
-13.792716979980469
-3.9266180992126465
1.999999987845058e-08
-13.174662590026855
-7.27891731262207
-2.9971463680267334
-1.999999987845058e-08
-12.379507064819336
17.046091079711914
-2.2162487506866455
1.999999987845058e-08
-14.021504402160645
78.45812225341797
-4.4015302658081055
-1.999999987845058e-08
-15.688607215881348
180.00982666015625
-6.156033039093018
1.999999987845058e-08
-13.466449737548828
285.4226379394531
-3.8334953784942627
-1.999999987845058e-08
-7.578114986419678
349.3750915527344
1.0501925945281982
1.999999987845058e-08
-6.15631103515625
226.15228271484375
2.4828827381134033
-1.999999987845058e-08
-6.083634853363037
210.65866088867188
2.460632801055908
1.999999987845058e-08
-5.704748153686523
207.5962371826172
4.0591535568237305
-1.999999987845058e-08
-6.132096767425537
193.00540161132812
5.264367580413818
1.999999987845058e-08
-8.083197593688965
160.3588409423828
5.861784934997559
-1.999999987845058e-08
-11.276021957397461
121.76332092285156
6.373129367828369
1.999999987845058e-08
-12.85500717163086
92.74708557128906
6.420089244842529
-1.999999987845058e-08
-10.332091331481934
81.35668182373047
6.750039100646973
1.999999987845058e-08
-4.877076625823975
80.0335693359375
9.136918067932129
-1.999999987845058e-08
1.180760383605957
69.45286560058594
13.273696899414062
1.999999987845058e-08
-10.332091331481934
81.35668182373047
6.750039100646973
-1.999999987845058e-08
-4.877076625823975
80.0335693359375
9.136918067932129
1.999999987845058e-08
1.180760383605957
69.45286560058594
13.273696899414062
-1.999999987845058e-08
5.772657871246338
42.51326370239258
16.739194869995117
1.999999987845058e-08
6.331483364105225
16.23982810974121
17.590932846069336
-1.999999987845058e-08
3.144141435623169
6.668496131896973
15.7128267288208
1.999999987845058e-08
-0.502427339553833
3.4542582035064697
12.071415901184082
-1.999999987845058e-08
-3.970543146133423
-13.788457870483398
7.466367721557617
1.999999987845058e-08
-8.274496078491211
-42.881996154785156
2.4921932220458984
-1.999999987845058e-08
-10.777741432189941
-62.678321838378906
-1.8989777565002441
1.999999987845058e-08
-6.574055194854736
-68.99578094482422
-4.8128533363342285
-1.999999987845058e-08
-8.268782615661621
-84.09565734863281
-4.153137683868408
1.999999987845058e-08
-13.301079750061035
-104.20118713378906
-4.416839599609375
-1.999999987845058e-08
-16.51053810119629
-117.21395111083984
-5.087048053741455
1.999999987845058e-08
-14.173552513122559
-122.74658966064453
-3.4510481357574463
-1.999999987845058e-08
-8.134102821350098
-127.73930358886719
-0.1475963145494461
1.999999987845058e-08
-3.2424399852752686
-134.25291442871094
0.5545461177825928
-1.999999987845058e-08
-1.1002227067947388
-139.12269592285156
-1.4701526165008545
1.999999987845058e-08
0.0916144922375679
-143.2384796142578
-1.8255656957626343
-1.999999987845058e-08
1.1112949848175049
-151.42449951171875
0.04710320383310318
1.999999987845058e-08
1.1112948656082153
-151.42449951171875
0.047103170305490494
-1.999999987845058e-08
0.9899493455886841
-161.3431396484375
0.48029789328575134
1.999999987845058e-08
-0.5701515078544617
-164.69264221191406
-1.191758155822754
-1.999999987845058e-08
-2.1346240043640137
-162.80148315429688
-2.149050712585449
1.999999987845058e-08
-2.19400691986084
-166.60720825195312
-1.303072452545166
-1.999999987845058e-08
-0.8347113728523254
-177.1578369140625
0.48981067538261414
1.999999987845058e-08
0.6651296019554138
-182.63894653320312
2.7127268314361572
-1.999999987845058e-08
0.671562135219574
-178.92605590820312
3.615485191345215
1.999999987845058e-08
-1.4251636266708374
-176.4229278564453
0.9666735529899597
-1.999999987845058e-08
-3.904815196990967
-182.6852569580078
-3.2791740894317627
1.999999987845058e-08
-4.6009321212768555
-191.9059295654297
-4.820135116577148
-1.999999987845058e-08
-3.711695909500122
-194.74423217773438
-3.4306859970092773
1.999999987845058e-08
-2.936779737472534
-190.08102416992188
-2.142401933670044
-1.999999987845058e-08
-2.7676992416381836
-184.93995666503906
-2.051309108734131
1.999999987845058e-08
-2.6765494346618652
-186.20901489257812
-2.666325092315674
-1.999999987845058e-08
-2.994399070739746
-192.44032287597656
-4.58145809173584
1.999999987845058e-08
-3.573437452316284
-194.70755004882812
-7.329888820648193
-1.999999987845058e-08
-2.2422666549682617
-188.5276641845703
-7.508996963500977
1.999999987845058e-08
1.2480114698410034
-180.96641540527344
-3.484449625015259
-1.999999987845058e-08
2.576359510421753
-180.2814178466797
1.0190448760986328
1.999999987845058e-08
2.576359272003174
-180.2814178466797
1.0190448760986328
-1.999999987845058e-08
-1.2504452466964722
-184.3660430908203
1.5613712072372437
1.999999987845058e-08
-7.085212707519531
-186.4990997314453
-2.074561357498169
-1.999999987845058e-08
-10.601462364196777
-185.42738342285156
-7.174820423126221
1.999999987845058e-08
-11.328715324401855
-182.88368225097656
-10.814826011657715
-1.999999987845058e-08
-10.09628963470459
-178.8900909423828
-11.5859956741333
1.999999987845058e-08
-6.8190131187438965
-173.79336547851562
-10.53367805480957
-1.999999987845058e-08
-2.3179514408111572
-167.85220336914062
-8.915701866149902
1.999999987845058e-08
2.2521250247955322
-159.3317108154297
-6.177292346954346
-1.999999987845058e-08
6.281682968139648
-149.10299682617188
-3.132000207901001
1.999999987845058e-08
-7.802894115447998
-150.62120056152344
-13.592146873474121
-1.999999987845058e-08
-4.934840202331543
-144.649169921875
-11.04153060913086
1.999999987845058e-08
-2.6135778427124023
-135.65890502929688
-8.635269165039062
-1.999999987845058e-08
-4.482661247253418
-129.8216094970703
-8.049731254577637
1.999999987845058e-08
-7.5018110275268555
-127.38014221191406
-9.25476360321045
-1.999999987845058e-08
-6.61485481262207
-121.3775863647461
-8.839980125427246
1.999999987845058e-08
-1.1467344760894775
-109.58246612548828
-3.464136838912964
-1.999999987845058e-08
4.304623126983643
-100.73895263671875
3.6448628902435303
1.999999987845058e-08
5.5003461837768555
-100.60881042480469
6.219325542449951
-1.999999987845058e-08
4.080287456512451
-101.43058013916016
4.290420055389404
1.999999987845058e-08
4.080287456512451
-101.43058013916016
4.290420055389404
-1.999999987845058e-08
4.728798866271973
-95.25518798828125
2.454206943511963
1.999999987845058e-08
7.764289379119873
-87.00269317626953
1.1368547677993774
-1.999999987845058e-08
9.366000175476074
-83.73836517333984
-1.8910290002822876
1.999999987845058e-08
8.319544792175293
-82.06765747070312
-4.721796989440918
-1.999999987845058e-08
6.4454545974731445
-77.09442901611328
-4.985093593597412
1.999999987845058e-08
4.076889514923096
-72.38939666748047
-5.410806655883789
-1.999999987845058e-08
0.5974605679512024
-71.32792663574219
-8.20396614074707
1.999999987845058e-08
-2.9349706172943115
-70.09550476074219
-10.716841697692871
-1.999999987845058e-08
-4.728924751281738
-65.41645812988281
-10.825505256652832
1.999999987845058e-08
-4.728924751281738
-65.41645812988281
-10.825505256652832
-1.999999987845058e-08
-4.4908928871154785
-59.87175750732422
-9.621539115905762
1.999999987845058e-08
-4.009438991546631
-56.95832824707031
-8.555066108703613
-1.999999987845058e-08
-4.848003387451172
-55.448577880859375
-8.673492431640625
1.999999987845058e-08
-5.306155681610107
-50.261287689208984
-10.279632568359375
-1.999999987845058e-08
-2.125405788421631
-39.51203536987305
-11.26616096496582
1.999999987845058e-08
4.27982234954834
-28.530298233032227
-9.564362525939941
-1.999999987845058e-08
9.080252647399902
-22.912973403930664
-7.231690406799316
1.999999987845058e-08
8.534672737121582
-20.69475555419922
-7.601832389831543
-1.999999987845058e-08
4.747630596160889
-16.877866744995117
-9.516229629516602
1.999999987845058e-08
8.971822738647461
-4.04388427734375
1.5561443567276
-1.999999987845058e-08
11.547301292419434
3.8593246936798096
7.25420618057251
1.999999987845058e-08
12.675874710083008
11.559745788574219
10.32638168334961
-1.999999987845058e-08
10.840370178222656
13.6087007522583
8.584698677062988
1.999999987845058e-08
4.46800422668457
10.619914054870605
1.9009255170822144
-1.999999987845058e-08
-3.1566503047943115
7.746480464935303
-5.789185047149658
1.999999987845058e-08
-4.838225364685059
9.41796875
-8.534846305847168
-1.999999987845058e-08
2.3203606605529785
17.6806697845459
-3.2681286334991455
1.999999987845058e-08
12.844956398010254
30.316186904907227
6.434793472290039
-1.999999987845058e-08
18.185100555419922
39.90742111206055
12.095898628234863
1.999999987845058e-08
14.386366844177246
40.91599655151367
8.610562324523926
-1.999999987845058e-08
4.98716926574707
36.57748794555664
0.2370060235261917
1.999999987845058e-08
-3.791332244873047
33.378170013427734
-5.781071186065674
-1.999999987845058e-08
-10.51504135131836
32.30345153808594
-8.995180130004883
1.999999987845058e-08
-17.894180297851562
30.578689575195312
-12.898694038391113
-1.999999987845058e-08
-26.03376579284668
27.2471866607666
-17.726642608642578
1.999999987845058e-08
-31.31566619873047
23.58515167236328
-22.171491622924805
-1.999999987845058e-08
-30.788007736206055
22.929248809814453
-24.890092849731445
1.999999987845058e-08
-24.619125366210938
29.591379165649414
-22.43100357055664
-1.999999987845058e-08
-15.839401245117188
42.41207504272461
-14.08199691772461
1.999999987845058e-08
-8.14702320098877
54.00165557861328
-5.756515026092529
-1.999999987845058e-08
-2.1891989707946777
61.212135314941406
-1.7810547351837158
1.999999987845058e-08
4.12286901473999
68.8228759765625
0.9713844656944275
-1.999999987845058e-08
11.109103202819824
79.4628677368164
5.949270725250244
1.999999987845058e-08
16.768733978271484
88.89924621582031
11.696367263793945
-1.999999987845058e-08
19.596263885498047
93.72455596923828
16.085718154907227
1.999999987845058e-08
18.68797492980957
95.15967559814453
17.730751037597656
-1.999999987845058e-08
14.068292617797852
94.55944061279297
14.347373008728027
1.999999987845058e-08
8.752779006958008
92.18968200683594
7.6400299072265625
-1.999999987845058e-08
5.946262836456299
88.8681640625
4.300774574279785
1.999999987845058e-08
4.860849380493164
85.3011474609375
6.356649875640869
-1.999999987845058e-08
3.6342525482177734
82.79067993164062
8.786930084228516
1.999999987845058e-08
3.038029909133911
83.52595520019531
8.54839038848877
-1.999999987845058e-08
4.448444366455078
86.99327087402344
7.806452751159668
1.999999987845058e-08
7.60567045211792
89.92215728759766
8.719808578491211
-1.999999987845058e-08
11.356964111328125
92.04766845703125
10.94897747039795
1.999999987845058e-08
14.253236770629883
96.63983917236328
13.188714027404785
-1.999999987845058e-08
15.328097343444824
103.61779022216797
13.598411560058594
1.999999987845058e-08
15.665197372436523
108.29817962646484
10.952958106994629
-1.999999987845058e-08
16.80093765258789
108.51940155029297
7.176299571990967
1.999999987845058e-08
16.80093765258789
108.51940155029297
7.176299571990967
-1.999999987845058e-08
17.66719627380371
106.38541412353516
5.351681709289551
1.999999987845058e-08
15.387430191040039
102.80779266357422
5.06907320022583
-1.999999987845058e-08
8.5357027053833
97.38253784179688
3.177826166152954
1.999999987845058e-08
-0.1946946382522583
92.31533813476562
-1.5069018602371216
-1.999999987845058e-08
-5.009904861450195
90.4524917602539
-6.498382568359375
1.999999987845058e-08
-3.2180709838867188
91.53324890136719
-8.117291450500488
-1.999999987845058e-08
1.3026690483093262
93.40044403076172
-5.109245777130127
1.999999987845058e-08
2.7034530639648438
94.5144271850586
-0.4512130916118622
-1.999999987845058e-08
-0.7372522950172424
94.37409973144531
0.7112406492233276
1.999999987845058e-08
-0.7372522950172424
94.37409973144531
0.7112405896186829
-1.999999987845058e-08
-5.154510974884033
93.92832946777344
-3.01253342628479
1.999999987845058e-08
-5.502900123596191
95.5022964477539
-6.68751335144043
-1.999999987845058e-08
-1.2982227802276611
100.07231903076172
-5.388737201690674
1.999999987845058e-08
3.8195085525512695
105.69991302490234
-0.16147062182426453
-1.999999987845058e-08
7.212386608123779
110.37469482421875
4.9141387939453125
1.999999987845058e-08
9.084887504577637
113.61383819580078
7.527600288391113
-1.999999987845058e-08
9.78597354888916
114.21697235107422
7.051447868347168
1.999999987845058e-08
8.82667064666748
111.24099731445312
4.224637985229492
-1.999999987845058e-08
6.480814456939697
106.9886474609375
1.926328420639038
1.999999987845058e-08
-1.2056937217712402
97.14776611328125
2.476550340652466
-1.999999987845058e-08
-2.4734818935394287
96.77430725097656
2.536353826522827
1.999999987845058e-08
-4.300425052642822
97.45789337158203
2.993882894515991
-1.999999987845058e-08
-6.078625679016113
96.08173370361328
3.219184398651123
1.999999987845058e-08
-5.0589447021484375
95.93212890625
5.455357551574707
-1.999999987845058e-08
-1.436681866645813
101.16180419921875
11.250337600708008
1.999999987845058e-08
0.5964457392692566
106.87755584716797
15.914948463439941
-1.999999987845058e-08
-0.041168589144945145
106.66317749023438
15.477346420288086
1.999999987845058e-08
-0.03051426075398922
103.64979553222656
13.396233558654785
-1.999999987845058e-08
1.2195918560028076
103.35735321044922
12.851840019226074
1.999999987845058e-08
1.2195918560028076
103.35735321044922
12.851840019226074
-1.999999987845058e-08
1.1606191396713257
104.29959106445312
12.106744766235352
1.999999987845058e-08
-0.3626508414745331
103.0992660522461
11.104815483093262
-1.999999987845058e-08
-2.060145616531372
99.8287353515625
11.78071117401123
1.999999987845058e-08
-4.771190166473389
94.98600006103516
11.913158416748047
-1.999999987845058e-08
-9.285896301269531
88.85848999023438
8.210200309753418
1.999999987845058e-08
-13.861797332763672
83.66011810302734
2.5969557762145996
-1.999999987845058e-08
-16.21413803100586
80.67349243164062
-1.2911388874053955
1.999999987845058e-08
-15.804264068603516
78.15257263183594
-2.8526980876922607
-1.999999987845058e-08
-13.942094802856445
75.49394226074219
-2.290769577026367
1.999999987845058e-08
-12.371055603027344
74.06475067138672
0.13602574169635773
-1.999999987845058e-08
-11.328977584838867
72.83534240722656
1.8488446474075317
1.999999987845058e-08
-9.273082733154297
70.61632537841797
1.317273736000061
-1.999999987845058e-08
-5.181570053100586
70.26371002197266
1.7579329013824463
1.999999987845058e-08
-0.42939820885658264
72.86576843261719
5.276566505432129
-1.999999987845058e-08
2.3358516693115234
73.64102935791016
7.917606830596924
1.999999987845058e-08
1.6621971130371094
69.02388763427734
5.932074546813965
-1.999999987845058e-08
-0.8852469325065613
60.735713958740234
1.5574655532836914
1.999999987845058e-08
-1.4988797903060913
51.87617492675781
-0.8352517485618591
-1.999999987845058e-08
1.1551917791366577
44.668460845947266
0.1970498412847519
1.999999987845058e-08
1.225180745124817
34.847625732421875
5.157258033752441
-1.999999987845058e-08
-2.8344314098358154
26.897167205810547
4.668195724487305
1.999999987845058e-08
-5.835080146789551
16.440139770507812
2.4386184215545654
-1.999999987845058e-08
-8.4036865234375
5.869815349578857
0.13660134375095367
1.999999987845058e-08
-10.45534610748291
-4.162292957305908
-1.3187949657440186
-1.999999987845058e-08
-8.970999717712402
-13.520161628723145
-0.8130829334259033
1.999999987845058e-08
-3.7437946796417236
-20.642738342285156
2.8034136295318604
-1.999999987845058e-08
0.7246811389923096
-25.48974609375
8.134754180908203
1.999999987845058e-08
1.015196681022644
-30.893957138061523
11.588607788085938
-1.999999987845058e-08
-1.4507111310958862
-37.513851165771484
11.942359924316406
1.999999987845058e-08
-1.4507112503051758
-37.513851165771484
11.942359924316406
-1.999999987845058e-08
-3.487621784210205
-42.3642692565918
11.405778884887695
1.999999987845058e-08
-3.7255358695983887
-45.107479095458984
10.998156547546387
-1.999999987845058e-08
-2.5811638832092285
-49.21904754638672
9.167095184326172
1.999999987845058e-08
-2.1380457878112793
-55.64012908935547
5.490099906921387
-1.999999987845058e-08
-4.999882698059082
-62.4182014465332
1.2076959609985352
1.999999987845058e-08
-10.252777099609375
-69.07828521728516
-3.268287420272827
-1.999999987845058e-08
-13.604166984558105
-74.73664093017578
-7.510374546051025
1.999999987845058e-08
-12.928680419921875
-76.57511138916016
-9.779595375061035
-1.999999987845058e-08
-10.018829345703125
-75.0614242553711
-9.565723419189453
1.999999987845058e-08
-10.018829345703125
-75.0614242553711
-9.565723419189453
-1.999999987845058e-08
-6.866232395172119
-73.87250518798828
-7.880782127380371
1.999999987845058e-08
-3.220367670059204
-73.11952209472656
-4.217220306396484
-1.999999987845058e-08
1.3232026100158691
-70.66620635986328
1.172389268875122
1.999999987845058e-08
4.644327640533447
-68.3983383178711
4.049867153167725
-1.999999987845058e-08
4.169559478759766
-69.59808349609375
1.6673108339309692
1.999999987845058e-08
0.6249558329582214
-73.0118637084961
-2.1842589378356934
-1.999999987845058e-08
-3.0170814990997314
-75.1390380859375
-2.8949437141418457
1.999999987845058e-08
-5.119959831237793
-75.21976470947266
-1.4390079975128174
-1.999999987845058e-08
-5.801756858825684
-74.19889068603516
-0.8569015264511108
1.999999987845058e-08
-6.016514778137207
-67.43253326416016
-1.1449708938598633
-1.999999987845058e-08
-7.713413715362549
-65.45916748046875
-1.1506716012954712
1.999999987845058e-08
-9.00374698638916
-62.628204345703125
-0.3200770914554596
-1.999999987845058e-08
-7.743654727935791
-58.8985710144043
0.9033389091491699
1.999999987845058e-08
-3.6465539932250977
-53.44000244140625
1.6766600608825684
-1.999999987845058e-08
0.35277259349823
-45.57770538330078
1.32933509349823
1.999999987845058e-08
0.7467654943466187
-38.40798568725586
-0.8432503342628479
-1.999999987845058e-08
-2.8032407760620117
-35.5000114440918
-4.398902416229248
1.999999987845058e-08
-6.835170269012451
-34.992000579833984
-7.256997108459473
-1.999999987845058e-08
-7.8870320320129395
-32.947853088378906
-7.980947017669678
1.999999987845058e-08
-0.86822509765625
4.852691650390625
-5.299352645874023
-1.999999987845058e-08
-1.6832956075668335
8.48948860168457
-7.856960773468018
1.999999987845058e-08
1.8524889945983887
17.449922561645508
-5.972282886505127
-1.999999987845058e-08
8.20376968383789
28.47614288330078
0.33270978927612305
1.999999987845058e-08
13.005627632141113
35.745182037353516
6.317606449127197
-1.999999987845058e-08
14.172200202941895
39.33355712890625
9.03576946258545
1.999999987845058e-08
13.154247283935547
41.545684814453125
8.838288307189941
-1.999999987845058e-08
11.39581298828125
41.073272705078125
5.700799942016602
1.999999987845058e-08
8.496274948120117
38.332008361816406
0.3646445870399475
-1.999999987845058e-08
4.713976860046387
38.05229187011719
-3.8077995777130127
1.999999987845058e-08
11.39581298828125
41.073272705078125
5.700799942016602
-1.999999987845058e-08
8.496274948120117
38.332008361816406
0.3646446168422699
1.999999987845058e-08
4.713976860046387
38.05229187011719
-3.8077995777130127
-1.999999987845058e-08
1.9116249084472656
41.073272705078125
-4.889087677001953
1.999999987845058e-08
0.8685885071754456
42.38372039794922
-4.8707170486450195
-1.999999987845058e-08
-0.0024863602593541145
39.79557418823242
-5.8427934646606445
1.999999987845058e-08
-1.8538603782653809
36.923912048339844
-7.27262020111084
-1.999999987845058e-08
-2.6275625228881836
37.48921585083008
-7.425875663757324
1.999999987845058e-08
0.034547895193099976
42.11027908325195
-4.951022624969482
-1.999999987845058e-08
4.775681495666504
49.333587646484375
0.19886136054992676
1.999999987845058e-08
4.775681495666504
49.333587646484375
0.19886133074760437
-1.999999987845058e-08
8.519328117370605
56.187889099121094
5.398757457733154
1.999999987845058e-08
10.427376747131348
60.137718200683594
6.996870994567871
-1.999999987845058e-08
11.675118446350098
61.69661331176758
5.238091945648193
1.999999987845058e-08
11.710211753845215
61.11757278442383
2.963236093521118
-1.999999987845058e-08
7.67770528793335
55.68410873413086
-0.20133063197135925
1.999999987845058e-08
-0.2677602767944336
46.11672592163086
-5.39395809173584
-1.999999987845058e-08
-6.811342239379883
39.193180084228516
-9.704907417297363
1.999999987845058e-08
-7.487762928009033
38.641998291015625
-10.200697898864746
-1.999999987845058e-08
-3.8894968032836914
41.401424407958984
-8.002680778503418
1.999999987845058e-08
-3.8894968032836914
41.401424407958984
-8.002680778503418
-1.999999987845058e-08
-1.2055407762527466
44.6515998840332
-5.572115421295166
1.999999987845058e-08
-2.5742104053497314
47.61336135864258
-4.394299030303955
-1.999999987845058e-08
-6.675917148590088
48.193660736083984
-5.255661964416504
1.999999987845058e-08
-9.39663314819336
46.49174499511719
-7.206830024719238
-1.999999987845058e-08
-7.328096866607666
47.66988754272461
-7.423114776611328
1.999999987845058e-08
-0.6395072340965271
54.5949592590332
-4.615333080291748
-1.999999987845058e-08
7.568915843963623
63.02705764770508
-0.675419270992279
1.999999987845058e-08
14.836101531982422
68.93956756591797
3.069593667984009
-1.999999987845058e-08
20.129196166992188
73.26466369628906
7.422989845275879
1.999999987845058e-08
14.836101531982422
68.93956756591797
3.069593667984009
-1.999999987845058e-08
20.129196166992188
73.26466369628906
7.422989845275879
1.999999987845058e-08
21.240615844726562
75.6428451538086
10.388219833374023
-1.999999987845058e-08
16.285791397094727
72.97697448730469
7.475491046905518
1.999999987845058e-08
8.715812683105469
66.93515014648438
0.3499391973018646
-1.999999987845058e-08
5.1778364181518555
62.98242950439453
-3.934972047805786
1.999999987845058e-08
7.042407035827637
62.05765914916992
-3.860471487045288
-1.999999987845058e-08
9.285111427307129
61.83432388305664
-3.49859881401062
1.999999987845058e-08
8.101309776306152
61.658023834228516
-3.899674892425537
-1.999999987845058e-08
4.070796966552734
59.61678695678711
-4.174066066741943
1.999999987845058e-08
-3.146683931350708
46.70287322998047
-6.442627906799316
-1.999999987845058e-08
-0.5308888554573059
47.309295654296875
-2.9422836303710938
1.999999987845058e-08
6.139120101928711
54.51713562011719
4.866010665893555
-1.999999987845058e-08
11.932140350341797
61.287635803222656
11.496817588806152
1.999999987845058e-08
12.75934886932373
63.214962005615234
12.590778350830078
-1.999999987845058e-08
8.762038230895996
60.1826057434082
7.33258581161499
1.999999987845058e-08
3.0457286834716797
53.06279754638672
-2.677902936935425
-1.999999987845058e-08
-1.6880607604980469
43.80403518676758
-13.131735801696777
1.999999987845058e-08
-5.127974510192871
36.09428024291992
-19.065641403198242
-1.999999987845058e-08
-8.466923713684082
32.0814094543457
-20.136341094970703
1.999999987845058e-08
-11.699718475341797
30.06682777404785
-20.067211151123047
-1.999999987845058e-08
-12.92992115020752
27.749353408813477
-19.866117477416992
1.999999987845058e-08
-10.861981391906738
25.43256187438965
-17.106576919555664
-1.999999987845058e-08
-6.760047435760498
24.504995346069336
-11.678850173950195
1.999999987845058e-08
-3.0007402896881104
24.92050552368164
-6.138638019561768
-1.999999987845058e-08
-0.2573939859867096
24.99526596069336
-1.7446956634521484
1.999999987845058e-08
3.491945266723633
24.31326675415039
1.9514185190200806
-1.999999987845058e-08
11.352950096130371
26.480892181396484
6.167273998260498
1.999999987845058e-08
23.00933837890625
33.988487243652344
11.783917427062988
-1.999999987845058e-08
32.0984992980957
40.99721145629883
16.747106552124023
1.999999987845058e-08
32.27180862426758
39.619808197021484
17.687007904052734
-1.999999987845058e-08
24.462270736694336
31.50518798828125
15.035869598388672
1.999999987845058e-08
14.302716255187988
23.666423797607422
11.541207313537598
-1.999999987845058e-08
5.135246753692627
16.819082260131836
6.830077171325684
1.999999987845058e-08
-3.964646577835083
7.182008266448975
-1.1621366739273071
-1.999999987845058e-08
-14.556549072265625
-4.857539176940918
-11.11606502532959
1.999999987845058e-08
-24.54180145263672
-15.477485656738281
-18.958616256713867
-1.999999987845058e-08
-28.754003524780273
-22.274507522583008
-21.877147674560547
1.999999987845058e-08
-23.805767059326172
-23.48021697998047
-18.76293182373047
-1.999999987845058e-08
-12.11513900756836
-18.089445114135742
-10.044605255126953
1.999999987845058e-08
-1.023197889328003
-10.627883911132812
-0.4950411021709442
-1.999999987845058e-08
3.7236125469207764
-8.261662483215332
3.321742057800293
1.999999987845058e-08
3.5884430408477783
-10.578542709350586
1.3425861597061157
-1.999999987845058e-08
4.270822048187256
-10.978151321411133
-0.6211493015289307
1.999999987845058e-08
7.894608497619629
-7.769089221954346
0.21677681803703308
-1.999999987845058e-08
11.525440216064453
-4.698331832885742
2.094010591506958
1.999999987845058e-08
12.521380424499512
-4.129072666168213
3.4961397647857666
-1.999999987845058e-08
11.475005149841309
-6.880213737487793
3.8794331550598145
1.999999987845058e-08
10.907768249511719
-12.257110595703125
3.304652452468872
-1.999999987845058e-08
12.942999839782715
-15.327936172485352
4.1101579666137695
1.999999987845058e-08
12.942999839782715
-15.327936172485352
4.1101579666137695
-1.999999987845058e-08
16.485902786254883
-13.070621490478516
7.963211536407471
1.999999987845058e-08
17.360048294067383
-11.120245933532715
11.23320484161377
-1.999999987845058e-08
13.03361701965332
-15.321881294250488
9.181467056274414
1.999999987845058e-08
5.72659969329834
-22.810344696044922
2.8121209144592285
-1.999999987845058e-08
0.5166943073272705
-28.27406883239746
-3.3088698387145996
1.999999987845058e-08
1.2630834579467773
-30.62259864807129
-6.38957405090332
-1.999999987845058e-08
7.66091251373291
-29.66902732849121
-5.465590476989746
1.999999987845058e-08
15.330622673034668
-25.426116943359375
-1.2661221027374268
-1.999999987845058e-08
18.92606544494629
-21.589216232299805
2.3058021068573
1.999999987845058e-08
17.011234283447266
-21.512741088867188
2.0893571376800537
-1.999999987845058e-08
13.118099212646484
-23.479520797729492
0.03596659377217293
1.999999987845058e-08
10.60433578491211
-25.534387588500977
-0.8544268608093262
-1.999999987845058e-08
9.832218170166016
-28.444089889526367
-0.27840307354927063
1.999999987845058e-08
9.837336540222168
-31.656091690063477
1.4562181234359741
-1.999999987845058e-08
9.272683143615723
-33.422122955322266
3.61598801612854
1.999999987845058e-08
7.002939224243164
-34.57966232299805
3.920105218887329
-1.999999987845058e-08
2.7571399211883545
-37.438663482666016
0.9901807904243469
1.999999987845058e-08
-2.2474899291992188
-41.83623504638672
-2.9708292484283447
-1.999999987845058e-08
-5.217912197113037
-45.46955108642578
-4.477460861206055
1.999999987845058e-08
-3.9700803756713867
-47.19951248168945
-3.158571720123291
-1.999999987845058e-08
1.2263919115066528
-46.21902084350586
-0.583419144153595
1.999999987845058e-08
7.539000511169434
-41.19816207885742
2.5004405975341797
-1.999999987845058e-08
10.851988792419434
-35.00544738769531
4.186474323272705
1.999999987845058e-08
9.452764511108398
-33.77973937988281
2.190566062927246
-1.999999987845058e-08
6.118894577026367
-37.51650619506836
-1.285659670829773
1.999999987845058e-08
4.2438507080078125
-40.148216247558594
-2.163508653640747
-1.999999987845058e-08
3.158726930618286
-40.13445281982422
-1.714451789855957
1.999999987845058e-08
0.43040886521339417
-41.036563873291016
-3.5150692462921143
-1.999999987845058e-08
-3.063072443008423
-42.75107192993164
-5.556529998779297
1.999999987845058e-08
-4.172586441040039
-41.743934631347656
-3.3734922409057617
-1.999999987845058e-08
-1.6320128440856934
-37.65249252319336
2.836050510406494
1.999999987845058e-08
2.530560255050659
-33.24469757080078
9.318131446838379
-1.999999987845058e-08
4.222426414489746
-30.899755477905273
11.990083694458008
1.999999987845058e-08
1.1692012548446655
-31.54416847229004
8.229707717895508
-1.999999987845058e-08
-3.6324002742767334
-33.67316818237305
0.7757089138031006
1.999999987845058e-08
-4.657578945159912
-33.49748611450195
-2.856391429901123
-1.999999987845058e-08
-0.021424416452646255
-29.135498046875
0.9925182461738586
1.999999987845058e-08
6.747852802276611
-22.92010498046875
8.08847427368164
-1.999999987845058e-08
10.04272174835205
-18.22403335571289
12.392356872558594
1.999999987845058e-08
7.274353504180908
-17.209671020507812
11.719782829284668
-1.999999987845058e-08
1.9073268175125122
-20.439558029174805
8.017495155334473
1.999999987845058e-08
-0.6316636800765991
-24.952098846435547
5.409958839416504
-1.999999987845058e-08
-0.04117792472243309
-26.36661720275879
6.2602925300598145
1.999999987845058e-08
-0.33130767941474915
-25.367122650146484
8.455445289611816
-1.999999987845058e-08
-3.08805251121521
-26.433320999145508
8.933500289916992
1.999999987845058e-08
-5.6173014640808105
-29.30563735961914
8.584267616271973
-1.999999987845058e-08
-4.709446430206299
-29.02074432373047
10.67310905456543
1.999999987845058e-08
-0.17427028715610504
-24.76417350769043
15.243817329406738
-1.999999987845058e-08
4.48159122467041
-21.26727867126465
18.412694931030273
1.999999987845058e-08
5.492863178253174
-21.520376205444336
17.780029296875
-1.999999987845058e-08
2.900491952896118
-24.451414108276367
14.264608383178711
1.999999987845058e-08
-0.5347537398338318
-28.190305709838867
8.781834602355957
-1.999999987845058e-08
-2.2632875442504883
-30.529701232910156
3.33854341506958
1.999999987845058e-08
-0.8756558895111084
-29.788127899169922
2.485525369644165
-1.999999987845058e-08
2.592411756515503
-28.23432159423828
6.877553939819336
1.999999987845058e-08
4.981932640075684
-29.627744674682617
10.813756942749023
-1.999999987845058e-08
4.814990043640137
-33.341766357421875
10.662458419799805
1.999999987845058e-08
4.157788276672363
-36.31766128540039
8.660797119140625
-1.999999987845058e-08
6.022542953491211
-37.78522491455078
7.403924465179443
1.999999987845058e-08
10.726242065429688
-37.95452117919922
7.614138126373291
-1.999999987845058e-08
15.051126480102539
-36.82771301269531
9.602341651916504
1.999999987845058e-08
15.556356430053711
-36.15571594238281
11.692669868469238
-1.999999987845058e-08
12.696629524230957
-37.287601470947266
11.008036613464355
1.999999987845058e-08
10.735498428344727
-37.57352828979492
8.558777809143066
-1.999999987845058e-08
12.312073707580566
-34.756221771240234
8.01280403137207
1.999999987845058e-08
14.690845489501953
-32.29803466796875
9.354142189025879
-1.999999987845058e-08
14.731703758239746
-33.82487106323242
10.532920837402344
1.999999987845058e-08
13.874760627746582
-37.2064208984375
12.484109878540039
-1.999999987845058e-08
13.976724624633789
-39.548606872558594
15.865372657775879
1.999999987845058e-08
13.976724624633789
-39.548606872558594
15.865371704101562
-1.999999987845058e-08
13.441455841064453
-41.461429595947266
17.488872528076172
1.999999987845058e-08
10.420400619506836
-43.7806510925293
14.94414234161377
-1.999999987845058e-08
5.719864368438721
-46.29949951171875
10.485894203186035
1.999999987845058e-08
1.7095829248428345
-49.160438537597656
7.726830005645752
-1.999999987845058e-08
-0.3261864185333252
-51.29295349121094
7.418333053588867
1.999999987845058e-08
-1.663347840309143
-51.05089569091797
7.562384605407715
-1.999999987845058e-08
-4.10044527053833
-50.548362731933594
6.012388706207275
1.999999987845058e-08
-6.839184284210205
-53.38327407836914
3.065748929977417
-1.999999987845058e-08
-7.322771072387695
-57.56441879272461
1.8719960451126099
1.999999987845058e-08
-5.2250471115112305
-58.24967956542969
4.371032238006592
-1.999999987845058e-08
-3.3917527198791504
-56.19932556152344
7.776869297027588
1.999999987845058e-08
-4.103326797485352
-55.46860885620117
8.6233491897583
-1.999999987845058e-08
-6.115175247192383
-55.58930969238281
8.279507637023926
1.999999987845058e-08
-6.659668922424316
-54.05015563964844
9.65133285522461
-1.999999987845058e-08
-5.136515140533447
-52.152679443359375
11.576634407043457
1.999999987845058e-08
-2.9778616428375244
-51.45339584350586
11.682896614074707
-1.999999987845058e-08
-1.426038384437561
-50.201942443847656
10.553171157836914
1.999999987845058e-08
-1.7005962133407593
-48.244728088378906
9.054487228393555
-1.999999987845058e-08
-5.41343879699707
-49.02171325683594
6.231925010681152
1.999999987845058e-08
-11.932374954223633
-53.65692901611328
2.2587552070617676
-1.999999987845058e-08
-17.019256591796875
-58.461849212646484
-0.3422161042690277
1.999999987845058e-08
-17.194963455200195
-59.71544647216797
0.16802945733070374
-1.999999987845058e-08
-13.873710632324219
-57.043087005615234
3.246434211730957
1.999999987845058e-08
-10.423279762268066
-52.236289978027344
7.665472507476807
-1.999999987845058e-08
-7.496355056762695
-47.375762939453125
11.560571670532227
1.999999987845058e-08
-3.970024585723877
-43.1380729675293
12.737241744995117
-1.999999987845058e-08
0.000711924338247627
-38.3422966003418
11.606059074401855
1.999999987845058e-08
2.9022536277770996
-33.09064865112305
10.468001365661621
-1.999999987845058e-08
3.500523090362549
-30.736024856567383
9.550106048583984
1.999999987845058e-08
3.500523090362549
-30.736024856567383
9.550106048583984
-1.999999987845058e-08
1.2777047157287598
-33.677669525146484
7.494651794433594
1.999999987845058e-08
-3.5998692512512207
-39.43486404418945
4.294968128204346
-1.999999987845058e-08
-8.765838623046875
-43.53782272338867
1.038009762763977
1.999999987845058e-08
-10.492449760437012
-44.19637680053711
-1.4034820795059204
-1.999999987845058e-08
-8.456022262573242
-42.501922607421875
-1.8820085525512695
1.999999987845058e-08
-6.420011520385742
-40.6110954284668
-0.029950246214866638
-1.999999987845058e-08
-6.556921482086182
-40.1963005065918
2.198533296585083
1.999999987845058e-08
-6.872998237609863
-40.2443962097168
3.512122869491577
-1.999999987845058e-08
-5.662135601043701
-38.18312454223633
4.6845479011535645
1.999999987845058e-08
-8.851339340209961
-30.89805793762207
0.4112432301044464
-1.999999987845058e-08
-11.032085418701172
-28.839521408081055
-0.7349704504013062
1.999999987845058e-08
-10.446785926818848
-26.857696533203125
-1.0366586446762085
-1.999999987845058e-08
-7.813499450683594
-25.719303131103516
-1.8540529012680054
1.999999987845058e-08
-4.903746604919434
-23.893165588378906
-1.7166802883148193
-1.999999987845058e-08
-2.396266222000122
-21.448938369750977
1.1559572219848633
1.999999987845058e-08
-1.106598138809204
-21.32516098022461
4.346216678619385
-1.999999987845058e-08
-1.6266611814498901
-23.747196197509766
4.550782680511475
1.999999987845058e-08
-3.633930206298828
-25.4202938079834
2.022465944290161
-1.999999987845058e-08
-7.314675331115723
-25.429351806640625
-2.0188493728637695
1.999999987845058e-08
-12.067634582519531
-25.083040237426758
-6.567800521850586
-1.999999987845058e-08
-15.663668632507324
-23.99720573425293
-9.571965217590332
1.999999987845058e-08
-16.487497329711914
-21.670373916625977
-10.261587142944336
-1.999999987845058e-08
-14.015652656555176
-18.507436752319336
-9.553352355957031
1.999999987845058e-08
-7.852688789367676
-13.207879066467285
-6.409252643585205
-1.999999987845058e-08
1.5568008422851562
-4.701926231384277
1.290000081062317
1.999999987845058e-08
10.696488380432129
3.6014974117279053
11.062223434448242
-1.999999987845058e-08
14.452642440795898
7.626880168914795
16.654890060424805
1.999999987845058e-08
12.127226829528809
8.395915031433105
15.727460861206055
-1.999999987845058e-08
7.752440452575684
7.633944511413574
10.814078330993652
1.999999987845058e-08
7.752440452575684
7.633944511413574
10.814078330993652
-1.999999987845058e-08
3.1956818103790283
2.9284651279449463
3.518852710723877
1.999999987845058e-08
-4.095892906188965
-6.8803839683532715
-6.22821569442749
-1.999999987845058e-08
-14.35318374633789
-17.37090492248535
-16.076635360717773
1.999999987845058e-08
-21.50765037536621
-23.15876579284668
-21.30257797241211
-1.999999987845058e-08
-20.714630126953125
-22.51704216003418
-19.710002899169922
1.999999987845058e-08
-15.143918991088867
-17.248281478881836
-13.982805252075195
-1.999999987845058e-08
-11.139663696289062
-11.885150909423828
-9.110103607177734
1.999999987845058e-08
-10.694183349609375
-10.992605209350586
-8.345431327819824
-1.999999987845058e-08
-11.007116317749023
-13.59939193725586
-10.330212593078613
1.999999987845058e-08
-11.007116317749023
-13.59939193725586
-10.330212593078613
-1.999999987845058e-08
-9.639018058776855
-14.299338340759277
-11.273571014404297
1.999999987845058e-08
-7.428199768066406
-11.314510345458984
-10.206878662109375
-1.999999987845058e-08
-5.034613132476807
-6.646130561828613
-7.966787338256836
1.999999987845058e-08
-0.7907654047012329
-0.16297318041324615
-3.334949254989624
-1.999999987845058e-08
4.981166362762451
7.9938788414001465
3.5603418350219727
1.999999987845058e-08
8.408429145812988
14.137821197509766
8.268807411193848
-1.999999987845058e-08
7.49689245223999
16.805511474609375
7.775545597076416
1.999999987845058e-08
4.385846138000488
18.60213851928711
4.059591293334961
-1.999999987845058e-08
1.1103558540344238
19.81674575805664
-0.5852687954902649
1.999999987845058e-08
-6.489590644836426
15.248856544494629
-15.621309280395508
-1.999999987845058e-08
-1.3600423336029053
18.934715270996094
-11.875022888183594
1.999999987845058e-08
3.2024943828582764
22.875152587890625
-7.592553615570068
-1.999999987845058e-08
4.665465831756592
24.67060089111328
-5.561853885650635
1.999999987845058e-08
5.191442966461182
23.70777130126953
-6.300127029418945
-1.999999987845058e-08
6.947364807128906
23.1112060546875
-7.419351577758789
1.999999987845058e-08
8.04748821258545
24.61794090270996
-7.062488079071045
-1.999999987845058e-08
5.23294734954834
24.567842483520508
-7.378077983856201
1.999999987845058e-08
-1.3581732511520386
20.428539276123047
-11.170827865600586
-1.999999987845058e-08
-6.873451232910156
16.440364837646484
-16.003467559814453
1.999999987845058e-08
-6.252964019775391
17.64961814880371
-16.355445861816406
-1.999999987845058e-08
-0.24930386245250702
23.42544937133789
-11.755674362182617
1.999999987845058e-08
5.391570091247559
30.15088653564453
-7.553858757019043
-1.999999987845058e-08
7.220487117767334
35.29302215576172
-7.014869689941406
1.999999987845058e-08
7.020970344543457
37.39878463745117
-8.277036666870117
-1.999999987845058e-08
6.77302360534668
36.91246795654297
-9.021188735961914
1.999999987845058e-08
