0
21.569543838500977
8.810022222860425e-08
-1.9825955629348755
8.810022222860425e-08
22.250192642211914
4.0944307500012656e-08
6.066875457763672
4.0944307500012656e-08
18.07959747314453
7.466515228315984e-08
4.9972076416015625
7.466515228315984e-08
13.9497709274292
3.494466938036567e-08
2.602142095565796
3.494466938036567e-08
10.481409072875977
6.90059209773608e-08
2.0865907669067383
6.90059209773608e-08
5.092339038848877
2.032103907367855e-08
-0.5859624147415161
2.032103907367855e-08
0.35571953654289246
4.1181607457474456e-08
-1.2583070993423462
4.1181607457474456e-08
-2.0034196376800537
-3.506894685756379e-08
2.88681697845459
-3.506894685756379e-08
-5.631455898284912
-3.163403761163863e-08
2.115602731704712
-3.163403761163863e-08
-10.077897071838379
3.932937886474974e-08
-6.800249099731445
3.932937886474974e-08
-10.713752746582031
8.810022222860425e-08
-13.40140151977539
8.810022222860425e-08
-8.305424690246582
4.0944307500012656e-08
-13.330802917480469
4.0944307500012656e-08
-7.151234149932861
7.466515228315984e-08
-13.875861167907715
7.466515228315984e-08
-7.116201400756836
3.494466938036567e-08
-19.011077880859375
3.494466938036567e-08
-5.410064697265625
6.90059209773608e-08
-24.544750213623047
6.90059209773608e-08
-1.3780196905136108
2.032103907367855e-08
-25.117189407348633
2.032103907367855e-08
4.071282386779785
4.1181607457474456e-08
-18.342126846313477
4.1181607457474456e-08
7.377584457397461
-3.506894685756379e-08
-9.928194999694824
-3.506894685756379e-08
3.7635772228240967
-3.163403761163863e-08
-11.153077125549316
-3.163403761163863e-08
-3.913870096206665
3.932937886474974e-08
-30.019973754882812
3.932937886474974e-08
2.996680498123169
8.810022222860425e-08
-26.92583465576172
8.810022222860425e-08
6.655739784240723
4.0944307500012656e-08
-21.614219665527344
4.0944307500012656e-08
3.7841625213623047
7.466515228315984e-08
-23.11079978942871
7.466515228315984e-08
3.594855546951294
3.494466938036567e-08
-24.2517147064209
3.494466938036567e-08
7.537506103515625
6.90059209773608e-08
-16.445716857910156
6.90059209773608e-08
5.831038951873779
2.032103907367855e-08
-8.997655868530273
2.032103907367855e-08
0.1811589151620865
4.1181607457474456e-08
-10.36744499206543
4.1181607457474456e-08
1.7976627349853516
-3.506894685756379e-08
-10.685630798339844
-3.506894685756379e-08
7.287234306335449
-3.163403761163863e-08
-4.150096893310547
-3.163403761163863e-08
-1.046549916267395
3.932937886474974e-08
-1.3477693796157837
3.932937886474974e-08
-4.54085636138916
8.810022222860425e-08
-2.086050510406494
8.810022222860425e-08
-4.247312545776367
4.0944307500012656e-08
3.0799758434295654
4.0944307500012656e-08
-2.913750171661377
7.466515228315984e-08
14.495359420776367
7.466515228315984e-08
-2.1876540184020996
3.494466938036567e-08
23.91984748840332
3.494466938036567e-08
-2.7760682106018066
6.90059209773608e-08
23.357791900634766
6.90059209773608e-08
-5.159758567810059
2.032103907367855e-08
17.687292098999023
2.032103907367855e-08
-9.752598762512207
4.1181607457474456e-08
14.307924270629883
4.1181607457474456e-08
-13.706198692321777
-3.506894685756379e-08
14.522760391235352
-3.506894685756379e-08
-13.913511276245117
-3.163403761163863e-08
16.281076431274414
-3.163403761163863e-08
-11.58336067199707
3.932937886474974e-08
15.320895195007324
3.932937886474974e-08
-6.511007785797119
8.810022222860425e-08
12.96610164642334
8.810022222860425e-08
1.0966148376464844
4.0944307500012656e-08
14.55805492401123
4.0944307500012656e-08
3.8204174041748047
7.466515228315984e-08
15.529691696166992
7.466515228315984e-08
-1.2708985805511475
3.494466938036567e-08
9.933318138122559
3.494466938036567e-08
-6.606588363647461
6.90059209773608e-08
3.18691086769104
6.90059209773608e-08
-8.80630111694336
2.032103907367855e-08
-1.0778626203536987
2.032103907367855e-08
-10.4161958694458
4.1181607457474456e-08
-5.78759765625
4.1181607457474456e-08
-9.849833488464355
-3.506894685756379e-08
-8.377732276916504
-3.506894685756379e-08
-7.2652668952941895
-3.163403761163863e-08
-8.206520080566406
-3.163403761163863e-08
-10.4161958694458
3.932937886474974e-08
-5.78759765625
3.932937886474974e-08
-9.849833488464355
8.810022222860425e-08
-8.377732276916504
8.810022222860425e-08
-7.2652668952941895
4.0944307500012656e-08
-8.206520080566406
4.0944307500012656e-08
-7.061396598815918
7.466515228315984e-08
-11.449348449707031
7.466515228315984e-08
-6.2978291511535645
3.494466938036567e-08
-13.600138664245605
3.494466938036567e-08
-0.4078316390514374
6.90059209773608e-08
-7.348580360412598
6.90059209773608e-08
3.7813758850097656
2.032103907367855e-08
-4.912511348724365
2.032103907367855e-08
1.7560452222824097
4.1181607457474456e-08
-14.494378089904785
4.1181607457474456e-08
1.7053345441818237
-3.506894685756379e-08
-19.2763671875
-3.506894685756379e-08
7.403717041015625
-3.163403761163863e-08
-9.25305461883545
-3.163403761163863e-08
12.188488960266113
3.932937886474974e-08
10.779668807983398
3.932937886474974e-08
10.248600959777832
8.810022222860425e-08
14.301966667175293
8.810022222860425e-08
5.626509189605713
4.0944307500012656e-08
10.96556282043457
4.0944307500012656e-08
-0.7765906453132629
7.466515228315984e-08
0.085194893181324
7.466515228315984e-08
-2.1517322063446045
3.494466938036567e-08
-7.670881271362305
3.494466938036567e-08
3.167398452758789
6.90059209773608e-08
-5.6567511558532715
6.90059209773608e-08
6.387824058532715
2.032103907367855e-08
-1.9147189855575562
2.032103907367855e-08
3.3339457511901855
4.1181607457474456e-08
-4.160770416259766
4.1181607457474456e-08
2.6981916427612305
-3.506894685756379e-08
-7.073697090148926
-3.506894685756379e-08
9.975232124328613
-3.163403761163863e-08
-2.5796642303466797
-3.163403761163863e-08
9.659407615661621
3.932937886474974e-08
7.836062908172607
3.932937886474974e-08
1.235720157623291
8.810022222860425e-08
4.520671367645264
8.810022222860425e-08
-0.4907277822494507
4.0944307500012656e-08
1.8460352420806885
4.0944307500012656e-08
1.6985188722610474
7.466515228315984e-08
1.8171862363815308
7.466515228315984e-08
3.73342227935791
3.494466938036567e-08
3.282447576522827
3.494466938036567e-08
6.885108947753906
6.90059209773608e-08
6.124959468841553
6.90059209773608e-08
10.789436340332031
2.032103907367855e-08
10.93277645111084
2.032103907367855e-08
10.381089210510254
4.1181607457474456e-08
13.799439430236816
4.1181607457474456e-08
1.5315659046173096
-3.506894685756379e-08
6.7196197509765625
-3.506894685756379e-08
-10.948932647705078
-3.163403761163863e-08
-9.522795677185059
-3.163403761163863e-08
-10.948932647705078
3.932937886474974e-08
-9.522795677185059
3.932937886474974e-08
-15.458477020263672
8.810022222860425e-08
-20.796066284179688
8.810022222860425e-08
-9.730240821838379
4.0944307500012656e-08
-18.61063003540039
4.0944307500012656e-08
-4.7430739402771
7.466515228315984e-08
-12.052130699157715
7.466515228315984e-08
-5.9307074546813965
3.494466938036567e-08
-9.690498352050781
3.494466938036567e-08
-7.308089733123779
6.90059209773608e-08
-9.121556282043457
6.90059209773608e-08
-5.6530680656433105
2.032103907367855e-08
-8.487072944641113
2.032103907367855e-08
-4.294708251953125
4.1181607457474456e-08
-9.464831352233887
4.1181607457474456e-08
-4.601091384887695
-3.506894685756379e-08
-12.15993595123291
-3.506894685756379e-08
-3.192589521408081
-3.163403761163863e-08
-13.743847846984863
-3.163403761163863e-08
1.5987913608551025
3.932937886474974e-08
-10.678467750549316
3.932937886474974e-08
6.814842700958252
8.810022222860425e-08
-2.8432271480560303
8.810022222860425e-08
9.962563514709473
4.0944307500012656e-08
6.27179479598999
4.0944307500012656e-08
10.540583610534668
7.466515228315984e-08
12.250433921813965
7.466515228315984e-08
8.826159477233887
3.494466938036567e-08
13.936056137084961
3.494466938036567e-08
7.063785552978516
6.90059209773608e-08
14.24787425994873
6.90059209773608e-08
8.1727933883667
2.032103907367855e-08
15.973888397216797
2.032103907367855e-08
10.444558143615723
4.1181607457474456e-08
19.189998626708984
4.1181607457474456e-08
8.812911987304688
-3.506894685756379e-08
21.465206146240234
-3.506894685756379e-08
4.645561695098877
-3.163403761163863e-08
22.48383903503418
-3.163403761163863e-08
0.8615949749946594
3.932937886474974e-08
24.956899642944336
3.932937886474974e-08
1.4878476858139038
8.810022222860425e-08
27.512353897094727
8.810022222860425e-08
5.025181293487549
4.0944307500012656e-08
29.277477264404297
4.0944307500012656e-08
5.434780597686768
7.466515228315984e-08
23.84322738647461
7.466515228315984e-08
3.691126823425293
3.494466938036567e-08
17.701045989990234
3.494466938036567e-08
6.035610675811768
6.90059209773608e-08
20.754796981811523
6.90059209773608e-08
10.971238136291504
2.032103907367855e-08
30.487934112548828
2.032103907367855e-08
11.869351387023926
4.1181607457474456e-08
37.77048110961914
4.1181607457474456e-08
6.738331317901611
-3.506894685756379e-08
36.124996185302734
-3.506894685756379e-08
-0.7322112917900085
-3.163403761163863e-08
24.031978607177734
-3.163403761163863e-08
-4.171692371368408
3.932937886474974e-08
9.511460304260254
3.932937886474974e-08
0.2506439685821533
8.810022222860425e-08
5.933883190155029
8.810022222860425e-08
7.932096481323242
4.0944307500012656e-08
14.404321670532227
4.0944307500012656e-08
9.654902458190918
7.466515228315984e-08
19.215063095092773
7.466515228315984e-08
3.8186702728271484
3.494466938036567e-08
10.154800415039062
3.494466938036567e-08
-1.8304591178894043
6.90059209773608e-08
-1.8860702514648438
6.90059209773608e-08
-3.89434814453125
2.032103907367855e-08
-5.863354206085205
2.032103907367855e-08
-7.15483283996582
4.1181607457474456e-08
-8.614175796508789
4.1181607457474456e-08
-10.918865203857422
-3.506894685756379e-08
-13.838791847229004
-3.506894685756379e-08
-8.377240180969238
-3.163403761163863e-08
-10.844307899475098
-3.163403761163863e-08
-8.377240180969238
3.932937886474974e-08
-10.844307899475098
3.932937886474974e-08
-3.085547924041748
8.810022222860425e-08
-0.831252932548523
8.810022222860425e-08
-5.661452293395996
4.0944307500012656e-08
0.6908348798751831
4.0944307500012656e-08
-14.032134056091309
7.466515228315984e-08
-6.015791416168213
7.466515228315984e-08
-16.45122718811035
3.494466938036567e-08
-5.713438034057617
3.494466938036567e-08
-11.93521499633789
6.90059209773608e-08
3.0454518795013428
6.90059209773608e-08
-9.832223892211914
2.032103907367855e-08
6.820155143737793
2.032103907367855e-08
-12.734586715698242
4.1181607457474456e-08
1.5084340572357178
4.1181607457474456e-08
-15.83118724822998
-3.506894685756379e-08
-5.016528129577637
-3.506894685756379e-08
-17.264354705810547
-3.163403761163863e-08
-9.389219284057617
-3.163403761163863e-08
-17.043514251708984
3.932937886474974e-08
-11.497930526733398
3.932937886474974e-08
-14.509154319763184
8.810022222860425e-08
-9.573022842407227
8.810022222860425e-08
-11.201422691345215
4.0944307500012656e-08
-6.801145553588867
4.0944307500012656e-08
-9.000712394714355
7.466515228315984e-08
-6.904810428619385
7.466515228315984e-08
-7.752641201019287
3.494466938036567e-08
-8.291218757629395
3.494466938036567e-08
-7.053631782531738
6.90059209773608e-08
-10.728363990783691
6.90059209773608e-08
-7.345490455627441
2.032103907367855e-08
-16.675432205200195
2.032103907367855e-08
-7.793266773223877
4.1181607457474456e-08
-23.623336791992188
4.1181607457474456e-08
-4.921541690826416
-3.506894685756379e-08
-21.770174026489258
-3.506894685756379e-08
1.4600234031677246
-3.163403761163863e-08
-5.735405921936035
-3.163403761163863e-08
4.591568470001221
3.932937886474974e-08
13.299018859863281
3.932937886474974e-08
0.48400846123695374
8.810022222860425e-08
19.4915828704834
8.810022222860425e-08
-6.469654083251953
4.0944307500012656e-08
12.364943504333496
4.0944307500012656e-08
-10.422813415527344
7.466515228315984e-08
4.47945499420166
7.466515228315984e-08
-9.360174179077148
3.494466938036567e-08
4.144095420837402
3.494466938036567e-08
-5.693386554718018
6.90059209773608e-08
8.273306846618652
6.90059209773608e-08
-3.29921293258667
2.032103907367855e-08
12.652915000915527
2.032103907367855e-08
-2.9643924236297607
4.1181607457474456e-08
18.389354705810547
4.1181607457474456e-08
-4.9840521812438965
-3.506894685756379e-08
21.85861587524414
-3.506894685756379e-08
-10.570806503295898
-3.163403761163863e-08
17.21439552307129
-3.163403761163863e-08
-22.297298431396484
3.932937886474974e-08
6.634670734405518
3.932937886474974e-08
-26.076078414916992
8.810022222860425e-08
1.0815900564193726
8.810022222860425e-08
-30.63398551940918
4.0944307500012656e-08
-12.058306694030762
4.0944307500012656e-08
-32.72333526611328
7.466515228315984e-08
-26.2536563873291
7.466515228315984e-08
-30.436845779418945
3.494466938036567e-08
-35.89895248413086
3.494466938036567e-08
-26.628780364990234
6.90059209773608e-08
-40.4755859375
6.90059209773608e-08
-21.11727523803711
2.032103907367855e-08
-35.08155822753906
2.032103907367855e-08
-12.990769386291504
4.1181607457474456e-08
-20.40951919555664
4.1181607457474456e-08
-6.652798652648926
-3.506894685756379e-08
-9.65245532989502
-3.506894685756379e-08
-3.2787110805511475
-3.163403761163863e-08
-5.276683330535889
-3.163403761163863e-08
-12.990769386291504
3.932937886474974e-08
-20.40951919555664
3.932937886474974e-08
-6.652798652648926
8.810022222860425e-08
-9.65245532989502
8.810022222860425e-08
-3.2787113189697266
4.0944307500012656e-08
-5.276683330535889
4.0944307500012656e-08
1.0070933103561401
7.466515228315984e-08
4.334272384643555
7.466515228315984e-08
3.833063840866089
3.494466938036567e-08
16.919748306274414
3.494466938036567e-08
0.554010272026062
6.90059209773608e-08
18.432519912719727
6.90059209773608e-08
-3.743905544281006
2.032103907367855e-08
11.164094924926758
2.032103907367855e-08
-2.4973740577697754
4.1181607457474456e-08
9.255114555358887
4.1181607457474456e-08
1.178628921508789
-3.506894685756379e-08
13.998566627502441
-3.506894685756379e-08
1.9034730195999146
-3.163403761163863e-08
15.959882736206055
-3.163403761163863e-08
1.851256251335144
3.932937886474974e-08
10.912761688232422
3.932937886474974e-08
1.6856563091278076
8.810022222860425e-08
5.648105144500732
8.810022222860425e-08
3.546780824661255
4.0944307500012656e-08
8.839764595031738
4.0944307500012656e-08
4.06884765625
7.466515228315984e-08
11.835470199584961
7.466515228315984e-08
4.211127281188965
3.494466938036567e-08
10.692178726196289
3.494466938036567e-08
5.5435895919799805
6.90059209773608e-08
7.666595935821533
6.90059209773608e-08
6.876776218414307
2.032103907367855e-08
5.797613143920898
2.032103907367855e-08
4.84503173828125
4.1181607457474456e-08
4.720800876617432
4.1181607457474456e-08
0.02256394550204277
-3.506894685756379e-08
2.562805414199829
-3.506894685756379e-08
-3.936708927154541
-3.163403761163863e-08
-1.2889704704284668
-3.163403761163863e-08
4.84503173828125
3.932937886474974e-08
4.720800876617432
3.932937886474974e-08
0.022563986480236053
8.810022222860425e-08
2.562805414199829
8.810022222860425e-08
-3.936708927154541
4.0944307500012656e-08
-1.2889705896377563
4.0944307500012656e-08
-6.308379650115967
7.466515228315984e-08
-6.568807125091553
7.466515228315984e-08
-5.958122730255127
3.494466938036567e-08
-8.588390350341797
3.494466938036567e-08
-1.8896666765213013
6.90059209773608e-08
-3.182331085205078
6.90059209773608e-08
-0.19823086261749268
2.032103907367855e-08
1.4354662895202637
2.032103907367855e-08
-5.594873428344727
4.1181607457474456e-08
-4.8458404541015625
4.1181607457474456e-08
-9.09700870513916
-3.506894685756379e-08
-12.927311897277832
-3.506894685756379e-08
-3.419250965118408
-3.163403761163863e-08
-9.407058715820312
-3.163403761163863e-08
-2.315586566925049
3.932937886474974e-08
-9.651703834533691
3.932937886474974e-08
2.9489190578460693
8.810022222860425e-08
-5.641192436218262
8.810022222860425e-08
6.868109226226807
4.0944307500012656e-08
-3.5157415866851807
4.0944307500012656e-08
6.856412410736084
7.466515228315984e-08
-10.036121368408203
7.466515228315984e-08
7.351961612701416
3.494466938036567e-08
-15.394267082214355
3.494466938036567e-08
8.46547794342041
6.90059209773608e-08
-13.011301040649414
6.90059209773608e-08
8.889073371887207
2.032103907367855e-08
-8.616711616516113
2.032103907367855e-08
10.737436294555664
4.1181607457474456e-08
-5.925445079803467
4.1181607457474456e-08
13.105520248413086
-3.506894685756379e-08
-4.740412712097168
-3.506894685756379e-08
13.026758193969727
-3.163403761163863e-08
-6.154674053192139
-3.163403761163863e-08
13.105520248413086
3.932937886474974e-08
-4.740412712097168
3.932937886474974e-08
13.026758193969727
8.810022222860425e-08
-6.154674053192139
8.810022222860425e-08
13.142925262451172
4.0944307500012656e-08
-7.320194244384766
4.0944307500012656e-08
16.92535972595215
7.466515228315984e-08
-4.161875247955322
7.466515228315984e-08
21.069238662719727
3.494466938036567e-08
-2.095940113067627
3.494466938036567e-08
22.155794143676758
6.90059209773608e-08
-7.349586009979248
6.90059209773608e-08
23.215856552124023
2.032103907367855e-08
-11.760272979736328
2.032103907367855e-08
25.9865779876709
4.1181607457474456e-08
-6.532240867614746
4.1181607457474456e-08
26.415098190307617
-3.506894685756379e-08
0.8844702243804932
-3.506894685756379e-08
23.250850677490234
-3.163403761163863e-08
2.7693021297454834
-3.163403761163863e-08
21.017765045166016
3.932937886474974e-08
3.8200955390930176
3.932937886474974e-08
21.865331649780273
8.810022222860425e-08
6.7974395751953125
8.810022222860425e-08
22.554248809814453
4.0944307500012656e-08
6.879391193389893
4.0944307500012656e-08
20.960651397705078
7.466515228315984e-08
4.335046291351318
7.466515228315984e-08
17.82623863220215
3.494466938036567e-08
3.7763304710388184
3.494466938036567e-08
12.703827857971191
6.90059209773608e-08
2.6807565689086914
6.90059209773608e-08
6.521969318389893
2.032103907367855e-08
-2.1728639602661133
2.032103907367855e-08
3.3645801544189453
4.1181607457474456e-08
-6.081838130950928
4.1181607457474456e-08
2.8896403312683105
-3.506894685756379e-08
-7.006807327270508
-3.506894685756379e-08
1.7413395643234253
-3.163403761163863e-08
-6.964026927947998
-3.163403761163863e-08
7.532262325286865
3.932937886474974e-08
8.881953239440918
3.932937886474974e-08
11.3947172164917
8.810022222860425e-08
16.299894332885742
8.810022222860425e-08
10.062227249145508
4.0944307500012656e-08
15.578534126281738
4.0944307500012656e-08
6.942445278167725
7.466515228315984e-08
11.338968276977539
7.466515228315984e-08
4.427307605743408
3.494466938036567e-08
5.421152114868164
3.494466938036567e-08
1.5572484731674194
6.90059209773608e-08
-1.9893338680267334
6.90059209773608e-08
0.17542196810245514
2.032103907367855e-08
-6.32654333114624
2.032103907367855e-08
2.5150530338287354
4.1181607457474456e-08
-5.004463195800781
4.1181607457474456e-08
5.542062759399414
-3.506894685756379e-08
-2.344773769378662
-3.506894685756379e-08
7.468777656555176
-3.163403761163863e-08
-0.866736650466919
-3.163403761163863e-08
11.385436058044434
3.932937886474974e-08
2.8468382358551025
3.932937886474974e-08
16.035531997680664
8.810022222860425e-08
7.953052520751953
8.810022222860425e-08
15.900394439697266
4.0944307500012656e-08
7.294007301330566
4.0944307500012656e-08
13.130611419677734
7.466515228315984e-08
1.5593315362930298
7.466515228315984e-08
14.140054702758789
3.494466938036567e-08
0.43368402123451233
3.494466938036567e-08
15.612174987792969
6.90059209773608e-08
3.5710203647613525
6.90059209773608e-08
12.238972663879395
2.032103907367855e-08
2.533729314804077
2.032103907367855e-08
9.8666353225708
4.1181607457474456e-08
0.7068215608596802
4.1181607457474456e-08
11.705517768859863
-3.506894685756379e-08
2.9031214714050293
-3.506894685756379e-08
10.543963432312012
-3.163403761163863e-08
2.734342336654663
-3.163403761163863e-08
8.782854080200195
3.932937886474974e-08
9.197921752929688
3.932937886474974e-08
13.151680946350098
8.810022222860425e-08
18.66512680053711
8.810022222860425e-08
11.820853233337402
4.0944307500012656e-08
19.428022384643555
4.0944307500012656e-08
8.193614959716797
7.466515228315984e-08
16.129220962524414
7.466515228315984e-08
8.318351745605469
3.494466938036567e-08
14.030890464782715
3.494466938036567e-08
10.101056098937988
6.90059209773608e-08
10.848599433898926
6.90059209773608e-08
10.798333168029785
2.032103907367855e-08
8.580520629882812
2.032103907367855e-08
10.716700553894043
4.1181607457474456e-08
9.433576583862305
4.1181607457474456e-08
8.027534484863281
-3.506894685756379e-08
7.738672256469727
-3.506894685756379e-08
1.588830828666687
-3.163403761163863e-08
1.1875241994857788
-3.163403761163863e-08
8.027534484863281
3.932937886474974e-08
7.738672256469727
3.932937886474974e-08
1.588830828666687
8.810022222860425e-08
1.1875241994857788
8.810022222860425e-08
-4.955121040344238
4.0944307500012656e-08
-3.866135597229004
4.0944307500012656e-08
-8.922968864440918
7.466515228315984e-08
-5.467391490936279
7.466515228315984e-08
-12.123834609985352
3.494466938036567e-08
-8.593758583068848
3.494466938036567e-08
-14.505631446838379
6.90059209773608e-08
-12.333192825317383
6.90059209773608e-08
-12.259050369262695
2.032103907367855e-08
-10.570306777954102
2.032103907367855e-08
-6.638034343719482
4.1181607457474456e-08
-4.333671569824219
4.1181607457474456e-08
-5.708994388580322
-3.506894685756379e-08
-0.7300677299499512
-3.506894685756379e-08
-11.584344863891602
-3.163403761163863e-08
-2.7575671672821045
-3.163403761163863e-08
-11.584344863891602
3.932937886474974e-08
-2.7575671672821045
3.932937886474974e-08
-15.572850227355957
8.810022222860425e-08
-7.158876895904541
8.810022222860425e-08
-12.734098434448242
4.0944307500012656e-08
-9.863639831542969
4.0944307500012656e-08
-8.806777000427246
7.466515228315984e-08
-10.009124755859375
7.466515228315984e-08
-6.433048248291016
3.494466938036567e-08
-6.872592926025391
3.494466938036567e-08
-2.5139291286468506
6.90059209773608e-08
0.021595824509859085
6.90059209773608e-08
0.2608508765697479
2.032103907367855e-08
5.185614585876465
2.032103907367855e-08
-2.3099796772003174
4.1181607457474456e-08
2.798858880996704
4.1181607457474456e-08
-6.1274542808532715
-3.506894685756379e-08
-3.4741501808166504
-3.506894685756379e-08
-6.483020782470703
-3.163403761163863e-08
-6.748883247375488
-3.163403761163863e-08
3.1678035259246826
3.932937886474974e-08
16.422801971435547
3.932937886474974e-08
2.013047456741333
8.810022222860425e-08
18.97996711730957
8.810022222860425e-08
-2.9808619022369385
4.0944307500012656e-08
11.716948509216309
4.0944307500012656e-08
-4.36257266998291
7.466515228315984e-08
4.967589378356934
7.466515228315984e-08
-2.159810781478882
3.494466938036567e-08
3.326052665710449
3.494466938036567e-08
-3.4083595275878906
6.90059209773608e-08
0.8013439774513245
6.90059209773608e-08
-9.149846076965332
2.032103907367855e-08
-7.9782938957214355
2.032103907367855e-08
-12.540305137634277
4.1181607457474456e-08
-17.716962814331055
4.1181607457474456e-08
-10.315447807312012
-3.506894685756379e-08
-18.95878791809082
-3.506894685756379e-08
-8.976481437683105
-3.163403761163863e-08
-15.781479835510254
-3.163403761163863e-08
-12.228792190551758
3.932937886474974e-08
-17.080459594726562
3.932937886474974e-08
-14.089803695678711
8.810022222860425e-08
-16.808597564697266
8.810022222860425e-08
-13.347023963928223
4.0944307500012656e-08
-9.893889427185059
4.0944307500012656e-08
-14.333666801452637
7.466515228315984e-08
-3.464578151702881
7.466515228315984e-08
-16.181713104248047
3.494466938036567e-08
-1.5652291774749756
3.494466938036567e-08
-17.3222713470459
6.90059209773608e-08
-3.9535677433013916
6.90059209773608e-08
-17.518482208251953
2.032103907367855e-08
-7.604161739349365
2.032103907367855e-08
-15.549764633178711
4.1181607457474456e-08
-5.5030717849731445
4.1181607457474456e-08
-13.932347297668457
-3.506894685756379e-08
0.6865280866622925
-3.506894685756379e-08
-14.859037399291992
-3.163403761163863e-08
2.9184048175811768
-3.163403761163863e-08
-14.652213096618652
3.932937886474974e-08
1.3702611923217773
3.932937886474974e-08
-11.869377136230469
8.810022222860425e-08
-0.5313293933868408
8.810022222860425e-08
-10.68394660949707
4.0944307500012656e-08
-5.437228202819824
4.0944307500012656e-08
-10.714369773864746
7.466515228315984e-08
-14.266958236694336
7.466515228315984e-08
-6.432209014892578
3.494466938036567e-08
-19.398189544677734
3.494466938036567e-08
1.6031168699264526
6.90059209773608e-08
-14.671211242675781
6.90059209773608e-08
6.779693603515625
2.032103907367855e-08
-5.412785530090332
2.032103907367855e-08
5.906191349029541
4.1181607457474456e-08
-2.8324429988861084
4.1181607457474456e-08
1.585706114768982
-3.506894685756379e-08
-11.087031364440918
-3.506894685756379e-08
-2.0679078102111816
-3.163403761163863e-08
-22.476287841796875
-3.163403761163863e-08
-3.4373433589935303
3.932937886474974e-08
-26.444875717163086
3.932937886474974e-08
-2.5242116451263428
8.810022222860425e-08
-19.187686920166016
8.810022222860425e-08
0.7882109880447388
4.0944307500012656e-08
-4.005038261413574
4.0944307500012656e-08
3.459791421890259
7.466515228315984e-08
9.107320785522461
7.466515228315984e-08
1.5919941663742065
3.494466938036567e-08
10.60918140411377
3.494466938036567e-08
-2.3828485012054443
6.90059209773608e-08
3.9021637439727783
6.90059209773608e-08
-3.589850425720215
2.032103907367855e-08
-0.4664542078971863
2.032103907367855e-08
-1.806718349456787
4.1181607457474456e-08
0.7652769684791565
4.1181607457474456e-08
0.9442424774169922
-3.506894685756379e-08
4.584078788757324
-3.506894685756379e-08
2.0502328872680664
-3.163403761163863e-08
7.804155349731445
-3.163403761163863e-08
-1.9122800827026367
3.932937886474974e-08
7.43869161605835
3.932937886474974e-08
-9.388711929321289
8.810022222860425e-08
2.0144481658935547
8.810022222860425e-08
-12.338441848754883
4.0944307500012656e-08
-2.6988182067871094
4.0944307500012656e-08
-8.30174446105957
7.466515228315984e-08
2.373783826828003
7.466515228315984e-08
-5.639501094818115
3.494466938036567e-08
13.664922714233398
3.494466938036567e-08
-9.839286804199219
6.90059209773608e-08
16.115320205688477
6.90059209773608e-08
-16.254074096679688
2.032103907367855e-08
3.6938021183013916
2.032103907367855e-08
-18.75257682800293
4.1181607457474456e-08
-13.46611213684082
4.1181607457474456e-08
-14.766539573669434
-3.506894685756379e-08
-20.734479904174805
-3.506894685756379e-08
-5.9140520095825195
-3.163403761163863e-08
-14.067278861999512
-3.163403761163863e-08
-14.766539573669434
3.932937886474974e-08
-20.734479904174805
3.932937886474974e-08
-5.9140520095825195
8.810022222860425e-08
-14.067278861999512
8.810022222860425e-08
2.6800448894500732
4.0944307500012656e-08
-2.5747292041778564
4.0944307500012656e-08
7.2664923667907715
7.466515228315984e-08
4.932995319366455
7.466515228315984e-08
6.75152587890625
3.494466938036567e-08
7.164707183837891
3.494466938036567e-08
0.6577562689781189
6.90059209773608e-08
4.084661960601807
6.90059209773608e-08
-7.9135589599609375
2.032103907367855e-08
-1.648402214050293
2.032103907367855e-08
-11.565814018249512
4.1181607457474456e-08
-0.6260599493980408
4.1181607457474456e-08
-8.239819526672363
-3.506894685756379e-08
8.748538970947266
-3.506894685756379e-08
-5.699788570404053
-3.163403761163863e-08
12.28215503692627
-3.163403761163863e-08
-11.474969863891602
3.932937886474974e-08
-14.699158668518066
3.932937886474974e-08
-5.486606597900391
8.810022222860425e-08
-20.228219985961914
8.810022222860425e-08
1.7342513799667358
4.0944307500012656e-08
-18.196182250976562
4.0944307500012656e-08
1.401464581489563
7.466515228315984e-08
-18.02962875366211
7.466515228315984e-08
-0.46535488963127136
3.494466938036567e-08
-17.391517639160156
3.494466938036567e-08
3.9306302070617676
6.90059209773608e-08
-9.716054916381836
6.90059209773608e-08
9.043598175048828
2.032103907367855e-08
0.008026350289583206
2.032103907367855e-08
8.2381010055542
4.1181607457474456e-08
3.0908401012420654
4.1181607457474456e-08
4.139097213745117
-3.506894685756379e-08
0.05078841745853424
-3.506894685756379e-08
-0.19641472399234772
-3.163403761163863e-08
-2.6592655181884766
-3.163403761163863e-08
-4.807870864868164
3.932937886474974e-08
-0.036077678203582764
3.932937886474974e-08
-9.47128677368164
8.810022222860425e-08
4.742119789123535
8.810022222860425e-08
-13.654424667358398
4.0944307500012656e-08
3.610623598098755
4.0944307500012656e-08
-15.784683227539062
7.466515228315984e-08
-1.4943983554840088
7.466515228315984e-08
-14.531058311462402
3.494466938036567e-08
-2.3423728942871094
3.494466938036567e-08
-10.624382019042969
6.90059209773608e-08
1.565515398979187
6.90059209773608e-08
-5.778451442718506
2.032103907367855e-08
6.111728668212891
2.032103907367855e-08
-2.7849576473236084
4.1181607457474456e-08
7.839151859283447
4.1181607457474456e-08
-2.5579586029052734
-3.506894685756379e-08
6.163487434387207
-3.506894685756379e-08
-2.5254485607147217
-3.163403761163863e-08
6.171725273132324
-3.163403761163863e-08
-3.0652732849121094
3.932937886474974e-08
11.101680755615234
3.932937886474974e-08
-7.494038105010986
8.810022222860425e-08
15.036887168884277
8.810022222860425e-08
-13.597776412963867
4.0944307500012656e-08
10.973666191101074
4.0944307500012656e-08
-14.045514106750488
7.466515228315984e-08
3.9930665493011475
7.466515228315984e-08
-6.786573886871338
3.494466938036567e-08
5.8850178718566895
3.494466938036567e-08
1.1413404941558838
6.90059209773608e-08
14.394458770751953
6.90059209773608e-08
2.9882991313934326
2.032103907367855e-08
15.960559844970703
2.032103907367855e-08
0.23151268064975739
4.1181607457474456e-08
10.926132202148438
4.1181607457474456e-08
-2.761233329772949
-3.506894685756379e-08
10.159178733825684
-3.506894685756379e-08
-5.357730388641357
-3.163403761163863e-08
11.55368423461914
-3.163403761163863e-08
-8.707682609558105
3.932937886474974e-08
5.531169891357422
3.932937886474974e-08
-10.595417976379395
8.810022222860425e-08
-3.7837464809417725
8.810022222860425e-08
-8.002781867980957
4.0944307500012656e-08
-5.182648658752441
4.0944307500012656e-08
-5.352292537689209
7.466515228315984e-08
-2.0929601192474365
7.466515228315984e-08
-9.158321380615234
3.494466938036567e-08
-6.384772777557373
3.494466938036567e-08
-15.0053071975708
6.90059209773608e-08
-15.314491271972656
6.90059209773608e-08
-14.24386978149414
2.032103907367855e-08
-15.440425872802734
2.032103907367855e-08
-8.342013359069824
4.1181607457474456e-08
-4.029862403869629
4.1181607457474456e-08
-5.937601089477539
-3.506894685756379e-08
6.807405471801758
-3.506894685756379e-08
-11.107285499572754
-3.163403761163863e-08
4.1324591636657715
-3.163403761163863e-08
-10.344084739685059
3.932937886474974e-08
-19.78972816467285
3.932937886474974e-08
0.8660677671432495
8.810022222860425e-08
-1.066779375076294
8.810022222860425e-08
6.885488033294678
4.0944307500012656e-08
17.30313491821289
4.0944307500012656e-08
5.869378089904785
7.466515228315984e-08
21.493349075317383
7.466515228315984e-08
1.6205793619155884
3.494466938036567e-08
14.0242280960083
3.494466938036567e-08
-1.3791481256484985
6.90059209773608e-08
5.764705181121826
6.90059209773608e-08
-0.5432404279708862
2.032103907367855e-08
3.0295796394348145
2.032103907367855e-08
3.377500295639038
4.1181607457474456e-08
5.839258193969727
4.1181607457474456e-08
6.693942546844482
-3.506894685756379e-08
8.484039306640625
-3.506894685756379e-08
9.007896423339844
-3.163403761163863e-08
6.784728050231934
-3.163403761163863e-08
3.377500295639038
3.932937886474974e-08
5.839258193969727
3.932937886474974e-08
6.693942546844482
8.810022222860425e-08
8.484039306640625
8.810022222860425e-08
9.007896423339844
4.0944307500012656e-08
6.784728050231934
4.0944307500012656e-08
12.997535705566406
7.466515228315984e-08
5.502074241638184
7.466515228315984e-08
16.55099105834961
3.494466938036567e-08
8.635515213012695
3.494466938036567e-08
16.777542114257812
6.90059209773608e-08
12.460989952087402
6.90059209773608e-08
16.496997833251953
2.032103907367855e-08
14.793967247009277
2.032103907367855e-08
17.525882720947266
4.1181607457474456e-08
17.18214225769043
4.1181607457474456e-08
16.734352111816406
-3.506894685756379e-08
16.37978744506836
-3.506894685756379e-08
13.410748481750488
-3.163403761163863e-08
8.61153507232666
-3.163403761163863e-08
13.602607727050781
3.932937886474974e-08
4.614968776702881
3.932937886474974e-08
8.770217895507812
8.810022222860425e-08
2.5431783199310303
8.810022222860425e-08
2.7485952377319336
4.0944307500012656e-08
-3.6744537353515625
4.0944307500012656e-08
0.6422654986381531
7.466515228315984e-08
-8.33552074432373
7.466515228315984e-08
2.917491912841797
3.494466938036567e-08
-9.639524459838867
3.494466938036567e-08
4.993991374969482
6.90059209773608e-08
-6.514405250549316
6.90059209773608e-08
3.1645426750183105
2.032103907367855e-08
0.1940692663192749
2.032103907367855e-08
0.29038286209106445
4.1181607457474456e-08
5.38072395324707
4.1181607457474456e-08
0.1715184450149536
-3.506894685756379e-08
3.0721397399902344
-3.506894685756379e-08
1.0861008167266846
-3.163403761163863e-08
-6.381782054901123
-3.163403761163863e-08
2.3543341159820557
3.932937886474974e-08
-11.879241943359375
3.932937886474974e-08
6.092057704925537
8.810022222860425e-08
-6.4840006828308105
8.810022222860425e-08
10.589014053344727
4.0944307500012656e-08
-2.2420148849487305
4.0944307500012656e-08
11.243183135986328
7.466515228315984e-08
-1.6376352310180664
7.466515228315984e-08
5.129166126251221
3.494466938036567e-08
-9.51380729675293
3.494466938036567e-08
-3.684486150741577
6.90059209773608e-08
-25.277952194213867
6.90059209773608e-08
-6.284602642059326
2.032103907367855e-08
-34.5411376953125
2.032103907367855e-08
-0.2094811499118805
4.1181607457474456e-08
-24.08683967590332
4.1181607457474456e-08
4.823761940002441
-3.506894685756379e-08
-5.398711204528809
-3.506894685756379e-08
1.0655015707015991
-3.163403761163863e-08
-0.34549152851104736
-3.163403761163863e-08
1.0655015707015991
3.932937886474974e-08
-0.34549158811569214
3.932937886474974e-08
-4.033296585083008
8.810022222860425e-08
-5.782964706420898
8.810022222860425e-08
-1.656719446182251
4.0944307500012656e-08
-4.917869567871094
4.0944307500012656e-08
2.164391279220581
7.466515228315984e-08
-0.9347510933876038
7.466515228315984e-08
0.6853352189064026
3.494466938036567e-08
-2.271731376647949
3.494466938036567e-08
-0.3993872106075287
6.90059209773608e-08
-1.235835075378418
6.90059209773608e-08
2.8458609580993652
2.032103907367855e-08
4.456153392791748
2.032103907367855e-08
6.263680458068848
4.1181607457474456e-08
4.933200359344482
4.1181607457474456e-08
7.904132843017578
-3.506894685756379e-08
0.036415960639715195
-3.506894685756379e-08
8.270933151245117
-3.163403761163863e-08
-4.579481601715088
-3.163403761163863e-08
4.791459560394287
3.932937886474974e-08
-14.394495010375977
3.932937886474974e-08
4.071536064147949
8.810022222860425e-08
-14.749932289123535
8.810022222860425e-08
4.913042068481445
4.0944307500012656e-08
-12.673822402954102
4.0944307500012656e-08
8.028239250183105
7.466515228315984e-08
-9.215773582458496
7.466515228315984e-08
13.371464729309082
3.494466938036567e-08
-1.3622077703475952
3.494466938036567e-08
16.612550735473633
6.90059209773608e-08
9.138322830200195
6.90059209773608e-08
12.663562774658203
2.032103907367855e-08
13.416790008544922
2.032103907367855e-08
4.2122483253479
4.1181607457474456e-08
6.69935417175293
4.1181607457474456e-08
1.2349754571914673
-3.506894685756379e-08
-2.8105063438415527
-3.506894685756379e-08
7.287880897521973
-3.163403761163863e-08
-5.460248947143555
-3.163403761163863e-08
14.67021369934082
3.932937886474974e-08
-2.9261345863342285
3.932937886474974e-08
16.950218200683594
8.810022222860425e-08
0.15576182305812836
8.810022222860425e-08
15.851099014282227
4.0944307500012656e-08
2.9086263179779053
4.0944307500012656e-08
14.777002334594727
7.466515228315984e-08
3.275895357131958
7.466515228315984e-08
14.732697486877441
3.494466938036567e-08
0.9919559955596924
3.494466938036567e-08
15.747310638427734
6.90059209773608e-08
-0.34135398268699646
6.90059209773608e-08
17.002134323120117
2.032103907367855e-08
-0.25820067524909973
2.032103907367855e-08
17.28266716003418
4.1181607457474456e-08
-0.11176274716854095
4.1181607457474456e-08
17.61781883239746
-3.506894685756379e-08
3.2896459102630615
-3.506894685756379e-08
18.632478713989258
-3.163403761163863e-08
9.878825187683105
-3.163403761163863e-08
17.667118072509766
3.932937886474974e-08
10.395812034606934
3.932937886474974e-08
15.131620407104492
8.810022222860425e-08
2.1276352405548096
8.810022222860425e-08
15.16113567352295
4.0944307500012656e-08
-3.5482630729675293
4.0944307500012656e-08
17.0076847076416
7.466515228315984e-08
0.4110078811645508
7.466515228315984e-08
16.780061721801758
3.494466938036567e-08
6.828719139099121
3.494466938036567e-08
15.678104400634766
6.90059209773608e-08
9.562047004699707
6.90059209773608e-08
16.87189483642578
2.032103907367855e-08
12.85942268371582
2.032103907367855e-08
17.906780242919922
4.1181607457474456e-08
18.355205535888672
4.1181607457474456e-08
14.581897735595703
-3.506894685756379e-08
18.145898818969727
-3.506894685756379e-08
11.022411346435547
-3.163403761163863e-08
11.277140617370605
-3.163403761163863e-08
17.906780242919922
3.932937886474974e-08
18.355205535888672
3.932937886474974e-08
14.581897735595703
8.810022222860425e-08
18.145898818969727
8.810022222860425e-08
11.022411346435547
4.0944307500012656e-08
11.277140617370605
4.0944307500012656e-08
13.996515274047852
7.466515228315984e-08
9.520320892333984
7.466515228315984e-08
18.060014724731445
3.494466938036567e-08
16.115201950073242
3.494466938036567e-08
13.507235527038574
6.90059209773608e-08
19.261737823486328
6.90059209773608e-08
5.339517593383789
2.032103907367855e-08
14.232563972473145
2.032103907367855e-08
4.2067790031433105
4.1181607457474456e-08
9.069887161254883
4.1181607457474456e-08
8.149662017822266
-3.506894685756379e-08
6.647333145141602
-3.506894685756379e-08
11.168240547180176
-3.163403761163863e-08
2.613295078277588
-3.163403761163863e-08
20.631160736083984
3.932937886474974e-08
3.2098312377929688
3.932937886474974e-08
19.85944366455078
8.810022222860425e-08
9.74674129486084
8.810022222860425e-08
11.512185096740723
4.0944307500012656e-08
7.274706840515137
4.0944307500012656e-08
3.189460277557373
7.466515228315984e-08
-3.310093879699707
7.466515228315984e-08
-0.9256467819213867
3.494466938036567e-08
-11.30649471282959
3.494466938036567e-08
-1.6902159452438354
6.90059209773608e-08
-12.513731002807617
6.90059209773608e-08
2.149202346801758
2.032103907367855e-08
-7.462551116943359
2.032103907367855e-08
8.667506217956543
4.1181607457474456e-08
1.7110813856124878
4.1181607457474456e-08
10.95442008972168
-3.506894685756379e-08
8.050603866577148
-3.506894685756379e-08
9.049215316772461
-3.163403761163863e-08
6.710907936096191
-3.163403761163863e-08
11.883162498474121
3.932937886474974e-08
3.3930790424346924
3.932937886474974e-08
7.99559211730957
8.810022222860425e-08
3.694089889526367
8.810022222860425e-08
-1.7059297561645508
4.0944307500012656e-08
-3.5070369243621826
4.0944307500012656e-08
-8.869892120361328
7.466515228315984e-08
-13.648064613342285
7.466515228315984e-08
-9.873469352722168
3.494466938036567e-08
-16.710031509399414
3.494466938036567e-08
-9.061100959777832
6.90059209773608e-08
-12.291407585144043
6.90059209773608e-08
-12.450634002685547
2.032103907367855e-08
-11.325194358825684
2.032103907367855e-08
-19.499555587768555
4.1181607457474456e-08
-19.879568099975586
4.1181607457474456e-08
-21.920326232910156
-3.506894685756379e-08
-26.820343017578125
-3.506894685756379e-08
-16.573894500732422
-3.163403761163863e-08
-21.647029876708984
-3.163403761163863e-08
-16.573894500732422
3.932937886474974e-08
-21.647029876708984
3.932937886474974e-08
-12.499464988708496
8.810022222860425e-08
-13.812667846679688
8.810022222860425e-08
-14.802800178527832
4.0944307500012656e-08
-14.080909729003906
4.0944307500012656e-08
-15.46420955657959
7.466515228315984e-08
-14.507333755493164
7.466515228315984e-08
-10.388752937316895
3.494466938036567e-08
-6.561564922332764
3.494466938036567e-08
-6.828864574432373
6.90059209773608e-08
0.9437828660011292
6.90059209773608e-08
-6.655238151550293
2.032103907367855e-08
-0.10142325609922409
2.032103907367855e-08
-4.265568256378174
4.1181607457474456e-08
-3.1995317935943604
4.1181607457474456e-08
-0.8810757994651794
-3.506894685756379e-08
-3.82441782951355
-3.506894685756379e-08
0.32092443108558655
-3.163403761163863e-08
-3.7924089431762695
-3.163403761163863e-08
2.3763420581817627
3.932937886474974e-08
-0.870617151260376
3.932937886474974e-08
4.355032920837402
8.810022222860425e-08
3.2394192218780518
8.810022222860425e-08
1.0490392446517944
4.0944307500012656e-08
1.6528840065002441
4.0944307500012656e-08
-4.850882053375244
7.466515228315984e-08
-3.409723997116089
7.466515228315984e-08
-6.659990310668945
3.494466938036567e-08
-5.014181137084961
3.494466938036567e-08
-5.611478328704834
6.90059209773608e-08
-4.732960224151611
6.90059209773608e-08
