0
-14.223455429077148
8.810022222860425e-08
-23.63551139831543
8.810022222860425e-08
-7.406362056732178
4.0944307500012656e-08
-22.814809799194336
4.0944307500012656e-08
35.48264694213867
7.466515228315984e-08
26.781709671020508
7.466515228315984e-08
49.47335433959961
3.494466938036567e-08
49.84673309326172
3.494466938036567e-08
13.933749198913574
6.90059209773608e-08
8.06692123413086
6.90059209773608e-08
-14.924229621887207
2.032103907367855e-08
-39.05767059326172
2.032103907367855e-08
8.246363639831543
4.1181607457474456e-08
-23.506637573242188
4.1181607457474456e-08
50.3912353515625
-3.506894685756379e-08
31.57944107055664
-3.506894685756379e-08
54.094215393066406
-3.163403761163863e-08
51.87810134887695
-3.163403761163863e-08
54.094215393066406
3.932937886474974e-08
51.87810134887695
3.932937886474974e-08
21.86580467224121
8.810022222860425e-08
22.116405487060547
8.810022222860425e-08
4.566497802734375
4.0944307500012656e-08
-0.6434342265129089
4.0944307500012656e-08
24.088773727416992
7.466515228315984e-08
21.73474884033203
7.466515228315984e-08
47.617191314697266
3.494466938036567e-08
56.1486701965332
3.494466938036567e-08
41.022090911865234
6.90059209773608e-08
53.37051010131836
6.90059209773608e-08
18.105487823486328
2.032103907367855e-08
21.759235382080078
2.032103907367855e-08
14.136556625366211
4.1181607457474456e-08
10.304986000061035
4.1181607457474456e-08
26.899477005004883
-3.506894685756379e-08
26.70845603942871
-3.506894685756379e-08
23.933977127075195
-3.163403761163863e-08
26.982398986816406
-3.163403761163863e-08
3.109116315841675
3.932937886474974e-08
-1.8196170330047607
3.932937886474974e-08
-2.948235273361206
8.810022222860425e-08
-16.10188865661621
8.810022222860425e-08
13.492568969726562
4.0944307500012656e-08
4.447647571563721
4.0944307500012656e-08
20.63072395324707
7.466515228315984e-08
19.554718017578125
7.466515228315984e-08
5.273073196411133
3.494466938036567e-08
2.5001118183135986
3.494466938036567e-08
-2.488227605819702
6.90059209773608e-08
-10.688027381896973
6.90059209773608e-08
13.524682998657227
2.032103907367855e-08
10.062893867492676
2.032103907367855e-08
21.390642166137695
4.1181607457474456e-08
27.860750198364258
4.1181607457474456e-08
-0.19638749957084656
-3.506894685756379e-08
5.532182693481445
-3.506894685756379e-08
-17.369178771972656
-3.163403761163863e-08
-21.15052032470703
-3.163403761163863e-08
18.55430030822754
3.932937886474974e-08
22.138824462890625
3.932937886474974e-08
0.9728000164031982
8.810022222860425e-08
7.982758045196533
8.810022222860425e-08
-24.29766845703125
4.0944307500012656e-08
-27.331239700317383
4.0944307500012656e-08
-9.769877433776855
7.466515228315984e-08
-23.484756469726562
7.466515228315984e-08
23.96141242980957
3.494466938036567e-08
9.150412559509277
3.494466938036567e-08
23.986661911010742
6.90059209773608e-08
9.02041244506836
6.90059209773608e-08
-2.792891263961792
2.032103907367855e-08
-25.051849365234375
2.032103907367855e-08
-6.106960296630859
4.1181607457474456e-08
-32.87924575805664
4.1181607457474456e-08
18.57961654663086
-3.506894685756379e-08
1.9931626319885254
-3.506894685756379e-08
26.85244369506836
-3.163403761163863e-08
26.397851943969727
-3.163403761163863e-08
8.197380065917969
3.932937886474974e-08
11.887655258178711
3.932937886474974e-08
1.4725452661514282
8.810022222860425e-08
-0.07463547587394714
8.810022222860425e-08
19.36467742919922
4.0944307500012656e-08
20.997766494750977
4.0944307500012656e-08
26.409698486328125
7.466515228315984e-08
40.58382797241211
7.466515228315984e-08
6.716691493988037
3.494466938036567e-08
25.76024055480957
3.494466938036567e-08
-5.914945602416992
6.90059209773608e-08
6.417608261108398
6.90059209773608e-08
10.312921524047852
2.032103907367855e-08
20.108495712280273
2.032103907367855e-08
23.567195892333984
4.1181607457474456e-08
40.32576370239258
4.1181607457474456e-08
5.39888858795166
-3.506894685756379e-08
25.01734161376953
-3.506894685756379e-08
-15.324150085449219
-3.163403761163863e-08
-0.7001309394836426
-3.163403761163863e-08
23.567195892333984
3.932937886474974e-08
40.32576370239258
3.932937886474974e-08
5.39888858795166
8.810022222860425e-08
25.01734161376953
8.810022222860425e-08
-15.324150085449219
4.0944307500012656e-08
-0.7001309394836426
4.0944307500012656e-08
-2.2186598777770996
7.466515228315984e-08
13.33745002746582
7.466515228315984e-08
21.114049911499023
3.494466938036567e-08
46.07155990600586
3.494466938036567e-08
12.395087242126465
6.90059209773608e-08
39.65731430053711
6.90059209773608e-08
-11.22842788696289
2.032103907367855e-08
8.538896560668945
2.032103907367855e-08
-7.369787216186523
4.1181607457474456e-08
11.743656158447266
4.1181607457474456e-08
12.017064094543457
-3.506894685756379e-08
41.6013298034668
-3.506894685756379e-08
6.971688270568848
-3.163403761163863e-08
43.29597854614258
-3.163403761163863e-08
-7.985730171203613
3.932937886474974e-08
12.395910263061523
3.932937886474974e-08
-14.074559211730957
8.810022222860425e-08
-1.712479591369629
8.810022222860425e-08
-19.537717819213867
4.0944307500012656e-08
-15.626744270324707
4.0944307500012656e-08
-16.201824188232422
7.466515228315984e-08
-14.616877555847168
7.466515228315984e-08
-8.673680305480957
3.494466938036567e-08
-3.741178512573242
3.494466938036567e-08
-4.095730781555176
6.90059209773608e-08
3.560842275619507
6.90059209773608e-08
-4.045254707336426
2.032103907367855e-08
2.0923402309417725
2.032103907367855e-08
-3.6834840774536133
4.1181607457474456e-08
0.7841644287109375
4.1181607457474456e-08
-1.272106647491455
-3.506894685756379e-08
4.787566184997559
-3.506894685756379e-08
-1.9874119758605957
-3.163403761163863e-08
3.3577637672424316
-3.163403761163863e-08
-1.272106647491455
3.932937886474974e-08
4.787566184997559
3.932937886474974e-08
-1.9874119758605957
8.810022222860425e-08
3.3577637672424316
8.810022222860425e-08
-5.655529022216797
4.0944307500012656e-08
-8.862824440002441
4.0944307500012656e-08
-3.164795160293579
7.466515228315984e-08
-16.624881744384766
7.466515228315984e-08
7.3615522384643555
3.494466938036567e-08
-6.45117712020874
3.494466938036567e-08
13.87968635559082
6.90059209773608e-08
10.4829740524292
6.90059209773608e-08
9.071609497070312
2.032103907367855e-08
15.648141860961914
2.032103907367855e-08
2.3430299758911133
4.1181607457474456e-08
13.420808792114258
4.1181607457474456e-08
0.8774405717849731
-3.506894685756379e-08
16.450565338134766
-3.506894685756379e-08
-1.4352959394454956
-3.163403761163863e-08
19.348896026611328
-3.163403761163863e-08
0.8774405717849731
3.932937886474974e-08
16.450565338134766
3.932937886474974e-08
-1.4352959394454956
8.810022222860425e-08
19.348896026611328
8.810022222860425e-08
-6.452642440795898
4.0944307500012656e-08
15.723278999328613
4.0944307500012656e-08
-6.7561163902282715
7.466515228315984e-08
12.890215873718262
7.466515228315984e-08
-1.146019458770752
3.494466938036567e-08
15.010562896728516
3.494466938036567e-08
2.865187644958496
6.90059209773608e-08
15.673429489135742
6.90059209773608e-08
-0.2437654733657837
2.032103907367855e-08
8.641965866088867
2.032103907367855e-08
-7.182692527770996
4.1181607457474456e-08
-1.7626699209213257
4.1181607457474456e-08
-7.837492942810059
-3.506894685756379e-08
0.0846104547381401
-3.506894685756379e-08
1.2434943914413452
-3.163403761163863e-08
21.559370040893555
-3.163403761163863e-08
-16.151906967163086
3.932937886474974e-08
23.52875328063965
3.932937886474974e-08
-20.447519302368164
8.810022222860425e-08
12.918473243713379
8.810022222860425e-08
-11.875933647155762
4.0944307500012656e-08
16.145299911499023
4.0944307500012656e-08
-7.684416770935059
7.466515228315984e-08
16.7431640625
7.466515228315984e-08
-13.850875854492188
3.494466938036567e-08
10.044346809387207
3.494466938036567e-08
-16.06357192993164
6.90059209773608e-08
10.470565795898438
6.90059209773608e-08
-8.26008415222168
2.032103907367855e-08
22.403583526611328
2.032103907367855e-08
-4.950133800506592
4.1181607457474456e-08
29.055173873901367
4.1181607457474456e-08
-14.542737007141113
-3.506894685756379e-08
16.8985652923584
-3.506894685756379e-08
-22.291431427001953
-3.163403761163863e-08
-2.0307729244232178
-3.163403761163863e-08
-4.991982936859131
3.932937886474974e-08
3.4480159282684326
3.932937886474974e-08
-4.285571098327637
8.810022222860425e-08
10.129693031311035
8.810022222860425e-08
-7.8733744621276855
4.0944307500012656e-08
6.241199016571045
4.0944307500012656e-08
-6.932680606842041
7.466515228315984e-08
-1.3631254434585571
7.466515228315984e-08
-3.980111837387085
3.494466938036567e-08
-7.430758953094482
3.494466938036567e-08
-4.5422043800354
6.90059209773608e-08
-13.502044677734375
6.90059209773608e-08
-7.0299553871154785
2.032103907367855e-08
-17.71469497680664
2.032103907367855e-08
-5.633317470550537
4.1181607457474456e-08
-12.38841724395752
4.1181607457474456e-08
-2.481656074523926
-3.506894685756379e-08
-0.4695373475551605
-3.506894685756379e-08
-6.961905002593994
-3.163403761163863e-08
1.1334505081176758
-3.163403761163863e-08
-9.875155448913574
3.932937886474974e-08
2.5827367305755615
3.932937886474974e-08
-7.5386176109313965
8.810022222860425e-08
5.977590084075928
8.810022222860425e-08
-12.878090858459473
4.0944307500012656e-08
-7.529613018035889
4.0944307500012656e-08
-12.297670364379883
7.466515228315984e-08
-14.6882963180542
7.466515228315984e-08
-2.7825417518615723
3.494466938036567e-08
-2.306199550628662
3.494466938036567e-08
1.2078402042388916
6.90059209773608e-08
9.922224044799805
6.90059209773608e-08
-4.181445598602295
2.032103907367855e-08
8.359052658081055
2.032103907367855e-08
-5.526974678039551
4.1181607457474456e-08
5.583793640136719
4.1181607457474456e-08
0.07245121151208878
-3.506894685756379e-08
7.396382808685303
-3.506894685756379e-08
0.6265205144882202
-3.163403761163863e-08
3.0851545333862305
-3.163403761163863e-08
-4.181445598602295
3.932937886474974e-08
8.359052658081055
3.932937886474974e-08
-5.526974678039551
8.810022222860425e-08
5.583793640136719
8.810022222860425e-08
0.07245121151208878
4.0944307500012656e-08
7.396382808685303
4.0944307500012656e-08
0.6265205144882202
7.466515228315984e-08
3.0851545333862305
7.466515228315984e-08
-4.970538139343262
3.494466938036567e-08
-6.195140361785889
3.494466938036567e-08
-5.280462265014648
6.90059209773608e-08
-7.394835472106934
6.90059209773608e-08
0.4573468565940857
2.032103907367855e-08
-2.393751621246338
2.032103907367855e-08
1.6935921907424927
4.1181607457474456e-08
-5.50530481338501
4.1181607457474456e-08
-2.435805082321167
-3.506894685756379e-08
-17.454669952392578
-3.506894685756379e-08
-1.7009989023208618
-3.163403761163863e-08
-23.54804229736328
-3.163403761163863e-08
12.70395278930664
3.932937886474974e-08
-10.33963394165039
3.932937886474974e-08
12.799403190612793
8.810022222860425e-08
-10.571593284606934
8.810022222860425e-08
9.3146333694458
4.0944307500012656e-08
-14.335600852966309
4.0944307500012656e-08
8.009429931640625
7.466515228315984e-08
-13.006476402282715
7.466515228315984e-08
11.953203201293945
3.494466938036567e-08
-4.710862159729004
3.494466938036567e-08
14.618468284606934
6.90059209773608e-08
-0.7709638476371765
6.90059209773608e-08
10.334046363830566
2.032103907367855e-08
-8.965936660766602
2.032103907367855e-08
7.9423418045043945
4.1181607457474456e-08
-13.683149337768555
4.1181607457474456e-08
14.8939208984375
-3.506894685756379e-08
-0.9374260902404785
-3.506894685756379e-08
22.044809341430664
-3.163403761163863e-08
12.832079887390137
-3.163403761163863e-08
12.483877182006836
3.932937886474974e-08
-12.297048568725586
3.932937886474974e-08
10.500849723815918
8.810022222860425e-08
-22.530353546142578
8.810022222860425e-08
13.637534141540527
4.0944307500012656e-08
-19.985029220581055
4.0944307500012656e-08
16.627811431884766
7.466515228315984e-08
-14.074298858642578
7.466515228315984e-08
16.96045684814453
3.494466938036567e-08
-9.015815734863281
3.494466938036567e-08
12.686588287353516
6.90059209773608e-08
-6.832582473754883
6.90059209773608e-08
6.0377197265625
2.032103907367855e-08
-8.58738899230957
2.032103907367855e-08
3.641062021255493
4.1181607457474456e-08
-9.492108345031738
4.1181607457474456e-08
4.487631797790527
-3.506894685756379e-08
-9.649307250976562
-3.506894685756379e-08
3.644144058227539
-3.163403761163863e-08
-12.028913497924805
-3.163403761163863e-08
5.770709991455078
3.932937886474974e-08
-7.865931510925293
3.932937886474974e-08
8.8574857711792
8.810022222860425e-08
-6.652661323547363
8.810022222860425e-08
11.041621208190918
4.0944307500012656e-08
-6.218971252441406
4.0944307500012656e-08
14.146561622619629
7.466515228315984e-08
1.721015214920044
7.466515228315984e-08
17.097482681274414
3.494466938036567e-08
12.683359146118164
3.494466938036567e-08
15.963793754577637
6.90059209773608e-08
13.744887351989746
6.90059209773608e-08
10.563200950622559
2.032103907367855e-08
2.203768253326416
2.032103907367855e-08
5.572436809539795
4.1181607457474456e-08
-11.390239715576172
4.1181607457474456e-08
4.322311878204346
-3.506894685756379e-08
-14.48104190826416
-3.506894685756379e-08
3.616899013519287
-3.163403761163863e-08
-8.865368843078613
-3.163403761163863e-08
5.572436809539795
3.932937886474974e-08
-11.390239715576172
3.932937886474974e-08
4.322311878204346
8.810022222860425e-08
-14.48104190826416
8.810022222860425e-08
3.616899013519287
4.0944307500012656e-08
-8.865368843078613
4.0944307500012656e-08
-0.7967106699943542
7.466515228315984e-08
-8.821094512939453
7.466515228315984e-08
-5.182043552398682
3.494466938036567e-08
-16.07099151611328
3.494466938036567e-08
-3.0843491554260254
6.90059209773608e-08
-17.931989669799805
6.90059209773608e-08
3.0292530059814453
2.032103907367855e-08
-11.931207656860352
2.032103907367855e-08
3.780898094177246
4.1181607457474456e-08
-10.293923377990723
4.1181607457474456e-08
-3.31207537651062
-3.506894685756379e-08
-19.73907470703125
-3.506894685756379e-08
-8.262972831726074
-3.163403761163863e-08
-28.00954818725586
-3.163403761163863e-08
0.11051070690155029
3.932937886474974e-08
-9.495984077453613
3.932937886474974e-08
-2.3683269023895264
8.810022222860425e-08
-11.74260425567627
8.810022222860425e-08
-2.795621633529663
4.0944307500012656e-08
-22.621477127075195
4.0944307500012656e-08
4.150320529937744
7.466515228315984e-08
-24.415470123291016
7.466515228315984e-08
7.964324951171875
3.494466938036567e-08
-16.923994064331055
3.494466938036567e-08
2.0825092792510986
6.90059209773608e-08
-12.666873931884766
6.90059209773608e-08
-4.646117687225342
2.032103907367855e-08
-15.17021656036377
2.032103907367855e-08
-3.1355271339416504
4.1181607457474456e-08
-17.386825561523438
4.1181607457474456e-08
2.765200614929199
-3.506894685756379e-08
-16.954437255859375
-3.506894685756379e-08
5.135291576385498
-3.163403761163863e-08
-18.397069931030273
-3.163403761163863e-08
5.61647367477417
3.932937886474974e-08
-19.003143310546875
3.932937886474974e-08
8.300046920776367
8.810022222860425e-08
-12.58773136138916
8.810022222860425e-08
9.573689460754395
4.0944307500012656e-08
-4.637557506561279
4.0944307500012656e-08
7.733091354370117
7.466515228315984e-08
-2.565106153488159
7.466515228315984e-08
7.7019782066345215
3.494466938036567e-08
-1.4499479532241821
3.494466938036567e-08
10.943147659301758
6.90059209773608e-08
5.802233695983887
6.90059209773608e-08
13.214916229248047
2.032103907367855e-08
13.867478370666504
2.032103907367855e-08
11.309161186218262
4.1181607457474456e-08
11.382185935974121
4.1181607457474456e-08
6.250621318817139
-3.506894685756379e-08
-0.3980521261692047
-3.506894685756379e-08
1.7202450037002563
-3.163403761163863e-08
-6.31589412689209
-3.163403761163863e-08
0.8942632079124451
3.932937886474974e-08
1.8085484504699707
3.932937886474974e-08
2.678251028060913
8.810022222860425e-08
13.203761100769043
8.810022222860425e-08
1.601751446723938
4.0944307500012656e-08
14.187029838562012
4.0944307500012656e-08
-5.428497314453125
7.466515228315984e-08
4.873408794403076
7.466515228315984e-08
-13.261568069458008
3.494466938036567e-08
-6.070484638214111
3.494466938036567e-08
-13.942441940307617
6.90059209773608e-08
-10.637612342834473
6.90059209773608e-08
-8.735235214233398
2.032103907367855e-08
-6.1759138107299805
2.032103907367855e-08
-7.061460494995117
4.1181607457474456e-08
1.2897919416427612
4.1181607457474456e-08
-12.018697738647461
-3.506894685756379e-08
3.982473134994507
-3.506894685756379e-08
-18.320894241333008
-3.163403761163863e-08
-0.09380296617746353
-3.163403761163863e-08
-12.018697738647461
3.932937886474974e-08
3.982473134994507
3.932937886474974e-08
-18.320894241333008
8.810022222860425e-08
-0.09380297362804413
8.810022222860425e-08
-20.920637130737305
4.0944307500012656e-08
-6.118842601776123
4.0944307500012656e-08
-18.766942977905273
7.466515228315984e-08
-6.275005340576172
7.466515228315984e-08
-16.371919631958008
3.494466938036567e-08
-1.2435678243637085
3.494466938036567e-08
-19.05137825012207
6.90059209773608e-08
0.327236145734787
6.90059209773608e-08
-25.068660736083984
2.032103907367855e-08
-3.274369716644287
2.032103907367855e-08
-28.814294815063477
4.1181607457474456e-08
-7.69838285446167
4.1181607457474456e-08
-26.903972625732422
-3.506894685756379e-08
-9.732337951660156
-3.506894685756379e-08
-21.016897201538086
-3.163403761163863e-08
-5.796989440917969
-3.163403761163863e-08
-4.790790557861328
3.932937886474974e-08
2.502214193344116
3.932937886474974e-08
-3.0061070919036865
8.810022222860425e-08
13.150257110595703
8.810022222860425e-08
-6.478523254394531
4.0944307500012656e-08
10.039531707763672
4.0944307500012656e-08
-10.131114959716797
7.466515228315984e-08
-1.8959392309188843
7.466515228315984e-08
-8.606456756591797
3.494466938036567e-08
-6.8024420738220215
3.494466938036567e-08
-1.4425454139709473
6.90059209773608e-08
2.117009162902832
6.90059209773608e-08
6.353844165802002
2.032103907367855e-08
17.130704879760742
2.032103907367855e-08
8.160754203796387
4.1181607457474456e-08
24.942516326904297
4.1181607457474456e-08
2.5440244674682617
-3.506894685756379e-08
20.34652328491211
-3.506894685756379e-08
-4.347418785095215
-3.163403761163863e-08
11.464502334594727
-3.163403761163863e-08
2.5440244674682617
3.932937886474974e-08
20.34652328491211
3.932937886474974e-08
-4.347418785095215
8.810022222860425e-08
11.464502334594727
8.810022222860425e-08
-5.815069198608398
4.0944307500012656e-08
6.864064693450928
4.0944307500012656e-08
-1.8893001079559326
7.466515228315984e-08
4.909579277038574
7.466515228315984e-08
2.193876028060913
3.494466938036567e-08
1.8247251510620117
3.494466938036567e-08
3.665299654006958
6.90059209773608e-08
-0.794471263885498
6.90059209773608e-08
3.668208360671997
2.032103907367855e-08
-0.5776480436325073
2.032103907367855e-08
1.6190651655197144
4.1181607457474456e-08
0.8997136950492859
4.1181607457474456e-08
-2.192304849624634
-3.506894685756379e-08
1.0585625171661377
-3.506894685756379e-08
-1.3429204225540161
-3.163403761163863e-08
3.1464407444000244
-3.163403761163863e-08
-1.7485711574554443
3.932937886474974e-08
0.09171018749475479
3.932937886474974e-08
2.4410178661346436
8.810022222860425e-08
1.81006920337677
8.810022222860425e-08
15.640416145324707
4.0944307500012656e-08
18.466121673583984
4.0944307500012656e-08
20.960800170898438
7.466515228315984e-08
28.899045944213867
7.466515228315984e-08
15.093368530273438
3.494466938036567e-08
20.62639617919922
3.494466938036567e-08
10.434680938720703
6.90059209773608e-08
7.851284027099609
6.90059209773608e-08
11.633312225341797
2.032103907367855e-08
3.6441469192504883
2.032103907367855e-08
12.152287483215332
4.1181607457474456e-08
1.6665946245193481
4.1181607457474456e-08
10.61454963684082
-3.506894685756379e-08
-2.5788867473602295
-3.506894685756379e-08
11.066380500793457
-3.163403761163863e-08
-2.4790711402893066
-3.163403761163863e-08
10.61454963684082
3.932937886474974e-08
-2.5788867473602295
3.932937886474974e-08
11.066380500793457
8.810022222860425e-08
-2.4790711402893066
8.810022222860425e-08
11.95324420928955
4.0944307500012656e-08
0.4744928181171417
4.0944307500012656e-08
11.36815357208252
7.466515228315984e-08
-0.023201173171401024
7.466515228315984e-08
13.552149772644043
3.494466938036567e-08
1.3356345891952515
3.494466938036567e-08
17.439598083496094
6.90059209773608e-08
6.995048522949219
6.90059209773608e-08
14.644368171691895
2.032103907367855e-08
6.435001850128174
2.032103907367855e-08
5.668058395385742
4.1181607457474456e-08
-2.767465114593506
4.1181607457474456e-08
0.029912391677498817
-3.506894685756379e-08
-10.700559616088867
-3.506894685756379e-08
0.7326020002365112
-3.163403761163863e-08
-13.514049530029297
-3.163403761163863e-08
8.091578483581543
3.932937886474974e-08
-4.785383701324463
3.932937886474974e-08
10.939129829406738
8.810022222860425e-08
6.428155422210693
8.810022222860425e-08
9.141022682189941
4.0944307500012656e-08
13.123311996459961
4.0944307500012656e-08
2.121976852416992
7.466515228315984e-08
11.281396865844727
7.466515228315984e-08
-5.686529636383057
3.494466938036567e-08
5.663126468658447
3.494466938036567e-08
-8.702654838562012
6.90059209773608e-08
2.39665150642395
6.90059209773608e-08
-3.9606094360351562
2.032103907367855e-08
5.159882545471191
2.032103907367855e-08
5.135655403137207
4.1181607457474456e-08
14.862049102783203
4.1181607457474456e-08
10.034391403198242
-3.506894685756379e-08
24.283695220947266
-3.506894685756379e-08
7.982449054718018
-3.163403761163863e-08
25.960765838623047
-3.163403761163863e-08
7.982449054718018
3.932937886474974e-08
25.960765838623047
3.932937886474974e-08
5.40488862991333
8.810022222860425e-08
24.962814331054688
8.810022222860425e-08
6.841903209686279
4.0944307500012656e-08
27.668935775756836
4.0944307500012656e-08
9.315048217773438
7.466515228315984e-08
30.145305633544922
7.466515228315984e-08
8.745532989501953
3.494466938036567e-08
27.460573196411133
3.494466938036567e-08
6.168278694152832
6.90059209773608e-08
21.528017044067383
6.90059209773608e-08
5.458173751831055
2.032103907367855e-08
15.561155319213867
2.032103907367855e-08
7.026728630065918
4.1181607457474456e-08
8.97142505645752
4.1181607457474456e-08
8.668240547180176
-3.506894685756379e-08
2.3445217609405518
-3.506894685756379e-08
11.076851844787598
-3.163403761163863e-08
0.6568861603736877
-3.163403761163863e-08
14.671868324279785
3.932937886474974e-08
5.216538429260254
3.932937886474974e-08
16.6712646484375
8.810022222860425e-08
12.126799583435059
8.810022222860425e-08
15.7140474319458
4.0944307500012656e-08
17.318771362304688
4.0944307500012656e-08
11.165287017822266
7.466515228315984e-08
14.640836715698242
7.466515228315984e-08
2.8172903060913086
3.494466938036567e-08
2.1808087825775146
3.494466938036567e-08
-3.68323016166687
6.90059209773608e-08
-8.790826797485352
6.90059209773608e-08
-3.591174602508545
2.032103907367855e-08
-8.697296142578125
2.032103907367855e-08
-2.396516799926758
4.1181607457474456e-08
-3.504610776901245
4.1181607457474456e-08
-6.459129333496094
-3.506894685756379e-08
-1.7029725313186646
-3.506894685756379e-08
-11.51390552520752
-3.163403761163863e-08
-1.2403477430343628
-3.163403761163863e-08
-5.447213649749756
3.932937886474974e-08
7.374131202697754
3.932937886474974e-08
-11.759495735168457
8.810022222860425e-08
0.2510373294353485
8.810022222860425e-08
-13.069707870483398
4.0944307500012656e-08
-0.4398004412651062
4.0944307500012656e-08
-8.138985633850098
7.466515228315984e-08
6.431400299072266
7.466515228315984e-08
-4.16602087020874
3.494466938036567e-08
11.502269744873047
3.494466938036567e-08
-3.0151288509368896
6.90059209773608e-08
11.076628684997559
6.90059209773608e-08
-3.6203348636627197
2.032103907367855e-08
7.495572566986084
2.032103907367855e-08
-5.0863118171691895
4.1181607457474456e-08
6.525511264801025
4.1181607457474456e-08
-3.888627290725708
-3.506894685756379e-08
13.816736221313477
-3.506894685756379e-08
-1.008500099182129
-3.163403761163863e-08
21.81932830810547
-3.163403761163863e-08
-5.0863118171691895
3.932937886474974e-08
6.525511264801025
3.932937886474974e-08
-3.888627290725708
8.810022222860425e-08
13.816736221313477
8.810022222860425e-08
-1.008500099182129
4.0944307500012656e-08
21.81932830810547
4.0944307500012656e-08
-2.7992734909057617
7.466515228315984e-08
18.46706199645996
7.466515228315984e-08
-7.14992618560791
3.494466938036567e-08
11.616332054138184
3.494466938036567e-08
-5.395383358001709
6.90059209773608e-08
18.17444610595703
6.90059209773608e-08
-0.16864025592803955
2.032103907367855e-08
33.5195426940918
2.032103907367855e-08
-1.7834904193878174
4.1181607457474456e-08
38.5327033996582
4.1181607457474456e-08
-8.898077011108398
-3.506894685756379e-08
30.694183349609375
-3.506894685756379e-08
-10.907124519348145
-3.163403761163863e-08
24.261775970458984
-3.163403761163863e-08
-6.858920097351074
3.932937886474974e-08
15.097908973693848
3.932937886474974e-08
-9.663935661315918
8.810022222860425e-08
5.118443012237549
8.810022222860425e-08
-8.615517616271973
4.0944307500012656e-08
6.184982776641846
4.0944307500012656e-08
-6.7267537117004395
7.466515228315984e-08
14.541325569152832
7.466515228315984e-08
-12.512353897094727
3.494466938036567e-08
11.824837684631348
3.494466938036567e-08
-22.03505516052246
6.90059209773608e-08
-3.9314472675323486
6.90059209773608e-08
-24.104257583618164
2.032103907367855e-08
-15.454253196716309
2.032103907367855e-08
-17.852909088134766
4.1181607457474456e-08
-13.05844497680664
4.1181607457474456e-08
-10.652538299560547
-3.506894685756379e-08
-4.31667423248291
-3.506894685756379e-08
-7.687748432159424
-3.163403761163863e-08
-1.015763521194458
-3.163403761163863e-08
-9.55251693725586
3.932937886474974e-08
-7.768343448638916
3.932937886474974e-08
-11.795668601989746
8.810022222860425e-08
-18.359495162963867
8.810022222860425e-08
-10.903177261352539
4.0944307500012656e-08
-24.9021053314209
4.0944307500012656e-08
-8.788871765136719
7.466515228315984e-08
-26.686403274536133
7.466515228315984e-08
-7.093913555145264
3.494466938036567e-08
-25.037294387817383
3.494466938036567e-08
-6.193508148193359
6.90059209773608e-08
-21.34303855895996
6.90059209773608e-08
-6.4486846923828125
2.032103907367855e-08
-17.604345321655273
2.032103907367855e-08
-4.80415153503418
4.1181607457474456e-08
-11.346171379089355
4.1181607457474456e-08
0.892661452293396
-3.506894685756379e-08
-0.5054640769958496
-3.506894685756379e-08
5.160107612609863
-3.163403761163863e-08
7.9679274559021
-3.163403761163863e-08
0.892661452293396
3.932937886474974e-08
-0.5054640769958496
3.932937886474974e-08
5.160107612609863
8.810022222860425e-08
7.9679274559021
8.810022222860425e-08
2.084660291671753
4.0944307500012656e-08
6.994335174560547
4.0944307500012656e-08
-4.220889568328857
7.466515228315984e-08
1.9800846576690674
7.466515228315984e-08
-5.544145584106445
3.494466938036567e-08
2.7607064247131348
3.494466938036567e-08
-2.27605938911438
6.90059209773608e-08
7.443894863128662
6.90059209773608e-08
-0.7245477437973022
2.032103907367855e-08
7.547493934631348
2.032103907367855e-08
0.07822658866643906
4.1181607457474456e-08
7.3902058601379395
4.1181607457474456e-08
3.5452542304992676
-3.506894685756379e-08
13.530121803283691
-3.506894685756379e-08
4.171496391296387
-3.163403761163863e-08
13.53285026550293
-3.163403761163863e-08
12.231392860412598
3.932937886474974e-08
-0.6714377999305725
3.932937886474974e-08
7.502334117889404
8.810022222860425e-08
-2.439639091491699
8.810022222860425e-08
4.209749698638916
4.0944307500012656e-08
-3.3083508014678955
4.0944307500012656e-08
7.103806018829346
7.466515228315984e-08
1.0094586610794067
7.466515228315984e-08
7.603246212005615
3.494466938036567e-08
-1.862417221069336
3.494466938036567e-08
3.8542110919952393
6.90059209773608e-08
-13.567729949951172
6.90059209773608e-08
2.8310601711273193
2.032103907367855e-08
-20.16057777404785
2.032103907367855e-08
3.6129848957061768
4.1181607457474456e-08
-18.743087768554688
4.1181607457474456e-08
1.5460166931152344
-3.506894685756379e-08
-16.089677810668945
-3.506894685756379e-08
-1.3534777164459229
-3.163403761163863e-08
-12.30579948425293
-3.163403761163863e-08
-2.2376091480255127
3.932937886474974e-08
-6.893846035003662
3.932937886474974e-08
-5.4037556648254395
8.810022222860425e-08
-14.359807968139648
8.810022222860425e-08
-9.134236335754395
4.0944307500012656e-08
-22.061206817626953
4.0944307500012656e-08
-6.863582134246826
7.466515228315984e-08
-18.047109603881836
7.466515228315984e-08
-1.50588858127594
3.494466938036567e-08
-5.234043598175049
3.494466938036567e-08
-1.575529932975769
6.90059209773608e-08
0.7183950543403625
6.90059209773608e-08
-5.007464408874512
2.032103907367855e-08
-3.9223475456237793
2.032103907367855e-08
-6.263322830200195
4.1181607457474456e-08
-11.123658180236816
4.1181607457474456e-08
-6.82948637008667
-3.506894685756379e-08
-17.800064086914062
-3.506894685756379e-08
-5.571442127227783
-3.163403761163863e-08
-21.347610473632812
-3.163403761163863e-08
-6.263322830200195
3.932937886474974e-08
-11.123658180236816
3.932937886474974e-08
-6.82948637008667
8.810022222860425e-08
-17.800064086914062
8.810022222860425e-08
-5.571442127227783
4.0944307500012656e-08
-21.347610473632812
4.0944307500012656e-08
0.5112873315811157
7.466515228315984e-08
-17.911544799804688
7.466515228315984e-08
5.023473262786865
3.494466938036567e-08
-11.84720230102539
3.494466938036567e-08
1.6496214866638184
6.90059209773608e-08
-8.164213180541992
6.90059209773608e-08
-4.483351707458496
2.032103907367855e-08
-4.645890712738037
2.032103907367855e-08
-5.8766303062438965
4.1181607457474456e-08
0.9019567966461182
4.1181607457474456e-08
-2.477391004562378
-3.506894685756379e-08
5.965953350067139
-3.506894685756379e-08
0.8585424423217773
-3.163403761163863e-08
5.5819244384765625
-3.163403761163863e-08
7.286182880401611
3.932937886474974e-08
-10.972291946411133
3.932937886474974e-08
9.391679763793945
8.810022222860425e-08
-10.191816329956055
8.810022222860425e-08
11.850378036499023
4.0944307500012656e-08
-7.94669246673584
4.0944307500012656e-08
14.131681442260742
7.466515228315984e-08
-6.588199138641357
7.466515228315984e-08
15.123480796813965
3.494466938036567e-08
-8.578210830688477
3.494466938036567e-08
15.427709579467773
6.90059209773608e-08
-9.93336009979248
6.90059209773608e-08
15.172807693481445
2.032103907367855e-08
-7.798520088195801
2.032103907367855e-08
12.200296401977539
4.1181607457474456e-08
-9.087834358215332
4.1181607457474456e-08
6.160645008087158
-3.506894685756379e-08
-19.122262954711914
-3.506894685756379e-08
0.020923256874084473
-3.163403761163863e-08
-30.21847152709961
-3.163403761163863e-08
15.172807693481445
3.932937886474974e-08
-7.798520088195801
3.932937886474974e-08
12.200296401977539
8.810022222860425e-08
-9.087834358215332
8.810022222860425e-08
6.160645008087158
4.0944307500012656e-08
-19.122262954711914
4.0944307500012656e-08
0.020923255011439323
7.466515228315984e-08
-30.21847152709961
7.466515228315984e-08
-1.172704815864563
3.494466938036567e-08
-30.114343643188477
3.494466938036567e-08
5.1765456199646
6.90059209773608e-08
-18.374189376831055
6.90059209773608e-08
13.100131034851074
2.032103907367855e-08
-7.137787818908691
2.032103907367855e-08
13.550970077514648
4.1181607457474456e-08
-5.805776119232178
4.1181607457474456e-08
6.972737789154053
-3.506894685756379e-08
-12.10196304321289
-3.506894685756379e-08
1.403160810470581
-3.163403761163863e-08
-18.33618927001953
-3.163403761163863e-08
1.339658260345459
3.932937886474974e-08
-17.548219680786133
3.932937886474974e-08
1.3951911926269531
8.810022222860425e-08
-12.553187370300293
8.810022222860425e-08
0.6480356454849243
4.0944307500012656e-08
-7.723196506500244
4.0944307500012656e-08
-0.07868440449237823
7.466515228315984e-08
-6.222055435180664
7.466515228315984e-08
0.824471116065979
3.494466938036567e-08
-8.570043563842773
3.494466938036567e-08
3.9341397285461426
6.90059209773608e-08
-11.527153015136719
6.90059209773608e-08
5.98056697845459
2.032103907367855e-08
-12.385819435119629
2.032103907367855e-08
4.1620001792907715
4.1181607457474456e-08
-10.890880584716797
4.1181607457474456e-08
1.2039316892623901
-3.506894685756379e-08
-7.4149956703186035
-3.506894685756379e-08
1.6860685348510742
-3.163403761163863e-08
-2.7730753421783447
-3.163403761163863e-08
10.778929710388184
3.932937886474974e-08
5.642663478851318
3.932937886474974e-08
13.654243469238281
8.810022222860425e-08
9.715415000915527
8.810022222860425e-08
13.864629745483398
4.0944307500012656e-08
11.213298797607422
4.0944307500012656e-08
13.097912788391113
7.466515228315984e-08
8.560537338256836
7.466515228315984e-08
14.05337905883789
3.494466938036567e-08
6.103318691253662
3.494466938036567e-08
16.830774307250977
6.90059209773608e-08
9.148733139038086
6.90059209773608e-08
18.16878890991211
2.032103907367855e-08
15.832599639892578
2.032103907367855e-08
14.744430541992188
4.1181607457474456e-08
17.59263038635254
4.1181607457474456e-08
7.932294845581055
-3.506894685756379e-08
11.554749488830566
-3.506894685756379e-08
3.462618827819824
-3.163403761163863e-08
5.730190753936768
-3.163403761163863e-08
3.912463426589966
3.932937886474974e-08
5.127076148986816
3.932937886474974e-08
4.645609378814697
8.810022222860425e-08
3.370070457458496
8.810022222860425e-08
2.2128522396087646
4.0944307500012656e-08
-3.2127082347869873
4.0944307500012656e-08
0.3926542103290558
7.466515228315984e-08
-7.240194797515869
7.466515228315984e-08
0.26666760444641113
3.494466938036567e-08
-7.763294219970703
3.494466938036567e-08
-1.251361608505249
6.90059209773608e-08
-12.582911491394043
6.90059209773608e-08
0.019505752250552177
2.032103907367855e-08
-14.537182807922363
2.032103907367855e-08
6.872798919677734
4.1181607457474456e-08
-2.3016576766967773
4.1181607457474456e-08
9.948933601379395
-3.506894685756379e-08
11.799153327941895
-3.506894685756379e-08
4.082867622375488
-3.163403761163863e-08
12.03991985321045
-3.163403761163863e-08
-1.6305428743362427
3.932937886474974e-08
0.33747050166130066
3.932937886474974e-08
2.997190237045288
8.810022222860425e-08
1.280821442604065
8.810022222860425e-08
3.2107794284820557
4.0944307500012656e-08
-1.106296420097351
4.0944307500012656e-08
-2.493319034576416
7.466515228315984e-08
-9.01093864440918
7.466515228315984e-08
-6.3772478103637695
3.494466938036567e-08
-12.75893783569336
3.494466938036567e-08
-3.5400795936584473
6.90059209773608e-08
-7.614105224609375
6.90059209773608e-08
2.2774405479431152
2.032103907367855e-08
-0.39239779114723206
2.032103907367855e-08
5.8295674324035645
4.1181607457474456e-08
4.364861011505127
4.1181607457474456e-08
5.089420795440674
-3.506894685756379e-08
5.6538987159729
-3.506894685756379e-08
2.0576224327087402
-3.163403761163863e-08
1.4005229473114014
-3.163403761163863e-08
2.9562525749206543
3.932937886474974e-08
-2.022735118865967
3.932937886474974e-08
10.402005195617676
8.810022222860425e-08
5.596585273742676
8.810022222860425e-08
16.498390197753906
4.0944307500012656e-08
17.517444610595703
4.0944307500012656e-08
14.523734092712402
7.466515228315984e-08
19.986862182617188
7.466515228315984e-08
9.18978500366211
3.494466938036567e-08
15.894474029541016
3.494466938036567e-08
4.629423141479492
6.90059209773608e-08
13.276881217956543
6.90059209773608e-08
-2.6541948318481445
2.032103907367855e-08
8.481014251708984
2.032103907367855e-08
-10.916007995605469
4.1181607457474456e-08
-0.4566492438316345
4.1181607457474456e-08
-10.888628959655762
-3.506894685756379e-08
-2.8881654739379883
-3.506894685756379e-08
-2.747042417526245
-3.163403761163863e-08
5.692050933837891
-3.163403761163863e-08
-0.8516389727592468
3.932937886474974e-08
4.016646385192871
3.932937886474974e-08
-4.757174491882324
8.810022222860425e-08
-8.042304039001465
8.810022222860425e-08
-5.531321048736572
4.0944307500012656e-08
-12.327805519104004
4.0944307500012656e-08
-4.965189456939697
7.466515228315984e-08
-9.841552734375
7.466515228315984e-08
-4.252437114715576
3.494466938036567e-08
-9.199007034301758
3.494466938036567e-08
-2.485264778137207
6.90059209773608e-08
-11.564766883850098
6.90059209773608e-08
0.6311746835708618
2.032103907367855e-08
-11.12761116027832
2.032103907367855e-08
4.626474380493164
4.1181607457474456e-08
-8.381139755249023
4.1181607457474456e-08
8.815865516662598
-3.506894685756379e-08
-8.476007461547852
-3.506894685756379e-08
11.920053482055664
-3.163403761163863e-08
-8.062384605407715
-3.163403761163863e-08
0.6311746835708618
3.932937886474974e-08
-11.12761116027832
3.932937886474974e-08
4.626474380493164
8.810022222860425e-08
-8.381139755249023
8.810022222860425e-08
8.815865516662598
4.0944307500012656e-08
-8.476007461547852
4.0944307500012656e-08
11.920053482055664
7.466515228315984e-08
-8.062384605407715
7.466515228315984e-08
13.070013999938965
3.494466938036567e-08
-2.1470983028411865
3.494466938036567e-08
13.657061576843262
6.90059209773608e-08
4.366482734680176
6.90059209773608e-08
14.351263046264648
2.032103907367855e-08
5.29274845123291
2.032103907367855e-08
12.604413986206055
4.1181607457474456e-08
1.3871591091156006
4.1181607457474456e-08
8.4493989944458
-3.506894685756379e-08
-4.044491767883301
-3.506894685756379e-08
6.296777725219727
-3.163403761163863e-08
-8.282723426818848
-3.163403761163863e-08
6.9497904777526855
3.932937886474974e-08
-8.179893493652344
3.932937886474974e-08
8.05942153930664
8.810022222860425e-08
-0.38772788643836975
8.810022222860425e-08
10.476219177246094
4.0944307500012656e-08
14.446529388427734
4.0944307500012656e-08
12.925801277160645
7.466515228315984e-08
26.721355438232422
7.466515228315984e-08
9.969536781311035
3.494466938036567e-08
26.561803817749023
3.494466938036567e-08
1.8296912908554077
6.90059209773608e-08
17.840038299560547
6.90059209773608e-08
-5.911908149719238
2.032103907367855e-08
10.798306465148926
2.032103907367855e-08
-10.995814323425293
4.1181607457474456e-08
7.283323287963867
4.1181607457474456e-08
-12.866266250610352
-3.506894685756379e-08
5.811939716339111
-3.506894685756379e-08
-10.897857666015625
-3.163403761163863e-08
6.648713111877441
-3.163403761163863e-08
-10.3134183883667
3.932937886474974e-08
1.9833095073699951
3.932937886474974e-08
-12.88151741027832
8.810022222860425e-08
2.5663583278656006
8.810022222860425e-08
-15.396926879882812
4.0944307500012656e-08
9.746143341064453
4.0944307500012656e-08
-20.068021774291992
7.466515228315984e-08
14.689247131347656
7.466515228315984e-08
-24.11272621154785
3.494466938036567e-08
14.947554588317871
3.494466938036567e-08
-22.342668533325195
6.90059209773608e-08
18.48427391052246
6.90059209773608e-08
-18.991111755371094
2.032103907367855e-08
23.784259796142578
2.032103907367855e-08
-20.923280715942383
4.1181607457474456e-08
19.392925262451172
4.1181607457474456e-08
-23.32964515686035
-3.506894685756379e-08
7.157285213470459
-3.506894685756379e-08
-19.46392059326172
-3.163403761163863e-08
0.8992205262184143
-3.163403761163863e-08
-12.049443244934082
3.932937886474974e-08
8.494603157043457
3.932937886474974e-08
-11.499045372009277
8.810022222860425e-08
12.771198272705078
8.810022222860425e-08
-10.042319297790527
4.0944307500012656e-08
17.807518005371094
4.0944307500012656e-08
-7.4261794090271
7.466515228315984e-08
25.563011169433594
7.466515228315984e-08
-4.953108310699463
3.494466938036567e-08
33.179718017578125
3.494466938036567e-08
-8.382967948913574
6.90059209773608e-08
28.54766082763672
6.90059209773608e-08
-19.888803482055664
2.032103907367855e-08
7.494808673858643
2.032103907367855e-08
-30.029769897460938
4.1181607457474456e-08
-11.854467391967773
4.1181607457474456e-08
-29.887569427490234
-3.506894685756379e-08
-12.183695793151855
-3.506894685756379e-08
-25.27895736694336
-3.163403761163863e-08
-3.613074541091919
-3.163403761163863e-08
-25.27895736694336
3.932937886474974e-08
-3.613074541091919
3.932937886474974e-08
-25.838275909423828
8.810022222860425e-08
-4.082625389099121
8.810022222860425e-08
-28.493206024169922
4.0944307500012656e-08
-9.064382553100586
4.0944307500012656e-08
-27.834259033203125
7.466515228315984e-08
-9.572636604309082
7.466515228315984e-08
-27.79164695739746
3.494466938036567e-08
-12.017509460449219
3.494466938036567e-08
-28.910369873046875
6.90059209773608e-08
-16.83654022216797
6.90059209773608e-08
-25.419414520263672
2.032103907367855e-08
-14.70660400390625
2.032103907367855e-08
-20.285785675048828
4.1181607457474456e-08
-9.804398536682129
4.1181607457474456e-08
-21.75984001159668
-3.506894685756379e-08
-12.937797546386719
-3.506894685756379e-08
-28.113204956054688
-3.163403761163863e-08
-21.160165786743164
-3.163403761163863e-08
-28.113204956054688
3.932937886474974e-08
-21.160165786743164
3.932937886474974e-08
-30.497941970825195
8.810022222860425e-08
-24.96514129638672
8.810022222860425e-08
-26.814435958862305
4.0944307500012656e-08
-23.302471160888672
4.0944307500012656e-08
-20.868812561035156
7.466515228315984e-08
-17.4149112701416
7.466515228315984e-08
-13.988618850708008
3.494466938036567e-08
-4.4633965492248535
3.494466938036567e-08
-8.672429084777832
6.90059209773608e-08
8.671285629272461
6.90059209773608e-08
