0
-6.336008071899414
-6.690711975097656
-6.414944648742676
1.999999987845058e-08
-10.057940483093262
-1.441422939300537
6.0586161613464355
-1.999999987845058e-08
-10.522871017456055
8.044047355651855
20.98188591003418
1.999999987845058e-08
-6.494076728820801
16.741863250732422
31.971202850341797
-1.999999987845058e-08
2.1175856590270996
18.174875259399414
30.97283172607422
1.999999987845058e-08
11.091581344604492
10.814329147338867
16.22178840637207
-1.999999987845058e-08
15.764631271362305
-2.8297557830810547
-7.363098621368408
1.999999987845058e-08
12.769370079040527
-16.676530838012695
-28.135761260986328
-1.999999987845058e-08
2.4588422775268555
-22.0286922454834
-32.478424072265625
1.999999987845058e-08
-16.751163482666016
-1.8359137773513794
0.19661615788936615
-1.999999987845058e-08
-18.11273193359375
4.064699172973633
6.600271224975586
1.999999987845058e-08
-15.21058177947998
-1.4171295166015625
-0.15943396091461182
-1.999999987845058e-08
-10.879759788513184
-10.011597633361816
-8.861510276794434
1.999999987845058e-08
-9.671480178833008
-11.299072265625
-9.261800765991211
-1.999999987845058e-08
-14.547162055969238
-4.7905778884887695
-0.8048512935638428
1.999999987845058e-08
-20.53423500061035
0.05377275496721268
6.584991455078125
-1.999999987845058e-08
-18.89891815185547
-4.082072734832764
3.0595438480377197
1.999999987845058e-08
-8.75111198425293
-12.851080894470215
-8.168095588684082
-1.999999987845058e-08
0.6595994234085083
-16.088655471801758
-14.174663543701172
1.999999987845058e-08
0.011485197581350803
-11.561834335327148
-9.491963386535645
-1.999999987845058e-08
-10.061832427978516
-6.472087860107422
-2.000922679901123
1.999999987845058e-08
-21.47244644165039
-4.692376613616943
1.8317034244537354
-1.999999987845058e-08
-28.034984588623047
-2.342430830001831
5.9869208335876465
1.999999987845058e-08
-28.222318649291992
2.0454647541046143
13.752113342285156
-1.999999987845058e-08
-21.58440399169922
3.1666946411132812
19.094173431396484
1.999999987845058e-08
-7.60922384262085
-3.6020336151123047
13.023652076721191
-1.999999987845058e-08
8.234402656555176
-15.538330078125
-4.6934661865234375
1.999999987845058e-08
13.046955108642578
-23.568580627441406
-20.355981826782227
-1.999999987845058e-08
1.489518404006958
-20.618844985961914
-18.66939353942871
1.999999987845058e-08
1.489518404006958
-20.618844985961914
-18.66939353942871
-1.999999987845058e-08
-15.028871536254883
-8.623344421386719
-0.32324597239494324
1.999999987845058e-08
-23.55650520324707
3.9298839569091797
19.5280704498291
-1.999999987845058e-08
-22.37674903869629
8.697232246398926
26.494543075561523
1.999999987845058e-08
-14.640373229980469
2.9987118244171143
17.351884841918945
-1.999999987845058e-08
-3.925509452819824
-7.202989101409912
1.571571707725525
1.999999987845058e-08
4.050271034240723
-12.040045738220215
-5.956475734710693
-1.999999987845058e-08
6.001227378845215
-7.974527835845947
1.22201406955719
1.999999987845058e-08
3.338080644607544
-0.7214399576187134
14.357767105102539
-1.999999987845058e-08
-1.3475226163864136
2.064012289047241
19.28957748413086
1.999999987845058e-08
-3.683727264404297
-1.7404650449752808
11.174942016601562
-1.999999987845058e-08
-0.2935337722301483
-6.371552467346191
-0.4227387011051178
1.999999987845058e-08
4.767728805541992
-4.709078788757324
-2.5086100101470947
-1.999999987845058e-08
5.40662145614624
1.1468486785888672
4.374203681945801
1.999999987845058e-08
1.846971869468689
4.061465263366699
10.030774116516113
-1.999999987845058e-08
-2.123039484024048
2.9150142669677734
11.089599609375
1.999999987845058e-08
-3.809544801712036
-0.7069684267044067
9.328471183776855
-1.999999987845058e-08
-1.3513212203979492
-6.989795207977295
4.478971004486084
1.999999987845058e-08
6.491396903991699
-13.350791931152344
-2.4857776165008545
-1.999999987845058e-08
16.574512481689453
-15.635753631591797
-8.815929412841797
1.999999987845058e-08
20.243284225463867
-13.870238304138184
-12.752056121826172
-1.999999987845058e-08
12.96961784362793
-10.389062881469727
-12.60645866394043
1.999999987845058e-08
1.6897047758102417
-6.215577125549316
-8.204521179199219
-1.999999987845058e-08
-4.123966693878174
-3.4913344383239746
-5.080049991607666
1.999999987845058e-08
-4.115535736083984
-5.2474365234375
-9.812701225280762
-1.999999987845058e-08
-4.601675510406494
-9.663267135620117
-18.992189407348633
1.999999987845058e-08
-8.784912109375
-11.869434356689453
-22.11640167236328
-1.999999987845058e-08
-13.056445121765137
-13.30211067199707
-18.83989906311035
1.999999987845058e-08
-10.517294883728027
-19.23670196533203
-20.360509872436523
-1.999999987845058e-08
1.0267597436904907
-27.07462501525879
-30.27948760986328
1.999999987845058e-08
-0.4041130244731903
-6.089579105377197
-26.74378204345703
-1.999999987845058e-08
-10.092961311340332
8.849309921264648
-9.622547149658203
1.999999987845058e-08
-6.2532525062561035
16.21254539489746
-0.06594978272914886
-1.999999987845058e-08
6.665734767913818
10.770482063293457
-7.544600486755371
1.999999987845058e-08
17.32016372680664
0.20803076028823853
-23.263187408447266
-1.999999987845058e-08
19.202524185180664
-1.4063783884048462
-28.04587173461914
1.999999987845058e-08
14.081672668457031
5.8719482421875
-18.739896774291992
-1.999999987845058e-08
7.476362228393555
8.86358642578125
-10.231152534484863
1.999999987845058e-08
3.6531200408935547
2.7155654430389404
-11.874695777893066
-1.999999987845058e-08
3.5820348262786865
-4.365572929382324
-18.68854331970215
1.999999987845058e-08
-2.576996088027954
1.8919779062271118
-15.985023498535156
-1.999999987845058e-08
-11.496806144714355
14.460119247436523
2.4085099697113037
1.999999987845058e-08
-11.147199630737305
25.62105941772461
21.756969451904297
-1.999999987845058e-08
2.0112743377685547
28.139389038085938
26.919353485107422
1.999999987845058e-08
15.910324096679688
21.038223266601562
15.36682415008545
-1.999999987845058e-08
19.562196731567383
7.555868625640869
-5.099871635437012
1.999999987845058e-08
13.454578399658203
-6.274735927581787
-23.23375701904297
-1.999999987845058e-08
4.877599239349365
-13.570611953735352
-29.686052322387695
1.999999987845058e-08
0.4346986413002014
-12.298717498779297
-25.258193969726562
-1.999999987845058e-08
-0.7524768114089966
-4.9189300537109375
-17.696292877197266
1.999999987845058e-08
4.877599239349365
-13.570611953735352
-29.686052322387695
-1.999999987845058e-08
0.4346986711025238
-12.298717498779297
-25.258193969726562
1.999999987845058e-08
-0.7524768710136414
-4.9189300537109375
-17.696292877197266
-1.999999987845058e-08
-4.981895923614502
6.181545734405518
-10.135066986083984
1.999999987845058e-08
-13.549022674560547
17.895328521728516
-1.1433333158493042
-1.999999987845058e-08
-20.656635284423828
24.729833602905273
7.107996940612793
1.999999987845058e-08
-20.276657104492188
23.650432586669922
9.440073013305664
-1.999999987845058e-08
-11.227596282958984
18.19509506225586
5.11825704574585
1.999999987845058e-08
0.2993762195110321
13.764937400817871
-1.114074468612671
-1.999999987845058e-08
5.413432598114014
11.822312355041504
-4.732610702514648
1.999999987845058e-08
4.250328540802002
8.723417282104492
-7.402230739593506
-1.999999987845058e-08
10.27173900604248
4.851166248321533
-13.6595458984375
1.999999987845058e-08
14.746051788330078
2.5740268230438232
-18.402755737304688
-1.999999987845058e-08
10.449267387390137
5.916064739227295
-12.869291305541992
1.999999987845058e-08
2.085890293121338
10.312152862548828
-3.259213447570801
-1.999999987845058e-08
-0.08749917894601822
8.141193389892578
-3.559756278991699
1.999999987845058e-08
4.745095729827881
2.435004472732544
-11.160186767578125
-1.999999987845058e-08
10.248038291931152
0.8631706833839417
-14.059874534606934
1.999999987845058e-08
14.574382781982422
2.551568031311035
-13.660871505737305
-1.999999987845058e-08
17.104494094848633
1.8872865438461304
-18.42913818359375
1.999999987845058e-08
17.104494094848633
1.8872864246368408
-18.42913818359375
-1.999999987845058e-08
12.567449569702148
-2.3545451164245605
-26.675460815429688
1.999999987845058e-08
0.27530330419540405
-6.630471706390381
-29.68486213684082
-1.999999987845058e-08
-9.899247169494629
-7.816440105438232
-25.226543426513672
1.999999987845058e-08
-10.533321380615234
-6.867424011230469
-19.90643882751465
-1.999999987845058e-08
-6.073401927947998
-5.814663410186768
-18.310232162475586
1.999999987845058e-08
-2.0421180725097656
-4.464092254638672
-17.606101989746094
-1.999999987845058e-08
1.2021675109863281
-3.5467684268951416
-15.02184009552002
1.999999987845058e-08
2.0637166500091553
-4.449101448059082
-11.316692352294922
-1.999999987845058e-08
-0.05508030578494072
-3.70812726020813
-6.355040550231934
1.999999987845058e-08
6.516841411590576
28.9611873626709
30.231800079345703
-1.999999987845058e-08
22.497591018676758
13.826772689819336
11.163581848144531
1.999999987845058e-08
35.25434112548828
0.18303008377552032
-8.938036918640137
-1.999999987845058e-08
35.24016189575195
-4.101072788238525
-17.315174102783203
1.999999987845058e-08
22.162700653076172
-1.3928204774856567
-14.86025619506836
-1.999999987845058e-08
7.397153854370117
4.6626105308532715
-6.4194841384887695
1.999999987845058e-08
3.759244441986084
13.822407722473145
6.065327167510986
-1.999999987845058e-08
10.201388359069824
22.80266761779785
17.5770320892334
1.999999987845058e-08
14.23567008972168
23.288536071777344
18.062816619873047
-1.999999987845058e-08
8.611712455749512
15.671544075012207
8.11081314086914
1.999999987845058e-08
10.201388359069824
22.80266761779785
17.5770320892334
-1.999999987845058e-08
14.23567008972168
23.288536071777344
18.062816619873047
1.999999987845058e-08
8.611712455749512
15.671544075012207
8.11081314086914
-1.999999987845058e-08
-1.6388245820999146
12.558743476867676
3.7694339752197266
1.999999987845058e-08
-8.445195198059082
17.816390991210938
11.983959197998047
-1.999999987845058e-08
-9.821149826049805
17.358320236206055
16.63466453552246
1.999999987845058e-08
-6.626837730407715
1.2744559049606323
1.9321304559707642
-1.999999987845058e-08
-0.3269007205963135
-16.927043914794922
-20.49220848083496
1.999999987845058e-08
2.473851442337036
-15.628705024719238
-22.864151000976562
-1.999999987845058e-08
-3.263798236846924
5.649463176727295
1.133892297744751
1.999999987845058e-08
-9.626166343688965
25.979385375976562
27.29197120666504
-1.999999987845058e-08
-5.321122646331787
29.267446517944336
31.938331604003906
1.999999987845058e-08
6.691562652587891
17.582691192626953
15.222613334655762
-1.999999987845058e-08
13.347092628479004
3.0417861938476562
-5.096159934997559
1.999999987845058e-08
9.026619911193848
-3.7519867420196533
-11.173810005187988
-1.999999987845058e-08
0.0017170647624880075
-0.05838795378804207
1.4462428092956543
1.999999987845058e-08
-5.247560024261475
11.261849403381348
25.30356788635254
-1.999999987845058e-08
-2.140087366104126
24.323148727416992
47.87483596801758
1.999999987845058e-08
9.96982479095459
27.66312026977539
51.38401794433594
-1.999999987845058e-08
24.914997100830078
14.629085540771484
27.454416275024414
1.999999987845058e-08
24.514780044555664
-3.0895261764526367
-7.800969123840332
-1.999999987845058e-08
10.459146499633789
7.7900071144104
12.217917442321777
1.999999987845058e-08
0.29950839281082153
12.000782012939453
28.769189834594727
-1.999999987845058e-08
0.4283496141433716
1.7293879985809326
21.629858016967773
1.999999987845058e-08
7.084497928619385
-10.83359432220459
1.2276270389556885
-1.999999987845058e-08
10.013593673706055
-12.625802993774414
-10.132413864135742
1.999999987845058e-08
4.104364395141602
-5.922269821166992
-6.778270721435547
-1.999999987845058e-08
-6.816214084625244
0.7751780152320862
3.1873459815979004
1.999999987845058e-08
-17.752185821533203
5.9031476974487305
16.56839942932129
-1.999999987845058e-08
-25.803987503051758
11.794898986816406
34.0799674987793
1.999999987845058e-08
-25.803987503051758
11.794898986816406
34.0799674987793
-1.999999987845058e-08
-27.17281723022461
16.748802185058594
48.69464874267578
1.999999987845058e-08
-20.680749893188477
15.724791526794434
50.00040817260742
-1.999999987845058e-08
-11.998559951782227
7.9976067543029785
39.39889144897461
1.999999987845058e-08
-6.361605644226074
0.4713861346244812
30.372129440307617
-1.999999987845058e-08
-2.100393533706665
0.33175206184387207
32.591697692871094
1.999999987845058e-08
3.635335922241211
3.8343803882598877
39.3629264831543
-1.999999987845058e-08
9.858489990234375
-1.7989579439163208
33.14474105834961
1.999999987845058e-08
13.415018081665039
-16.757532119750977
12.216144561767578
-1.999999987845058e-08
10.128108024597168
-22.94949722290039
0.3962867558002472
1.999999987845058e-08
4.0775675773620605
-20.626338958740234
2.584991693496704
-1.999999987845058e-08
13.85605525970459
-17.151365280151367
-3.716747283935547
1.999999987845058e-08
12.265982627868652
-12.000614166259766
-3.4118404388427734
-1.999999987845058e-08
4.457016468048096
-9.689711570739746
-1.5669182538986206
1.999999987845058e-08
-0.09414921700954437
-3.9371018409729004
5.087283134460449
-1.999999987845058e-08
2.1910712718963623
4.293276786804199
12.973601341247559
1.999999987845058e-08
8.245219230651855
4.694835662841797
8.860662460327148
-1.999999987845058e-08
10.23459243774414
-1.5756675004959106
-3.8814661502838135
1.999999987845058e-08
2.190531015396118
-1.7129238843917847
-4.425708293914795
-1.999999987845058e-08
-12.22999382019043
8.765351295471191
14.96326732635498
1.999999987845058e-08
2.190531015396118
-1.7129238843917847
-4.425708293914795
-1.999999987845058e-08
-12.22999382019043
8.765351295471191
14.96326732635498
1.999999987845058e-08
-24.315696716308594
22.12244987487793
41.20082473754883
-1.999999987845058e-08
-27.897216796875
27.2600040435791
55.40638732910156
1.999999987845058e-08
-19.781145095825195
17.521350860595703
45.72584533691406
-1.999999987845058e-08
-3.0952718257904053
-0.5966271758079529
19.802621841430664
1.999999987845058e-08
11.54399299621582
-12.216625213623047
-0.2724939286708832
-1.999999987845058e-08
15.829591751098633
-12.269521713256836
-3.375439167022705
1.999999987845058e-08
9.424610137939453
-6.154304027557373
5.798659801483154
-1.999999987845058e-08
-3.01863694190979
4.098361492156982
22.55259895324707
1.999999987845058e-08
-3.01863694190979
4.098361492156982
22.55259895324707
-1.999999987845058e-08
-13.364301681518555
18.024307250976562
41.95796585083008
1.999999987845058e-08
-14.522696495056152
26.831636428833008
51.49138641357422
-1.999999987845058e-08
-7.5519118309021
20.406755447387695
41.51926803588867
1.999999987845058e-08
0.5134511590003967
2.2512712478637695
18.32477569580078
-1.999999987845058e-08
3.3426225185394287
-10.901016235351562
1.0889405012130737
1.999999987845058e-08
-0.9902837872505188
-6.6909990310668945
5.089950084686279
-1.999999987845058e-08
-8.586977005004883
8.29939079284668
24.535423278808594
1.999999987845058e-08
-14.674363136291504
16.911331176757812
39.04145050048828
-1.999999987845058e-08
-17.315391540527344
11.451156616210938
37.75201416015625
1.999999987845058e-08
2.1983137130737305
-3.293182611465454
12.222024917602539
-1.999999987845058e-08
-4.153018951416016
-3.6501147747039795
11.035905838012695
1.999999987845058e-08
-5.892467498779297
-7.82300329208374
5.827917575836182
-1.999999987845058e-08
-6.0503411293029785
-10.105633735656738
4.365866661071777
1.999999987845058e-08
-9.249177932739258
-2.5285189151763916
16.071687698364258
-1.999999987845058e-08
-12.25387191772461
10.639244079589844
33.4198112487793
1.999999987845058e-08
-7.60959529876709
13.757745742797852
35.49502182006836
-1.999999987845058e-08
2.0576417446136475
2.6390960216522217
18.49445343017578
1.999999987845058e-08
5.601325988769531
-8.53307819366455
3.2561681270599365
-1.999999987845058e-08
0.03554584085941315
-8.897878646850586
4.4005446434021
1.999999987845058e-08
-7.60959529876709
13.757745742797852
35.49502182006836
-1.999999987845058e-08
2.0576417446136475
2.6390960216522217
18.49445343017578
1.999999987845058e-08
5.601325988769531
-8.53307819366455
3.2561681270599365
-1.999999987845058e-08
0.03554584085941315
-8.897878646850586
4.4005446434021
1.999999987845058e-08
-7.01524019241333
-3.0805044174194336
13.72701358795166
-1.999999987845058e-08
-9.607159614562988
0.15109506249427795
17.628103256225586
1.999999987845058e-08
-10.174912452697754
-0.3184092342853546
15.11837100982666
-1.999999987845058e-08
-14.968094825744629
0.5605506300926208
15.18624496459961
1.999999987845058e-08
-24.31422233581543
4.809263229370117
21.76058578491211
-1.999999987845058e-08
-30.164926528930664
7.088914394378662
26.681236267089844
1.999999987845058e-08
2.3161985874176025
-8.821287155151367
4.889881610870361
-1.999999987845058e-08
9.284104347229004
0.8565605878829956
16.015045166015625
1.999999987845058e-08
17.704416275024414
5.163952827453613
13.74432373046875
-1.999999987845058e-08
21.227249145507812
3.7364630699157715
1.4676369428634644
1.999999987845058e-08
17.25128746032715
0.6141833662986755
-8.980157852172852
-1.999999987845058e-08
11.584049224853516
-1.1722991466522217
-12.514768600463867
1.999999987845058e-08
9.099424362182617
0.519423246383667
-9.455217361450195
-1.999999987845058e-08
8.33474063873291
6.464148044586182
-1.5733643770217896
1.999999987845058e-08
7.5826416015625
12.642154693603516
5.168128490447998
-1.999999987845058e-08
8.318153381347656
11.469108581542969
2.62671160697937
1.999999987845058e-08
8.33474063873291
6.464147567749023
-1.573364496231079
-1.999999987845058e-08
7.5826416015625
12.642154693603516
5.168128490447998
1.999999987845058e-08
8.318153381347656
11.469108581542969
2.62671160697937
-1.999999987845058e-08
11.449881553649902
0.15364158153533936
-10.976704597473145
1.999999987845058e-08
13.947861671447754
-13.286623001098633
-26.279098510742188
-1.999999987845058e-08
10.489808082580566
-16.358720779418945
-28.964597702026367
1.999999987845058e-08
1.6292855739593506
-8.431965827941895
-18.290735244750977
-1.999999987845058e-08
-4.814096927642822
-3.40938138961792
-12.141175270080566
1.999999987845058e-08
-6.440614700317383
-8.531477928161621
-19.818092346191406
-1.999999987845058e-08
-10.085199356079102
-11.444409370422363
-22.7734432220459
1.999999987845058e-08
-26.131216049194336
12.929425239562988
28.323572158813477
-1.999999987845058e-08
-20.126182556152344
6.663747787475586
29.100006103515625
1.999999987845058e-08
-1.3094465732574463
-13.767057418823242
-1.883987307548523
-1.999999987845058e-08
14.382233619689941
-21.495140075683594
-26.2346248626709
1.999999987845058e-08
11.164813995361328
-8.000028610229492
-19.273042678833008
-1.999999987845058e-08
-6.235467433929443
8.586033821105957
2.3615217208862305
1.999999987845058e-08
-16.035364151000977
14.162189483642578
14.728598594665527
-1.999999987845058e-08
-5.705106735229492
12.628199577331543
15.570579528808594
1.999999987845058e-08
14.355728149414062
9.752447128295898
12.195927619934082
-1.999999987845058e-08
27.090784072875977
3.016460657119751
3.8594322204589844
1.999999987845058e-08
27.090784072875977
3.016460418701172
3.8594322204589844
-1.999999987845058e-08
26.468833923339844
-8.72865104675293
-11.859254837036133
1.999999987845058e-08
15.80329704284668
-17.770057678222656
-26.00702476501465
-1.999999987845058e-08
2.531111717224121
-17.69466781616211
-27.67603302001953
1.999999987845058e-08
-3.6955764293670654
-13.734028816223145
-21.61258316040039
-1.999999987845058e-08
0.496993750333786
-14.384193420410156
-21.05229377746582
1.999999987845058e-08
6.119671821594238
-18.164287567138672
-27.297449111938477
-1.999999987845058e-08
1.752441167831421
-16.453861236572266
-28.560882568359375
1.999999987845058e-08
-12.616076469421387
-7.187624454498291
-17.459766387939453
-1.999999987845058e-08
-25.240562438964844
-0.2143634855747223
-3.3202476501464844
1.999999987845058e-08
4.543680667877197
-20.769084930419922
-40.83347702026367
-1.999999987845058e-08
-3.8841865062713623
-9.632302284240723
-29.248146057128906
1.999999987845058e-08
-8.75501537322998
-4.055121421813965
-18.942218780517578
-1.999999987845058e-08
-3.542187452316284
-8.257231712341309
-19.941730499267578
1.999999987845058e-08
4.632858753204346
-15.694265365600586
-26.680458068847656
-1.999999987845058e-08
6.66944694519043
-20.21449089050293
-31.657611846923828
1.999999987845058e-08
1.820550799369812
-24.01508903503418
-37.37820053100586
-1.999999987845058e-08
-4.5602803230285645
-26.20892906188965
-42.59366226196289
1.999999987845058e-08
-8.618853569030762
-17.965003967285156
-34.93818664550781
-1.999999987845058e-08
-11.35693073272705
-0.999308705329895
-14.356449127197266
1.999999987845058e-08
-11.35693073272705
-0.9993087649345398
-14.356449127197266
-1.999999987845058e-08
-14.144379615783691
6.92234468460083
-2.995187282562256
1.999999987845058e-08
-14.650811195373535
-1.840862512588501
-12.822112083435059
-1.999999987845058e-08
-12.154155731201172
-10.487689971923828
-23.516380310058594
1.999999987845058e-08
-10.851837158203125
-4.596769332885742
-14.775586128234863
-1.999999987845058e-08
-11.381571769714355
4.400975704193115
-1.2982815504074097
1.999999987845058e-08
-8.86519718170166
1.3779296875
-6.857409477233887
-1.999999987845058e-08
-3.2284204959869385
-7.082090854644775
-24.946813583374023
1.999999987845058e-08
0.6972179412841797
-9.474740982055664
-36.38438415527344
-1.999999987845058e-08
2.4866011142730713
-8.803918838500977
-40.26239013671875
1.999999987845058e-08
3.1570866107940674
-6.7848005294799805
-36.55107116699219
-1.999999987845058e-08
-3.696824073791504
-1.374212384223938
-25.996912002563477
1.999999987845058e-08
-11.833145141601562
-2.115946054458618
-22.4573974609375
-1.999999987845058e-08
-14.256219863891602
-10.21847915649414
-29.190343856811523
1.999999987845058e-08
-10.28653621673584
-16.21087074279785
-36.06976318359375
-1.999999987845058e-08
-4.96162223815918
-14.846053123474121
-37.43589782714844
1.999999987845058e-08
-2.933912515640259
-8.367979049682617
-35.51317596435547
-1.999999987845058e-08
-4.807790279388428
0.46845850348472595
-31.408130645751953
1.999999987845058e-08
-7.6110029220581055
7.688111305236816
-26.87308120727539
-1.999999987845058e-08
-7.230668067932129
9.342178344726562
-25.50524139404297
1.999999987845058e-08
-7.6110029220581055
7.688111305236816
-26.87308120727539
-1.999999987845058e-08
-7.230668067932129
9.342178344726562
-25.50524139404297
1.999999987845058e-08
-1.0324946641921997
7.693302154541016
-26.038494110107422
-1.999999987845058e-08
9.375994682312012
7.402327060699463
-25.007339477539062
1.999999987845058e-08
18.191465377807617
7.845180034637451
-24.656841278076172
-1.999999987845058e-08
20.459434509277344
6.467398166656494
-28.16272735595703
1.999999987845058e-08
15.826942443847656
5.557276725769043
-31.13308334350586
-1.999999987845058e-08
7.392335414886475
7.846069812774658
-28.1529483795166
1.999999987845058e-08
0.3127412796020508
8.993753433227539
-24.207761764526367
-1.999999987845058e-08
-1.3572256565093994
4.767441272735596
-26.478639602661133
1.999999987845058e-08
-1.357225775718689
4.767441272735596
-26.478639602661133
-1.999999987845058e-08
0.03130652382969856
0.949489414691925
-29.042827606201172
1.999999987845058e-08
-1.3683630228042603
5.2724609375
-21.232860565185547
-1.999999987845058e-08
-6.272669792175293
16.28729248046875
-5.014510631561279
1.999999987845058e-08
-9.469472885131836
25.482715606689453
6.168570041656494
-1.999999987845058e-08
-6.554358959197998
24.486696243286133
0.9079888463020325
1.999999987845058e-08
0.6406864523887634
12.833288192749023
-17.612403869628906
-1.999999987845058e-08
7.022207736968994
-0.7983496189117432
-34.43252182006836
1.999999987845058e-08
11.534845352172852
-8.938081741333008
-41.69628143310547
-1.999999987845058e-08
15.16463851928711
-11.3234224319458
-44.55268478393555
1.999999987845058e-08
2.2394556999206543
2.8493969440460205
-33.528709411621094
-1.999999987845058e-08
-12.186903953552246
15.992907524108887
-13.563000679016113
1.999999987845058e-08
-16.062345504760742
20.68767738342285
0.1985776424407959
-1.999999987845058e-08
-5.661712646484375
16.927650451660156
2.069319486618042
1.999999987845058e-08
9.600240707397461
14.622501373291016
0.9872045516967773
-1.999999987845058e-08
19.349075317382812
15.922191619873047
1.1547996997833252
1.999999987845058e-08
21.880741119384766
12.781573295593262
-4.211225509643555
-1.999999987845058e-08
20.35576057434082
2.2756810188293457
-18.316848754882812
1.999999987845058e-08
15.071843147277832
-7.3542046546936035
-31.805158615112305
-1.999999987845058e-08
6.461911678314209
-7.766698360443115
-33.345890045166016
1.999999987845058e-08
0.025793399661779404
-0.7174800038337708
-24.11013412475586
-1.999999987845058e-08
0.2050565630197525
5.369085788726807
-15.987349510192871
1.999999987845058e-08
2.790553569793701
6.247744560241699
-15.610113143920898
-1.999999987845058e-08
-1.281380534172058
5.839623928070068
-15.92520809173584
1.999999987845058e-08
-14.160003662109375
10.813130378723145
-5.2666335105896
-1.999999987845058e-08
-25.494192123413086
22.43282127380371
17.43836212158203
1.999999987845058e-08
-21.811988830566406
31.93443489074707
36.88364791870117
-1.999999987845058e-08
-1.7979663610458374
28.533493041992188
36.4614143371582
1.999999987845058e-08
21.86506462097168
12.044583320617676
17.013059616088867
-1.999999987845058e-08
36.05955123901367
-8.22464370727539
-7.680842399597168
1.999999987845058e-08
36.05955123901367
-8.22464370727539
-7.680842399597168
-1.999999987845058e-08
36.59853744506836
-20.71527862548828
-23.599281311035156
1.999999987845058e-08
26.08891487121582
-16.991180419921875
-21.576845169067383
-1.999999987845058e-08
10.16119384765625
-0.0034894172567874193
-3.6406569480895996
1.999999987845058e-08
-4.909655570983887
15.721184730529785
16.69325065612793
-1.999999987845058e-08
-14.377559661865234
19.256866455078125
27.960390090942383
1.999999987845058e-08
-15.695840835571289
13.396330833435059
29.717796325683594
-1.999999987845058e-08
-10.002123832702637
6.7900519371032715
26.598403930664062
1.999999987845058e-08
-3.8964648246765137
4.812284469604492
23.981287002563477
-1.999999987845058e-08
-4.048377513885498
8.213207244873047
27.640125274658203
1.999999987845058e-08
-8.424920082092285
11.644618034362793
34.5987434387207
-1.999999987845058e-08
-9.586033821105957
8.245159149169922
32.798492431640625
1.999999987845058e-08
-6.986975193023682
2.042152166366577
22.651086807250977
-1.999999987845058e-08
-6.288969993591309
4.269119739532471
21.038562774658203
1.999999987845058e-08
-6.82822847366333
13.692554473876953
31.958707809448242
-1.999999987845058e-08
-2.259272813796997
16.882671356201172
38.007266998291016
1.999999987845058e-08
6.937706470489502
8.736198425292969
28.874210357666016
-1.999999987845058e-08
12.561452865600586
-2.6622745990753174
13.876855850219727
1.999999987845058e-08
10.10823917388916
-8.508712768554688
5.177718162536621
-1.999999987845058e-08
4.401980876922607
-6.1016740798950195
6.053745746612549
1.999999987845058e-08
2.429845094680786
0.9509243965148926
11.760807991027832
-1.999999987845058e-08
4.993558883666992
3.623103380203247
12.458362579345703
1.999999987845058e-08
8.759439468383789
-3.980595588684082
2.3773913383483887
-1.999999987845058e-08
12.180984497070312
-14.828022956848145
-10.176944732666016
1.999999987845058e-08
13.778916358947754
-14.653863906860352
-8.96479606628418
-1.999999987845058e-08
9.606888771057129
0.8285907506942749
11.489103317260742
1.999999987845058e-08
1.2905980348587036
18.050796508789062
35.22911071777344
-1.999999987845058e-08
-1.6876146793365479
20.604129791259766
40.53215408325195
1.999999987845058e-08
3.91931414604187
9.64946174621582
26.764434814453125
-1.999999987845058e-08
11.514439582824707
-1.7233220338821411
9.98157024383545
1.999999987845058e-08
15.809366226196289
-5.869339942932129
-4.893082141876221
-1.999999987845058e-08
11.172414779663086
-1.851359486579895
-2.4706945419311523
1.999999987845058e-08
5.706497669219971
1.5385377407073975
2.889411449432373
-1.999999987845058e-08
3.13578724861145
3.6653850078582764
7.447592258453369
1.999999987845058e-08
1.6739436388015747
6.513352870941162
11.486786842346191
-1.999999987845058e-08
-2.388486862182617
9.629682540893555
16.512611389160156
1.999999987845058e-08
-9.314456939697266
13.208158493041992
25.74932289123535
-1.999999987845058e-08
-14.294947624206543
17.512895584106445
38.61589431762695
1.999999987845058e-08
-9.343697547912598
16.14834976196289
41.943946838378906
-1.999999987845058e-08
6.980579853057861
5.3617472648620605
26.717178344726562
1.999999987845058e-08
31.685136795043945
-3.508521556854248
-1.8788886070251465
-1.999999987845058e-08
26.160673141479492
4.590191841125488
2.295698404312134
1.999999987845058e-08
10.874837875366211
11.356721878051758
12.4054536819458
-1.999999987845058e-08
-5.859449863433838
15.14437198638916
24.32732391357422
1.999999987845058e-08
-13.19767951965332
16.968116760253906
33.302978515625
-1.999999987845058e-08
-8.649347305297852
17.005355834960938
36.857276916503906
1.999999987845058e-08
-0.7143474221229553
15.522666931152344
37.43604278564453
-1.999999987845058e-08
3.7620439529418945
11.603522300720215
35.600868225097656
1.999999987845058e-08
6.455811500549316
5.557351589202881
30.210403442382812
-1.999999987845058e-08
9.258437156677246
2.415436029434204
25.914310455322266
1.999999987845058e-08
5.726223945617676
5.586363792419434
29.583402633666992
-1.999999987845058e-08
2.357506036758423
0.9143010377883911
26.202598571777344
1.999999987845058e-08
3.0312957763671875
-5.462106704711914
17.97642707824707
-1.999999987845058e-08
4.985161304473877
-7.6549577713012695
11.248698234558105
1.999999987845058e-08
2.807415008544922
-5.4358391761779785
11.353655815124512
-1.999999987845058e-08
-3.317330837249756
-0.8748043775558472
20.318561553955078
1.999999987845058e-08
-7.868417739868164
5.3906378746032715
35.509925842285156
-1.999999987845058e-08
-7.2240118980407715
10.648293495178223
47.50637435913086
1.999999987845058e-08
-2.899991273880005
9.00457763671875
45.24448013305664
-1.999999987845058e-08
2.0337114334106445
-2.334350347518921
26.207672119140625
1.999999987845058e-08
-2.899991273880005
9.00457763671875
45.24448013305664
-1.999999987845058e-08
2.0337114334106445
-2.334350347518921
26.207672119140625
1.999999987845058e-08
6.406994342803955
-18.031064987182617
-1.0437260866165161
-1.999999987845058e-08
9.408791542053223
-27.646944046020508
-22.17376708984375
1.999999987845058e-08
9.928893089294434
-25.2346134185791
-26.601722717285156
-1.999999987845058e-08
8.980498313903809
-15.36970043182373
-16.63015365600586
1.999999987845058e-08
8.085725784301758
-8.26761531829834
-5.526896953582764
-1.999999987845058e-08
6.803449630737305
-9.693367958068848
-4.734652042388916
1.999999987845058e-08
4.605456352233887
-14.975692749023438
-11.418599128723145
-1.999999987845058e-08
0.4663409888744354
-14.285833358764648
-10.622638702392578
1.999999987845058e-08
-9.113838195800781
0.24299144744873047
18.304851531982422
-1.999999987845058e-08
-1.4649531841278076
-1.3347219228744507
17.69244956970215
1.999999987845058e-08
10.817134857177734
-7.201433181762695
5.5003156661987305
-1.999999987845058e-08
14.665399551391602
-10.624016761779785
-4.750738143920898
1.999999987845058e-08
4.87691068649292
-5.1038689613342285
-0.5945748090744019
-1.999999987845058e-08
-12.39449405670166
12.307586669921875
22.835880279541016
1.999999987845058e-08
-25.584035873413086
31.98931312561035
51.92470169067383
-1.999999987845058e-08
-26.37291145324707
35.38813781738281
60.262550354003906
1.999999987845058e-08
-15.71360969543457
16.42952537536621
38.665836334228516
-1.999999987845058e-08
-2.703403949737549
-8.904296875
7.802890300750732
1.999999987845058e-08
5.045403003692627
-22.4617919921875
-10.103469848632812
-1.999999987845058e-08
7.745863437652588
-22.819429397583008
-14.072162628173828
1.999999987845058e-08
6.950451850891113
-18.360258102416992
-10.879314422607422
-1.999999987845058e-08
2.8749639987945557
-14.978405952453613
-3.980724811553955
1.999999987845058e-08
-0.08733370900154114
-14.59768295288086
0.2795865833759308
-1.999999987845058e-08
2.7453203201293945
-16.819778442382812
-4.145352363586426
1.999999987845058e-08
7.7217888832092285
-20.120342254638672
-14.483670234680176
-1.999999987845058e-08
6.5114006996154785
-22.74627113342285
-22.390207290649414
1.999999987845058e-08
-1.5467084646224976
-23.548065185546875
-24.118539810180664
-1.999999987845058e-08
-7.81409215927124
-22.979360580444336
-23.71210479736328
1.999999987845058e-08
-1.5467084646224976
-23.548065185546875
-24.118539810180664
-1.999999987845058e-08
-7.81409215927124
-22.979360580444336
-23.71210479736328
1.999999987845058e-08
-7.896676063537598
-21.447872161865234
-24.32114028930664
-1.999999987845058e-08
-7.858548641204834
-17.438522338867188
-21.80797576904297
1.999999987845058e-08
-12.251776695251465
-10.93664264678955
-13.334324836730957
-1.999999987845058e-08
-16.240535736083984
-6.21444034576416
-5.12935209274292
1.999999987845058e-08
-14.831804275512695
-6.65517520904541
-3.5809578895568848
-1.999999987845058e-08
-8.983363151550293
-11.349891662597656
-8.75317668914795
1.999999987845058e-08
-0.29635870456695557
-17.926158905029297
-19.673377990722656
-1.999999987845058e-08
9.016121864318848
-22.055068969726562
-32.45362854003906
1.999999987845058e-08
12.916159629821777
-18.967864990234375
-38.11209487915039
-1.999999987845058e-08
5.6721062660217285
-9.54515266418457
-30.788633346557617
1.999999987845058e-08
-12.623072624206543
0.6813987493515015
-12.442266464233398
-1.999999987845058e-08
-34.03921127319336
7.761939525604248
9.26642894744873
1.999999987845058e-08
-45.905277252197266
11.141748428344727
25.10262680053711
-1.999999987845058e-08
-38.938724517822266
8.760077476501465
26.867656707763672
1.999999987845058e-08
-14.978882789611816
-3.3151192665100098
10.49763011932373
-1.999999987845058e-08
11.933487892150879
-19.54684066772461
-14.480351448059082
1.999999987845058e-08
26.43609619140625
-26.04898452758789
-29.134065628051758
-1.999999987845058e-08
24.80605697631836
-20.725793838500977
-28.537446975708008
1.999999987845058e-08
-11.919057846069336
-23.413434982299805
-27.40205955505371
-1.999999987845058e-08
-9.729793548583984
-21.632423400878906
-23.357967376708984
1.999999987845058e-08
-8.876596450805664
-17.300527572631836
-17.34848403930664
-1.999999987845058e-08
-9.778858184814453
-11.209811210632324
-11.520491600036621
1.999999987845058e-08
-10.377312660217285
-5.107224464416504
-7.488762855529785
-1.999999987845058e-08
-10.356517791748047
-0.5161443948745728
-4.535632133483887
1.999999987845058e-08
-9.723081588745117
2.347581386566162
-1.3187189102172852
-1.999999987845058e-08
-8.887263298034668
3.195483684539795
1.3931357860565186
1.999999987845058e-08
-9.459444999694824
0.4457359313964844
0.1244417130947113
-1.999999987845058e-08
-10.307781219482422
-5.337821960449219
-6.4057230949401855
1.999999987845058e-08
-10.307781219482422
-5.337821960449219
-6.4057230949401855
-1.999999987845058e-08
-7.737709999084473
-9.028085708618164
-12.539855003356934
1.999999987845058e-08
-2.385176181793213
-8.026410102844238
-13.316460609436035
-1.999999987845058e-08
0.9439966678619385
-7.728613376617432
-13.807578086853027
1.999999987845058e-08
0.0313335582613945
-12.427391052246094
-19.915382385253906
-1.999999987845058e-08
-3.9091320037841797
-17.800840377807617
-26.59998321533203
1.999999987845058e-08
-9.89090347290039
-18.593746185302734
-25.46015167236328
-1.999999987845058e-08
-16.674409866333008
-14.936321258544922
-15.790143013000488
1.999999987845058e-08
-19.294626235961914
-10.04699420928955
-5.2578630447387695
-1.999999987845058e-08
-13.330175399780273
-8.68786334991455
-4.323770999908447
1.999999987845058e-08
-4.913358211517334
-12.460402488708496
-13.321356773376465
-1.999999987845058e-08
-4.990503787994385
-15.666650772094727
-19.458280563354492
1.999999987845058e-08
-11.474817276000977
-13.819342613220215
-16.49198341369629
-1.999999987845058e-08
-13.217144966125488
-9.385564804077148
-10.802107810974121
1.999999987845058e-08
-8.765027046203613
-5.867934226989746
-6.315299987792969
-1.999999987845058e-08
-4.142394542694092
-5.502813339233398
-4.564457893371582
1.999999987845058e-08
-1.797013282775879
-8.019684791564941
-8.138729095458984
-1.999999987845058e-08
-3.436999559402466
-7.632699489593506
-11.573904991149902
1.999999987845058e-08
-11.446995735168457
0.5103117227554321
-5.342176914215088
-1.999999987845058e-08
-22.835773468017578
13.579995155334473
11.36397647857666
1.999999987845058e-08
-28.696128845214844
23.41771125793457
28.7891902923584
-1.999999987845058e-08
-20.88445281982422
21.42584800720215
31.954391479492188
1.999999987845058e-08
-1.7895700931549072
8.026095390319824
16.70450782775879
-1.999999987845058e-08
15.09227180480957
-3.792753219604492
-0.16522915661334991
1.999999987845058e-08
19.3762264251709
-3.4886553287506104
-1.6950217485427856
-1.999999987845058e-08
11.996908187866211
7.47731876373291
11.073233604431152
1.999999987845058e-08
0.15635037422180176
21.403764724731445
27.251585006713867
-1.999999987845058e-08
-8.467952728271484
29.894872665405273
37.448516845703125
1.999999987845058e-08
-10.247045516967773
30.480058670043945
41.03132629394531
-1.999999987845058e-08
-5.363743305206299
27.94917106628418
43.382564544677734
1.999999987845058e-08
-5.363743305206299
27.94917106628418
43.382564544677734
-1.999999987845058e-08
6.191572666168213
24.153493881225586
42.531578063964844
1.999999987845058e-08
21.808963775634766
16.056684494018555
31.59436798095703
-1.999999987845058e-08
33.6163444519043
4.886903285980225
13.562726974487305
1.999999987845058e-08
34.23133850097656
-3.009718894958496
0.12288764864206314
-1.999999987845058e-08
23.39443016052246
-4.608776092529297
-2.798092842102051
1.999999987845058e-08
10.126686096191406
-3.661741018295288
-1.8070831298828125
-1.999999987845058e-08
4.685622692108154
-3.5082907676696777
-4.254140853881836
1.999999987845058e-08
6.435086250305176
-1.7350586652755737
-5.377772808074951
-1.999999987845058e-08
8.133628845214844
2.58343243598938
0.5836382508277893
1.999999987845058e-08
8.133628845214844
2.583432197570801
0.5836381912231445
-1.999999987845058e-08
7.952066421508789
3.951235771179199
6.6027302742004395
1.999999987845058e-08
7.310934543609619
-0.5358427166938782
4.64054536819458
-1.999999987845058e-08
4.667335510253906
-5.4824604988098145
-1.2195204496383667
1.999999987845058e-08
-0.2714187800884247
-5.923447132110596
-4.400821208953857
-1.999999987845058e-08
-2.2892990112304688
-5.028277397155762
-7.770938396453857
1.999999987845058e-08
2.288503646850586
-8.315898895263672
-16.68560218811035
-1.999999987845058e-08
8.400571823120117
-14.29015827178955
-26.505590438842773
1.999999987845058e-08
8.409503936767578
-15.048927307128906
-25.393869400024414
-1.999999987845058e-08
1.4796268939971924
-6.166224479675293
-9.453452110290527
1.999999987845058e-08
-11.721847534179688
23.518640518188477
45.9940071105957
-1.999999987845058e-08
-7.138930797576904
20.770627975463867
47.2493782043457
1.999999987845058e-08
-2.6265461444854736
15.084090232849121
40.70784378051758
-1.999999987845058e-08
-0.13814090192317963
12.467682838439941
32.97929000854492
1.999999987845058e-08
-1.4852453470230103
17.02593994140625
33.0146484375
-1.999999987845058e-08
-5.2745442390441895
23.218223571777344
39.500030517578125
1.999999987845058e-08
