0
-23.728321075439453
19.925384521484375
25.439369201660156
1.999999987845058e-08
-13.37808609008789
24.198772430419922
23.461835861206055
-1.999999987845058e-08
0.9956400990486145
3.717360019683838
-2.663081169128418
1.999999987845058e-08
12.310132026672363
-9.948624610900879
-26.387739181518555
-1.999999987845058e-08
16.872299194335938
-1.0245543718338013
-29.85629653930664
1.999999987845058e-08
13.793262481689453
7.441053867340088
-23.937089920043945
-1.999999987845058e-08
5.2687835693359375
-1.8845295906066895
-24.124773025512695
1.999999987845058e-08
-3.2080726623535156
-12.250040054321289
-28.023479461669922
-1.999999987845058e-08
-9.511269569396973
-6.605048656463623
-25.097604751586914
1.999999987845058e-08
-17.527587890625
3.8392627239227295
-14.800749778747559
-1.999999987845058e-08
-29.18742561340332
5.114882946014404
-3.683959484100342
1.999999987845058e-08
-39.657291412353516
5.907690048217773
6.974263668060303
-1.999999987845058e-08
-42.50260925292969
15.283853530883789
17.08401107788086
1.999999987845058e-08
-36.29386901855469
21.219858169555664
19.634231567382812
-1.999999987845058e-08
-24.92066764831543
14.339201927185059
11.175829887390137
1.999999987845058e-08
-13.600495338439941
7.207469463348389
0.4650596082210541
-1.999999987845058e-08
-7.111704349517822
9.332014083862305
-4.8508806228637695
1.999999987845058e-08
-8.190876960754395
8.971923828125
-8.168249130249023
-1.999999987845058e-08
-12.71334457397461
-4.273540019989014
-15.605836868286133
1.999999987845058e-08
-13.600143432617188
-18.864023208618164
-25.348697662353516
-1.999999987845058e-08
-12.442218780517578
-17.629669189453125
-27.667959213256836
1.999999987845058e-08
-14.708486557006836
-5.5169267654418945
-19.03946876525879
-1.999999987845058e-08
-16.830585479736328
-2.9306576251983643
-9.805253982543945
1.999999987845058e-08
-13.827628135681152
-12.156207084655762
-7.303857803344727
-1.999999987845058e-08
-10.436408996582031
-15.50427532196045
-6.207061767578125
1.999999987845058e-08
-10.720708847045898
-9.59840202331543
-5.462090015411377
-1.999999987845058e-08
-9.172752380371094
-10.941577911376953
-12.558672904968262
1.999999987845058e-08
-1.4426660537719727
-22.76451301574707
-24.382993698120117
-1.999999987845058e-08
7.196969985961914
-25.465898513793945
-25.074356079101562
1.999999987845058e-08
7.196969985961914
-25.465898513793945
-25.074356079101562
-1.999999987845058e-08
9.854243278503418
-8.918731689453125
-9.04435920715332
1.999999987845058e-08
8.250274658203125
7.370846748352051
5.62479829788208
-1.999999987845058e-08
9.250953674316406
2.6674907207489014
-2.1842973232269287
1.999999987845058e-08
13.064613342285156
-13.032201766967773
-26.74447250366211
-1.999999987845058e-08
12.606266021728516
-18.475635528564453
-43.67827224731445
1.999999987845058e-08
5.9171600341796875
-14.097042083740234
-42.66189193725586
-1.999999987845058e-08
0.8598729968070984
-10.697141647338867
-32.25603485107422
1.999999987845058e-08
3.5909132957458496
-6.348837852478027
-21.09006690979004
-1.999999987845058e-08
9.39705753326416
2.69315505027771
-12.975632667541504
1.999999987845058e-08
4.117209434509277
1.932557225227356
-16.306642532348633
-1.999999987845058e-08
-2.4964194297790527
-4.7132134437561035
-15.197159767150879
1.999999987845058e-08
-4.118122577667236
-4.112034320831299
-6.765857696533203
-1.999999987845058e-08
-1.2510547637939453
-0.1643880307674408
-0.7703180909156799
1.999999987845058e-08
-0.31488174200057983
1.7016382217407227
-0.47842878103256226
-1.999999987845058e-08
-4.498500347137451
1.351382851600647
0.4922329783439636
1.999999987845058e-08
-9.136669158935547
2.5392212867736816
6.338074684143066
-1.999999987845058e-08
-8.465794563293457
8.830057144165039
14.300779342651367
1.999999987845058e-08
-1.6086714267730713
14.39268684387207
15.391289710998535
-1.999999987845058e-08
8.99196720123291
7.345320701599121
1.25194251537323
1.999999987845058e-08
8.99196720123291
7.345320224761963
1.25194251537323
-1.999999987845058e-08
20.37152671813965
-10.143339157104492
-23.341609954833984
1.999999987845058e-08
28.410310745239258
-20.699373245239258
-41.63020706176758
-1.999999987845058e-08
28.668867111206055
-18.12972640991211
-44.2755126953125
1.999999987845058e-08
20.913610458374023
-14.535096168518066
-37.75417709350586
-1.999999987845058e-08
10.12074089050293
-15.030261039733887
-29.509737014770508
1.999999987845058e-08
2.2352123260498047
-11.334951400756836
-20.94275665283203
-1.999999987845058e-08
-0.17580322921276093
-4.662347316741943
-17.367107391357422
1.999999987845058e-08
0.5476986169815063
-6.696549415588379
-24.216344833374023
-1.999999987845058e-08
0.018836893141269684
-14.642892837524414
-31.78620719909668
1.999999987845058e-08
0.01883685402572155
-14.642892837524414
-31.78620719909668
-1.999999987845058e-08
-2.925891399383545
-12.161834716796875
-24.746562957763672
1.999999987845058e-08
-5.1041741371154785
1.5208380222320557
-7.389209747314453
-1.999999987845058e-08
-3.1078293323516846
7.101528644561768
-0.339633584022522
1.999999987845058e-08
2.3823628425598145
-4.5402302742004395
-10.331673622131348
-1.999999987845058e-08
5.823831081390381
-18.051246643066406
-20.849472045898438
1.999999987845058e-08
2.1548614501953125
-18.567020416259766
-18.98818588256836
-1.999999987845058e-08
-7.119381427764893
-12.806139945983887
-12.699454307556152
1.999999987845058e-08
-16.261333465576172
-14.02537727355957
-11.476101875305176
-1.999999987845058e-08
-20.712669372558594
-20.139253616333008
-10.245355606079102
1.999999987845058e-08
-16.261333465576172
-14.02537727355957
-11.476101875305176
-1.999999987845058e-08
-20.712669372558594
-20.139253616333008
-10.245355606079102
1.999999987845058e-08
-17.88578987121582
-18.35476303100586
-2.5971546173095703
-1.999999987845058e-08
-8.710824012756348
-6.676680088043213
6.493793964385986
1.999999987845058e-08
0.7649699449539185
0.18008656799793243
8.465964317321777
-1.999999987845058e-08
4.479870796203613
-7.0956501960754395
3.035480260848999
1.999999987845058e-08
1.2401058673858643
-15.367207527160645
-1.2034826278686523
-1.999999987845058e-08
-5.232673168182373
-10.214875221252441
0.9762741327285767
1.999999987845058e-08
-7.435119152069092
0.5282049775123596
4.465745449066162
-1.999999987845058e-08
-0.5826112031936646
5.707296848297119
8.198992729187012
1.999999987845058e-08
-1.7129513025283813
23.88726043701172
38.37708282470703
-1.999999987845058e-08
-2.5536563396453857
12.75869369506836
28.885149002075195
1.999999987845058e-08
4.82090950012207
13.903071403503418
25.510698318481445
-1.999999987845058e-08
13.458398818969727
25.510456085205078
28.329830169677734
1.999999987845058e-08
16.49367332458496
26.5920467376709
27.255281448364258
-1.999999987845058e-08
16.080060958862305
5.675777912139893
10.32575798034668
1.999999987845058e-08
17.151426315307617
-15.99284553527832
-15.08295726776123
-1.999999987845058e-08
17.51045036315918
-13.373032569885254
-27.20439910888672
1.999999987845058e-08
13.42911434173584
0.4657256305217743
-23.951988220214844
-1.999999987845058e-08
8.063750267028809
-1.1801146268844604
-21.829275131225586
1.999999987845058e-08
4.552226543426514
-5.595921993255615
-17.483556747436523
-1.999999987845058e-08
-1.1302498579025269
12.924217224121094
2.8742618560791016
1.999999987845058e-08
-10.441670417785645
29.949871063232422
17.214269638061523
-1.999999987845058e-08
-15.27070140838623
7.942962169647217
-4.732847213745117
1.999999987845058e-08
-11.060206413269043
-22.97234535217285
-34.55962371826172
-1.999999987845058e-08
-6.599547863006592
-9.913538932800293
-23.015165328979492
1.999999987845058e-08
-10.424476623535156
20.746931076049805
8.141402244567871
-1.999999987845058e-08
-17.614852905273438
6.299928188323975
-0.03392468020319939
1.999999987845058e-08
-19.332971572875977
-32.96267318725586
-33.128047943115234
-1.999999987845058e-08
-15.677444458007812
-25.463109970092773
-24.66547966003418
1.999999987845058e-08
-10.99690055847168
38.19841003417969
45.44072723388672
-1.999999987845058e-08
-8.155967712402344
11.991880416870117
26.113319396972656
1.999999987845058e-08
0.4011560082435608
2.5982186794281006
16.10950469970703
-1.999999987845058e-08
12.089678764343262
25.65894889831543
32.03550338745117
1.999999987845058e-08
21.96734619140625
29.770639419555664
30.85167121887207
-1.999999987845058e-08
29.64473533630371
-5.673604965209961
-6.002508640289307
1.999999987845058e-08
32.8056526184082
-32.183387756347656
-33.516090393066406
-1.999999987845058e-08
25.046483993530273
-17.183271408081055
-17.753562927246094
1.999999987845058e-08
8.879499435424805
2.310176134109497
7.412756443023682
-1.999999987845058e-08
-3.2046327590942383
-11.753508567810059
0.6589540243148804
1.999999987845058e-08
-3.2046329975128174
-11.753508567810059
0.6589539647102356
-1.999999987845058e-08
-5.396049976348877
-33.10005187988281
-17.694286346435547
1.999999987845058e-08
-4.112360954284668
-20.423686981201172
-7.003635406494141
-1.999999987845058e-08
-5.9567646980285645
10.398125648498535
20.898405075073242
1.999999987845058e-08
-9.214203834533691
14.837958335876465
23.417333602905273
-1.999999987845058e-08
-9.315546035766602
-6.893142223358154
-1.1820234060287476
1.999999987845058e-08
-7.099460124969482
-17.359636306762695
-15.196310043334961
-1.999999987845058e-08
-7.194535255432129
-6.073444366455078
-3.2175142765045166
1.999999987845058e-08
-10.313627243041992
2.5388762950897217
12.459237098693848
-1.999999987845058e-08
-10.59437370300293
-4.775742530822754
11.526025772094727
1.999999987845058e-08
-10.59437370300293
-4.775742530822754
11.526025772094727
-1.999999987845058e-08
-2.790468454360962
-13.636239051818848
-0.7748816013336182
1.999999987845058e-08
9.170096397399902
-8.308754920959473
-7.059903621673584
-1.999999987845058e-08
16.028392791748047
5.586375713348389
-1.9075896739959717
1.999999987845058e-08
13.439711570739746
9.387252807617188
2.6418018341064453
-1.999999987845058e-08
4.342402935028076
-2.933328151702881
-3.475867509841919
1.999999987845058e-08
-4.725872993469238
-16.444746017456055
-13.406380653381348
-1.999999987845058e-08
-8.98422908782959
-14.821413040161133
-12.819315910339355
1.999999987845058e-08
-9.542863845825195
-2.3136343955993652
-0.08865850418806076
-1.999999987845058e-08
-9.972860336303711
2.8921871185302734
9.803336143493652
1.999999987845058e-08
-11.65606689453125
12.416895866394043
14.733868598937988
-1.999999987845058e-08
-16.29067611694336
11.67117977142334
12.38623046875
1.999999987845058e-08
-20.05006980895996
-5.689718723297119
-5.285400867462158
-1.999999987845058e-08
-18.44590950012207
-9.293872833251953
-11.549897193908691
1.999999987845058e-08
-14.408766746520996
15.08956241607666
12.509260177612305
-1.999999987845058e-08
-11.29615592956543
33.071441650390625
37.356483459472656
1.999999987845058e-08
-5.122248649597168
17.67072105407715
27.919633865356445
-1.999999987845058e-08
4.967940330505371
-1.4262992143630981
3.250152349472046
1.999999987845058e-08
9.493803024291992
7.361632823944092
0.6989690065383911
-1.999999987845058e-08
3.218860387802124
18.949634552001953
9.98307991027832
1.999999987845058e-08
9.493803024291992
7.361632823944092
0.6989690065383911
-1.999999987845058e-08
3.218860387802124
18.949634552001953
9.98307991027832
1.999999987845058e-08
-4.674887180328369
2.6949048042297363
1.3307617902755737
-1.999999987845058e-08
-4.0280280113220215
-15.36469554901123
-12.707650184631348
1.999999987845058e-08
1.7919540405273438
-0.5196171402931213
-2.712578535079956
-1.999999987845058e-08
3.190959930419922
22.190523147583008
16.767534255981445
1.999999987845058e-08
-0.5196335911750793
9.93488883972168
9.891465187072754
-1.999999987845058e-08
-2.958974599838257
-20.381086349487305
-14.923246383666992
1.999999987845058e-08
-2.014922618865967
-21.700576782226562
-20.127248764038086
-1.999999987845058e-08
-0.18899661302566528
0.08016057312488556
-6.728445053100586
1.999999987845058e-08
1.2918859720230103
0.5328352451324463
-7.7348127365112305
-1.999999987845058e-08
2.0104191303253174
-19.102951049804688
-21.454185485839844
1.999999987845058e-08
-0.19124945998191833
-13.999824523925781
-12.553339958190918
-1.999999987845058e-08
-5.089506149291992
17.305376052856445
16.570240020751953
1.999999987845058e-08
-6.104166030883789
23.669626235961914
19.539798736572266
-1.999999987845058e-08
1.3345569372177124
-7.934093952178955
-14.153727531433105
1.999999987845058e-08
10.940611839294434
-28.373920440673828
-38.070308685302734
-1.999999987845058e-08
14.223471641540527
-13.182382583618164
-27.033794403076172
1.999999987845058e-08
12.499373435974121
0.4239174425601959
-12.674025535583496
-1.999999987845058e-08
12.5015230178833
-12.283008575439453
-20.239072799682617
1.999999987845058e-08
17.524303436279297
-3.704439163208008
-19.943096160888672
-1.999999987845058e-08
16.727014541625977
15.66815185546875
-7.698791980743408
1.999999987845058e-08
16.697261810302734
8.864215850830078
-12.115949630737305
-1.999999987845058e-08
18.54376983642578
-9.488240242004395
-24.387670516967773
1.999999987845058e-08
18.053510665893555
-12.985509872436523
-27.667346954345703
-1.999999987845058e-08
10.972907066345215
-2.9038519859313965
-21.197406768798828
1.999999987845058e-08
-2.2709670066833496
4.6837029457092285
-11.27088737487793
-1.999999987845058e-08
-15.291400909423828
6.804126262664795
-0.04689248278737068
1.999999987845058e-08
-19.9047908782959
11.813298225402832
11.023364067077637
-1.999999987845058e-08
-12.401305198669434
18.88689613342285
15.892864227294922
1.999999987845058e-08
3.991245746612549
15.444050788879395
6.959441661834717
-1.999999987845058e-08
19.447858810424805
-0.8103622198104858
-11.96240520477295
1.999999987845058e-08
24.68016242980957
-14.90120792388916
-25.740732192993164
-1.999999987845058e-08
20.83216667175293
-17.406370162963867
-28.769237518310547
1.999999987845058e-08
15.37905216217041
-15.370210647583008
-29.196176528930664
-1.999999987845058e-08
11.484265327453613
-15.200963973999023
-29.98406410217285
1.999999987845058e-08
8.742650032043457
-13.204768180847168
-25.763778686523438
-1.999999987845058e-08
7.014296054840088
-7.837480068206787
-17.9666805267334
1.999999987845058e-08
4.872159957885742
-4.625410079956055
-13.846413612365723
-1.999999987845058e-08
1.4975799322128296
-4.007327079772949
-12.195037841796875
1.999999987845058e-08
5.222877025604248
7.618393421173096
-4.06794548034668
-1.999999987845058e-08
9.841302871704102
15.457734107971191
-2.8186583518981934
1.999999987845058e-08
8.336849212646484
22.212509155273438
0.48389869928359985
-1.999999987845058e-08
1.9903703927993774
25.68120002746582
6.340180397033691
1.999999987845058e-08
-4.556743144989014
24.016355514526367
11.194042205810547
-1.999999987845058e-08
-7.4989728927612305
22.05536460876465
16.751344680786133
1.999999987845058e-08
-4.410877704620361
25.350587844848633
25.14376449584961
-1.999999987845058e-08
3.577955722808838
29.408048629760742
30.3031005859375
1.999999987845058e-08
11.953579902648926
26.028398513793945
25.300790786743164
-1.999999987845058e-08
15.546192169189453
18.49039649963379
14.983196258544922
1.999999987845058e-08
3.577955484390259
29.408048629760742
30.3031005859375
-1.999999987845058e-08
11.953579902648926
26.028398513793945
25.300790786743164
1.999999987845058e-08
15.546192169189453
18.49039649963379
14.983196258544922
-1.999999987845058e-08
12.388757705688477
15.246542930603027
8.155905723571777
1.999999987845058e-08
6.141437530517578
13.766179084777832
3.197861433029175
-1.999999987845058e-08
2.0045127868652344
9.831653594970703
-2.3001508712768555
1.999999987845058e-08
1.1268967390060425
10.972100257873535
-0.9238163232803345
-1.999999987845058e-08
0.8219951391220093
20.24350357055664
8.374088287353516
1.999999987845058e-08
-1.0000660419464111
23.54142189025879
11.178549766540527
-1.999999987845058e-08
-3.4838485717773438
14.228752136230469
3.473619222640991
1.999999987845058e-08
-4.219726085662842
8.690779685974121
3.473675012588501
-1.999999987845058e-08
-0.8733417391777039
16.00678253173828
16.96765899658203
1.999999987845058e-08
6.623260974884033
19.64923858642578
22.06690788269043
-1.999999987845058e-08
14.690342903137207
7.404079914093018
5.752429008483887
1.999999987845058e-08
17.783588409423828
-7.237188816070557
-14.332284927368164
-1.999999987845058e-08
11.326199531555176
-5.799525260925293
-14.283443450927734
1.999999987845058e-08
-2.6319284439086914
9.13867473602295
5.541224479675293
-1.999999987845058e-08
-12.980570793151855
17.173173904418945
20.438270568847656
1.999999987845058e-08
-10.415191650390625
6.5312581062316895
12.112122535705566
-1.999999987845058e-08
0.6441447138786316
-9.785269737243652
-6.879161834716797
1.999999987845058e-08
7.937344074249268
-13.116406440734863
-12.011436462402344
-1.999999987845058e-08
6.469306468963623
-5.170206069946289
-1.043755292892456
1.999999987845058e-08
1.800065279006958
2.291707992553711
11.526825904846191
-1.999999987845058e-08
1.160205602645874
9.729616165161133
21.138137817382812
1.999999987845058e-08
6.2654571533203125
19.368864059448242
29.319643020629883
-1.999999987845058e-08
13.875344276428223
18.642337799072266
27.56068992614746
1.999999987845058e-08
19.157434463500977
0.4158627986907959
11.509090423583984
-1.999999987845058e-08
18.101255416870117
-15.08836841583252
-1.656799554824829
1.999999987845058e-08
10.721922874450684
-7.937446117401123
3.665759801864624
-1.999999987845058e-08
1.7368537187576294
7.7250447273254395
15.412782669067383
1.999999987845058e-08
-8.695671081542969
-8.975875854492188
0.34313252568244934
-1.999999987845058e-08
-14.827392578125
2.0882105827331543
13.699203491210938
1.999999987845058e-08
-20.030359268188477
5.9944071769714355
22.51649284362793
-1.999999987845058e-08
-18.217853546142578
-3.1487882137298584
15.099437713623047
1.999999987845058e-08
-12.422924995422363
-7.206018447875977
5.988300800323486
-1.999999987845058e-08
-11.169045448303223
1.50906240940094
10.241936683654785
1.999999987845058e-08
-15.835358619689941
7.6341142654418945
21.327163696289062
-1.999999987845058e-08
-20.203100204467773
3.1382246017456055
28.716716766357422
1.999999987845058e-08
-17.62924575805664
-1.0522538423538208
31.827083587646484
-1.999999987845058e-08
-5.7906270027160645
0.4130837917327881
29.135040283203125
1.999999987845058e-08
10.089513778686523
-2.5420234203338623
16.124267578125
-1.999999987845058e-08
19.957748413085938
-15.030638694763184
-2.823868989944458
1.999999987845058e-08
16.812959671020508
-23.204923629760742
-11.481233596801758
-1.999999987845058e-08
3.0224220752716064
-14.187597274780273
-0.06456329673528671
1.999999987845058e-08
-11.031460762023926
0.2847098708152771
18.128812789916992
-1.999999987845058e-08
-17.368066787719727
1.1312395334243774
24.93731117248535
1.999999987845058e-08
-15.347519874572754
-8.77254867553711
21.28324317932129
-1.999999987845058e-08
-7.689813137054443
-13.957239151000977
16.915111541748047
1.999999987845058e-08
-0.7446640133857727
-12.315107345581055
13.420387268066406
-1.999999987845058e-08
-1.7802635431289673
-13.73528003692627
7.282844543457031
1.999999987845058e-08
-1.7802635431289673
-13.73528003692627
7.282844543457031
-1.999999987845058e-08
-9.12677001953125
-20.262187957763672
-1.9502769708633423
1.999999987845058e-08
-14.546883583068848
-23.166532516479492
-10.542699813842773
-1.999999987845058e-08
-15.767207145690918
-18.800107955932617
-14.808649063110352
1.999999987845058e-08
-16.673627853393555
-13.557056427001953
-14.623960494995117
-1.999999987845058e-08
-17.37373161315918
-12.919934272766113
-13.39563274383545
1.999999987845058e-08
-13.791481971740723
-15.197362899780273
-14.21545696258545
-1.999999987845058e-08
-6.230025291442871
-14.663851737976074
-13.946029663085938
1.999999987845058e-08
-0.7045891284942627
-7.211684703826904
-5.447153568267822
-1.999999987845058e-08
-0.24138571321964264
3.701878786087036
10.348748207092285
1.999999987845058e-08
-0.24138575792312622
3.701878786087036
10.348748207092285
-1.999999987845058e-08
-0.01191096380352974
8.901026725769043
21.85330581665039
1.999999987845058e-08
4.450290203094482
6.84940242767334
23.65749168395996
-1.999999987845058e-08
10.759855270385742
5.009912014007568
22.38810920715332
1.999999987845058e-08
15.092819213867188
3.6938068866729736
19.15867805480957
-1.999999987845058e-08
14.963813781738281
-1.9628891944885254
10.43122386932373
1.999999987845058e-08
8.98643970489502
-6.354799747467041
4.630871295928955
-1.999999987845058e-08
0.5094194412231445
-1.4958351850509644
11.504161834716797
1.999999987845058e-08
-4.531377792358398
5.947706699371338
22.399660110473633
-1.999999987845058e-08
-4.939166069030762
3.971693992614746
21.489051818847656
1.999999987845058e-08
-15.667279243469238
-12.41828441619873
-1.8204474449157715
-1.999999987845058e-08
-17.47153663635254
-15.015998840332031
-1.9538805484771729
1.999999987845058e-08
-19.124475479125977
-15.459465026855469
-3.022616386413574
-1.999999987845058e-08
-22.20691680908203
-6.457969665527344
4.706853866577148
1.999999987845058e-08
-24.364635467529297
8.350171089172363
21.612422943115234
-1.999999987845058e-08
-21.21240997314453
14.787605285644531
32.22092056274414
1.999999987845058e-08
-13.259620666503906
8.511307716369629
27.605545043945312
-1.999999987845058e-08
-5.599782943725586
0.39402639865875244
17.343278884887695
1.999999987845058e-08
-2.997875928878784
-3.254810333251953
11.723787307739258
-1.999999987845058e-08
-7.861939430236816
-6.832944393157959
10.81706714630127
1.999999987845058e-08
-7.861939907073975
-6.832944393157959
10.81706714630127
-1.999999987845058e-08
-16.931793212890625
-9.175247192382812
14.0816650390625
1.999999987845058e-08
-21.13637351989746
-2.8775634765625
22.639997482299805
-1.999999987845058e-08
-14.627846717834473
6.925509452819824
29.39744758605957
1.999999987845058e-08
-1.4233261346817017
5.4025468826293945
23.472414016723633
-1.999999987845058e-08
9.153871536254883
-6.24220085144043
8.673556327819824
1.999999987845058e-08
11.15412712097168
-10.192374229431152
2.057023048400879
-1.999999987845058e-08
6.623140335083008
-2.1397550106048584
8.559208869934082
1.999999987845058e-08
1.852315068244934
2.5785069465637207
15.640158653259277
-1.999999987845058e-08
-0.43371570110321045
-2.815718650817871
16.139368057250977
1.999999987845058e-08
-1.8821698427200317
-7.179521083831787
15.473361015319824
-1.999999987845058e-08
-4.654592037200928
-2.3323090076446533
18.997385025024414
1.999999987845058e-08
-8.32852554321289
4.719030857086182
25.11724281311035
-1.999999987845058e-08
-7.633556365966797
1.821847677230835
24.609764099121094
1.999999987845058e-08
1.580719232559204
-12.661530494689941
8.401479721069336
-1.999999987845058e-08
12.978304862976074
-27.637248992919922
-18.51472282409668
1.999999987845058e-08
14.756484031677246
-33.03988265991211
-38.510955810546875
-1.999999987845058e-08
4.516171932220459
-29.26950454711914
-39.08860397338867
1.999999987845058e-08
-8.157576560974121
-20.584224700927734
-23.49540138244629
-1.999999987845058e-08
-13.564412117004395
-9.515643119812012
-5.524490833282471
1.999999987845058e-08
0.3180094063282013
-6.354512691497803
-10.506314277648926
-1.999999987845058e-08
8.042501449584961
-16.764205932617188
-25.870162963867188
1.999999987845058e-08
8.169205665588379
-18.271121978759766
-28.386425018310547
-1.999999987845058e-08
2.164271354675293
-5.952508926391602
-15.10790729522705
1.999999987845058e-08
-3.9189558029174805
7.7065558433532715
0.5922207236289978
-1.999999987845058e-08
-4.877750396728516
11.674052238464355
7.371863842010498
1.999999987845058e-08
-0.11515646427869797
9.772933959960938
7.040389060974121
-1.999999987845058e-08
5.774726867675781
8.221261024475098
3.9232709407806396
1.999999987845058e-08
8.166234970092773
5.258763313293457
-2.997321128845215
-1.999999987845058e-08
7.360414505004883
0.2035648673772812
-12.404104232788086
1.999999987845058e-08
5.774726867675781
8.221261024475098
3.9232709407806396
-1.999999987845058e-08
8.166234970092773
5.258763313293457
-2.997321128845215
1.999999987845058e-08
7.360414505004883
0.2035648226737976
-12.404104232788086
-1.999999987845058e-08
5.574273586273193
-2.6667957305908203
-18.96786117553711
1.999999987845058e-08
2.991345167160034
-1.8314802646636963
-20.026899337768555
-1.999999987845058e-08
0.15145191550254822
1.9934802055358887
-14.830192565917969
1.999999987845058e-08
-0.5798407793045044
8.759552001953125
-3.705152988433838
-1.999999987845058e-08
2.248661994934082
13.757213592529297
5.97251558303833
1.999999987845058e-08
8.180054664611816
9.82811450958252
3.181868076324463
-1.999999987845058e-08
14.714330673217773
-0.9346685409545898
-11.17363166809082
1.999999987845058e-08
2.8740274906158447
1.9757636785507202
-8.805510520935059
-1.999999987845058e-08
-4.6376776695251465
10.835657119750977
2.003056526184082
1.999999987845058e-08
-6.69205379486084
15.296384811401367
4.557459354400635
-1.999999987845058e-08
-4.281557083129883
14.066030502319336
-1.2158684730529785
1.999999987845058e-08
-1.577323079109192
13.34426212310791
-4.4190497398376465
-1.999999987845058e-08
-0.8488605618476868
20.006052017211914
6.48539400100708
1.999999987845058e-08
1.7727329730987549
28.5909423828125
23.895050048828125
-1.999999987845058e-08
11.438224792480469
26.6519718170166
27.12721824645996
1.999999987845058e-08
26.17612075805664
12.281405448913574
9.112177848815918
-1.999999987845058e-08
36.65951919555664
-3.212052345275879
-15.460548400878906
1.999999987845058e-08
36.65951919555664
-3.212052583694458
-15.460548400878906
-1.999999987845058e-08
34.4921760559082
-7.615784645080566
-26.038837432861328
1.999999987845058e-08
20.738136291503906
1.4132764339447021
-16.311391830444336
-1.999999987845058e-08
6.259047031402588
14.054971694946289
-1.5940992832183838
1.999999987845058e-08
1.8092803955078125
17.269466400146484
-1.6806933879852295
-1.999999987845058e-08
6.9265594482421875
10.801461219787598
-14.144720077514648
1.999999987845058e-08
11.125768661499023
7.097137928009033
-18.000045776367188
-1.999999987845058e-08
6.626730918884277
11.448403358459473
-5.418164253234863
1.999999987845058e-08
-3.995849847793579
15.850808143615723
9.422966957092285
-1.999999987845058e-08
-12.733248710632324
15.30384349822998
14.640381813049316
1.999999987845058e-08
-14.468718528747559
12.79049015045166
12.286674499511719
-1.999999987845058e-08
-10.440478324890137
8.097967147827148
6.134553909301758
1.999999987845058e-08
-5.879344463348389
1.4982905387878418
0.6440557837486267
-1.999999987845058e-08
-3.451906681060791
2.0094261169433594
5.4088239669799805
1.999999987845058e-08
0.014336667023599148
12.11194133758545
19.329547882080078
-1.999999987845058e-08
7.589725494384766
17.428943634033203
24.892515182495117
1.999999987845058e-08
16.526569366455078
7.660666465759277
12.868489265441895
-1.999999987845058e-08
20.662302017211914
-6.647911071777344
-3.2561726570129395
1.999999987845058e-08
15.998679161071777
-10.13422679901123
-5.80858850479126
-1.999999987845058e-08
5.620293140411377
-2.7938153743743896
5.800656318664551
1.999999987845058e-08
5.620293140411377
-2.7938153743743896
5.800656318664551
-1.999999987845058e-08
-0.4139840006828308
6.192086219787598
19.08436393737793
1.999999987845058e-08
5.740240097045898
11.408681869506836
22.616199493408203
-1.999999987845058e-08
19.70330047607422
10.6455659866333
12.084733963012695
1.999999987845058e-08
28.0507755279541
5.739824295043945
-3.947828769683838
-1.999999987845058e-08
23.341875076293945
4.60645055770874
-7.774483680725098
1.999999987845058e-08
11.771158218383789
9.990644454956055
4.094663619995117
-1.999999987845058e-08
4.916644096374512
13.284367561340332
13.276739120483398
1.999999987845058e-08
7.526956081390381
10.105084419250488
8.628264427185059
-1.999999987845058e-08
13.449432373046875
10.482938766479492
5.823424339294434
1.999999987845058e-08
25.186752319335938
14.656559944152832
9.426676750183105
-1.999999987845058e-08
41.17802810668945
-6.689296722412109
-25.760828018188477
1.999999987845058e-08
53.72231674194336
-20.331571578979492
-51.221923828125
-1.999999987845058e-08
52.78008270263672
-23.083791732788086
-57.47217559814453
1.999999987845058e-08
36.86979293823242
-22.16845703125
-51.273494720458984
-1.999999987845058e-08
17.772512435913086
-20.770606994628906
-40.12612533569336
1.999999987845058e-08
9.029387474060059
-15.868273735046387
-27.469327926635742
-1.999999987845058e-08
9.62320613861084
-8.494129180908203
-17.614479064941406
1.999999987845058e-08
8.94685173034668
-9.165121078491211
-19.262062072753906
-1.999999987845058e-08
2.836179256439209
-25.361499786376953
-35.641151428222656
1.999999987845058e-08
-8.4627685546875
-18.1733341217041
-21.501752853393555
-1.999999987845058e-08
-3.3288376331329346
4.838468074798584
-5.207941055297852
1.999999987845058e-08
0.549874484539032
23.745630264282227
7.868803024291992
-1.999999987845058e-08
-0.7838618159294128
37.0674934387207
22.97125816345215
1.999999987845058e-08
-3.9674344062805176
30.797805786132812
25.147119522094727
-1.999999987845058e-08
-2.341461658477783
4.574549198150635
6.629205703735352
1.999999987845058e-08
4.298788547515869
-13.783344268798828
-10.111149787902832
-1.999999987845058e-08
8.2478666305542
-3.461181640625
-1.7807650566101074
1.999999987845058e-08
5.608376502990723
19.35392951965332
20.465097427368164
-1.999999987845058e-08
2.8595008850097656
25.64266014099121
27.854862213134766
1.999999987845058e-08
5.608376502990723
19.35392951965332
20.465097427368164
-1.999999987845058e-08
2.8595008850097656
25.64266014099121
27.854862213134766
1.999999987845058e-08
7.787020683288574
9.213071823120117
11.308911323547363
-1.999999987845058e-08
19.30797004699707
-15.786582946777344
-16.414112091064453
1.999999987845058e-08
27.51561164855957
-31.524513244628906
-36.26292037963867
-1.999999987845058e-08
23.45444679260254
-26.01866912841797
-33.47968673706055
1.999999987845058e-08
9.038681030273438
-5.515113830566406
-12.022262573242188
-1.999999987845058e-08
-5.210561752319336
7.036369323730469
5.500694274902344
1.999999987845058e-08
-10.89842414855957
-1.1298543214797974
3.687526226043701
-1.999999987845058e-08
-8.411735534667969
-17.743724822998047
-10.726119041442871
1.999999987845058e-08
-9.952359199523926
-17.43814468383789
-21.482046127319336
-1.999999987845058e-08
-19.91419219970703
-6.969787120819092
-12.301365852355957
1.999999987845058e-08
-27.0982723236084
-2.267366647720337
-4.848378658294678
-1.999999987845058e-08
-26.88287353515625
-3.869763135910034
-5.059001922607422
1.999999987845058e-08
-22.308902740478516
-6.646512985229492
-8.983996391296387
-1.999999987845058e-08
-18.981170654296875
-5.286848068237305
-7.301642894744873
1.999999987845058e-08
-19.13327407836914
1.0111274719238281
3.4872193336486816
-1.999999987845058e-08
-20.103878021240234
6.023397922515869
13.35327434539795
1.999999987845058e-08
-19.95526695251465
4.673650741577148
12.27677059173584
-1.999999987845058e-08
-21.664892196655273
0.5957446694374084
6.2883501052856445
1.999999987845058e-08
-36.80255126953125
0.990733802318573
14.191347122192383
-1.999999987845058e-08
-41.10879135131836
1.0761997699737549
17.672115325927734
1.999999987845058e-08
-35.798404693603516
-4.278534889221191
7.488964557647705
-1.999999987845058e-08
-25.098880767822266
-11.220260620117188
-11.319523811340332
1.999999987845058e-08
-20.529621124267578
-11.8783540725708
-21.975971221923828
-1.999999987845058e-08
-25.951257705688477
-9.029617309570312
-20.407657623291016
1.999999987845058e-08
-31.92645263671875
-11.066612243652344
-18.074108123779297
-1.999999987845058e-08
-29.125328063964844
-12.148726463317871
-15.741537094116211
1.999999987845058e-08
-19.504703521728516
-2.1423192024230957
-4.6739068031311035
-1.999999987845058e-08
-11.262868881225586
9.89357852935791
7.451995372772217
1.999999987845058e-08
-29.125328063964844
-12.148726463317871
-15.741537094116211
-1.999999987845058e-08
-19.504703521728516
-2.1423192024230957
-4.6739068031311035
1.999999987845058e-08
-11.262868881225586
9.89357852935791
7.451995372772217
-1.999999987845058e-08
-8.680964469909668
10.270477294921875
6.33880615234375
1.999999987845058e-08
-8.740232467651367
5.606528282165527
-1.5825742483139038
-1.999999987845058e-08
-6.513136863708496
8.306979179382324
-1.3739759922027588
1.999999987845058e-08
-1.7982441186904907
12.205068588256836
1.7593235969543457
-1.999999987845058e-08
2.73205304145813
4.557369709014893
-8.224204063415527
1.999999987845058e-08
4.963375091552734
-7.8495306968688965
-25.373197555541992
-1.999999987845058e-08
1.2330784797668457
-7.378312587738037
-25.39043617248535
1.999999987845058e-08
-19.68718910217285
5.567275047302246
6.56223726272583
-1.999999987845058e-08
-17.7224063873291
-5.336670398712158
-2.757035493850708
1.999999987845058e-08
-5.268712997436523
-13.944828987121582
-20.403892517089844
-1.999999987845058e-08
6.1437835693359375
-12.284191131591797
-30.103450775146484
1.999999987845058e-08
7.766515731811523
-7.3996124267578125
-29.81714630126953
-1.999999987845058e-08
0.46869298815727234
-5.518097877502441
-24.581186294555664
1.999999987845058e-08
-8.069193840026855
-3.089491605758667
-17.168106079101562
-1.999999987845058e-08
-11.186479568481445
4.083488464355469
-8.87612247467041
1.999999987845058e-08
-9.337027549743652
10.254124641418457
-4.992589950561523
-1.999999987845058e-08
-8.314714431762695
7.575349807739258
-9.554524421691895
1.999999987845058e-08
-10.9840087890625
-0.6876317262649536
-17.46969985961914
-1.999999987845058e-08
-13.069869995117188
-6.122486591339111
-22.422372817993164
1.999999987845058e-08
-9.862275123596191
-6.650945663452148
-24.898326873779297
-1.999999987845058e-08
-3.6789636611938477
-4.816516399383545
-27.00230598449707
1.999999987845058e-08
-0.20357899367809296
-3.3940296173095703
-28.692520141601562
-1.999999987845058e-08
-0.9440661072731018
-4.013801574707031
-28.471920013427734
1.999999987845058e-08
-3.0328433513641357
-4.1392316818237305
-23.20283317565918
-1.999999987845058e-08
-3.699237823486328
0.7237759232521057
-12.138463020324707
1.999999987845058e-08
-3.141427993774414
7.920293807983398
-1.6740665435791016
-1.999999987845058e-08
-3.0153939723968506
7.452813625335693
-0.7264609336853027
1.999999987845058e-08
-3.6776814460754395
-11.731060981750488
-12.85403823852539
-1.999999987845058e-08
-7.424370765686035
-7.032219409942627
-1.037743091583252
1.999999987845058e-08
-12.147215843200684
1.1173943281173706
14.654813766479492
-1.999999987845058e-08
-10.347546577453613
-1.4273560047149658
15.280645370483398
1.999999987845058e-08
-1.1565206050872803
-10.910289764404297
3.3407938480377197
-1.999999987845058e-08
7.268346786499023
-16.628555297851562
-6.237181186676025
1.999999987845058e-08
7.68048620223999
-17.394947052001953
-8.268742561340332
-1.999999987845058e-08
0.1383654773235321
-14.996317863464355
-4.285567283630371
1.999999987845058e-08
-9.040681838989258
-10.008003234863281
2.976388454437256
-1.999999987845058e-08
-13.445952415466309
-7.623387813568115
6.652266979217529
1.999999987845058e-08
-9.040681838989258
-10.008003234863281
2.976388454437256
-1.999999987845058e-08
-13.445952415466309
-7.623387813568115
6.652266979217529
1.999999987845058e-08
-13.680865287780762
-10.61729621887207
4.704901695251465
-1.999999987845058e-08
-15.430251121520996
-11.659828186035156
5.146975994110107
1.999999987845058e-08
-19.97357940673828
-5.478235721588135
10.812705993652344
-1.999999987845058e-08
-23.22768783569336
2.577542781829834
15.333292961120605
1.999999987845058e-08
-22.74901580810547
7.294573783874512
17.483030319213867
-1.999999987845058e-08
-18.875938415527344
9.14619255065918
19.52715301513672
1.999999987845058e-08
-13.749923706054688
8.258119583129883
18.2691707611084
-1.999999987845058e-08
-11.023262023925781
3.570558786392212
11.55787181854248
1.999999987845058e-08
6.310696601867676
-13.0800142288208
-17.26850128173828
-1.999999987845058e-08
12.508474349975586
-14.505523681640625
-20.993793487548828
1.999999987845058e-08
15.02549934387207
-20.26249885559082
-27.179807662963867
-1.999999987845058e-08
14.914189338684082
-23.684852600097656
-30.797107696533203
1.999999987845058e-08
11.323907852172852
-17.58251953125
-24.079090118408203
-1.999999987845058e-08
9.077244758605957
-11.249910354614258
-17.833999633789062
1.999999987845058e-08
13.762134552001953
-16.84892463684082
-25.653888702392578
-1.999999987845058e-08
19.204618453979492
-27.19077491760254
-36.10745620727539
1.999999987845058e-08
14.67425537109375
-25.751235961914062
-28.420055389404297
-1.999999987845058e-08
0.41344887018203735
-10.988237380981445
-4.093278408050537
1.999999987845058e-08
14.67425537109375
-25.751235961914062
-28.420055389404297
-1.999999987845058e-08
0.41344887018203735
-10.988237380981445
-4.093278408050537
1.999999987845058e-08
-12.971846580505371
3.4990668296813965
16.851741790771484
-1.999999987845058e-08
-15.339452743530273
7.9329352378845215
21.59524154663086
1.999999987845058e-08
-5.497509002685547
6.488950729370117
15.994335174560547
-1.999999987845058e-08
7.977025508880615
7.640685081481934
12.451909065246582
1.999999987845058e-08
15.986310005187988
10.917295455932617
13.211472511291504
-1.999999987845058e-08
17.878690719604492
10.232290267944336
11.6986722946167
1.999999987845058e-08
17.996910095214844
5.544195652008057
6.131599426269531
-1.999999987845058e-08
17.953929901123047
2.2212939262390137
2.141395092010498
1.999999987845058e-08
17.953929901123047
2.2212939262390137
2.141395092010498
-1.999999987845058e-08
17.13817024230957
2.149470567703247
2.1317951679229736
1.999999987845058e-08
15.279949188232422
3.335862874984741
2.3150525093078613
-1.999999987845058e-08
12.060834884643555
3.601287603378296
-0.4461277723312378
1.999999987845058e-08
7.805819511413574
1.5017008781433105
-4.725308418273926
-1.999999987845058e-08
3.097193717956543
-1.2392221689224243
-5.1785736083984375
1.999999987845058e-08
-1.676422357559204
-2.4178924560546875
-0.9165944457054138
-1.999999987845058e-08
-3.8608710765838623
-4.758655071258545
-0.988448441028595
1.999999987845058e-08
0.02046540379524231
-8.516929626464844
-9.048018455505371
-1.999999987845058e-08
8.029415130615234
-5.301028728485107
-11.59925365447998
1.999999987845058e-08
20.288185119628906
14.499329566955566
11.989200592041016
-1.999999987845058e-08
15.421341896057129
10.066888809204102
10.397265434265137
1.999999987845058e-08
4.09902286529541
12.947857856750488
21.160566329956055
-1.999999987845058e-08
-1.2742606401443481
13.058158874511719
27.27946662902832
1.999999987845058e-08
7.051103591918945
3.469449281692505
13.80720043182373
-1.999999987845058e-08
20.35645866394043
-4.613882541656494
-3.5682432651519775
1.999999987845058e-08
25.998085021972656
-5.3585076332092285
-9.615477561950684
-1.999999987845058e-08
19.196739196777344
-7.534207344055176
-10.93524169921875
1.999999987845058e-08
3.8866589069366455
-13.341193199157715
-12.706623077392578
-1.999999987845058e-08
-8.998170852661133
-14.308972358703613
-9.339985847473145
1.999999987845058e-08
-10.170111656188965
-8.278997421264648
-1.4861730337142944
-1.999999987845058e-08
-2.266552448272705
-1.9654823541641235
2.3020262718200684
1.999999987845058e-08
3.6530063152313232
0.5196031928062439
-0.17935191094875336
-1.999999987845058e-08
0.9420469999313354
0.4055505096912384
-3.426072359085083
1.999999987845058e-08
-6.9407758712768555
0.9510908126831055
-2.3449268341064453
-1.999999987845058e-08
-11.26664924621582
5.6230034828186035
4.011731147766113
1.999999987845058e-08
