0
15.19424819946289
6.278620719909668
-18.44464874267578
1.999999987845058e-08
6.844249725341797
16.757532119750977
-11.007253646850586
-1.999999987845058e-08
-8.715505599975586
12.120966911315918
-8.844696998596191
1.999999987845058e-08
-18.33515167236328
0.7124243974685669
-10.555550575256348
-1.999999987845058e-08
-13.713149070739746
-1.3222272396087646
-10.088266372680664
1.999999987845058e-08
0.38439053297042847
6.640422821044922
-7.193909168243408
-1.999999987845058e-08
11.494878768920898
12.355435371398926
-5.636961936950684
1.999999987845058e-08
10.912392616271973
10.242817878723145
-4.431596755981445
-1.999999987845058e-08
1.2619324922561646
4.60257625579834
-2.8241465091705322
1.999999987845058e-08
-9.584758758544922
-3.15702223777771
-19.079862594604492
-1.999999987845058e-08
-5.440115451812744
1.687648057937622
-15.182018280029297
1.999999987845058e-08
-1.423802375793457
5.1841278076171875
-9.897747993469238
-1.999999987845058e-08
1.0947356224060059
3.219095468521118
-10.661565780639648
1.999999987845058e-08
3.4621481895446777
-0.40673375129699707
-13.71585464477539
-1.999999987845058e-08
4.310243129730225
1.8210574388504028
-9.18088150024414
1.999999987845058e-08
1.0858631134033203
9.33476448059082
2.111647129058838
-1.999999987845058e-08
-3.006422758102417
13.595898628234863
8.329157829284668
1.999999987845058e-08
-3.852234363555908
10.142705917358398
5.040808200836182
-1.999999987845058e-08
-3.921602964401245
2.6393496990203857
-0.28894153237342834
1.999999987845058e-08
-3.852234363555908
10.142705917358398
5.040808200836182
-1.999999987845058e-08
-3.921602964401245
2.6393496990203857
-0.28894153237342834
1.999999987845058e-08
-6.74764347076416
-2.5454976558685303
-1.5264043807983398
-1.999999987845058e-08
-10.439470291137695
-1.0258671045303345
0.7707303166389465
1.999999987845058e-08
-12.56611442565918
4.729836940765381
3.0895626544952393
-1.999999987845058e-08
-14.496306419372559
5.394881248474121
1.2416883707046509
1.999999987845058e-08
-16.716279983520508
-1.2469147443771362
-3.415137529373169
-1.999999987845058e-08
-15.38310718536377
-4.036518573760986
-2.973665714263916
1.999999987845058e-08
-7.978608131408691
3.0614240169525146
3.810839891433716
-1.999999987845058e-08
1.33726966381073
10.0376558303833
7.926087856292725
1.999999987845058e-08
16.272829055786133
-13.063651084899902
-21.898290634155273
-1.999999987845058e-08
15.578327178955078
-15.967264175415039
-28.591779708862305
1.999999987845058e-08
12.484308242797852
-16.011531829833984
-30.03932762145996
-1.999999987845058e-08
9.9413423538208
-13.390424728393555
-25.143489837646484
1.999999987845058e-08
7.1679487228393555
-5.66464376449585
-12.770133972167969
-1.999999987845058e-08
3.3781731128692627
4.803462505340576
0.47399023175239563
1.999999987845058e-08
0.30760708451271057
12.374862670898438
5.946241855621338
-1.999999987845058e-08
-2.81465220451355
15.09249496459961
5.891273021697998
1.999999987845058e-08
-7.723385810852051
14.190641403198242
7.583734035491943
-1.999999987845058e-08
-10.364644050598145
11.430429458618164
10.614182472229004
1.999999987845058e-08
-7.723385810852051
14.190641403198242
7.583734035491943
-1.999999987845058e-08
-10.364644050598145
11.430429458618164
10.614182472229004
1.999999987845058e-08
-6.647158622741699
10.703278541564941
12.712258338928223
-1.999999987845058e-08
0.4464726150035858
14.168769836425781
14.962579727172852
1.999999987845058e-08
7.057537078857422
17.204957962036133
15.26816463470459
-1.999999987845058e-08
12.41969108581543
14.554344177246094
10.379096031188965
1.999999987845058e-08
15.008350372314453
6.895261764526367
1.729640245437622
-1.999999987845058e-08
13.792449951171875
-0.5017218589782715
-5.979991436004639
1.999999987845058e-08
11.371915817260742
-1.2680292129516602
-6.90557336807251
-1.999999987845058e-08
10.252413749694824
5.6405253410339355
0.6176193952560425
1.999999987845058e-08
10.049391746520996
11.21061897277832
7.687614917755127
-1.999999987845058e-08
9.426847457885742
7.201076030731201
4.825153827667236
1.999999987845058e-08
6.241998195648193
-0.9584669470787048
-3.332611560821533
-1.999999987845058e-08
-1.3605456352233887
-3.191572904586792
-5.459091663360596
1.999999987845058e-08
-10.255023956298828
0.7978764772415161
1.6661715507507324
-1.999999987845058e-08
-13.087113380432129
4.882917881011963
13.052835464477539
1.999999987845058e-08
-6.494733810424805
5.6522626876831055
21.078649520874023
-1.999999987845058e-08
4.493350982666016
4.439762592315674
21.390148162841797
1.999999987845058e-08
10.9326171875
4.911734104156494
18.31448745727539
-1.999999987845058e-08
7.698356628417969
8.915841102600098
20.036211013793945
1.999999987845058e-08
-2.0047314167022705
14.214205741882324
27.905691146850586
-1.999999987845058e-08
-8.859000205993652
15.877023696899414
33.33143615722656
1.999999987845058e-08
-5.8441290855407715
11.861541748046875
28.61414337158203
-1.999999987845058e-08
4.889676570892334
6.669973373413086
18.454143524169922
1.999999987845058e-08
14.960983276367188
4.303837776184082
11.584531784057617
-1.999999987845058e-08
17.301748275756836
3.316512107849121
9.674123764038086
1.999999987845058e-08
11.176299095153809
1.8348478078842163
11.259751319885254
-1.999999987845058e-08
3.166034460067749
-1.1578800678253174
13.273103713989258
1.999999987845058e-08
-0.13692717254161835
-5.074960708618164
12.453872680664062
-1.999999987845058e-08
-0.1620178520679474
-3.015211582183838
14.586901664733887
1.999999987845058e-08
-5.904345989227295
24.980327606201172
44.53272247314453
-1.999999987845058e-08
-8.291793823242188
28.977031707763672
51.855106353759766
1.999999987845058e-08
-7.181208610534668
22.304338455200195
48.92384719848633
-1.999999987845058e-08
-3.4272146224975586
12.035538673400879
41.22444152832031
1.999999987845058e-08
0.8489559888839722
2.1100873947143555
30.304718017578125
-1.999999987845058e-08
4.056428909301758
-4.342893123626709
19.89940071105957
1.999999987845058e-08
6.5064826011657715
-4.438910484313965
17.455228805541992
-1.999999987845058e-08
8.866218566894531
-0.19925342500209808
23.489707946777344
1.999999987845058e-08
10.38885498046875
3.1227920055389404
29.326635360717773
-1.999999987845058e-08
10.3597993850708
3.717057466506958
29.123748779296875
1.999999987845058e-08
9.371312141418457
3.370800495147705
25.667503356933594
-1.999999987845058e-08
8.245975494384766
2.095702648162842
22.83616065979004
1.999999987845058e-08
7.06378698348999
-0.8043770790100098
22.033479690551758
-1.999999987845058e-08
6.317492961883545
-2.322075128555298
23.837343215942383
1.999999987845058e-08
6.9891228675842285
-0.17585578560829163
25.44163703918457
-1.999999987845058e-08
7.696474075317383
2.188129186630249
22.92369270324707
1.999999987845058e-08
5.524378776550293
0.629525363445282
17.694761276245117
-1.999999987845058e-08
1.0444222688674927
-5.079921722412109
12.218074798583984
1.999999987845058e-08
-2.0492897033691406
-11.868464469909668
5.568904876708984
-1.999999987845058e-08
-2.045081615447998
-15.46093463897705
-1.2177187204360962
1.999999987845058e-08
-2.0492897033691406
-11.868464469909668
5.568904876708984
-1.999999987845058e-08
-2.045081615447998
-15.46093463897705
-1.2177187204360962
1.999999987845058e-08
0.25826889276504517
-17.48700714111328
-8.246336936950684
-1.999999987845058e-08
3.119490623474121
-23.263591766357422
-18.070772171020508
1.999999987845058e-08
3.6235954761505127
-24.409170150756836
-19.38746452331543
-1.999999987845058e-08
1.0482078790664673
-7.540421009063721
2.8698031902313232
1.999999987845058e-08
-1.6999188661575317
14.47803020477295
31.939157485961914
-1.999999987845058e-08
-3.926345109939575
16.117216110229492
36.11226272583008
1.999999987845058e-08
-7.438331127166748
0.34110042452812195
17.796003341674805
-1.999999987845058e-08
-10.621554374694824
-12.935370445251465
0.6733826398849487
1.999999987845058e-08
-10.621554374694824
-12.935370445251465
0.673382580280304
-1.999999987845058e-08
-9.886702537536621
-22.732330322265625
-12.451144218444824
1.999999987845058e-08
-4.670328617095947
-35.409034729003906
-28.5477352142334
-1.999999987845058e-08
2.338625192642212
-40.292640686035156
-37.149295806884766
1.999999987845058e-08
6.35222864151001
-27.16547393798828
-26.699169158935547
-1.999999987845058e-08
4.452585220336914
-10.666769027709961
-10.654434204101562
1.999999987845058e-08
0.7168251276016235
-12.118209838867188
-12.366159439086914
-1.999999987845058e-08
0.09111103415489197
-26.08983612060547
-29.571897506713867
1.999999987845058e-08
-0.5230162143707275
-28.307880401611328
-36.78936004638672
-1.999999987845058e-08
-5.302854537963867
-11.868836402893066
-23.32547950744629
1.999999987845058e-08
-3.8827054500579834
2.548492431640625
-5.4289326667785645
-1.999999987845058e-08
7.325530052185059
-15.029284477233887
-24.096256256103516
1.999999987845058e-08
18.59767723083496
-20.991544723510742
-34.48408508300781
-1.999999987845058e-08
23.726539611816406
-10.501612663269043
-29.12774085998535
1.999999987845058e-08
18.92276382446289
-5.577023983001709
-27.41532325744629
-1.999999987845058e-08
5.824061870574951
-17.951976776123047
-39.636531829833984
1.999999987845058e-08
-9.214284896850586
-24.255434036254883
-41.558589935302734
-1.999999987845058e-08
-18.295148849487305
-9.11108684539795
-19.988683700561523
1.999999987845058e-08
-17.91304588317871
2.4507272243499756
-5.383574962615967
-1.999999987845058e-08
-11.854944229125977
-9.339986801147461
-20.01201820373535
1.999999987845058e-08
-11.854944229125977
-9.339986801147461
-20.01201820373535
-1.999999987845058e-08
-6.81242561340332
-17.50111198425293
-31.7289981842041
1.999999987845058e-08
-7.442021369934082
6.438292980194092
-4.423151016235352
-1.999999987845058e-08
-12.9952392578125
36.068668365478516
34.1595458984375
1.999999987845058e-08
-17.62845230102539
29.299924850463867
32.29475021362305
-1.999999987845058e-08
-16.783849716186523
-0.5372620820999146
0.4347722828388214
1.999999987845058e-08
-10.748403549194336
-9.654305458068848
-10.805923461914062
-1.999999987845058e-08
-3.5931451320648193
3.2530455589294434
3.8405768871307373
1.999999987845058e-08
-0.6909615397453308
4.788669586181641
7.942729949951172
-1.999999987845058e-08
-4.189382076263428
-9.797669410705566
-6.476844787597656
1.999999987845058e-08
-4.189382076263428
-9.797669410705566
-6.476844787597656
-1.999999987845058e-08
-11.853682518005371
-11.501928329467773
-9.293839454650879
1.999999987845058e-08
-18.737720489501953
7.235633373260498
10.157543182373047
-1.999999987845058e-08
-18.732776641845703
17.03754234313965
22.43167495727539
1.999999987845058e-08
-10.058690071105957
0.40752270817756653
6.543327331542969
-1.999999987845058e-08
0.8023791909217834
-21.653186798095703
-18.74100685119629
1.999999987845058e-08
4.774874687194824
-23.78190803527832
-26.20986557006836
-1.999999987845058e-08
-0.6381800174713135
-9.76834487915039
-15.233424186706543
1.999999987845058e-08
-9.48583698272705
-0.3063807189464569
-4.052113056182861
-1.999999987845058e-08
-15.013084411621094
-0.6093445420265198
0.17161327600479126
1.999999987845058e-08
-1.5295861959457397
30.114259719848633
37.18179702758789
-1.999999987845058e-08
12.806312561035156
18.793228149414062
19.572036743164062
1.999999987845058e-08
23.242055892944336
-4.668368339538574
-12.925457954406738
-1.999999987845058e-08
22.825021743774414
-14.673598289489746
-27.36233901977539
1.999999987845058e-08
11.777349472045898
-2.2109415531158447
-10.804986953735352
-1.999999987845058e-08
-2.579117774963379
11.745583534240723
10.616006851196289
1.999999987845058e-08
-12.62363338470459
7.7957844734191895
10.864030838012695
-1.999999987845058e-08
-14.603154182434082
-4.137141227722168
-0.6573166847229004
1.999999987845058e-08
-9.280976295471191
-5.054471969604492
-2.2138631343841553
-1.999999987845058e-08
-3.574916362762451
3.28613543510437
6.148873805999756
1.999999987845058e-08
-5.823947906494141
7.284514427185059
11.208497047424316
-1.999999987845058e-08
-14.829248428344727
6.804366111755371
12.876441955566406
1.999999987845058e-08
-18.758113861083984
10.182506561279297
18.493080139160156
-1.999999987845058e-08
-9.796148300170898
14.16796875
22.398366928100586
1.999999987845058e-08
4.92969274520874
9.736881256103516
14.975573539733887
-1.999999987845058e-08
12.66052532196045
-0.29029664397239685
1.6253128051757812
1.999999987845058e-08
9.271305084228516
-4.544033527374268
-4.075167179107666
-1.999999987845058e-08
0.3114827871322632
-0.30840063095092773
0.14358580112457275
1.999999987845058e-08
-6.308581352233887
1.7225167751312256
2.0827958583831787
-1.999999987845058e-08
-6.807297229766846
-7.101070404052734
-7.84068489074707
1.999999987845058e-08
-3.7040958404541016
-19.649076461791992
-22.519493103027344
-1.999999987845058e-08
-1.7251124382019043
-23.87104606628418
-28.597822189331055
1.999999987845058e-08
-1.4423242807388306
-20.770763397216797
-25.748292922973633
-1.999999987845058e-08
0.4696601927280426
-19.58748435974121
-24.118961334228516
1.999999987845058e-08
4.879424095153809
-21.695999145507812
-26.647594451904297
-1.999999987845058e-08
8.6076078414917
-20.885913848876953
-26.730636596679688
1.999999987845058e-08
8.770792961120605
-14.45341682434082
-20.632164001464844
-1.999999987845058e-08
5.5091986656188965
-5.139724254608154
-10.648070335388184
1.999999987845058e-08
2.638202667236328
3.8741707801818848
0.03969951719045639
-1.999999987845058e-08
5.15408182144165
10.602551460266113
7.953035831451416
1.999999987845058e-08
13.916762351989746
12.020569801330566
7.461531162261963
-1.999999987845058e-08
23.99307632446289
4.29495096206665
-5.8877997398376465
1.999999987845058e-08
26.200454711914062
-7.8821892738342285
-22.67523956298828
-1.999999987845058e-08
13.628836631774902
-10.302305221557617
-21.540630340576172
1.999999987845058e-08
-7.151987075805664
0.4562816321849823
0.21718324720859528
-1.999999987845058e-08
-18.770994186401367
9.418425559997559
17.098697662353516
1.999999987845058e-08
-13.12521743774414
6.115724563598633
11.178722381591797
-1.999999987845058e-08
-0.4699196517467499
-1.063349962234497
-4.565064430236816
1.999999987845058e-08
5.75745153427124
-1.1629436016082764
-9.464147567749023
-1.999999987845058e-08
3.4801995754241943
4.227120399475098
-1.0858687162399292
1.999999987845058e-08
3.4801995754241943
4.227120399475098
-1.0858688354492188
-1.999999987845058e-08
-2.079441547393799
8.8224458694458
10.766987800598145
1.999999987845058e-08
-6.703715801239014
11.503939628601074
18.774003982543945
-1.999999987845058e-08
-8.069574356079102
13.47248363494873
20.56863784790039
1.999999987845058e-08
-5.816954135894775
14.94878101348877
18.533525466918945
-1.999999987845058e-08
-2.511545419692993
16.15612030029297
17.948514938354492
1.999999987845058e-08
-0.7900283932685852
16.144363403320312
18.94150733947754
-1.999999987845058e-08
-0.5509176850318909
12.821660995483398
16.745094299316406
1.999999987845058e-08
1.0343689918518066
5.12361478805542
9.50119400024414
-1.999999987845058e-08
7.601317405700684
-7.31927490234375
-3.205418109893799
1.999999987845058e-08
18.171659469604492
-21.451608657836914
-19.954547882080078
-1.999999987845058e-08
25.78574562072754
-28.49941635131836
-31.433216094970703
1.999999987845058e-08
24.867048263549805
-22.957908630371094
-29.253467559814453
-1.999999987845058e-08
17.6793155670166
-11.02009391784668
-19.79039764404297
1.999999987845058e-08
11.777713775634766
-2.971503734588623
-16.165658950805664
-1.999999987845058e-08
10.207765579223633
-1.7856558561325073
-20.374649047851562
1.999999987845058e-08
7.713103294372559
-3.3136236667633057
-23.0733699798584
-1.999999987845058e-08
-0.8185407519340515
-1.676367163658142
-15.71437931060791
1.999999987845058e-08
-13.086944580078125
5.09768533706665
0.5469240546226501
-1.999999987845058e-08
-21.75950050354004
9.47168254852295
11.843257904052734
1.999999987845058e-08
-21.75950050354004
9.471681594848633
11.843257904052734
-1.999999987845058e-08
-21.422557830810547
2.2443699836730957
4.569169521331787
1.999999987845058e-08
-13.235766410827637
-10.780263900756836
-12.825299263000488
-1.999999987845058e-08
-2.2990803718566895
-15.037302017211914
-19.12860870361328
1.999999987845058e-08
7.92626953125
-10.630674362182617
-13.711380958557129
-1.999999987845058e-08
15.766042709350586
-10.924986839294434
-15.282694816589355
1.999999987845058e-08
19.703899383544922
-20.21178436279297
-30.420698165893555
-1.999999987845058e-08
18.909488677978516
-28.326478958129883
-45.41948699951172
1.999999987845058e-08
12.48591136932373
-24.900672912597656
-44.708587646484375
-1.999999987845058e-08
0.6764580607414246
-11.113974571228027
-27.79179573059082
1.999999987845058e-08
-11.462305068969727
7.907421112060547
-0.9215766787528992
-1.999999987845058e-08
-3.219590425491333
3.93058705329895
-2.770566940307617
1.999999987845058e-08
1.1445223093032837
0.6931254863739014
-2.031644105911255
-1.999999987845058e-08
-0.627150297164917
-2.3313751220703125
-2.0867865085601807
1.999999987845058e-08
-6.805522441864014
-3.1198694705963135
-2.32377290725708
-1.999999987845058e-08
-12.67707347869873
0.8654575943946838
0.974250853061676
1.999999987845058e-08
-13.779120445251465
6.741347312927246
6.11203670501709
-1.999999987845058e-08
-10.505946159362793
11.26988697052002
10.812379837036133
1.999999987845058e-08
-4.410984992980957
15.934473991394043
17.125883102416992
-1.999999987845058e-08
3.889143705368042
21.66674041748047
24.855484008789062
1.999999987845058e-08
3.889143466949463
21.66674041748047
24.855484008789062
-1.999999987845058e-08
10.769237518310547
23.311010360717773
27.27985954284668
1.999999987845058e-08
13.389087677001953
14.721522331237793
17.61488914489746
-1.999999987845058e-08
13.266070365905762
1.1160404682159424
1.8133916854858398
1.999999987845058e-08
11.076652526855469
-3.059685230255127
-3.634415864944458
-1.999999987845058e-08
6.3355183601379395
4.943379878997803
4.802536487579346
1.999999987845058e-08
2.3865878582000732
10.34997272491455
10.054030418395996
-1.999999987845058e-08
4.171974182128906
3.814020872116089
-0.06424310803413391
1.999999987845058e-08
10.463189125061035
-4.561690807342529
-14.741720199584961
-1.999999987845058e-08
12.67451000213623
-3.490199089050293
-18.213058471679688
1.999999987845058e-08
12.67451000213623
-3.490199089050293
-18.213058471679688
-1.999999987845058e-08
4.569726943969727
2.4711177349090576
-11.535599708557129
1.999999987845058e-08
-8.850555419921875
4.026596546173096
-5.438392162322998
-1.999999987845058e-08
-17.1639347076416
1.8423370122909546
-3.797372341156006
1.999999987845058e-08
-16.941143035888672
1.4058343172073364
-3.5015764236450195
-1.999999987845058e-08
-12.525117874145508
3.5519392490386963
-1.7790027856826782
1.999999987845058e-08
-8.217154502868652
6.681596755981445
2.669424295425415
-1.999999987845058e-08
-5.05498743057251
10.629916191101074
9.929158210754395
1.999999987845058e-08
-2.2093594074249268
13.60084342956543
16.20825958251953
-1.999999987845058e-08
1.1846551895141602
10.689644813537598
14.125094413757324
1.999999987845058e-08
-3.8062057495117188
13.142515182495117
13.508705139160156
-1.999999987845058e-08
-7.159905910491943
21.945894241333008
26.021747589111328
1.999999987845058e-08
-6.942253112792969
22.303661346435547
24.73455047607422
-1.999999987845058e-08
-0.9316138625144958
19.267911911010742
17.505788803100586
1.999999987845058e-08
9.303062438964844
11.295583724975586
4.954627990722656
-1.999999987845058e-08
17.221193313598633
-1.4833183288574219
-11.697529792785645
1.999999987845058e-08
15.640828132629395
-9.223939895629883
-19.42278289794922
-1.999999987845058e-08
5.417515277862549
-4.7084059715271
-9.413387298583984
1.999999987845058e-08
-5.527558326721191
6.6031293869018555
8.939535140991211
-1.999999987845058e-08
-11.105766296386719
13.015106201171875
18.992422103881836
1.999999987845058e-08
15.640828132629395
-9.223939895629883
-19.42278289794922
-1.999999987845058e-08
5.417515277862549
-4.7084059715271
-9.413387298583984
1.999999987845058e-08
-5.527558326721191
6.6031293869018555
8.939535140991211
-1.999999987845058e-08
-11.105766296386719
13.015106201171875
18.992422103881836
1.999999987845058e-08
-9.545548439025879
8.423747062683105
13.987576484680176
-1.999999987845058e-08
-3.5736241340637207
0.09004756063222885
3.8895113468170166
1.999999987845058e-08
-0.4424954652786255
1.34461510181427
4.1562676429748535
-1.999999987845058e-08
-3.7481937408447266
14.324507713317871
16.687288284301758
1.999999987845058e-08
-8.379819869995117
27.94679069519043
29.974641799926758
-1.999999987845058e-08
-8.504900932312012
32.006309509277344
34.6846923828125
1.999999987845058e-08
-3.682701826095581
15.805001258850098
22.232070922851562
-1.999999987845058e-08
-2.4003713130950928
9.404411315917969
13.0894136428833
1.999999987845058e-08
5.247289180755615
3.4825925827026367
2.6339399814605713
-1.999999987845058e-08
14.072745323181152
2.5278384685516357
-1.0509767532348633
1.999999987845058e-08
15.254934310913086
4.437919616699219
1.54056715965271
-1.999999987845058e-08
7.474327564239502
4.826282024383545
3.745061159133911
1.999999987845058e-08
-2.6766421794891357
5.379918575286865
5.042692184448242
-1.999999987845058e-08
-8.993314743041992
7.844176292419434
7.526583194732666
1.999999987845058e-08
-9.843459129333496
7.164872646331787
6.405923843383789
-1.999999987845058e-08
-6.0780487060546875
-0.8758907914161682
-4.189258098602295
1.999999987845058e-08
-9.843459129333496
7.164872646331787
6.405923843383789
-1.999999987845058e-08
-6.0780487060546875
-0.8758907914161682
-4.189258098602295
1.999999987845058e-08
0.04222441092133522
-10.027881622314453
-19.10533905029297
-1.999999987845058e-08
3.8592419624328613
-10.169840812683105
-26.292232513427734
1.999999987845058e-08
1.1017593145370483
-2.3789877891540527
-23.122953414916992
-1.999999987845058e-08
-6.201021194458008
3.3421356678009033
-17.472076416015625
1.999999987845058e-08
-11.153386116027832
3.8604238033294678
-13.229188919067383
-1.999999987845058e-08
-11.327193260192871
5.06967306137085
-6.4278717041015625
1.999999987845058e-08
-10.768828392028809
10.996968269348145
4.80413293838501
-1.999999987845058e-08
-11.717985153198242
18.560546875
14.439544677734375
1.999999987845058e-08
-0.9049635529518127
39.85676574707031
33.199462890625
-1.999999987845058e-08
3.277271032333374
45.751773834228516
45.95393371582031
1.999999987845058e-08
9.442924499511719
36.44001770019531
39.1817741394043
-1.999999987845058e-08
17.912826538085938
18.23250961303711
16.96388053894043
1.999999987845058e-08
24.573570251464844
4.23696756362915
-2.9001357555389404
-1.999999987845058e-08
24.829265594482422
-2.6270253658294678
-13.916250228881836
1.999999987845058e-08
16.0283260345459
-3.198209047317505
-15.8638334274292
-1.999999987845058e-08
2.5812811851501465
3.436854362487793
-7.8931450843811035
1.999999987845058e-08
-5.635933876037598
11.782923698425293
2.8487560749053955
-1.999999987845058e-08
-6.0523600578308105
11.931150436401367
4.469060897827148
1.999999987845058e-08
-6.0523600578308105
11.931150436401367
4.469060897827148
-1.999999987845058e-08
-6.432330131530762
3.382734775543213
-4.352273941040039
1.999999987845058e-08
-12.49309253692627
-2.940004587173462
-11.584165573120117
-1.999999987845058e-08
-19.81089973449707
0.6078090667724609
-6.600688457489014
1.999999987845058e-08
-18.90064239501953
7.401462554931641
4.088200569152832
-1.999999987845058e-08
-6.788828372955322
5.91292142868042
3.584991693496704
1.999999987845058e-08
6.8491315841674805
-4.311336517333984
-11.52321720123291
-1.999999987845058e-08
9.771265029907227
-13.544563293457031
-26.565349578857422
1.999999987845058e-08
1.2535470724105835
-13.729531288146973
-27.006071090698242
-1.999999987845058e-08
-10.028512001037598
-4.6868085861206055
-11.40262508392334
1.999999987845058e-08
-12.192028045654297
11.750638008117676
18.53685760498047
-1.999999987845058e-08
-5.544833660125732
13.317994117736816
20.761293411254883
1.999999987845058e-08
-4.286928653717041
14.931551933288574
23.908592224121094
-1.999999987845058e-08
-7.815201759338379
13.79630184173584
26.23540687561035
1.999999987845058e-08
-7.724339485168457
7.30608606338501
20.937252044677734
-1.999999987845058e-08
-0.9721236228942871
-0.440484881401062
10.340702056884766
1.999999987845058e-08
4.659172058105469
-4.350503921508789
3.19288969039917
-1.999999987845058e-08
0.5559332370758057
-2.839123487472534
4.819172382354736
1.999999987845058e-08
-10.226860046386719
2.3507890701293945
12.589895248413086
-1.999999987845058e-08
-16.197843551635742
5.834615230560303
17.67284393310547
1.999999987845058e-08
-16.197843551635742
5.8346147537231445
17.67284393310547
-1.999999987845058e-08
-12.103341102600098
2.8202221393585205
14.5442533493042
1.999999987845058e-08
-3.3623578548431396
-4.389489650726318
7.936642646789551
-1.999999987845058e-08
1.7978533506393433
-8.069761276245117
6.714969635009766
1.999999987845058e-08
-0.8902987241744995
-3.277299642562866
14.80885124206543
-1.999999987845058e-08
-6.959499359130859
5.602118968963623
26.816967010498047
1.999999987845058e-08
-7.163792610168457
8.846901893615723
32.485992431640625
-1.999999987845058e-08
0.36518093943595886
2.042267084121704
26.317691802978516
1.999999987845058e-08
10.434162139892578
-10.472038269042969
9.706070899963379
-1.999999987845058e-08
17.24786376953125
-19.00003433227539
-8.145955085754395
1.999999987845058e-08
15.697509765625
-18.104782104492188
-15.089879035949707
-1.999999987845058e-08
6.90683650970459
-14.441076278686523
-11.471632957458496
1.999999987845058e-08
-0.35169151425361633
-15.547430038452148
-7.9464335441589355
-1.999999987845058e-08
-0.43677839636802673
-17.282577514648438
-7.709000587463379
1.999999987845058e-08
2.301968812942505
-13.314178466796875
-6.133098602294922
-1.999999987845058e-08
0.23481307923793793
-5.937716007232666
-1.8576620817184448
1.999999987845058e-08
-6.789386749267578
-0.18011750280857086
2.0349280834198
-1.999999987845058e-08
-10.725130081176758
2.066903829574585
1.630680799484253
1.999999987845058e-08
-5.915186882019043
0.010680095292627811
-5.856456756591797
-1.999999987845058e-08
3.506895065307617
-6.097828388214111
-18.810091018676758
1.999999987845058e-08
8.600261688232422
-13.583648681640625
-30.78996467590332
-1.999999987845058e-08
6.114794731140137
-19.44010353088379
-36.909000396728516
1.999999987845058e-08
1.822400450706482
-22.420869827270508
-38.677486419677734
-1.999999987845058e-08
1.6780728101730347
-23.06692123413086
-40.573158264160156
1.999999987845058e-08
2.9957571029663086
-22.851736068725586
-43.794193267822266
-1.999999987845058e-08
0.1574317365884781
-22.44544219970703
-45.17198944091797
1.999999987845058e-08
-5.047185897827148
-20.57903480529785
-41.254600524902344
-1.999999987845058e-08
-7.089823246002197
-16.559106826782227
-32.34461212158203
1.999999987845058e-08
-5.605862140655518
-14.72236442565918
-24.844871520996094
-1.999999987845058e-08
-3.5339362621307373
-19.856876373291016
-25.661964416503906
1.999999987845058e-08
-3.5339362621307373
-19.856876373291016
-25.661964416503906
-1.999999987845058e-08
-1.8707544803619385
-26.579435348510742
-30.456974029541016
1.999999987845058e-08
0.4487214982509613
-26.38104820251465
-30.492687225341797
-1.999999987845058e-08
4.3617262840271
-23.277610778808594
-29.32874870300293
1.999999987845058e-08
9.035120010375977
-26.484189987182617
-34.580448150634766
-1.999999987845058e-08
13.183762550354004
-33.430763244628906
-42.07203674316406
1.999999987845058e-08
16.857131958007812
-35.21721649169922
-44.57813262939453
-1.999999987845058e-08
19.132728576660156
-33.31477355957031
-45.815155029296875
1.999999987845058e-08
17.065086364746094
-36.274742126464844
-52.18535614013672
-1.999999987845058e-08
10.209855079650879
-44.26803207397461
-60.110172271728516
1.999999987845058e-08
-5.773915767669678
-35.36617660522461
-46.736385345458984
-1.999999987845058e-08
-4.8219475746154785
-18.883623123168945
-31.205223083496094
1.999999987845058e-08
0.43151697516441345
-8.836746215820312
-21.559106826782227
-1.999999987845058e-08
8.33881664276123
-13.552786827087402
-27.530677795410156
1.999999987845058e-08
14.684197425842285
-27.923728942871094
-43.55658721923828
-1.999999987845058e-08
17.157466888427734
-41.55078887939453
-57.885276794433594
1.999999987845058e-08
15.1121244430542
-47.67815017700195
-63.217857360839844
-1.999999987845058e-08
7.973698139190674
-42.801612854003906
-54.51820755004883
1.999999987845058e-08
-0.5682871341705322
-31.06293296813965
-36.153053283691406
-1.999999987845058e-08
-4.727817058563232
-24.407489776611328
-24.85436248779297
1.999999987845058e-08
-4.727817535400391
-24.407489776611328
-24.85436248779297
-1.999999987845058e-08
-4.884922027587891
-28.39718246459961
-29.554702758789062
1.999999987845058e-08
-4.713474273681641
-35.498329162597656
-39.449344635009766
-1.999999987845058e-08
-4.983304500579834
-35.93086624145508
-39.75041198730469
1.999999987845058e-08
-6.663460731506348
-27.564613342285156
-27.697595596313477
-1.999999987845058e-08
-11.55524730682373
-15.400376319885254
-10.75341796875
1.999999987845058e-08
-16.712060928344727
-7.367905139923096
0.6670737862586975
-1.999999987845058e-08
-15.884987831115723
-9.134957313537598
-1.2594836950302124
1.999999987845058e-08
-8.503311157226562
-18.5483341217041
-14.680251121520996
-1.999999987845058e-08
-1.7815533876419067
-27.304485321044922
-28.03449821472168
1.999999987845058e-08
-1.7815533876419067
-27.304485321044922
-28.03449821472168
-1.999999987845058e-08
-0.7215430736541748
-30.183460235595703
-32.70534896850586
1.999999987845058e-08
-1.6546845436096191
-27.06388282775879
-28.839588165283203
-1.999999987845058e-08
0.060059890151023865
-17.516773223876953
-17.690988540649414
1.999999987845058e-08
4.331264019012451
-4.6680588722229
-3.2341737747192383
-1.999999987845058e-08
10.162388801574707
2.1787302494049072
3.915968894958496
1.999999987845058e-08
16.655956268310547
0.9941624402999878
0.7237906455993652
-1.999999987845058e-08
22.468294143676758
0.6274270415306091
-3.166639566421509
1.999999987845058e-08
25.994421005249023
4.736299991607666
-3.0679280757904053
-1.999999987845058e-08
24.095212936401367
8.052897453308105
-3.4723284244537354
1.999999987845058e-08
15.686773300170898
4.289005756378174
-0.6542128920555115
-1.999999987845058e-08
14.83717155456543
1.9454976320266724
-4.724172592163086
1.999999987845058e-08
10.533859252929688
4.092215538024902
-2.1812655925750732
-1.999999987845058e-08
5.967433452606201
8.36178207397461
7.0492844581604
1.999999987845058e-08
-0.024186521768569946
11.41207504272461
18.856420516967773
-1.999999987845058e-08
-6.888601779937744
12.55555534362793
28.82438850402832
1.999999987845058e-08
-10.881579399108887
13.494800567626953
34.79897689819336
-1.999999987845058e-08
-11.95191764831543
17.711454391479492
40.978004455566406
1.999999987845058e-08
-10.93869400024414
24.722036361694336
50.27151870727539
-1.999999987845058e-08
-6.1097588539123535
27.157005310058594
55.385292053222656
1.999999987845058e-08
0.3742206394672394
20.6562557220459
49.09280014038086
-1.999999987845058e-08
3.5759499073028564
10.432478904724121
34.84547424316406
1.999999987845058e-08
3.9170281887054443
3.744417428970337
20.891921997070312
-1.999999987845058e-08
3.345437526702881
3.5981602668762207
14.88983154296875
1.999999987845058e-08
-0.6077128052711487
9.44868278503418
21.906572341918945
-1.999999987845058e-08
-7.827615261077881
16.793094635009766
36.89896774291992
1.999999987845058e-08
-11.632887840270996
18.91488265991211
46.27580261230469
-1.999999987845058e-08
-7.452093601226807
13.569015502929688
42.65581130981445
1.999999987845058e-08
2.3137006759643555
5.054773807525635
30.273208618164062
-1.999999987845058e-08
11.240821838378906
0.4027373492717743
19.60427474975586
1.999999987845058e-08
11.240821838378906
0.4027373194694519
19.60427474975586
-1.999999987845058e-08
12.54932975769043
4.1479034423828125
20.75946807861328
1.999999987845058e-08
5.776684284210205
13.102190971374512
32.74383544921875
-1.999999987845058e-08
-1.9041780233383179
19.790433883666992
43.8427619934082
1.999999987845058e-08
-6.250397682189941
22.65333366394043
49.05990982055664
-1.999999987845058e-08
-9.789522171020508
25.758163452148438
54.557716369628906
1.999999987845058e-08
-11.895109176635742
29.83944320678711
62.827903747558594
-1.999999987845058e-08
-6.9703826904296875
31.748754501342773
68.35958862304688
1.999999987845058e-08
3.71738338470459
30.3286190032959
68.18515014648438
-1.999999987845058e-08
10.004932403564453
26.441062927246094
64.45120239257812
1.999999987845058e-08
10.004932403564453
26.441062927246094
64.45120239257812
-1.999999987845058e-08
6.23258113861084
22.21768569946289
60.4514045715332
1.999999987845058e-08
-2.2723517417907715
22.143768310546875
60.258243560791016
-1.999999987845058e-08
-8.445672035217285
27.50018882751465
64.79534912109375
1.999999987845058e-08
-11.343671798706055
32.047386169433594
67.81026458740234
-1.999999987845058e-08
-12.867287635803223
30.504343032836914
63.590354919433594
1.999999987845058e-08
-14.50295639038086
26.35477066040039
56.123939514160156
-1.999999987845058e-08
-17.523284912109375
24.38107681274414
52.458126068115234
1.999999987845058e-08
-19.778793334960938
23.461214065551758
52.34443283081055
-1.999999987845058e-08
-16.37760353088379
23.011579513549805
53.00285339355469
1.999999987845058e-08
-1.3360553979873657
30.494688034057617
56.578311920166016
-1.999999987845058e-08
1.4276336431503296
31.026151657104492
52.66499710083008
1.999999987845058e-08
3.052814245223999
25.160160064697266
43.464599609375
-1.999999987845058e-08
3.7761242389678955
16.540084838867188
35.5185546875
1.999999987845058e-08
1.6869875192642212
11.493669509887695
34.385257720947266
-1.999999987845058e-08
-1.2709521055221558
15.610483169555664
41.1099853515625
1.999999987845058e-08
-2.122236728668213
28.975479125976562
53.768009185791016
-1.999999987845058e-08
-2.053429365158081
43.872833251953125
67.38671112060547
1.999999987845058e-08
-3.5367271900177
50.19684600830078
74.31391143798828
-1.999999987845058e-08
-5.251518249511719
42.46529769897461
67.55352783203125
1.999999987845058e-08
-5.251518249511719
42.46529769897461
67.55352783203125
-1.999999987845058e-08
-3.6586782932281494
22.692306518554688
45.492889404296875
1.999999987845058e-08
-0.6042438745498657
3.3122518062591553
20.76880645751953
-1.999999987845058e-08
-3.862295389175415
1.0734530687332153
16.012853622436523
1.999999987845058e-08
-14.334848403930664
15.672259330749512
33.95600128173828
-1.999999987845058e-08
-20.094587326049805
26.388608932495117
48.57673263549805
1.999999987845058e-08
-12.132330894470215
20.81111717224121
41.872276306152344
-1.999999987845058e-08
2.314049243927002
7.723196506500244
23.614356994628906
1.999999987845058e-08
10.693584442138672
-2.391131639480591
8.108250617980957
-1.999999987845058e-08
9.224096298217773
-6.0067572593688965
1.5423588752746582
1.999999987845058e-08
9.224096298217773
-6.0067572593688965
1.5423588752746582
-1.999999987845058e-08
1.1734588146209717
0.04828997701406479
8.318970680236816
1.999999987845058e-08
-8.464760780334473
13.045571327209473
24.60432243347168
-1.999999987845058e-08
-14.763398170471191
20.92809295654297
35.4044075012207
1.999999987845058e-08
-15.840707778930664
17.797260284423828
34.088096618652344
-1.999999987845058e-08
-13.320572853088379
11.944581985473633
30.97733497619629
1.999999987845058e-08
-8.334673881530762
11.10624885559082
32.98651123046875
-1.999999987845058e-08
-1.8119908571243286
13.558794021606445
35.467350006103516
1.999999987845058e-08
3.41220760345459
15.963227272033691
36.20998764038086
-1.999999987845058e-08
6.026693820953369
16.189302444458008
34.569618225097656
1.999999987845058e-08
-4.573343276977539
14.822266578674316
26.705080032348633
-1.999999987845058e-08
-7.989332675933838
18.44221305847168
36.776466369628906
1.999999987845058e-08
-4.045783996582031
15.576555252075195
35.95970916748047
-1.999999987845058e-08
4.348799705505371
9.797457695007324
22.88212776184082
1.999999987845058e-08
9.125460624694824
10.717340469360352
13.015507698059082
-1.999999987845058e-08
6.021888256072998
19.860137939453125
17.49248504638672
1.999999987845058e-08
2.989938497543335
26.98345184326172
28.400348663330078
-1.999999987845058e-08
10.590059280395508
23.614049911499023
29.788623809814453
1.999999987845058e-08
25.325204849243164
13.848140716552734
17.398611068725586
-1.999999987845058e-08
34.357852935791016
6.377538681030273
0.06005918234586716
1.999999987845058e-08
31.164472579956055
4.880584716796875
-10.568014144897461
-1.999999987845058e-08
19.643699645996094
8.119668006896973
-9.148419380187988
1.999999987845058e-08
8.965008735656738
12.016143798828125
-1.3708449602127075
-1.999999987845058e-08
5.277885437011719
13.579691886901855
4.112133502960205
1.999999987845058e-08
6.793120861053467
13.203715324401855
5.346852779388428
-1.999999987845058e-08
8.075462341308594
11.178717613220215
3.471649408340454
1.999999987845058e-08
6.546677112579346
7.919422149658203
-0.6257972121238708
-1.999999987845058e-08
2.2969131469726562
7.3039937019348145
-2.416264772415161
1.999999987845058e-08
-4.3810319900512695
10.524056434631348
1.2502574920654297
-1.999999987845058e-08
-10.485163688659668
10.555580139160156
3.6403770446777344
1.999999987845058e-08
-9.833688735961914
2.9492597579956055
-2.7713773250579834
-1.999999987845058e-08
-2.0225086212158203
-4.329977035522461
-11.98718547821045
1.999999987845058e-08
2.867619276046753
-1.755527138710022
-10.823275566101074
-1.999999987845058e-08
-2.497149705886841
6.447198867797852
1.3933881521224976
1.999999987845058e-08
-10.577274322509766
7.954362869262695
10.295482635498047
-1.999999987845058e-08
-9.902256965637207
-0.9959797859191895
4.455918788909912
1.999999987845058e-08
-1.5674717426300049
-13.268054008483887
-13.143376350402832
-1.999999987845058e-08
3.6666479110717773
-18.88129997253418
-28.64984893798828
1.999999987845058e-08
0.5778884887695312
-13.523032188415527
-30.49905014038086
-1.999999987845058e-08
-5.136821746826172
-4.512917995452881
-23.446014404296875
1.999999987845058e-08
-4.3617730140686035
-6.220109462738037
-28.243213653564453
-1.999999987845058e-08
-1.5167237520217896
-9.118179321289062
-33.35329818725586
1.999999987845058e-08
1.924784541130066
-10.164042472839355
-34.08133316040039
-1.999999987845058e-08
6.358949661254883
-12.4738130569458
-35.70817184448242
1.999999987845058e-08
9.51304817199707
-15.87515926361084
-40.070526123046875
-1.999999987845058e-08
9.338123321533203
-19.444368362426758
-44.863426208496094
1.999999987845058e-08
5.104698181152344
-22.9764461517334
-48.03913497924805
-1.999999987845058e-08
-1.5641117095947266
-23.536333084106445
-47.005615234375
1.999999987845058e-08
-4.731142520904541
-17.888534545898438
-40.730228424072266
-1.999999987845058e-08
-0.8424661755561829
-8.129714965820312
-32.75482177734375
1.999999987845058e-08
-0.8424661755561829
-8.129714965820312
-32.75482177734375
-1.999999987845058e-08
5.666042327880859
-1.1129118204116821
-29.07059669494629
1.999999987845058e-08
10.410130500793457
-1.9902681112289429
-33.61626434326172
-1.999999987845058e-08
13.59145450592041
-8.32685375213623
-42.73782730102539
1.999999987845058e-08
13.237725257873535
-12.629095077514648
-46.19832992553711
-1.999999987845058e-08
5.668140411376953
-10.727287292480469
-38.32835388183594
1.999999987845058e-08
