0
6.5979228019714355
-29.207494735717773
-13.74748420715332
1.999999987845058e-08
8.909265518188477
-20.925748825073242
-13.60223388671875
-1.999999987845058e-08
11.396835327148438
-25.294092178344727
-17.044267654418945
1.999999987845058e-08
15.46750259399414
-24.88422203063965
-15.80465316772461
-1.999999987845058e-08
20.208600997924805
-11.577798843383789
-8.748998641967773
1.999999987845058e-08
21.225961685180664
-1.0034465789794922
-4.379552364349365
-1.999999987845058e-08
16.775657653808594
-1.2105721235275269
-4.922898769378662
1.999999987845058e-08
11.017655372619629
-2.909397602081299
-4.856480121612549
-1.999999987845058e-08
7.513948917388916
-1.8291609287261963
-4.572551727294922
1.999999987845058e-08
7.513948917388916
-1.8291610479354858
-4.572551727294922
-1.999999987845058e-08
6.534394264221191
-1.024332046508789
-7.176140785217285
1.999999987845058e-08
8.465982437133789
0.25540152192115784
-8.10219955444336
-1.999999987845058e-08
11.157470703125
1.0999476909637451
-4.5294036865234375
1.999999987845058e-08
9.321386337280273
-2.602842330932617
-3.6638004779815674
-1.999999987845058e-08
4.533210754394531
-7.4372148513793945
-8.35678482055664
1.999999987845058e-08
5.284560680389404
-6.689720630645752
-10.002023696899414
-1.999999987845058e-08
12.000102996826172
-3.8591878414154053
-4.959696292877197
1.999999987845058e-08
15.016083717346191
-5.987929821014404
-1.1441329717636108
-1.999999987845058e-08
9.947477340698242
-10.232336044311523
-3.290858268737793
1.999999987845058e-08
2.1955909729003906
-8.606234550476074
-4.067009925842285
-1.999999987845058e-08
3.2271177768707275
-8.650769233703613
0.18948277831077576
1.999999987845058e-08
2.14878511428833
-12.689752578735352
2.6428704261779785
-1.999999987845058e-08
-1.3954476118087769
-17.904800415039062
1.5631399154663086
1.999999987845058e-08
-6.919417381286621
-18.022911071777344
-2.9693989753723145
-1.999999987845058e-08
-12.858492851257324
-12.088767051696777
-7.749598979949951
1.999999987845058e-08
-14.469314575195312
-8.280509948730469
-8.668268203735352
-1.999999987845058e-08
-10.80016040802002
-10.278898239135742
-6.821029186248779
1.999999987845058e-08
-6.968695163726807
-9.76124095916748
-5.266097068786621
-1.999999987845058e-08
-5.979719161987305
-3.692148208618164
-3.6063966751098633
1.999999987845058e-08
-5.979719161987305
-3.692148447036743
-3.6063966751098633
-1.999999987845058e-08
-6.445065498352051
-1.2543997764587402
-2.012024402618408
1.999999987845058e-08
-6.797104835510254
-3.2678062915802
-2.219097852706909
-1.999999987845058e-08
-6.253256320953369
0.15847766399383545
-2.430638074874878
1.999999987845058e-08
-3.9216737747192383
6.650610446929932
0.6920937299728394
-1.999999987845058e-08
-1.5156242847442627
4.820854663848877
5.087506294250488
1.999999987845058e-08
-4.191459655761719
-2.802973508834839
3.881007194519043
-1.999999987845058e-08
-12.59774398803711
-6.252235412597656
-5.4398345947265625
1.999999987845058e-08
-19.585044860839844
-7.5139689445495605
-16.53899383544922
-1.999999987845058e-08
-19.201581954956055
-11.349364280700684
-20.016931533813477
1.999999987845058e-08
-19.201581954956055
-11.349364280700684
-20.016931533813477
-1.999999987845058e-08
-12.315370559692383
-11.936508178710938
-11.578707695007324
1.999999987845058e-08
-4.164837837219238
-6.395452499389648
2.5242559909820557
-1.999999987845058e-08
-0.7219977378845215
-2.578108072280884
10.287651062011719
1.999999987845058e-08
-4.020995616912842
-2.3322107791900635
8.635290145874023
-1.999999987845058e-08
-11.021272659301758
1.2220309972763062
5.068535327911377
1.999999987845058e-08
-17.841245651245117
6.551848888397217
3.2779924869537354
-1.999999987845058e-08
-21.108861923217773
6.1223883628845215
0.9652076959609985
1.999999987845058e-08
-19.237436294555664
2.079240560531616
-0.40126410126686096
-1.999999987845058e-08
-17.106990814208984
0.8073678016662598
1.0273253917694092
1.999999987845058e-08
-43.84161376953125
-2.495701789855957
-13.630252838134766
-1.999999987845058e-08
-39.130619049072266
-0.518884539604187
-10.781241416931152
1.999999987845058e-08
-24.78343963623047
1.4120471477508545
-2.8502018451690674
-1.999999987845058e-08
-13.280141830444336
4.3748931884765625
1.0662180185317993
1.999999987845058e-08
-14.528360366821289
7.466102123260498
-4.034997463226318
-1.999999987845058e-08
-27.279130935668945
4.423746585845947
-15.55186939239502
1.999999987845058e-08
-41.051048278808594
-3.352144241333008
-25.0435791015625
-1.999999987845058e-08
-43.81805419921875
-7.4736738204956055
-24.561853408813477
1.999999987845058e-08
-30.238353729248047
-6.749424457550049
-13.361919403076172
-1.999999987845058e-08
-9.846321105957031
-5.3615593910217285
0.38931334018707275
1.999999987845058e-08
-9.846321105957031
-5.3615593910217285
0.389313280582428
-1.999999987845058e-08
-0.48879769444465637
-3.764407157897949
6.867126941680908
1.999999987845058e-08
-8.53554630279541
-1.712134599685669
3.0869243144989014
-1.999999987845058e-08
-24.60354995727539
-0.8900251984596252
-7.907395362854004
1.999999987845058e-08
-35.33110046386719
1.2909032106399536
-19.21969985961914
-1.999999987845058e-08
-32.50559616088867
8.364087104797363
-21.4720401763916
1.999999987845058e-08
-19.142234802246094
15.190404891967773
-12.369523048400879
-1.999999987845058e-08
-7.123484134674072
17.255826950073242
-0.6049786806106567
1.999999987845058e-08
-3.6914143562316895
21.630355834960938
5.877746105194092
-1.999999987845058e-08
-5.469674587249756
31.06401252746582
6.6195502281188965
1.999999987845058e-08
-5.469674587249756
31.06401252746582
6.6195502281188965
-1.999999987845058e-08
-5.894626617431641
33.80632400512695
3.8442280292510986
1.999999987845058e-08
-2.8854777812957764
26.90277862548828
0.6574331521987915
-1.999999987845058e-08
0.4939431846141815
25.067991256713867
0.5480722188949585
1.999999987845058e-08
0.6459330320358276
32.136356353759766
2.1468968391418457
-1.999999987845058e-08
-2.1631886959075928
33.780696868896484
0.3998858332633972
1.999999987845058e-08
-5.0744547843933105
26.241912841796875
-4.861057281494141
-1.999999987845058e-08
-5.793512344360352
21.027645111083984
-9.127314567565918
1.999999987845058e-08
-1.52895188331604
22.50819206237793
-9.29906940460205
-1.999999987845058e-08
8.56829833984375
27.070396423339844
-4.227006912231445
1.999999987845058e-08
8.56829833984375
27.070396423339844
-4.227006912231445
-1.999999987845058e-08
18.02212142944336
34.17324447631836
4.444483280181885
1.999999987845058e-08
18.946165084838867
39.586952209472656
9.957200050354004
-1.999999987845058e-08
11.85192584991455
36.13454818725586
7.159971714019775
1.999999987845058e-08
4.20540189743042
29.889556884765625
1.8696171045303345
-1.999999987845058e-08
1.2555330991744995
31.121383666992188
2.734907865524292
1.999999987845058e-08
0.14226126670837402
32.78266525268555
5.724277496337891
-1.999999987845058e-08
-2.959507942199707
26.195646286010742
3.2456536293029785
1.999999987845058e-08
-4.417645454406738
21.721179962158203
0.8210911750793457
-1.999999987845058e-08
-1.5632538795471191
27.270599365234375
5.003955364227295
1.999999987845058e-08
6.9000630378723145
39.825218200683594
2.284334897994995
-1.999999987845058e-08
5.603498935699463
39.94955062866211
-0.5933918952941895
1.999999987845058e-08
2.79768443107605
33.476661682128906
-3.4865245819091797
-1.999999987845058e-08
2.9608311653137207
30.110090255737305
-1.0188733339309692
1.999999987845058e-08
7.639882564544678
31.80368423461914
7.67141580581665
-1.999999987845058e-08
15.850722312927246
34.38861846923828
18.48909568786621
1.999999987845058e-08
24.251632690429688
36.94562530517578
27.606475830078125
-1.999999987845058e-08
26.735214233398438
37.88331985473633
31.05611228942871
1.999999987845058e-08
19.533462524414062
34.937339782714844
26.202850341796875
-1.999999987845058e-08
6.553808212280273
32.71167755126953
16.8638973236084
1.999999987845058e-08
-4.623024940490723
34.944068908691406
8.729988098144531
-1.999999987845058e-08
-9.131948471069336
35.11112594604492
2.6912100315093994
1.999999987845058e-08
-5.917891979217529
30.28388214111328
-0.380195289850235
-1.999999987845058e-08
2.840451955795288
29.758474349975586
3.24631929397583
1.999999987845058e-08
11.862322807312012
37.19011688232422
11.73303508758545
-1.999999987845058e-08
15.166357040405273
43.5370979309082
15.930816650390625
1.999999987845058e-08
12.078240394592285
43.30936050415039
12.020187377929688
-1.999999987845058e-08
7.9804863929748535
40.05660629272461
6.508119106292725
1.999999987845058e-08
6.97305965423584
38.43539047241211
5.487582206726074
-1.999999987845058e-08
8.615663528442383
40.916038513183594
8.07796859741211
1.999999987845058e-08
10.052811622619629
46.52677917480469
10.929878234863281
-1.999999987845058e-08
10.943864822387695
41.81484603881836
11.017321586608887
1.999999987845058e-08
15.314059257507324
38.223201751708984
14.232808113098145
-1.999999987845058e-08
19.619749069213867
42.272953033447266
20.97765350341797
1.999999987845058e-08
19.357080459594727
49.838623046875
26.68090057373047
-1.999999987845058e-08
16.188779830932617
53.15387725830078
27.921871185302734
1.999999987845058e-08
15.55576229095459
52.50407791137695
27.87030029296875
-1.999999987845058e-08
19.88976287841797
50.519832611083984
30.329002380371094
1.999999987845058e-08
26.504619598388672
45.95275115966797
32.839759826660156
-1.999999987845058e-08
30.16458511352539
41.729984283447266
31.694093704223633
1.999999987845058e-08
15.55576229095459
52.50407791137695
27.87030029296875
-1.999999987845058e-08
19.88976287841797
50.519832611083984
30.329002380371094
1.999999987845058e-08
26.504619598388672
45.95275115966797
32.839759826660156
-1.999999987845058e-08
30.16458511352539
41.729984283447266
31.694093704223633
1.999999987845058e-08
26.745866775512695
42.584571838378906
27.007715225219727
-1.999999987845058e-08
17.106000900268555
43.12755584716797
19.58143424987793
1.999999987845058e-08
7.7444071769714355
36.12459945678711
11.190110206604004
-1.999999987845058e-08
4.436368942260742
24.802833557128906
6.629801273345947
1.999999987845058e-08
4.869618892669678
12.930956840515137
6.474201679229736
-1.999999987845058e-08
2.252880573272705
-0.664061427116394
4.178125381469727
1.999999987845058e-08
2.9995675086975098
-0.591542661190033
-12.064733505249023
-1.999999987845058e-08
22.494609832763672
7.879661560058594
-1.4972089529037476
1.999999987845058e-08
35.873451232910156
14.79725170135498
10.0778169631958
-1.999999987845058e-08
35.31991195678711
12.632072448730469
14.147542953491211
1.999999987845058e-08
25.366252899169922
6.116485595703125
10.186080932617188
-1.999999987845058e-08
16.07786750793457
7.176565170288086
4.375330924987793
1.999999987845058e-08
15.931234359741211
16.037220001220703
2.672715187072754
-1.999999987845058e-08
27.251571655273438
26.12397003173828
8.745437622070312
1.999999987845058e-08
42.412925720214844
37.176963806152344
20.881179809570312
-1.999999987845058e-08
51.31350326538086
46.303009033203125
30.362424850463867
1.999999987845058e-08
51.72468948364258
39.64654541015625
26.58393096923828
-1.999999987845058e-08
49.41578674316406
44.46940994262695
24.88063621520996
1.999999987845058e-08
45.084716796875
53.84164047241211
23.99710464477539
-1.999999987845058e-08
41.707820892333984
50.65576171875
20.56258201599121
1.999999987845058e-08
43.80641174316406
41.1981086730957
20.165008544921875
-1.999999987845058e-08
48.470726013183594
42.506500244140625
25.836267471313477
1.999999987845058e-08
46.24708938598633
49.338905334472656
26.088773727416992
-1.999999987845058e-08
33.97125244140625
49.037506103515625
11.402750968933105
1.999999987845058e-08
20.525423049926758
47.42679977416992
-7.803215503692627
-1.999999987845058e-08
17.111665725708008
51.98963165283203
-15.060359001159668
1.999999987845058e-08
33.97125244140625
49.037506103515625
11.402750968933105
-1.999999987845058e-08
20.525423049926758
47.42680358886719
-7.803215503692627
1.999999987845058e-08
17.111665725708008
51.98963165283203
-15.060359001159668
-1.999999987845058e-08
27.33700180053711
56.0175895690918
-7.830953121185303
1.999999987845058e-08
46.31231689453125
56.2857780456543
6.771877765655518
-1.999999987845058e-08
62.46481704711914
59.439674377441406
21.186782836914062
1.999999987845058e-08
66.01496124267578
66.25658416748047
28.385272979736328
-1.999999987845058e-08
60.13051223754883
71.70831298828125
26.662160873413086
1.999999987845058e-08
54.78446960449219
76.14478302001953
21.38157844543457
-1.999999987845058e-08
53.84182357788086
82.59293365478516
17.70155906677246
1.999999987845058e-08
53.84182357788086
82.59293365478516
17.70155906677246
-1.999999987845058e-08
56.06081008911133
90.67376708984375
17.28118896484375
1.999999987845058e-08
58.7426643371582
99.33246612548828
20.017200469970703
-1.999999987845058e-08
57.390079498291016
107.93548583984375
23.20261001586914
1.999999987845058e-08
49.904537200927734
113.9051742553711
21.329246520996094
-1.999999987845058e-08
40.532501220703125
116.95481872558594
12.34357738494873
1.999999987845058e-08
36.28445053100586
120.93045043945312
3.0245237350463867
-1.999999987845058e-08
39.387237548828125
124.66327667236328
0.548394501209259
1.999999987845058e-08
45.2405891418457
123.86443328857422
2.5258328914642334
-1.999999987845058e-08
48.57697296142578
125.65494537353516
3.9851901531219482
1.999999987845058e-08
46.76360321044922
177.5100860595703
1.6927385330200195
-1.999999987845058e-08
44.98193359375
185.30897521972656
0.9372849464416504
1.999999987845058e-08
46.60951614379883
183.19430541992188
0.4566458761692047
-1.999999987845058e-08
52.26043701171875
182.95355224609375
1.883702278137207
1.999999987845058e-08
58.322059631347656
190.3223114013672
3.991604804992676
-1.999999987845058e-08
60.693031311035156
196.1123504638672
2.16701078414917
1.999999987845058e-08
58.33127212524414
196.33639526367188
-3.8864221572875977
-1.999999987845058e-08
55.62853240966797
197.06150817871094
-8.224618911743164
1.999999987845058e-08
58.768978118896484
200.1932830810547
-7.205209732055664
-1.999999987845058e-08
66.61964416503906
201.92791748046875
-3.466269016265869
1.999999987845058e-08
58.33127212524414
196.33639526367188
-3.8864221572875977
-1.999999987845058e-08
55.62853240966797
197.06150817871094
-8.224618911743164
1.999999987845058e-08
58.768978118896484
200.1932830810547
-7.205209732055664
-1.999999987845058e-08
66.61964416503906
201.92791748046875
-3.466269016265869
1.999999987845058e-08
71.23722839355469
198.9073028564453
-0.5172821283340454
-1.999999987845058e-08
68.02246856689453
187.72732543945312
0.12771640717983246
1.999999987845058e-08
59.13625717163086
169.8639373779297
-2.3433074951171875
-1.999999987845058e-08
49.30586242675781
156.81582641601562
-6.741831302642822
1.999999987845058e-08
41.50651168823242
156.04112243652344
-10.583462715148926
-1.999999987845058e-08
35.78366470336914
157.4733123779297
-15.01063060760498
1.999999987845058e-08
33.18241882324219
149.06785583496094
-22.547761917114258
-1.999999987845058e-08
35.32900619506836
135.55776977539062
-30.89153289794922
1.999999987845058e-08
37.841102600097656
126.6098403930664
-37.59423828125
-1.999999987845058e-08
34.46097946166992
118.74079895019531
-45.076271057128906
1.999999987845058e-08
27.428192138671875
103.91297912597656
-52.66881561279297
-1.999999987845058e-08
23.41847801208496
85.28280639648438
-53.29977798461914
1.999999987845058e-08
23.461933135986328
73.50373840332031
-43.14862060546875
-1.999999987845058e-08
23.594146728515625
72.57238006591797
-26.9238338470459
1.999999987845058e-08
19.049028396606445
72.9205322265625
-13.966343879699707
-1.999999987845058e-08
8.302241325378418
61.13661575317383
-10.279118537902832
1.999999987845058e-08
-2.4490177631378174
39.520782470703125
-11.533133506774902
-1.999999987845058e-08
-6.204280376434326
23.030803680419922
-9.7882661819458
1.999999987845058e-08
-5.891053676605225
13.108661651611328
-6.34550666809082
-1.999999987845058e-08
-8.44353199005127
-1.3123947381973267
-7.580782413482666
1.999999987845058e-08
-12.106242179870605
-16.152511596679688
-12.166999816894531
-1.999999987845058e-08
-10.323081970214844
-18.593183517456055
-14.46585750579834
1.999999987845058e-08
-5.0379438400268555
-18.02461814880371
-15.629693031311035
-1.999999987845058e-08
-3.7517058849334717
-33.339656829833984
-18.6958065032959
1.999999987845058e-08
-6.833725452423096
-57.120689392089844
-19.571712493896484
-1.999999987845058e-08
-9.658170700073242
-69.74198913574219
-15.50256633758545
1.999999987845058e-08
-11.577912330627441
-75.17173767089844
-12.166667938232422
-1.999999987845058e-08
-14.842326164245605
-88.33675384521484
-12.85524845123291
1.999999987845058e-08
-20.294618606567383
-105.82981872558594
-13.343382835388184
-1.999999987845058e-08
-26.9864444732666
-119.23583984375
-12.366930961608887
1.999999987845058e-08
-33.455108642578125
-135.35166931152344
-14.412919044494629
-1.999999987845058e-08
-39.365970611572266
-157.41848754882812
-20.01509666442871
1.999999987845058e-08
-44.745094299316406
-171.79388427734375
-24.47860336303711
-1.999999987845058e-08
-47.763099670410156
-173.70379638671875
-26.875581741333008
1.999999987845058e-08
-46.284297943115234
-178.92239379882812
-29.54393768310547
-1.999999987845058e-08
-40.64651870727539
-195.69882202148438
-29.358665466308594
1.999999987845058e-08
-34.704715728759766
-212.81906127929688
-22.662303924560547
-1.999999987845058e-08
-35.132965087890625
-223.1561279296875
-17.16925811767578
1.999999987845058e-08
-43.53092956542969
-234.12147521972656
-23.962261199951172
-1.999999987845058e-08
-50.54633712768555
-251.28421020507812
-40.704139709472656
1.999999987845058e-08
-49.22747802734375
-269.89666748046875
-58.009552001953125
-1.999999987845058e-08
-46.221797943115234
-282.9893798828125
-74.87957000732422
1.999999987845058e-08
-48.62759780883789
-289.97454833984375
-92.9407730102539
-1.999999987845058e-08
-53.296016693115234
-299.3892822265625
-106.96394348144531
1.999999987845058e-08
-55.037113189697266
-320.6240234375
-112.84820556640625
-1.999999987845058e-08
-53.768497467041016
-349.2412414550781
-113.19188690185547
1.999999987845058e-08
-52.68532180786133
-371.73876953125
-111.13136291503906
-1.999999987845058e-08
-54.0510368347168
-389.4334411621094
-109.76802825927734
1.999999987845058e-08
-55.83677291870117
-417.19952392578125
-113.86143493652344
-1.999999987845058e-08
-53.56306838989258
-453.9119567871094
-121.98343658447266
1.999999987845058e-08
-46.19719696044922
-482.00048828125
-124.91144561767578
-1.999999987845058e-08
-38.965614318847656
-499.2412109375
-120.46155548095703
1.999999987845058e-08
-38.877777099609375
-521.5802001953125
-118.55656433105469
-1.999999987845058e-08
-46.49631881713867
-553.9773559570312
-124.13582611083984
1.999999987845058e-08
-56.973533630371094
-584.875732421875
-130.40277099609375
-1.999999987845058e-08
-67.7799072265625
-608.0865478515625
-132.4632110595703
1.999999987845058e-08
-77.35674285888672
-685.7210693359375
-116.35456085205078
-1.999999987845058e-08
-66.635498046875
-720.2131958007812
-102.46947479248047
1.999999987845058e-08
-57.521121978759766
-749.6488037109375
-87.81505584716797
-1.999999987845058e-08
-55.849830627441406
-775.0155029296875
-76.81082916259766
1.999999987845058e-08
-59.565860748291016
-802.2335815429688
-73.0068130493164
-1.999999987845058e-08
-63.18015670776367
-822.7666015625
-74.22463989257812
1.999999987845058e-08
-66.38676452636719
-821.1248779296875
-76.12841796875
-1.999999987845058e-08
-73.41373443603516
-803.1831665039062
-80.9581069946289
1.999999987845058e-08
-83.12000274658203
-789.5724487304688
-91.71701049804688
-1.999999987845058e-08
-88.90921020507812
-784.037109375
-102.13360595703125
1.999999987845058e-08
-89.60403442382812
-775.2847290039062
-105.4812240600586
-1.999999987845058e-08
-88.9151840209961
-760.4122924804688
-105.61564636230469
1.999999987845058e-08
-87.8742904663086
-745.3511962890625
-109.6981430053711
-1.999999987845058e-08
-86.15462493896484
-733.8289794921875
-117.18500518798828
1.999999987845058e-08
-83.45091247558594
-725.8900756835938
-120.68762969970703
-1.999999987845058e-08
-79.46316528320312
-718.7657470703125
-115.6999740600586
1.999999987845058e-08
-77.93814086914062
-710.0467529296875
-106.17353057861328
-1.999999987845058e-08
-83.9526138305664
-704.0375366210938
-98.61202239990234
1.999999987845058e-08
-95.94149017333984
-705.0682373046875
-95.42617797851562
-1.999999987845058e-08
-107.23399353027344
-702.8018188476562
-95.18701171875
1.999999987845058e-08
-107.23399353027344
-702.8018188476562
-95.18701171875
-1.999999987845058e-08
-113.63382720947266
-682.4077758789062
-94.08572387695312
1.999999987845058e-08
-115.6011962890625
-648.0634155273438
-87.81082153320312
-1.999999987845058e-08
-115.1270751953125
-613.436279296875
-75.40294647216797
1.999999987845058e-08
-113.256591796875
-577.1373291015625
-59.66274642944336
-1.999999987845058e-08
-112.32447814941406
-533.468505859375
-45.06861877441406
1.999999987845058e-08
-117.03348541259766
-491.4098815917969
-36.26631164550781
-1.999999987845058e-08
-126.73014068603516
-458.604736328125
-32.71427917480469
1.999999987845058e-08
-131.38780212402344
-427.9452209472656
-27.250442504882812
-1.999999987845058e-08
-124.25010681152344
-396.51708984375
-16.927249908447266
1.999999987845058e-08
-124.25010681152344
-396.51708984375
-16.927249908447266
-1.999999987845058e-08
-113.22339630126953
-370.32415771484375
-8.405223846435547
1.999999987845058e-08
-110.48153686523438
-343.90716552734375
-7.296945571899414
-1.999999987845058e-08
-116.919921875
-306.0052795410156
-9.792221069335938
1.999999987845058e-08
-125.06402587890625
-262.3093566894531
-7.950869083404541
-1.999999987845058e-08
-129.10275268554688
-223.4937286376953
2.562098979949951
1.999999987845058e-08
-128.04049682617188
-184.530029296875
18.898941040039062
-1.999999987845058e-08
-126.6024169921875
-141.50283813476562
31.61598014831543
1.999999987845058e-08
-130.65615844726562
-106.4534683227539
35.338470458984375
-1.999999987845058e-08
-138.50389099121094
-87.14532470703125
37.69487380981445
1.999999987845058e-08
-142.31393432617188
-77.36260986328125
46.99959945678711
-1.999999987845058e-08
-137.72021484375
-73.97607421875
59.153907775878906
1.999999987845058e-08
-128.67173767089844
-79.43240356445312
69.18815612792969
-1.999999987845058e-08
-123.70276641845703
-87.92996215820312
80.9789047241211
1.999999987845058e-08
-126.73237609863281
-86.69248962402344
93.35662841796875
-1.999999987845058e-08
-133.06820678710938
-67.60972595214844
96.13359832763672
1.999999987845058e-08
-137.6457061767578
-31.01137351989746
90.20769500732422
-1.999999987845058e-08
-140.3822784423828
12.330615043640137
91.15443420410156
1.999999987845058e-08
-140.0666961669922
45.22135925292969
104.89190673828125
-1.999999987845058e-08
-134.9091796875
64.67127227783203
118.06195068359375
1.999999987845058e-08
-128.7891387939453
88.31680297851562
121.15359497070312
-1.999999987845058e-08
-125.04946899414062
126.51752471923828
123.48841857910156
1.999999987845058e-08
-120.12039184570312
169.5825653076172
133.66607666015625
-1.999999987845058e-08
-111.49565124511719
211.0786895751953
142.9995574951172
1.999999987845058e-08
-104.10968780517578
254.7255859375
141.143310546875
-1.999999987845058e-08
-103.39654541015625
296.94158935546875
132.94871520996094
1.999999987845058e-08
-107.14413452148438
330.8116760253906
129.60255432128906
-1.999999987845058e-08
-108.05025482177734
361.1456298828125
132.83316040039062
1.999999987845058e-08
-102.5669937133789
393.1018981933594
135.26202392578125
-1.999999987845058e-08
-93.87770080566406
418.79327392578125
133.02052307128906
1.999999987845058e-08
-74.9971694946289
461.9009704589844
138.71990966796875
-1.999999987845058e-08
-73.3537368774414
481.9499206542969
130.70339965820312
1.999999987845058e-08
-74.77569580078125
499.37432861328125
114.25910949707031
-1.999999987845058e-08
-76.43528747558594
513.9218139648438
101.48499298095703
1.999999987845058e-08
-76.59940338134766
525.3687744140625
95.61371612548828
-1.999999987845058e-08
-75.19320678710938
536.4840087890625
88.99050903320312
1.999999987845058e-08
-70.51936340332031
554.1207275390625
79.41383361816406
-1.999999987845058e-08
-62.24407196044922
576.3178100585938
73.27812194824219
1.999999987845058e-08
-54.28224563598633
591.7840576171875
73.4668197631836
-1.999999987845058e-08
-48.84605026245117
598.948486328125
76.72752380371094
1.999999987845058e-08
-48.84605026245117
598.948486328125
76.72752380371094
-1.999999987845058e-08
-42.483516693115234
607.7135009765625
80.3084945678711
1.999999987845058e-08
-31.917097091674805
622.201416015625
83.818603515625
-1.999999987845058e-08
-18.488597869873047
639.1578369140625
88.43876647949219
1.999999987845058e-08
-3.472325563430786
656.8370361328125
96.39188385009766
-1.999999987845058e-08
12.921563148498535
671.4736328125
106.30218505859375
1.999999987845058e-08
25.897781372070312
677.0337524414062
112.49132537841797
-1.999999987845058e-08
29.90220832824707
676.4791259765625
113.47097778320312
1.999999987845058e-08
26.270597457885742
678.516357421875
111.69231414794922
-1.999999987845058e-08
20.457962036132812
682.7740478515625
103.95919036865234
1.999999987845058e-08
17.422149658203125
682.4176025390625
87.95712280273438
-1.999999987845058e-08
20.273021697998047
675.3032836914062
74.28653717041016
1.999999987845058e-08
27.89118766784668
663.9296264648438
72.99075317382812
-1.999999987845058e-08
36.21364212036133
653.8556518554688
75.45393371582031
1.999999987845058e-08
42.630226135253906
651.8154296875
67.85580444335938
-1.999999987845058e-08
44.804500579833984
654.4429321289062
52.52911376953125
1.999999987845058e-08
41.35074996948242
647.4817504882812
41.72850036621094
-1.999999987845058e-08
37.50567626953125
628.2861938476562
40.42112731933594
1.999999987845058e-08
39.07992172241211
614.1058959960938
43.1827278137207
-1.999999987845058e-08
44.637996673583984
615.6766967773438
43.773170471191406
1.999999987845058e-08
44.637996673583984
615.6766967773438
43.773170471191406
-1.999999987845058e-08
52.46482849121094
623.3394775390625
43.19697570800781
1.999999987845058e-08
62.82564163208008
629.4176635742188
43.49330520629883
-1.999999987845058e-08
72.64288330078125
637.256591796875
40.44860076904297
1.999999987845058e-08
78.46173858642578
642.3884887695312
31.170455932617188
-1.999999987845058e-08
79.35067749023438
634.9083862304688
18.993982315063477
1.999999987845058e-08
76.51828002929688
621.665771484375
6.0879034996032715
-1.999999987845058e-08
74.33207702636719
616.48388671875
-9.954208374023438
1.999999987845058e-08
75.4670181274414
614.4639892578125
-29.75838851928711
-1.999999987845058e-08
76.42904663085938
602.6834106445312
-46.264530181884766
1.999999987845058e-08
73.66065979003906
582.4199829101562
-51.25483703613281
-1.999999987845058e-08
67.66657257080078
560.549072265625
-49.6774787902832
1.999999987845058e-08
62.059844970703125
538.781494140625
-53.20816421508789
-1.999999987845058e-08
65.13554382324219
522.3604736328125
-57.177528381347656
1.999999987845058e-08
81.64244842529297
523.6948852539062
-47.49803161621094
-1.999999987845058e-08
101.18216705322266
556.4649658203125
-29.099130630493164
1.999999987845058e-08
109.36314392089844
628.7261352539062
-20.200101852416992
-1.999999987845058e-08
106.85929870605469
730.53125
-22.9849796295166
1.999999987845058e-08
104.82099151611328
828.3192138671875
-24.845293045043945
-1.999999987845058e-08
108.43006896972656
886.79443359375
-21.965457916259766
1.999999987845058e-08
116.07593536376953
842.1267700195312
-28.18726921081543
-1.999999987845058e-08
107.61248016357422
808.2565307617188
-33.51172637939453
1.999999987845058e-08
105.18732452392578
794.7196044921875
-36.258934020996094
-1.999999987845058e-08
114.6904296875
800.7760009765625
-35.874202728271484
1.999999987845058e-08
134.38990783691406
808.3978271484375
-31.141050338745117
-1.999999987845058e-08
157.91665649414062
811.1748046875
-19.698200225830078
1.999999987845058e-08
172.45138549804688
818.0425415039062
-6.71115779876709
-1.999999987845058e-08
168.068603515625
830.8395385742188
-4.375862121582031
1.999999987845058e-08
151.31219482421875
842.10693359375
-15.442719459533691
-1.999999987845058e-08
138.55384826660156
849.156005859375
-26.800756454467773
1.999999987845058e-08
137.35801696777344
853.9087524414062
-26.752344131469727
-1.999999987845058e-08
141.0465850830078
859.5388793945312
-18.649368286132812
1.999999987845058e-08
140.8079071044922
870.3170776367188
-10.804323196411133
-1.999999987845058e-08
136.60610961914062
879.8475341796875
-4.624593257904053
1.999999987845058e-08
133.3071746826172
869.067626953125
1.3930470943450928
-1.999999987845058e-08
131.18994140625
832.7698364257812
5.5304789543151855
1.999999987845058e-08
124.2474365234375
789.6909790039062
3.7044453620910645
-1.999999987845058e-08
109.72616577148438
751.232421875
-5.326807022094727
1.999999987845058e-08
95.6136245727539
705.3840942382812
-14.908398628234863
-1.999999987845058e-08
90.78096008300781
644.5287475585938
-15.917189598083496
1.999999987845058e-08
93.92922973632812
581.4365844726562
-9.052244186401367
-1.999999987845058e-08
98.30156707763672
526.8834838867188
-4.2851243019104
1.999999987845058e-08
99.05994415283203
475.61688232421875
-5.6536030769348145
-1.999999987845058e-08
94.83483123779297
420.6907958984375
-4.981152534484863
1.999999987845058e-08
86.88297271728516
363.16094970703125
2.2290585041046143
-1.999999987845058e-08
77.22015380859375
305.7669372558594
5.648569583892822
1.999999987845058e-08
68.87674713134766
250.2023468017578
-1.3849605321884155
-1.999999987845058e-08
65.72589111328125
199.34939575195312
-6.925759792327881
1.999999987845058e-08
67.55390930175781
154.94302368164062
-1.821520209312439
-1.999999987845058e-08
68.27236938476562
116.54158020019531
2.3673019409179688
1.999999987845058e-08
63.379154205322266
81.50679779052734
-4.65142822265625
-1.999999987845058e-08
57.092098236083984
40.4318733215332
-11.900145530700684
1.999999987845058e-08
57.47870635986328
-14.47163200378418
-5.9283223152160645
-1.999999987845058e-08
63.57630920410156
-72.76560974121094
6.148573398590088
1.999999987845058e-08
65.21160125732422
-118.27557373046875
7.930588722229004
-1.999999987845058e-08
59.56266403198242
-154.9965362548828
-0.6421117186546326
1.999999987845058e-08
54.403568267822266
-196.9918975830078
-6.2902512550354
-1.999999987845058e-08
51.39517593383789
-242.3293914794922
-7.210034370422363
1.999999987845058e-08
43.796451568603516
-281.04486083984375
-13.708593368530273
-1.999999987845058e-08
31.533885955810547
-316.8606872558594
-25.680757522583008
1.999999987845058e-08
22.981611251831055
-358.01580810546875
-30.51080894470215
-1.999999987845058e-08
23.606863021850586
-400.7507019042969
-23.986736297607422
1.999999987845058e-08
30.64517593383789
-439.4166259765625
-16.65636444091797
-1.999999987845058e-08
35.28487014770508
-474.04119873046875
-17.1116943359375
1.999999987845058e-08
30.928953170776367
-500.8598937988281
-20.926597595214844
-1.999999987845058e-08
22.05498695373535
-518.4763793945312
-20.594280242919922
1.999999987845058e-08
17.81035614013672
-537.4950561523438
-18.07056427001953
-1.999999987845058e-08
19.407358169555664
-559.9500732421875
-17.992788314819336
1.999999987845058e-08
22.031837463378906
-568.7245483398438
-16.370264053344727
-1.999999987845058e-08
20.538843154907227
-559.553466796875
-10.862971305847168
1.999999987845058e-08
10.401272773742676
-553.4915771484375
-9.935262680053711
-1.999999987845058e-08
-6.591203212738037
-562.0987548828125
-17.165006637573242
1.999999987845058e-08
-20.634769439697266
-575.602783203125
-23.282779693603516
-1.999999987845058e-08
-22.94782066345215
-588.3609008789062
-20.949752807617188
1.999999987845058e-08
-12.984282493591309
-600.5332641601562
-11.450423240661621
-1.999999987845058e-08
-0.084102563560009
-604.0850830078125
0.5544381141662598
1.999999987845058e-08
1.9633285999298096
-598.6687622070312
7.35335636138916
-1.999999987845058e-08
-9.578226089477539
-601.5167846679688
4.380605697631836
1.999999987845058e-08
-20.362218856811523
-617.8425903320312
1.8224174976348877
-1.999999987845058e-08
-17.7547607421875
-627.8546142578125
12.86308765411377
1.999999987845058e-08
-17.7547607421875
-627.8546142578125
12.86308765411377
-1.999999987845058e-08
-7.220879554748535
-618.6043090820312
31.320796966552734
1.999999987845058e-08
-2.28291392326355
-600.532958984375
40.34872055053711
-1.999999987845058e-08
-8.056902885437012
-584.3513793945312
36.76533508300781
1.999999987845058e-08
-19.03479766845703
-569.1240844726562
30.079097747802734
-1.999999987845058e-08
-28.33673858642578
-556.8580322265625
24.28367805480957
1.999999987845058e-08
-33.961002349853516
-554.3134155273438
17.22236442565918
-1.999999987845058e-08
-33.27286911010742
-559.8944091796875
15.359943389892578
1.999999987845058e-08
-22.354860305786133
-566.9586181640625
27.933452606201172
-1.999999987845058e-08
-5.715963840484619
-575.121337890625
47.137577056884766
1.999999987845058e-08
5.303529739379883
-585.5064086914062
56.37894058227539
-1.999999987845058e-08
3.7639358043670654
-594.9526977539062
53.335693359375
1.999999987845058e-08
-9.277750968933105
-601.7434692382812
47.3054313659668
-1.999999987845058e-08
-26.907554626464844
-605.484130859375
42.59584045410156
1.999999987845058e-08
-40.155155181884766
-605.4310302734375
36.907894134521484
-1.999999987845058e-08
-43.62506103515625
-608.4146118164062
30.345012664794922
1.999999987845058e-08
-37.724281311035156
-622.7904052734375
28.283206939697266
-1.999999987845058e-08
-26.51653480529785
-640.8280639648438
33.604339599609375
1.999999987845058e-08
-16.734891891479492
-651.4779052734375
38.28510665893555
-1.999999987845058e-08
-14.591791152954102
-663.1904907226562
31.947874069213867
1.999999987845058e-08
-17.7082576751709
-686.09912109375
20.114065170288086
-1.999999987845058e-08
-16.51988983154297
-708.788818359375
18.4747257232666
1.999999987845058e-08
-7.0776262283325195
-716.665771484375
28.129810333251953
-1.999999987845058e-08
3.4537229537963867
-713.9277954101562
34.81487274169922
1.999999987845058e-08
5.594811916351318
-713.91552734375
31.775636672973633
-1.999999987845058e-08
-0.38387778401374817
-722.9540405273438
26.476238250732422
1.999999987845058e-08
-6.048593997955322
-738.7423706054688
23.990720748901367
-1.999999987845058e-08
-6.235827922821045
-754.4966430664062
20.808744430541992
1.999999987845058e-08
-1.5922749042510986
-763.942626953125
18.117919921875
-1.999999987845058e-08
3.9268174171447754
-768.5250244140625
21.003009796142578
1.999999987845058e-08
3.9268174171447754
-768.5250244140625
21.003009796142578
-1.999999987845058e-08
5.072119235992432
-774.9387817382812
23.98855972290039
1.999999987845058e-08
1.330701470375061
-781.0601196289062
18.773752212524414
-1.999999987845058e-08
-3.088062047958374
-777.9837646484375
10.322097778320312
1.999999987845058e-08
-6.701661586761475
-768.7348022460938
7.400380611419678
-1.999999987845058e-08
-9.837575912475586
-763.97021484375
8.1027250289917
1.999999987845058e-08
-9.809224128723145
-761.664794921875
7.300759315490723
-1.999999987845058e-08
-6.536722660064697
-754.1329345703125
6.141870975494385
1.999999987845058e-08
-6.59396505355835
-746.3287963867188
6.797595024108887
-1.999999987845058e-08
-12.840579986572266
-746.3567504882812
8.426444053649902
1.999999987845058e-08
-1.6964558362960815
-717.9269409179688
24.565086364746094
-1.999999987845058e-08
3.7208757400512695
-707.2393188476562
29.36465072631836
1.999999987845058e-08
8.564361572265625
-703.5472412109375
32.23537063598633
-1.999999987845058e-08
12.131704330444336
-703.5005493164062
36.079769134521484
1.999999987845058e-08
14.478923797607422
-702.7164916992188
43.66488265991211
-1.999999987845058e-08
17.727497100830078
-699.4713134765625
51.15674591064453
1.999999987845058e-08
22.089969635009766
-692.2398071289062
52.60479736328125
-1.999999987845058e-08
23.17963409423828
-679.14599609375
48.035255432128906
1.999999987845058e-08
16.02269172668457
-663.674560546875
40.63114547729492
-1.999999987845058e-08
1.3967390060424805
-652.6196899414062
31.31700897216797
1.999999987845058e-08
-13.06826114654541
-644.1043701171875
22.444664001464844
-1.999999987845058e-08
-18.979440689086914
-630.0733032226562
19.814247131347656
1.999999987845058e-08
-14.651119232177734
-612.00439453125
24.70734977722168
-1.999999987845058e-08
-6.017202377319336
-596.2161865234375
31.46376609802246
1.999999987845058e-08
-0.1629430204629898
-579.1128540039062
36.314186096191406
-1.999999987845058e-08
0.7296105623245239
-557.997802734375
39.63741683959961
1.999999987845058e-08
-1.739100456237793
-540.8538818359375
40.301368713378906
-1.999999987845058e-08
-5.381733417510986
-525.2930908203125
38.61618423461914
1.999999987845058e-08
-6.8041229248046875
-494.6903381347656
40.38862609863281
-1.999999987845058e-08
-4.709007740020752
-450.7710266113281
45.95400619506836
1.999999987845058e-08
-5.3817338943481445
-525.2930908203125
38.61618423461914
-1.999999987845058e-08
-6.8041229248046875
-494.6903381347656
40.38862609863281
1.999999987845058e-08
-4.70900821685791
-450.7710266113281
45.95400619506836
-1.999999987845058e-08
-3.0606472492218018
-415.05718994140625
46.50526428222656
1.999999987845058e-08
-2.9107747077941895
-390.048828125
42.4573974609375
-1.999999987845058e-08
0.6003690958023071
-357.6009826660156
45.4637336730957
1.999999987845058e-08
9.312849998474121
-313.357421875
57.50135040283203
-1.999999987845058e-08
19.794755935668945
-267.383056640625
69.5478515625
1.999999987845058e-08
26.582439422607422
-223.9693603515625
75.97445678710938
-1.999999987845058e-08
23.437240600585938
-186.3260955810547
74.75799560546875
1.999999987845058e-08
-5.826379299163818
-135.48617553710938
50.794979095458984
-1.999999987845058e-08
-12.497061729431152
-109.20508575439453
40.13526916503906
1.999999987845058e-08
-10.983506202697754
-86.68255615234375
34.043888092041016
-1.999999987845058e-08
-8.730018615722656
-70.24613952636719
30.05724334716797
1.999999987845058e-08
-10.636601448059082
-48.272342681884766
27.828556060791016
-1.999999987845058e-08
-14.888354301452637
-19.89952278137207
28.285282135009766
1.999999987845058e-08
-14.45954418182373
0.0329904705286026
33.352054595947266
-1.999999987845058e-08
-4.872910499572754
11.853171348571777
45.87583541870117
1.999999987845058e-08
9.984161376953125
32.7711067199707
63.66741943359375
-1.999999987845058e-08
21.451406478881836
62.95708084106445
76.66267395019531
1.999999987845058e-08
23.76110076904297
86.56227111816406
77.444091796875
-1.999999987845058e-08
19.950536727905273
102.02056121826172
71.52582550048828
1.999999987845058e-08
18.139774322509766
117.50553894042969
68.25912475585938
-1.999999987845058e-08
20.14305305480957
132.26797485351562
67.5455551147461
1.999999987845058e-08
21.052135467529297
147.2607421875
65.5624008178711
-1.999999987845058e-08
19.13381576538086
170.2449493408203
63.14665603637695
1.999999987845058e-08
