0
-14.605193138122559
-0.2188604176044464
-15.303783416748047
1.999999987845058e-08
-12.695517539978027
-3.2634806632995605
-18.214248657226562
-1.999999987845058e-08
-5.749931335449219
-8.225797653198242
-21.27105140686035
1.999999987845058e-08
2.1982994079589844
-9.057690620422363
-21.449243545532227
-1.999999987845058e-08
6.020994186401367
-4.219464302062988
-18.589340209960938
1.999999987845058e-08
0.7647565007209778
1.6344468593597412
-16.800277709960938
-1.999999987845058e-08
-11.788595199584961
2.104553699493408
-19.630395889282227
1.999999987845058e-08
-21.511144638061523
-2.972205877304077
-24.657804489135742
-1.999999987845058e-08
-19.28780174255371
-4.2853474617004395
-23.61005210876465
1.999999987845058e-08
0.5370733141899109
7.432631015777588
-3.5625522136688232
-1.999999987845058e-08
-2.175908088684082
-0.2765783369541168
-3.8527371883392334
1.999999987845058e-08
-9.598981857299805
-8.459623336791992
-6.8818230628967285
-1.999999987845058e-08
-10.528755187988281
-3.7101662158966064
-0.8583256602287292
1.999999987845058e-08
-4.781700134277344
4.762242794036865
10.149066925048828
-1.999999987845058e-08
-1.5284359455108643
2.787416934967041
15.776154518127441
1.999999987845058e-08
-4.263052463531494
-2.1383068561553955
18.917749404907227
-1.999999987845058e-08
-8.253069877624512
3.9086191654205322
26.536823272705078
1.999999987845058e-08
-10.062820434570312
15.605032920837402
33.78753662109375
-1.999999987845058e-08
-10.798158645629883
19.09276580810547
33.39656448364258
1.999999987845058e-08
-15.08592700958252
7.4380269050598145
23.155014038085938
-1.999999987845058e-08
-20.061723709106445
2.3735289573669434
17.81492805480957
1.999999987845058e-08
-25.28356170654297
-6.899880886077881
10.414909362792969
-1.999999987845058e-08
-29.12553596496582
-19.828689575195312
3.356682300567627
1.999999987845058e-08
-32.96120834350586
-27.539674758911133
-1.1309257745742798
-1.999999987845058e-08
-37.00209045410156
-26.28928565979004
-3.4207217693328857
1.999999987845058e-08
-39.69314193725586
-22.784889221191406
-4.008888244628906
-1.999999987845058e-08
-40.88551330566406
-21.089954376220703
-1.8634370565414429
1.999999987845058e-08
-38.22305679321289
-16.047542572021484
5.189627647399902
-1.999999987845058e-08
-26.992549896240234
-6.522660732269287
16.7564697265625
1.999999987845058e-08
-40.88551330566406
-21.089954376220703
-1.8634370565414429
-1.999999987845058e-08
-38.22305679321289
-16.047542572021484
5.189627647399902
1.999999987845058e-08
-26.992549896240234
-6.522661209106445
16.7564697265625
-1.999999987845058e-08
-8.752925872802734
-1.4803129434585571
27.686838150024414
1.999999987845058e-08
6.791126728057861
-2.849963426589966
34.36308288574219
-1.999999987845058e-08
10.521568298339844
-0.8617156147956848
37.17340850830078
1.999999987845058e-08
2.589198112487793
5.149766445159912
34.91465759277344
-1.999999987845058e-08
-6.856196403503418
7.072999000549316
28.10719108581543
1.999999987845058e-08
-6.557043552398682
7.788968086242676
23.868839263916016
-1.999999987845058e-08
4.272060871124268
12.687285423278809
25.70197868347168
1.999999987845058e-08
11.930073738098145
3.390801191329956
26.97937774658203
-1.999999987845058e-08
11.294890403747559
11.073135375976562
40.15019607543945
1.999999987845058e-08
13.34669303894043
18.180818557739258
52.80854034423828
-1.999999987845058e-08
14.049602508544922
16.709505081176758
55.10892105102539
1.999999987845058e-08
13.072464942932129
17.833616256713867
51.187862396240234
-1.999999987845058e-08
10.1072998046875
22.904279708862305
43.46434020996094
1.999999987845058e-08
3.6356403827667236
16.315841674804688
28.33712387084961
-1.999999987845058e-08
-4.216903209686279
2.391505479812622
13.407541275024414
1.999999987845058e-08
-10.147025108337402
2.5764405727386475
10.339517593383789
-1.999999987845058e-08
-13.423258781433105
12.96744155883789
12.608108520507812
1.999999987845058e-08
-13.423258781433105
12.96744155883789
12.608108520507812
-1.999999987845058e-08
-11.077140808105469
12.937889099121094
8.275113105773926
1.999999987845058e-08
0.26901403069496155
6.825124740600586
3.8896238803863525
-1.999999987845058e-08
13.901252746582031
13.045251846313477
10.123977661132812
1.999999987845058e-08
17.504323959350586
26.08814239501953
19.380565643310547
-1.999999987845058e-08
10.528079986572266
27.036073684692383
20.494897842407227
1.999999987845058e-08
3.475360631942749
18.220304489135742
18.807846069335938
-1.999999987845058e-08
1.459356665611267
16.267059326171875
23.188007354736328
1.999999987845058e-08
2.4563162326812744
22.848957061767578
29.9605712890625
-1.999999987845058e-08
5.8655195236206055
26.197866439819336
32.192134857177734
1.999999987845058e-08
5.8655195236206055
26.197866439819336
32.192134857177734
-1.999999987845058e-08
9.883996963500977
21.918258666992188
30.109724044799805
1.999999987845058e-08
8.927876472473145
15.914705276489258
25.937267303466797
-1.999999987845058e-08
3.1062231063842773
13.356888771057129
20.77130889892578
1.999999987845058e-08
-1.1425483226776123
12.802937507629395
16.81637191772461
-1.999999987845058e-08
-2.0744612216949463
8.701665878295898
14.411225318908691
1.999999987845058e-08
-3.5832467079162598
1.2017066478729248
11.565777778625488
-1.999999987845058e-08
-9.258944511413574
-0.7608916163444519
8.463300704956055
1.999999987845058e-08
-16.912527084350586
5.0469584465026855
7.378357887268066
-1.999999987845058e-08
-17.280040740966797
8.39243221282959
10.814301490783691
1.999999987845058e-08
-6.95328950881958
5.278746604919434
19.81159782409668
-1.999999987845058e-08
3.378288745880127
3.448159694671631
30.217077255249023
1.999999987845058e-08
2.753680467605591
6.137932777404785
34.799659729003906
-1.999999987845058e-08
-8.168048858642578
8.237129211425781
31.193185806274414
1.999999987845058e-08
-20.667526245117188
6.452162265777588
24.06171989440918
-1.999999987845058e-08
-26.00370216369629
2.5257439613342285
19.458974838256836
1.999999987845058e-08
-23.14471435546875
1.0523662567138672
19.47782325744629
-1.999999987845058e-08
-17.455495834350586
5.730299472808838
22.626602172851562
1.999999987845058e-08
-11.266820907592773
13.632255554199219
27.294034957885742
-1.999999987845058e-08
-4.149217128753662
17.565372467041016
32.54920959472656
1.999999987845058e-08
-3.9414126873016357
17.6547794342041
39.08464050292969
-1.999999987845058e-08
-11.2503023147583
16.703977584838867
35.548744201660156
1.999999987845058e-08
-16.927825927734375
10.57843017578125
29.358003616333008
-1.999999987845058e-08
-18.190380096435547
7.757354259490967
24.433576583862305
1.999999987845058e-08
-14.879816055297852
13.592536926269531
24.371004104614258
-1.999999987845058e-08
-9.55008316040039
19.21648406982422
26.305208206176758
1.999999987845058e-08
-7.435779571533203
16.29290008544922
24.316070556640625
-1.999999987845058e-08
-14.619086265563965
10.448022842407227
17.364439010620117
1.999999987845058e-08
-28.775821685791016
9.031881332397461
9.897589683532715
-1.999999987845058e-08
-36.654449462890625
8.996185302734375
7.056301593780518
1.999999987845058e-08
-36.654449462890625
8.996185302734375
7.056301593780518
-1.999999987845058e-08
-31.101701736450195
5.194828033447266
10.283588409423828
1.999999987845058e-08
-23.426206588745117
-0.6121013760566711
14.35505199432373
-1.999999987845058e-08
-27.34606170654297
-3.7529540061950684
10.892244338989258
1.999999987845058e-08
-37.69054412841797
-3.278715133666992
-0.4711581766605377
-1.999999987845058e-08
-38.6862907409668
-2.5871400833129883
-9.279891014099121
1.999999987845058e-08
-27.325302124023438
-3.6474061012268066
-6.92130708694458
-1.999999987845058e-08
-14.795170783996582
-3.1725268363952637
3.4501590728759766
1.999999987845058e-08
-9.67696762084961
0.7757360935211182
12.44345760345459
-1.999999987845058e-08
-10.813528060913086
2.445688247680664
14.694072723388672
1.999999987845058e-08
-10.813528060913086
2.445688247680664
14.694072723388672
-1.999999987845058e-08
-13.62730884552002
-2.63031005859375
11.87748908996582
1.999999987845058e-08
-15.727678298950195
-7.9164228439331055
9.049614906311035
-1.999999987845058e-08
-17.78670310974121
-6.189167499542236
8.506813049316406
1.999999987845058e-08
-20.4353084564209
-2.761833429336548
7.420394420623779
-1.999999987845058e-08
-20.485193252563477
-4.89209508895874
4.244805335998535
1.999999987845058e-08
-15.898589134216309
-6.979262828826904
2.728630781173706
-1.999999987845058e-08
-12.356054306030273
-2.745424747467041
3.5170202255249023
1.999999987845058e-08
-15.360212326049805
-0.33895161747932434
0.41502901911735535
-1.999999987845058e-08
-19.15854263305664
-7.323816776275635
-6.7967023849487305
1.999999987845058e-08
-16.94525909423828
-15.404637336730957
-9.240190505981445
-1.999999987845058e-08
-15.815903663635254
-16.686748504638672
-6.503896713256836
1.999999987845058e-08
-24.04308319091797
-16.981082916259766
-8.791383743286133
-1.999999987845058e-08
-34.07627487182617
-20.099529266357422
-16.626501083374023
1.999999987845058e-08
-33.204833984375
-19.664485931396484
-18.596881866455078
-1.999999987845058e-08
-20.361621856689453
-14.496075630187988
-11.155542373657227
1.999999987845058e-08
-5.352579116821289
-12.705349922180176
-3.3566665649414062
-1.999999987845058e-08
2.6718404293060303
-16.561607360839844
-0.7497193813323975
1.999999987845058e-08
4.0984930992126465
-18.420164108276367
1.4209829568862915
-1.999999987845058e-08
4.612157821655273
-13.722643852233887
6.115205764770508
1.999999987845058e-08
-3.6911914348602295
-15.90642261505127
-5.783153533935547
-1.999999987845058e-08
-4.0784783363342285
-21.80264663696289
-9.73879337310791
1.999999987845058e-08
2.826669216156006
-22.540252685546875
-7.927453994750977
-1.999999987845058e-08
12.296931266784668
-22.90411949157715
-4.6113386154174805
1.999999987845058e-08
16.433773040771484
-26.15557098388672
-4.6742730140686035
-1.999999987845058e-08
11.807063102722168
-25.55120277404785
-8.551848411560059
1.999999987845058e-08
1.237084984779358
-17.49919319152832
-14.727391242980957
-1.999999987845058e-08
-11.78689956665039
-13.18319034576416
-24.33350944519043
1.999999987845058e-08
-23.1527156829834
-20.041460037231445
-35.384830474853516
-1.999999987845058e-08
-23.31940269470215
-26.76630210876465
-38.15041732788086
1.999999987845058e-08
-23.1527156829834
-20.041460037231445
-35.384830474853516
-1.999999987845058e-08
-23.31940269470215
-26.76630210876465
-38.15041732788086
1.999999987845058e-08
-7.65511417388916
-23.174041748046875
-28.02081298828125
-1.999999987845058e-08
12.197802543640137
-15.687725067138672
-15.064292907714844
1.999999987845058e-08
21.154190063476562
-12.325047492980957
-10.775025367736816
-1.999999987845058e-08
16.41083526611328
-12.656195640563965
-15.825101852416992
1.999999987845058e-08
5.192156791687012
-15.636507987976074
-25.490766525268555
-1.999999987845058e-08
-2.485830545425415
-18.88695526123047
-34.27530288696289
1.999999987845058e-08
-0.2773193418979645
-15.87463665008545
-36.195919036865234
-1.999999987845058e-08
5.824923515319824
-8.264902114868164
-32.8143424987793
1.999999987845058e-08
-16.237234115600586
-3.0084433555603027
-37.282962799072266
-1.999999987845058e-08
-10.721914291381836
3.515427827835083
-34.628902435302734
1.999999987845058e-08
-0.785618007183075
-2.947690010070801
-37.21865463256836
-1.999999987845058e-08
4.595151901245117
-12.909939765930176
-39.96154022216797
1.999999987845058e-08
5.114073276519775
-7.301109790802002
-33.913936614990234
-1.999999987845058e-08
5.7434563636779785
5.194759845733643
-25.310317993164062
1.999999987845058e-08
9.265280723571777
3.43333101272583
-24.834699630737305
-1.999999987845058e-08
15.9086332321167
-5.702775478363037
-27.592174530029297
1.999999987845058e-08
23.68021011352539
0.4669724702835083
-23.7252197265625
-1.999999987845058e-08
26.257741928100586
17.725727081298828
-19.39678955078125
1.999999987845058e-08
26.257741928100586
17.725727081298828
-19.39678955078125
-1.999999987845058e-08
20.950864791870117
21.22385025024414
-25.152740478515625
1.999999987845058e-08
15.444475173950195
8.884902000427246
-33.7360954284668
-1.999999987845058e-08
16.4757022857666
2.9537923336029053
-32.43943786621094
1.999999987845058e-08
20.078960418701172
11.870094299316406
-25.42146873474121
-1.999999987845058e-08
19.661699295043945
22.011987686157227
-24.216569900512695
1.999999987845058e-08
14.91871452331543
23.01291275024414
-29.4771671295166
-1.999999987845058e-08
8.624435424804688
18.632322311401367
-34.680267333984375
1.999999987845058e-08
3.237217664718628
16.621145248413086
-35.164756774902344
-1.999999987845058e-08
4.5567169189453125
19.188779830932617
-28.335798263549805
1.999999987845058e-08
31.512392044067383
22.073640823364258
-3.4555397033691406
-1.999999987845058e-08
34.07362365722656
22.405445098876953
2.2443735599517822
1.999999987845058e-08
25.464399337768555
24.896432876586914
2.26981258392334
-1.999999987845058e-08
18.319774627685547
23.631540298461914
-0.8470696806907654
1.999999987845058e-08
18.52284049987793
17.124832153320312
-4.442779541015625
-1.999999987845058e-08
22.956335067749023
13.9927978515625
-4.549901962280273
1.999999987845058e-08
27.986499786376953
16.49280548095703
-1.2142208814620972
-1.999999987845058e-08
30.319543838500977
16.89691925048828
0.15113131701946259
1.999999987845058e-08
27.355453491210938
15.389856338500977
-2.0248513221740723
-1.999999987845058e-08
22.050373077392578
18.313873291015625
-4.412073612213135
1.999999987845058e-08
22.050373077392578
18.313873291015625
-4.412073612213135
-1.999999987845058e-08
22.192523956298828
22.354934692382812
-6.064345836639404
1.999999987845058e-08
32.16375732421875
22.172170639038086
-6.513187885284424
-1.999999987845058e-08
45.62165832519531
22.379539489746094
-3.541940212249756
1.999999987845058e-08
50.517425537109375
25.99907112121582
-0.24089212715625763
-1.999999987845058e-08
42.84518051147461
26.2410945892334
-3.702263593673706
1.999999987845058e-08
29.435165405273438
20.441438674926758
-12.959691047668457
-1.999999987845058e-08
19.5648193359375
16.423595428466797
-18.788158416748047
1.999999987845058e-08
17.768932342529297
18.100332260131836
-17.166044235229492
-1.999999987845058e-08
20.74424934387207
20.081937789916992
-13.095471382141113
1.999999987845058e-08
20.74424934387207
20.081937789916992
-13.095471382141113
-1.999999987845058e-08
20.949859619140625
19.183897018432617
-10.707501411437988
1.999999987845058e-08
15.852717399597168
17.68400001525879
-8.878819465637207
-1.999999987845058e-08
12.670512199401855
17.03318977355957
-5.246419906616211
1.999999987845058e-08
18.1976318359375
17.337512969970703
0.7773069739341736
-1.999999987845058e-08
25.348936080932617
17.9370059967041
5.554965496063232
1.999999987845058e-08
22.736631393432617
15.98432731628418
3.5057334899902344
-1.999999987845058e-08
13.128242492675781
11.44790267944336
-3.653643846511841
1.999999987845058e-08
8.015904426574707
10.351235389709473
-6.476933479309082
-1.999999987845058e-08
12.515182495117188
15.873591423034668
-0.33307361602783203
1.999999987845058e-08
34.99123001098633
31.535402297973633
19.324045181274414
-1.999999987845058e-08
25.3949031829834
37.18906021118164
17.581012725830078
1.999999987845058e-08
19.15758514404297
40.08528137207031
14.611475944519043
-1.999999987845058e-08
21.516817092895508
33.09855651855469
12.850976943969727
1.999999987845058e-08
27.01824378967285
19.620290756225586
12.112985610961914
-1.999999987845058e-08
24.10515594482422
16.428192138671875
10.599979400634766
1.999999987845058e-08
9.549819946289062
26.13083267211914
4.759908676147461
-1.999999987845058e-08
-6.692989826202393
28.390100479125977
-7.768561363220215
1.999999987845058e-08
-13.139101028442383
17.103288650512695
-19.627140045166016
-1.999999987845058e-08
-6.427914619445801
12.642043113708496
-18.039810180664062
1.999999987845058e-08
7.09110164642334
21.530017852783203
-4.248607635498047
-1.999999987845058e-08
15.787178993225098
24.337621688842773
5.716310977935791
1.999999987845058e-08
14.8257474899292
15.111786842346191
5.876284122467041
-1.999999987845058e-08
9.87552547454834
11.458939552307129
6.2853288650512695
1.999999987845058e-08
7.338169574737549
19.345836639404297
11.416743278503418
-1.999999987845058e-08
7.343907356262207
25.199399948120117
13.91933536529541
1.999999987845058e-08
7.013597011566162
23.888864517211914
10.658008575439453
-1.999999987845058e-08
9.36085319519043
24.226598739624023
8.590310096740723
1.999999987845058e-08
20.082162857055664
29.317110061645508
12.971047401428223
-1.999999987845058e-08
32.874019622802734
33.87472152709961
19.91776466369629
1.999999987845058e-08
9.36085319519043
24.226598739624023
8.590310096740723
-1.999999987845058e-08
20.082162857055664
29.317110061645508
12.971047401428223
1.999999987845058e-08
32.874019622802734
33.87472152709961
19.91776466369629
-1.999999987845058e-08
34.256202697753906
34.988975524902344
23.087400436401367
1.999999987845058e-08
23.242843627929688
32.204280853271484
20.97260093688965
-1.999999987845058e-08
10.87165355682373
26.37406349182129
16.56482696533203
1.999999987845058e-08
4.556578636169434
24.45989227294922
14.918340682983398
-1.999999987845058e-08
3.196845293045044
31.437179565429688
17.916881561279297
1.999999987845058e-08
2.311596632003784
37.28764343261719
19.294815063476562
-1.999999987845058e-08
-1.371856451034546
31.557859420776367
13.636460304260254
1.999999987845058e-08
-31.347511291503906
-3.719409227371216
-14.092391967773438
-1.999999987845058e-08
-40.365604400634766
-13.08524227142334
-22.882713317871094
1.999999987845058e-08
-42.1065788269043
-12.703489303588867
-25.147947311401367
-1.999999987845058e-08
-36.841915130615234
-11.68011474609375
-24.364015579223633
1.999999987845058e-08
-28.288665771484375
-15.07044792175293
-23.078283309936523
-1.999999987845058e-08
-20.737281799316406
-14.037580490112305
-18.42361068725586
1.999999987845058e-08
-16.097177505493164
-8.356983184814453
-12.701532363891602
-1.999999987845058e-08
-9.863204956054688
-7.975893497467041
-9.98679256439209
1.999999987845058e-08
1.4037853479385376
-9.752811431884766
-5.530718803405762
-1.999999987845058e-08
7.486994743347168
-4.394330024719238
2.7228057384490967
1.999999987845058e-08
-2.7279460430145264
0.5410782694816589
4.653338432312012
-1.999999987845058e-08
-20.402433395385742
-6.247579097747803
-4.043911457061768
1.999999987845058e-08
-27.804277420043945
-16.50548553466797
-10.861693382263184
-1.999999987845058e-08
-20.41415786743164
-15.900567054748535
-5.175858020782471
1.999999987845058e-08
-6.3907999992370605
-7.14672327041626
6.510763168334961
-1.999999987845058e-08
5.282391548156738
-1.016953468322754
13.191906929016113
1.999999987845058e-08
10.45976734161377
0.6656128764152527
14.650805473327637
-1.999999987845058e-08
8.871286392211914
-0.791622519493103
15.191919326782227
1.999999987845058e-08
2.2702817916870117
-5.236967086791992
14.77184009552002
-1.999999987845058e-08
-5.451789379119873
-7.627781867980957
13.285189628601074
1.999999987845058e-08
-5.451789379119873
-7.627782344818115
13.285189628601074
-1.999999987845058e-08
-9.901552200317383
-7.6190571784973145
11.957350730895996
1.999999987845058e-08
-10.755105972290039
-14.859865188598633
9.572113990783691
-1.999999987845058e-08
-12.318585395812988
-28.257308959960938
6.13397741317749
1.999999987845058e-08
-16.620492935180664
-31.093856811523438
5.843127250671387
-1.999999987845058e-08
-20.314197540283203
-18.50868797302246
9.231986045837402
1.999999987845058e-08
-20.277889251708984
-6.674933433532715
10.15312671661377
-1.999999987845058e-08
-16.421619415283203
-7.067396640777588
6.979648113250732
1.999999987845058e-08
-11.621037483215332
-12.92812728881836
5.573870658874512
-1.999999987845058e-08
-12.098299026489258
-15.563347816467285
7.0509419441223145
1.999999987845058e-08
-19.96750831604004
-14.222220420837402
6.787901878356934
-1.999999987845058e-08
-26.905439376831055
-11.324686050415039
4.90026330947876
1.999999987845058e-08
-26.204814910888672
-11.427738189697266
4.5565290451049805
-1.999999987845058e-08
-24.160598754882812
-15.230781555175781
5.637675762176514
1.999999987845058e-08
-27.835411071777344
-16.00185775756836
6.734302520751953
-1.999999987845058e-08
-34.14436340332031
-16.278596878051758
4.893732070922852
1.999999987845058e-08
-39.53554916381836
-28.404891967773438
-3.782256603240967
-1.999999987845058e-08
-45.76565933227539
-45.19871139526367
-15.230386734008789
1.999999987845058e-08
-52.51282501220703
-43.82138442993164
-19.970352172851562
-1.999999987845058e-08
-54.426536560058594
-27.41773223876953
-18.2136287689209
1.999999987845058e-08
-46.88108825683594
-22.42296028137207
-17.003820419311523
-1.999999987845058e-08
-32.055747985839844
-32.12549591064453
-14.760427474975586
1.999999987845058e-08
-18.23948097229004
-35.16872787475586
-6.4160895347595215
-1.999999987845058e-08
-12.357339859008789
-27.141155242919922
1.9118568897247314
1.999999987845058e-08
-14.3032808303833
-23.836462020874023
0.7638270258903503
-1.999999987845058e-08
-18.426332473754883
-28.963960647583008
-6.281993865966797
1.999999987845058e-08
-19.107545852661133
-33.35819625854492
-9.419512748718262
-1.999999987845058e-08
-16.458637237548828
-35.75100326538086
-8.052409172058105
1.999999987845058e-08
-16.72901725769043
-37.560752868652344
-6.6930317878723145
-1.999999987845058e-08
-23.86343765258789
-35.69090270996094
-6.477874755859375
1.999999987845058e-08
-33.4958610534668
-35.23795700073242
-8.94356632232666
-1.999999987845058e-08
-38.645259857177734
-42.78420639038086
-13.903834342956543
1.999999987845058e-08
-36.90245056152344
-48.403663635253906
-13.433091163635254
-1.999999987845058e-08
-30.936670303344727
-43.75138473510742
-3.3851425647735596
1.999999987845058e-08
-25.822996139526367
-41.83405685424805
6.910246849060059
-1.999999987845058e-08
-26.193470001220703
-50.97428512573242
9.582345962524414
1.999999987845058e-08
-33.06044006347656
-55.47990417480469
9.008831977844238
-1.999999987845058e-08
-41.3890380859375
-46.69918441772461
8.413044929504395
1.999999987845058e-08
-43.35286331176758
-41.22346496582031
3.758358955383301
-1.999999987845058e-08
-37.46953201293945
-48.755760192871094
-3.4110705852508545
1.999999987845058e-08
-37.46953201293945
-48.755760192871094
-3.4110705852508545
-1.999999987845058e-08
-31.268028259277344
-55.610939025878906
-6.052417755126953
1.999999987845058e-08
-31.34042739868164
-52.156219482421875
-5.513879299163818
-1.999999987845058e-08
-35.03260040283203
-46.07550811767578
-8.334014892578125
1.999999987845058e-08
-35.25989532470703
-44.75499725341797
-12.75873851776123
-1.999999987845058e-08
-29.081209182739258
-46.89643478393555
-11.472332000732422
1.999999987845058e-08
-18.361454010009766
-49.14140319824219
-1.9436923265457153
-1.999999987845058e-08
-7.71750020980835
-48.224239349365234
12.331307411193848
1.999999987845058e-08
-3.8605215549468994
-43.89726257324219
23.41883659362793
-1.999999987845058e-08
-10.235119819641113
-44.59955978393555
21.9227352142334
1.999999987845058e-08
-33.00867462158203
-69.49217987060547
-6.637178897857666
-1.999999987845058e-08
-37.10616683959961
-67.17988586425781
-9.146127700805664
1.999999987845058e-08
-35.048091888427734
-56.26856994628906
-5.534725666046143
-1.999999987845058e-08
-27.88969612121582
-53.02412414550781
-5.765165328979492
1.999999987845058e-08
-19.091304779052734
-56.60138702392578
-8.850115776062012
-1.999999987845058e-08
-15.407023429870605
-55.71430206298828
-10.65341567993164
1.999999987845058e-08
-18.56773567199707
-51.02460479736328
-13.700528144836426
-1.999999987845058e-08
-22.65656280517578
-50.85140609741211
-19.88546371459961
1.999999987845058e-08
-22.00141716003418
-54.10063552856445
-24.573713302612305
-1.999999987845058e-08
-16.496789932250977
-53.224178314208984
-24.276762008666992
1.999999987845058e-08
-16.496789932250977
-53.224178314208984
-24.276762008666992
-1.999999987845058e-08
-10.006617546081543
-48.254695892333984
-22.173667907714844
1.999999987845058e-08
-6.946441650390625
-46.93570327758789
-23.043045043945312
-1.999999987845058e-08
-8.933505058288574
-52.26578903198242
-27.197635650634766
1.999999987845058e-08
-12.410423278808594
-56.93697738647461
-30.35626792907715
-1.999999987845058e-08
-12.891036033630371
-54.47312545776367
-29.85943031311035
1.999999987845058e-08
-10.47539234161377
-51.01131057739258
-29.444564819335938
-1.999999987845058e-08
-6.615962028503418
-55.49280548095703
-32.50273513793945
1.999999987845058e-08
-0.8943583369255066
-62.91445541381836
-34.335609436035156
-1.999999987845058e-08
4.981142044067383
-63.36259460449219
-30.400907516479492
1.999999987845058e-08
6.788338661193848
-60.42108154296875
-26.61275291442871
-1.999999987845058e-08
3.469264268875122
-62.20753479003906
-30.512083053588867
1.999999987845058e-08
-1.4257725477218628
-65.40481567382812
-38.639225006103516
-1.999999987845058e-08
-4.197110652923584
-64.50942993164062
-43.05466079711914
1.999999987845058e-08
-4.060057640075684
-61.33181381225586
-42.507930755615234
-1.999999987845058e-08
-1.1832104921340942
-57.179969787597656
-39.43752670288086
1.999999987845058e-08
4.576745510101318
-52.93968200683594
-35.354759216308594
-1.999999987845058e-08
11.841737747192383
-54.592193603515625
-32.34881591796875
1.999999987845058e-08
17.034549713134766
-61.62862777709961
-30.328752517700195
-1.999999987845058e-08
15.854175567626953
-61.36310577392578
-26.414710998535156
1.999999987845058e-08
7.72435188293457
-50.92400360107422
-23.265403747558594
-1.999999987845058e-08
-2.031114339828491
-45.90245819091797
-27.601247787475586
1.999999987845058e-08
-6.931857585906982
-51.8066520690918
-35.478458404541016
-1.999999987845058e-08
-3.815551996231079
-53.8264274597168
-34.494136810302734
1.999999987845058e-08
4.900693416595459
-47.838531494140625
-25.1965274810791
-1.999999987845058e-08
11.388391494750977
-48.501670837402344
-21.49808692932129
1.999999987845058e-08
10.711545944213867
-58.048118591308594
-26.829944610595703
-1.999999987845058e-08
6.011922359466553
-61.37215805053711
-31.151531219482422
1.999999987845058e-08
0.2405644953250885
-55.610740661621094
-32.58121109008789
-1.999999987845058e-08
-5.698358058929443
-53.08642578125
-38.554405212402344
1.999999987845058e-08
0.6426354646682739
-56.3350944519043
-50.33734893798828
-1.999999987845058e-08
-7.646608352661133
-57.7564582824707
-55.73557662963867
1.999999987845058e-08
-17.669723510742188
-60.223045349121094
-63.286991119384766
-1.999999987845058e-08
-18.649423599243164
-59.69625473022461
-65.59952545166016
1.999999987845058e-08
-6.967563629150391
-54.997318267822266
-60.33272933959961
-1.999999987845058e-08
12.696205139160156
-45.95661926269531
-50.173362731933594
1.999999987845058e-08
30.027965545654297
-35.53984451293945
-40.45645523071289
-1.999999987845058e-08
37.2368278503418
-30.058921813964844
-36.0390739440918
1.999999987845058e-08
35.290122985839844
-30.055496215820312
-36.32887268066406
-1.999999987845058e-08
29.60687255859375
-29.160037994384766
-36.94799041748047
1.999999987845058e-08
29.60687255859375
-29.160037994384766
-36.94799041748047
-1.999999987845058e-08
24.17296600341797
-26.46310806274414
-37.788387298583984
1.999999987845058e-08
21.335037231445312
-27.35630226135254
-42.419898986816406
-1.999999987845058e-08
20.343719482421875
-30.270828247070312
-49.71554946899414
1.999999987845058e-08
17.226285934448242
-27.07978630065918
-54.10446548461914
-1.999999987845058e-08
11.107441902160645
-16.428314208984375
-53.22335433959961
1.999999987845058e-08
7.0055413246154785
-5.002241611480713
-48.62310028076172
-1.999999987845058e-08
10.634452819824219
1.398810863494873
-40.97903823852539
1.999999987845058e-08
20.613317489624023
0.9358612298965454
-31.95101547241211
-1.999999987845058e-08
27.328601837158203
-3.661423921585083
-26.44721794128418
1.999999987845058e-08
24.567609786987305
-5.1473283767700195
-25.777589797973633
-1.999999987845058e-08
18.240894317626953
-1.0865223407745361
-26.299583435058594
1.999999987845058e-08
17.48736572265625
0.05763828009366989
-27.0587100982666
-1.999999987845058e-08
22.658477783203125
-6.76318883895874
-28.06081771850586
1.999999987845058e-08
27.88253402709961
-12.09609603881836
-25.564006805419922
-1.999999987845058e-08
28.852933883666992
-8.141373634338379
-19.821578979492188
1.999999987845058e-08
23.08934783935547
-1.2899335622787476
-18.27018165588379
-1.999999987845058e-08
12.301168441772461
1.1513760089874268
-23.184736251831055
1.999999987845058e-08
5.127615451812744
-0.6519703269004822
-27.827653884887695
-1.999999987845058e-08
8.033501625061035
-4.035942554473877
-26.997554779052734
1.999999987845058e-08
17.820232391357422
-4.773911952972412
-20.902307510375977
-1.999999987845058e-08
26.207351684570312
-1.6094114780426025
-12.578498840332031
1.999999987845058e-08
28.040241241455078
-1.0567660331726074
-6.797779083251953
-1.999999987845058e-08
25.242767333984375
-5.351319313049316
-5.09798002243042
1.999999987845058e-08
21.696537017822266
-5.962680816650391
-3.916656732559204
-1.999999987845058e-08
18.03648567199707
-0.7468016743659973
-2.3805768489837646
1.999999987845058e-08
13.73077392578125
0.21697407960891724
-4.941183567047119
-1.999999987845058e-08
7.96683931350708
-4.7843804359436035
-12.320829391479492
1.999999987845058e-08
0.9690001606941223
-5.294841289520264
-17.55384063720703
-1.999999987845058e-08
-2.8747613430023193
-1.1515998840332031
-15.605448722839355
1.999999987845058e-08
9.135825157165527
-4.243897914886475
-2.979769706726074
-1.999999987845058e-08
15.881024360656738
0.9873721599578857
2.452404499053955
1.999999987845058e-08
16.036001205444336
7.602904796600342
4.021493434906006
-1.999999987845058e-08
8.459700584411621
7.156726360321045
0.31150373816490173
1.999999987845058e-08
-4.105568885803223
5.599322319030762
-4.002870082855225
-1.999999987845058e-08
-14.060087203979492
7.220369338989258
-4.447923183441162
1.999999987845058e-08
-14.570992469787598
5.7520294189453125
-1.6537559032440186
-1.999999987845058e-08
-7.223020076751709
2.3833658695220947
3.9262735843658447
1.999999987845058e-08
0.7655243873596191
5.066033363342285
12.74449348449707
-1.999999987845058e-08
2.5607872009277344
9.554330825805664
20.588382720947266
1.999999987845058e-08
2.5607872009277344
9.554330825805664
20.588382720947266
-1.999999987845058e-08
-4.506124973297119
7.605895519256592
22.069604873657227
1.999999987845058e-08
-14.937383651733398
4.259049415588379
18.21915054321289
-1.999999987845058e-08
-22.010589599609375
5.529623508453369
12.061070442199707
1.999999987845058e-08
-26.174972534179688
6.240109443664551
3.7345468997955322
-1.999999987845058e-08
-26.45462989807129
3.7421343326568604
-2.453838348388672
1.999999987845058e-08
-18.429494857788086
3.7552754878997803
0.8007998466491699
-1.999999987845058e-08
-6.6014084815979
7.930904865264893
10.906749725341797
1.999999987845058e-08
-1.3488434553146362
12.709129333496094
17.45367431640625
-1.999999987845058e-08
-5.579986572265625
16.046022415161133
15.198026657104492
1.999999987845058e-08
-5.579986572265625
16.046022415161133
15.198026657104492
-1.999999987845058e-08
-13.37531566619873
15.632113456726074
6.570094108581543
1.999999987845058e-08
-18.117631912231445
10.82478141784668
-1.6293158531188965
-1.999999987845058e-08
-19.151945114135742
8.492523193359375
-1.7872047424316406
1.999999987845058e-08
-17.54059410095215
14.36484432220459
7.543300151824951
-1.999999987845058e-08
-10.854255676269531
22.155719757080078
19.155006408691406
1.999999987845058e-08
-0.4236603379249573
23.595563888549805
24.850629806518555
-1.999999987845058e-08
5.350025177001953
21.605573654174805
23.157913208007812
1.999999987845058e-08
1.8917999267578125
22.64686393737793
18.03285026550293
-1.999999987845058e-08
-5.598238468170166
25.431692123413086
12.90256404876709
1.999999987845058e-08
-10.489227294921875
26.138690948486328
8.44556999206543
-1.999999987845058e-08
-11.99221134185791
24.699623107910156
3.8196537494659424
1.999999987845058e-08
-13.262667655944824
20.522397994995117
-3.1374926567077637
-1.999999987845058e-08
-16.928565979003906
14.436561584472656
-12.485801696777344
1.999999987845058e-08
-21.03034210205078
14.165493965148926
-17.20949935913086
-1.999999987845058e-08
-20.206857681274414
22.045074462890625
-10.941758155822754
1.999999987845058e-08
-13.735489845275879
26.46445655822754
0.8370325565338135
-1.999999987845058e-08
-7.083921432495117
21.647506713867188
9.15733528137207
1.999999987845058e-08
-3.5414693355560303
20.232967376708984
15.580513954162598
-1.999999987845058e-08
-0.5098692774772644
30.39502716064453
24.40201759338379
1.999999987845058e-08
4.157886028289795
39.68098449707031
30.263492584228516
-1.999999987845058e-08
7.804204940795898
38.33041763305664
28.87894058227539
1.999999987845058e-08
9.001577377319336
36.79737854003906
27.908626556396484
-1.999999987845058e-08
11.830083847045898
43.07576370239258
32.803592681884766
1.999999987845058e-08
18.627653121948242
47.39398193359375
36.921966552734375
-1.999999987845058e-08
24.86767578125
43.69642639160156
36.064579010009766
1.999999987845058e-08
24.899860382080078
41.47052764892578
35.86435317993164
-1.999999987845058e-08
19.121891021728516
45.41027069091797
38.4880485534668
1.999999987845058e-08
14.85303783416748
47.44328689575195
40.18385314941406
-1.999999987845058e-08
17.823593139648438
45.3904914855957
43.07649230957031
1.999999987845058e-08
23.526437759399414
45.53752136230469
51.25285720825195
-1.999999987845058e-08
24.640954971313477
47.632564544677734
60.1036491394043
1.999999987845058e-08
22.459732055664062
47.50223159790039
64.05931091308594
-1.999999987845058e-08
21.893903732299805
46.02362823486328
65.69139862060547
1.999999987845058e-08
22.19516944885254
44.738792419433594
68.47557067871094
-1.999999987845058e-08
21.266639709472656
44.27923583984375
71.84721374511719
1.999999987845058e-08
22.4459171295166
45.52030563354492
75.00082397460938
-1.999999987845058e-08
26.828603744506836
44.25233459472656
74.96105194091797
1.999999987845058e-08
26.372217178344727
37.336368560791016
67.58872985839844
-1.999999987845058e-08
15.959314346313477
32.710670471191406
55.92074966430664
1.999999987845058e-08
3.7615716457366943
34.954715728759766
45.90919876098633
-1.999999987845058e-08
2.145341396331787
35.12029266357422
38.48262023925781
1.999999987845058e-08
14.716778755187988
31.340133666992188
36.6492805480957
-1.999999987845058e-08
32.501304626464844
35.19750213623047
45.85163116455078
1.999999987845058e-08
39.73651885986328
45.854248046875
58.27350997924805
-1.999999987845058e-08
29.432226181030273
47.867942810058594
58.192115783691406
1.999999987845058e-08
13.968528747558594
40.91300582885742
48.86061477661133
-1.999999987845058e-08
10.186617851257324
39.31673812866211
48.69900131225586
1.999999987845058e-08
16.12045669555664
43.5129508972168
60.43312072753906
-1.999999987845058e-08
17.534700393676758
42.79340362548828
70.5744857788086
1.999999987845058e-08
12.920439720153809
37.32356643676758
74.56646728515625
-1.999999987845058e-08
11.296359062194824
34.294578552246094
78.37932586669922
1.999999987845058e-08
12.876748085021973
34.005191802978516
82.63878631591797
-1.999999987845058e-08
12.220353126525879
32.89356231689453
83.38369750976562
1.999999987845058e-08
8.195869445800781
29.501956939697266
79.15775299072266
-1.999999987845058e-08
1.830295443534851
23.169082641601562
69.49698638916016
1.999999987845058e-08
-5.234441757202148
18.068456649780273
57.820404052734375
-1.999999987845058e-08
-11.907057762145996
22.884763717651367
52.25295639038086
1.999999987845058e-08
-16.168594360351562
33.52712631225586
53.63319778442383
-1.999999987845058e-08
-12.958161354064941
33.33052062988281
53.616722106933594
1.999999987845058e-08
-2.281871795654297
43.728729248046875
57.176727294921875
-1.999999987845058e-08
-12.173912048339844
35.202362060546875
46.1828498840332
1.999999987845058e-08
-10.84229850769043
29.901399612426758
43.54316329956055
-1.999999987845058e-08
-0.9803420901298523
35.60325622558594
53.06013488769531
1.999999987845058e-08
6.23136568069458
46.15420150756836
63.36464309692383
-1.999999987845058e-08
5.70186185836792
53.52224349975586
64.96231842041016
1.999999987845058e-08
0.17642125487327576
53.428462982177734
58.319332122802734
-1.999999987845058e-08
-6.327714920043945
50.51780319213867
51.165313720703125
1.999999987845058e-08
-10.756699562072754
53.704715728759766
51.72027587890625
-1.999999987845058e-08
-10.79080867767334
58.58357620239258
60.15644454956055
1.999999987845058e-08
3.348237991333008
39.3835563659668
79.53081512451172
-1.999999987845058e-08
6.2274250984191895
36.655948638916016
88.3950424194336
1.999999987845058e-08
-2.6844077110290527
40.57263946533203
92.09194946289062
-1.999999987845058e-08
-17.043264389038086
33.68058776855469
86.99813842773438
1.999999987845058e-08
-23.470319747924805
19.884071350097656
81.37699890136719
-1.999999987845058e-08
-16.54054069519043
18.72231674194336
86.480224609375
1.999999987845058e-08
-4.5666913986206055
29.02372932434082
97.4853515625
-1.999999987845058e-08
1.6958369016647339
33.5516471862793
98.759033203125
1.999999987845058e-08
2.158205509185791
30.431306838989258
86.85001373291016
-1.999999987845058e-08
4.407876491546631
28.922372817993164
72.56300354003906
1.999999987845058e-08
-4.5666913986206055
29.02372932434082
97.4853515625
-1.999999987845058e-08
1.6958369016647339
33.5516471862793
98.759033203125
1.999999987845058e-08
2.158205509185791
30.431306838989258
86.85001373291016
-1.999999987845058e-08
4.407876491546631
28.922372817993164
72.56300354003906
1.999999987845058e-08
11.661706924438477
28.434558868408203
64.33379364013672
-1.999999987845058e-08
19.875181198120117
25.464126586914062
62.713523864746094
1.999999987845058e-08
24.461811065673828
24.839683532714844
65.34454345703125
-1.999999987845058e-08
23.087039947509766
28.57342529296875
66.85121154785156
1.999999987845058e-08
15.314488410949707
29.547121047973633
60.498409271240234
-1.999999987845058e-08
5.0043182373046875
24.34981918334961
47.34837341308594
1.999999987845058e-08
8.117000579833984
14.74133586883545
30.206974029541016
-1.999999987845058e-08
24.610279083251953
19.847747802734375
35.98458480834961
1.999999987845058e-08
34.58570098876953
22.585769653320312
41.81602478027344
-1.999999987845058e-08
30.350610733032227
18.84048080444336
43.375450134277344
1.999999987845058e-08
17.53234100341797
13.983963012695312
41.35258102416992
-1.999999987845058e-08
5.252816677093506
11.217942237854004
36.58234405517578
1.999999987845058e-08
0.5201377272605896
6.273577690124512
30.43440818786621
-1.999999987845058e-08
7.6070990562438965
1.6371382474899292
30.567045211791992
1.999999987845058e-08
20.191638946533203
4.596025466918945
41.269630432128906
-1.999999987845058e-08
24.09966468811035
8.873068809509277
51.8851318359375
1.999999987845058e-08
16.422142028808594
2.918914794921875
51.82918930053711
-1.999999987845058e-08
9.018500328063965
-6.626755237579346
48.84058380126953
1.999999987845058e-08
12.34582233428955
-4.768706798553467
55.111473083496094
-1.999999987845058e-08
26.00367546081543
4.028258323669434
65.91546630859375
1.999999987845058e-08
40.94698715209961
3.1550796031951904
68.9312744140625
-1.999999987845058e-08
46.062164306640625
-7.644779682159424
63.4355583190918
1.999999987845058e-08
