0
27.0465145111084
-9.037384033203125
15.840331077575684
1.999999987845058e-08
18.08526039123535
-1.3010419607162476
12.767908096313477
-1.999999987845058e-08
8.05821418762207
0.09989966452121735
4.838736534118652
1.999999987845058e-08
6.5122575759887695
-3.7079272270202637
0.21752144396305084
-1.999999987845058e-08
9.695467948913574
-3.307687997817993
1.8740090131759644
1.999999987845058e-08
8.571805000305176
-0.788135290145874
2.5264110565185547
-1.999999987845058e-08
1.8025844097137451
-3.535325050354004
-3.7474074363708496
1.999999987845058e-08
-5.382247447967529
-8.529523849487305
-12.981730461120605
-1.999999987845058e-08
-8.608652114868164
-8.590079307556152
-17.850927352905273
1.999999987845058e-08
-6.5550031661987305
-4.661553382873535
-16.281692504882812
-1.999999987845058e-08
-0.6007633805274963
-1.0805732011795044
-10.404925346374512
1.999999987845058e-08
4.87253475189209
1.6891324520111084
-3.4157986640930176
-1.999999987845058e-08
7.0790557861328125
3.7225148677825928
1.2497128248214722
1.999999987845058e-08
8.885334014892578
6.3154449462890625
3.3802623748779297
-1.999999987845058e-08
13.547528266906738
14.027857780456543
6.572938919067383
1.999999987845058e-08
22.492277145385742
25.495393753051758
12.799468040466309
-1.999999987845058e-08
37.84074783325195
33.425296783447266
21.129140853881836
1.999999987845058e-08
55.20283889770508
38.49718475341797
29.605581283569336
-1.999999987845058e-08
61.00363540649414
45.76845169067383
32.75657272338867
1.999999987845058e-08
48.8264274597168
51.41853332519531
23.795602798461914
-1.999999987845058e-08
30.444082260131836
51.203956604003906
6.223296642303467
1.999999987845058e-08
22.93378257751465
51.9295539855957
-4.592957496643066
-1.999999987845058e-08
29.77821922302246
58.27442932128906
-0.30079230666160583
1.999999987845058e-08
39.632850646972656
62.50004196166992
8.828009605407715
-1.999999987845058e-08
41.81378173828125
60.101959228515625
10.46982192993164
1.999999987845058e-08
37.553855895996094
58.46113204956055
7.2217888832092285
-1.999999987845058e-08
32.66926956176758
62.083221435546875
6.417313098907471
1.999999987845058e-08
27.94603157043457
68.02787017822266
6.665936470031738
-1.999999987845058e-08
25.002134323120117
75.90848541259766
5.1708984375
1.999999987845058e-08
27.94603157043457
68.02787017822266
6.665936470031738
-1.999999987845058e-08
25.002134323120117
75.90848541259766
5.1708984375
1.999999987845058e-08
29.136621475219727
84.73766326904297
4.225716590881348
-1.999999987845058e-08
39.14004898071289
89.19728088378906
5.714318752288818
1.999999987845058e-08
45.41468811035156
91.73609924316406
9.779693603515625
-1.999999987845058e-08
42.51890563964844
101.12861633300781
16.03976821899414
1.999999987845058e-08
36.18250274658203
113.01365661621094
21.253070831298828
-1.999999987845058e-08
33.64729690551758
113.9009017944336
21.255346298217773
1.999999987845058e-08
34.589447021484375
105.96248626708984
17.310911178588867
-1.999999987845058e-08
34.96680450439453
103.43714141845703
14.275384902954102
1.999999987845058e-08
34.96680450439453
103.43714141845703
14.275384902954102
-1.999999987845058e-08
31.07900619506836
107.71233367919922
11.31895923614502
1.999999987845058e-08
21.27422523498535
111.02052307128906
4.6234002113342285
-1.999999987845058e-08
10.184898376464844
113.88673400878906
-2.0104172229766846
1.999999987845058e-08
4.164604663848877
118.42389678955078
-3.1862776279449463
-1.999999987845058e-08
1.677756428718567
121.29193115234375
-3.3377552032470703
1.999999987845058e-08
-1.8552056550979614
123.01898956298828
-8.568976402282715
-1.999999987845058e-08
-3.949398994445801
127.19961547851562
-15.417719841003418
1.999999987845058e-08
2.2693979740142822
134.0843963623047
-16.146305084228516
-1.999999987845058e-08
18.92070198059082
145.5518035888672
-8.0570650100708
1.999999987845058e-08
22.165199279785156
171.9917755126953
-10.26090145111084
-1.999999987845058e-08
10.671968460083008
173.44888305664062
-15.048507690429688
1.999999987845058e-08
10.363926887512207
178.66909790039062
-12.006136894226074
-1.999999987845058e-08
16.6168155670166
176.76307678222656
-6.680641174316406
1.999999987845058e-08
19.680438995361328
170.68605041503906
-3.506446599960327
-1.999999987845058e-08
12.71510124206543
167.89210510253906
-5.000149726867676
1.999999987845058e-08
0.6536321640014648
167.9152069091797
-10.17429256439209
-1.999999987845058e-08
-2.6902573108673096
172.60366821289062
-11.590261459350586
1.999999987845058e-08
10.381118774414062
186.73963928222656
-2.4144186973571777
-1.999999987845058e-08
32.34760284423828
203.02191162109375
12.684436798095703
1.999999987845058e-08
32.34760284423828
203.02191162109375
12.684436798095703
-1.999999987845058e-08
46.89236068725586
210.09860229492188
21.33786964416504
1.999999987845058e-08
43.37043380737305
212.44329833984375
17.93511390686035
-1.999999987845058e-08
25.888032913208008
218.63694763183594
6.944235801696777
1.999999987845058e-08
9.589081764221191
222.23977661132812
-4.022752285003662
-1.999999987845058e-08
5.456326007843018
217.34495544433594
-8.077046394348145
1.999999987845058e-08
8.405189514160156
213.74203491210938
-4.137789249420166
-1.999999987845058e-08
6.150597095489502
217.20443725585938
-0.7283958792686462
1.999999987845058e-08
-3.301954507827759
218.00241088867188
-5.182733535766602
-1.999999987845058e-08
-9.790865898132324
211.9287109375
-10.64802074432373
1.999999987845058e-08
-5.45641565322876
207.21136474609375
-6.275262355804443
-1.999999987845058e-08
3.372753620147705
206.03643798828125
3.4942805767059326
1.999999987845058e-08
4.02934455871582
201.36058044433594
5.100289344787598
-1.999999987845058e-08
-6.4751877784729
189.83958435058594
-4.235546112060547
1.999999987845058e-08
-18.304601669311523
175.9591522216797
-14.615222930908203
-1.999999987845058e-08
-19.14417839050293
168.866455078125
-15.42444133758545
1.999999987845058e-08
-9.178104400634766
173.55133056640625
-6.269637107849121
-1.999999987845058e-08
-1.7457096576690674
179.8953094482422
1.5135564804077148
1.999999987845058e-08
-5.120880126953125
172.0047149658203
-2.3810880184173584
-1.999999987845058e-08
-13.321301460266113
151.2053985595703
-14.129182815551758
1.999999987845058e-08
-13.32130241394043
151.2053985595703
-14.129182815551758
-1.999999987845058e-08
-17.115142822265625
132.89671325683594
-20.755216598510742
1.999999987845058e-08
-14.926691055297852
120.56303405761719
-16.79159927368164
-1.999999987845058e-08
-10.651609420776367
102.91310119628906
-8.655735969543457
1.999999987845058e-08
-7.96328067779541
75.8984146118164
-3.7040116786956787
-1.999999987845058e-08
-8.886312484741211
47.174156188964844
-3.7351670265197754
1.999999987845058e-08
-11.25053882598877
21.13422203063965
-6.370481014251709
-1.999999987845058e-08
-9.346453666687012
-2.3857314586639404
-6.28455114364624
1.999999987845058e-08
-2.8193588256835938
-22.548385620117188
-0.634823739528656
-1.999999987845058e-08
-0.36503729224205017
-44.066349029541016
3.4159607887268066
1.999999987845058e-08
-9.502195358276367
-73.9077377319336
-4.284495830535889
-1.999999987845058e-08
-24.998958587646484
-105.60322570800781
-19.918729782104492
1.999999987845058e-08
-33.65283966064453
-128.3931427001953
-28.9045467376709
-1.999999987845058e-08
-29.287927627563477
-147.9835662841797
-26.155170440673828
1.999999987845058e-08
-16.052318572998047
-173.8495330810547
-17.41775894165039
-1.999999987845058e-08
-2.2868545055389404
-199.13462829589844
-6.5777482986450195
1.999999987845058e-08
2.76670503616333
-216.77207946777344
1.9743616580963135
-1.999999987845058e-08
-4.723060607910156
-235.84683227539062
0.18872080743312836
1.999999987845058e-08
-16.53899574279785
-263.4883117675781
-10.766846656799316
-1.999999987845058e-08
-21.376914978027344
-291.8046875
-18.560089111328125
1.999999987845058e-08
-16.439931869506836
-338.0001525878906
-17.496076583862305
-1.999999987845058e-08
-17.16000747680664
-365.2058410644531
-21.28695297241211
1.999999987845058e-08
-18.804973602294922
-392.220458984375
-26.455322265625
-1.999999987845058e-08
-17.865482330322266
-415.78472900390625
-30.348461151123047
1.999999987845058e-08
-13.113614082336426
-434.05718994140625
-33.491207122802734
-1.999999987845058e-08
-5.003365516662598
-443.5841979980469
-35.2170524597168
1.999999987845058e-08
6.818784713745117
-448.1459655761719
-35.22440719604492
-1.999999987845058e-08
22.124359130859375
-458.83514404296875
-35.47267532348633
1.999999987845058e-08
36.096256256103516
-477.5531921386719
-35.99666976928711
-1.999999987845058e-08
39.62203598022461
-497.4394226074219
-36.969364166259766
1.999999987845058e-08
39.62203598022461
-497.4394226074219
-36.969364166259766
-1.999999987845058e-08
28.318328857421875
-519.9871215820312
-43.81783676147461
1.999999987845058e-08
10.177721977233887
-549.4050903320312
-57.61504364013672
-1.999999987845058e-08
-1.9566937685012817
-575.9116821289062
-66.50374603271484
1.999999987845058e-08
-3.3344008922576904
-587.2163696289062
-60.8204460144043
-1.999999987845058e-08
0.09134858846664429
-587.5017700195312
-48.58353042602539
1.999999987845058e-08
-1.6193143129348755
-590.3825073242188
-44.37879180908203
-1.999999987845058e-08
-11.133121490478516
-603.5042114257812
-50.59012222290039
1.999999987845058e-08
-19.054431915283203
-622.88671875
-57.50998306274414
-1.999999987845058e-08
-16.668201446533203
-635.1858520507812
-57.055755615234375
1.999999987845058e-08
-8.078461647033691
-632.2050170898438
-50.39325714111328
-1.999999987845058e-08
-1.76602303981781
-624.6691284179688
-43.34550094604492
1.999999987845058e-08
0.57710200548172
-627.8417358398438
-39.39183044433594
-1.999999987845058e-08
-0.6060499548912048
-638.2901000976562
-39.28165054321289
1.999999987845058e-08
-7.80533504486084
-643.2220458984375
-43.44765853881836
-1.999999987845058e-08
-20.867992401123047
-642.9948120117188
-51.301734924316406
1.999999987845058e-08
-33.89307403564453
-644.8858642578125
-59.51768112182617
-1.999999987845058e-08
-40.43082809448242
-647.220947265625
-63.38045120239258
1.999999987845058e-08
-40.09975814819336
-645.5084228515625
-61.37063217163086
-1.999999987845058e-08
-38.74485778808594
-641.2467041015625
-56.687923431396484
1.999999987845058e-08
-38.74485778808594
-641.2467041015625
-56.687923431396484
-1.999999987845058e-08
-40.54985809326172
-637.66845703125
-52.54637908935547
1.999999987845058e-08
-43.86190414428711
-637.805419921875
-49.753292083740234
-1.999999987845058e-08
-46.405235290527344
-643.1004638671875
-49.00702667236328
1.999999987845058e-08
-48.260398864746094
-647.12158203125
-49.98212814331055
-1.999999987845058e-08
-48.63111114501953
-642.0611572265625
-49.79342269897461
1.999999987845058e-08
-47.10879898071289
-633.4061279296875
-48.14833068847656
-1.999999987845058e-08
-47.83291244506836
-631.874267578125
-49.48876190185547
1.999999987845058e-08
-54.16499328613281
-632.5626831054688
-53.90719223022461
-1.999999987845058e-08
-61.66127014160156
-622.3501586914062
-53.43665313720703
1.999999987845058e-08
-54.82658386230469
-587.9749755859375
-27.17086410522461
-1.999999987845058e-08
-44.69041061401367
-580.0603637695312
-14.92281723022461
1.999999987845058e-08
-41.95947265625
-574.3019409179688
-11.425227165222168
-1.999999987845058e-08
-50.41194534301758
-567.3086547851562
-15.701512336730957
1.999999987845058e-08
-66.58527374267578
-557.21044921875
-23.237022399902344
-1.999999987845058e-08
-83.5177001953125
-544.6316528320312
-30.763263702392578
1.999999987845058e-08
-93.9557876586914
-533.6073608398438
-36.924964904785156
-1.999999987845058e-08
-96.11178588867188
-521.0432739257812
-39.51299285888672
1.999999987845058e-08
-92.88877868652344
-498.6145935058594
-35.69020080566406
-1.999999987845058e-08
-85.6201400756836
-472.508056640625
-27.13547134399414
1.999999987845058e-08
-74.26212310791016
-429.01556396484375
-19.6290225982666
-1.999999987845058e-08
-85.69161987304688
-400.0453186035156
-22.540969848632812
1.999999987845058e-08
-99.63982391357422
-377.5989074707031
-30.815866470336914
-1.999999987845058e-08
-108.75369262695312
-360.11309814453125
-39.06571960449219
1.999999987845058e-08
-108.05540466308594
-333.7956848144531
-37.325069427490234
-1.999999987845058e-08
-99.27820587158203
-299.9541320800781
-26.293785095214844
1.999999987845058e-08
-91.89655303955078
-270.17523193359375
-17.791439056396484
-1.999999987845058e-08
-93.89103698730469
-247.21133422851562
-19.222869873046875
1.999999987845058e-08
-102.3905258178711
-229.4941864013672
-26.6804256439209
-1.999999987845058e-08
-108.62822723388672
-214.9800567626953
-32.003684997558594
1.999999987845058e-08
-99.44254302978516
-160.04458618164062
-21.290109634399414
-1.999999987845058e-08
-92.52149200439453
-129.10862731933594
-18.207077026367188
1.999999987845058e-08
-87.27531433105469
-106.95682525634766
-20.36372184753418
-1.999999987845058e-08
-78.26031494140625
-79.05096435546875
-15.624005317687988
1.999999987845058e-08
-67.3164291381836
-42.55096435546875
-2.895383834838867
-1.999999987845058e-08
-64.0679931640625
-17.665258407592773
3.9736037254333496
1.999999987845058e-08
-71.09795379638672
-10.72486686706543
-0.08164878934621811
-1.999999987845058e-08
-78.80918884277344
-0.5065634846687317
-4.668224811553955
1.999999987845058e-08
-76.56780242919922
26.079275131225586
-2.363157272338867
-1.999999987845058e-08
-66.10163879394531
54.388427734375
1.4281368255615234
1.999999987845058e-08
-76.56780242919922
26.079275131225586
-2.363157272338867
-1.999999987845058e-08
-66.10163879394531
54.388427734375
1.4281368255615234
1.999999987845058e-08
-60.61376953125
70.10836029052734
-0.924551248550415
-1.999999987845058e-08
-67.32971954345703
82.68084716796875
-7.760368347167969
1.999999987845058e-08
-76.6259765625
106.10975646972656
-11.432735443115234
-1.999999987845058e-08
-74.14105224609375
136.95831298828125
-7.084558963775635
1.999999987845058e-08
-57.42241287231445
164.6461944580078
5.067901134490967
-1.999999987845058e-08
-36.67526626586914
186.5906219482422
19.72600746154785
1.999999987845058e-08
-23.729066848754883
206.30809020996094
28.870437622070312
-1.999999987845058e-08
-25.022130966186523
224.70989990234375
27.443391799926758
1.999999987845058e-08
-25.022130966186523
224.70989990234375
27.443391799926758
-1.999999987845058e-08
-41.6485481262207
236.51226806640625
15.01143741607666
1.999999987845058e-08
-66.7694091796875
238.9259490966797
-4.573278903961182
-1.999999987845058e-08
-84.82147979736328
239.99490356445312
-21.787105560302734
1.999999987845058e-08
-83.90669250488281
247.97821044921875
-26.592302322387695
-1.999999987845058e-08
-68.94807434082031
259.364013671875
-19.46221160888672
1.999999987845058e-08
-54.051849365234375
269.197265625
-9.769248962402344
-1.999999987845058e-08
-45.61299514770508
282.5805358886719
-3.138824462890625
1.999999987845058e-08
-41.09391784667969
301.9857177734375
-0.3492451310157776
-1.999999987845058e-08
-37.47184753417969
318.06146240234375
-2.0709168910980225
1.999999987845058e-08
-35.06303024291992
325.8419494628906
-5.77173376083374
-1.999999987845058e-08
-35.50695037841797
332.2551574707031
-6.499053955078125
1.999999987845058e-08
-36.38870620727539
341.5130615234375
-3.7929394245147705
-1.999999987845058e-08
-30.46611785888672
352.7540283203125
0.3177054524421692
1.999999987845058e-08
-13.410470962524414
368.5072021484375
7.920490741729736
-1.999999987845058e-08
8.683798789978027
385.6959228515625
19.68717384338379
1.999999987845058e-08
23.288101196289062
393.3985595703125
27.918622970581055
-1.999999987845058e-08
24.930068969726562
395.691650390625
26.731060028076172
1.999999987845058e-08
19.05909538269043
407.44622802734375
20.75629425048828
-1.999999987845058e-08
11.607654571533203
424.9073486328125
16.256750106811523
1.999999987845058e-08
4.010507583618164
436.70159912109375
13.283393859863281
-1.999999987845058e-08
-0.6970339417457581
447.3005065917969
10.211875915527344
1.999999987845058e-08
3.5147030353546143
462.09027099609375
11.110929489135742
-1.999999987845058e-08
16.236162185668945
474.7073059082031
22.277481079101562
1.999999987845058e-08
26.853843688964844
483.1158752441406
40.3256950378418
-1.999999987845058e-08
27.073040008544922
495.24774169921875
53.15132522583008
1.999999987845058e-08
20.464481353759766
510.6714782714844
54.54386901855469
-1.999999987845058e-08
15.723886489868164
518.0307006835938
50.58736801147461
1.999999987845058e-08
16.934762954711914
517.8209228515625
50.7254638671875
-1.999999987845058e-08
21.09849739074707
524.101318359375
55.43355178833008
1.999999987845058e-08
23.16126251220703
540.31396484375
57.363155364990234
-1.999999987845058e-08
22.164514541625977
556.3450317382812
53.75642013549805
1.999999987845058e-08
20.30207633972168
567.0289306640625
48.79396438598633
-1.999999987845058e-08
19.655513763427734
574.9407348632812
45.186317443847656
1.999999987845058e-08
21.6857852935791
583.2049560546875
42.46196365356445
-1.999999987845058e-08
25.754919052124023
597.2393798828125
40.82500076293945
1.999999987845058e-08
28.672863006591797
619.9759521484375
39.63857650756836
-1.999999987845058e-08
27.97496795654297
641.725830078125
34.80086135864258
1.999999987845058e-08
25.431055068969727
652.033203125
24.961769104003906
-1.999999987845058e-08
26.621660232543945
655.6093139648438
17.303743362426758
1.999999987845058e-08
34.55733108520508
659.4390258789062
18.244630813598633
-1.999999987845058e-08
44.59172821044922
660.0646362304688
23.577001571655273
1.999999987845058e-08
49.23011779785156
658.8165283203125
25.999675750732422
-1.999999987845058e-08
47.01984405517578
666.0814208984375
23.938480377197266
1.999999987845058e-08
43.266029357910156
678.6442260742188
18.234716415405273
-1.999999987845058e-08
41.65825653076172
680.1184692382812
10.265854835510254
1.999999987845058e-08
39.93317413330078
669.2977905273438
4.266549110412598
-1.999999987845058e-08
35.00374984741211
659.8189086914062
1.7826706171035767
1.999999987845058e-08
27.098936080932617
655.0829467773438
-3.219759702682495
-1.999999987845058e-08
18.504638671875
651.3245849609375
-14.25393295288086
1.999999987845058e-08
27.098936080932617
655.0829467773438
-3.219759702682495
-1.999999987845058e-08
18.504638671875
651.3245849609375
-14.25393295288086
1.999999987845058e-08
11.775337219238281
653.8832397460938
-24.607955932617188
-1.999999987845058e-08
8.110804557800293
666.0147705078125
-29.293977737426758
1.999999987845058e-08
6.018373012542725
676.6326904296875
-33.78309631347656
-1.999999987845058e-08
3.989131212234497
676.6590576171875
-40.94796371459961
1.999999987845058e-08
4.0634942054748535
672.1130981445312
-43.0169677734375
-1.999999987845058e-08
10.125794410705566
671.9869995117188
-34.921234130859375
1.999999987845058e-08
23.04134750366211
677.5199584960938
-20.929405212402344
-1.999999987845058e-08
36.998695373535156
685.9992065429688
-6.586727142333984
1.999999987845058e-08
32.92257308959961
693.9173583984375
-21.679183959960938
-1.999999987845058e-08
28.787256240844727
685.31884765625
-43.43741226196289
1.999999987845058e-08
28.659215927124023
670.8160400390625
-56.30986785888672
-1.999999987845058e-08
30.914491653442383
654.0408325195312
-55.71568298339844
1.999999987845058e-08
33.9473876953125
638.1964111328125
-47.45566940307617
-1.999999987845058e-08
36.555206298828125
617.5833129882812
-44.0568733215332
1.999999987845058e-08
37.0909309387207
586.4181518554688
-50.82351303100586
-1.999999987845058e-08
34.5328483581543
552.6193237304688
-58.64643478393555
1.999999987845058e-08
28.043529510498047
526.3472290039062
-61.20256423950195
-1.999999987845058e-08
17.88865852355957
504.1778869628906
-66.00765228271484
1.999999987845058e-08
9.146845817565918
481.26104736328125
-75.3966064453125
-1.999999987845058e-08
8.306864738464355
463.63458251953125
-76.51559448242188
1.999999987845058e-08
17.070690155029297
455.3433532714844
-63.035037994384766
-1.999999987845058e-08
32.2547492980957
449.53131103515625
-47.45269775390625
1.999999987845058e-08
46.42806625366211
437.57159423828125
-40.81151580810547
-1.999999987845058e-08
50.62497329711914
414.5432434082031
-38.42604446411133
1.999999987845058e-08
42.27013397216797
379.6939392089844
-37.106815338134766
-1.999999987845058e-08
28.075891494750977
340.5469665527344
-45.71455383300781
1.999999987845058e-08
18.510265350341797
308.2358703613281
-62.45234298706055
-1.999999987845058e-08
19.296409606933594
282.4675598144531
-66.3969497680664
1.999999987845058e-08
26.130640029907227
253.76113891601562
-50.52159881591797
-1.999999987845058e-08
31.971616744995117
223.9275665283203
-35.264244079589844
1.999999987845058e-08
37.79359817504883
204.30418395996094
-34.66277313232422
-1.999999987845058e-08
47.95956039428711
191.7294464111328
-38.57818603515625
1.999999987845058e-08
58.63951873779297
170.98899841308594
-37.24353790283203
-1.999999987845058e-08
60.11585998535156
139.81900024414062
-36.55670928955078
1.999999987845058e-08
50.89239501953125
108.56375122070312
-42.72941970825195
-1.999999987845058e-08
40.20392990112305
82.34719848632812
-52.01253128051758
1.999999987845058e-08
34.813331604003906
61.46814727783203
-58.408226013183594
-1.999999987845058e-08
34.369537353515625
47.22412872314453
-58.4489860534668
1.999999987845058e-08
39.83515548706055
22.39054298400879
-48.52940368652344
-1.999999987845058e-08
37.29098129272461
4.750678062438965
-51.76900863647461
1.999999987845058e-08
28.68965721130371
-14.692767143249512
-57.774166107177734
-1.999999987845058e-08
18.97762107849121
-35.643009185791016
-61.07142639160156
1.999999987845058e-08
14.448490142822266
-52.14467239379883
-62.618167877197266
-1.999999987845058e-08
16.175657272338867
-58.66518020629883
-62.87318801879883
1.999999987845058e-08
19.881013870239258
-64.75360870361328
-58.45846939086914
-1.999999987845058e-08
23.267444610595703
-81.31916809082031
-47.574642181396484
1.999999987845058e-08
27.270015716552734
-99.5334701538086
-34.2404670715332
-1.999999987845058e-08
32.63154602050781
-106.48197937011719
-24.593820571899414
1.999999987845058e-08
32.63154602050781
-106.48197937011719
-24.593820571899414
-1.999999987845058e-08
38.95882797241211
-107.98733520507812
-19.913631439208984
1.999999987845058e-08
42.086761474609375
-115.30130004882812
-18.31041717529297
-1.999999987845058e-08
38.00828552246094
-125.57553100585938
-19.29132843017578
1.999999987845058e-08
31.19327735900879
-132.53871154785156
-21.297048568725586
-1.999999987845058e-08
29.34169578552246
-139.2464141845703
-20.307464599609375
1.999999987845058e-08
34.434444427490234
-148.3011474609375
-13.550538063049316
-1.999999987845058e-08
42.454017639160156
-158.26902770996094
-3.149604558944702
1.999999987845058e-08
47.02869415283203
-174.6869354248047
4.957537651062012
-1.999999987845058e-08
45.5915412902832
-204.05313110351562
7.905491352081299
1.999999987845058e-08
45.5915412902832
-204.05313110351562
7.905491352081299
-1.999999987845058e-08
40.648529052734375
-240.72007751464844
7.585824489593506
1.999999987845058e-08
34.37152862548828
-277.5648498535156
4.88649320602417
-1.999999987845058e-08
28.416156768798828
-316.416748046875
1.466652750968933
1.999999987845058e-08
26.296859741210938
-352.842529296875
3.8355910778045654
-1.999999987845058e-08
28.87506103515625
-369.56640625
13.219364166259766
1.999999987845058e-08
31.938886642456055
-358.28338623046875
19.280874252319336
-1.999999987845058e-08
33.298973083496094
-329.4103698730469
16.847091674804688
1.999999987845058e-08
36.18976974487305
-295.43182373046875
16.254669189453125
-1.999999987845058e-08
41.454689025878906
-262.78619384765625
23.700191497802734
1.999999987845058e-08
30.448062896728516
-179.40194702148438
14.879701614379883
-1.999999987845058e-08
29.150060653686523
-146.1905517578125
22.402490615844727
1.999999987845058e-08
35.002716064453125
-117.7874984741211
36.86254119873047
-1.999999987845058e-08
43.431114196777344
-91.69463348388672
46.21596908569336
1.999999987845058e-08
49.755435943603516
-63.95276641845703
49.26666259765625
-1.999999987845058e-08
51.52268600463867
-40.770713806152344
52.0158576965332
1.999999987845058e-08
48.52149200439453
-25.396263122558594
56.95262908935547
-1.999999987845058e-08
42.70634841918945
-10.674118041992188
59.337806701660156
1.999999987845058e-08
37.30320739746094
6.105056285858154
53.65211486816406
-1.999999987845058e-08
35.744659423828125
20.693988800048828
44.973087310791016
1.999999987845058e-08
40.35919952392578
34.26094055175781
46.719337463378906
-1.999999987845058e-08
49.597068786621094
49.50061798095703
60.55085754394531
1.999999987845058e-08
57.94735336303711
62.768218994140625
70.06746673583984
-1.999999987845058e-08
59.95231246948242
73.29370880126953
63.937686920166016
1.999999987845058e-08
53.70384216308594
85.70438385009766
51.89904022216797
-1.999999987845058e-08
41.56236267089844
98.02297973632812
46.50386428833008
1.999999987845058e-08
28.7283992767334
105.20271301269531
43.28056335449219
-1.999999987845058e-08
21.921873092651367
114.0953140258789
35.36067581176758
1.999999987845058e-08
26.564571380615234
133.7400360107422
33.896484375
-1.999999987845058e-08
41.186546325683594
155.1505584716797
52.028778076171875
1.999999987845058e-08
41.186546325683594
155.1505584716797
52.028778076171875
-1.999999987845058e-08
56.522579193115234
164.62855529785156
78.50065612792969
1.999999987845058e-08
62.727237701416016
168.2386016845703
89.22404479980469
-1.999999987845058e-08
56.82989501953125
178.46026611328125
79.6761245727539
1.999999987845058e-08
43.735679626464844
190.11549377441406
67.66101837158203
-1.999999987845058e-08
31.733501434326172
193.11135864257812
66.48285675048828
1.999999987845058e-08
26.12066650390625
192.24212646484375
70.09798431396484
-1.999999987845058e-08
26.586856842041016
196.24301147460938
68.74382781982422
1.999999987845058e-08
31.785846710205078
204.05079650878906
68.48837280273438
-1.999999987845058e-08
41.552391052246094
212.3220672607422
80.57991027832031
1.999999987845058e-08
57.099979400634766
228.900634765625
98.58511352539062
-1.999999987845058e-08
53.905208587646484
231.9174346923828
88.80944061279297
1.999999987845058e-08
43.23898696899414
230.2911376953125
84.47437286376953
-1.999999987845058e-08
29.019855499267578
225.74563598632812
86.62686157226562
1.999999987845058e-08
20.705965042114258
221.36270141601562
85.02239227294922
-1.999999987845058e-08
27.582239151000977
223.06814575195312
85.21170806884766
1.999999987845058e-08
45.82227325439453
232.22491455078125
98.9018325805664
-1.999999987845058e-08
57.18021774291992
242.33555603027344
114.60240173339844
1.999999987845058e-08
47.3392219543457
248.44070434570312
109.72014617919922
-1.999999987845058e-08
20.4571533203125
249.86846923828125
85.14524841308594
1.999999987845058e-08
-18.079416275024414
247.33511352539062
55.502288818359375
-1.999999987845058e-08
-11.56175422668457
258.8690185546875
58.54737854003906
1.999999987845058e-08
1.749815821647644
276.0446472167969
63.26842498779297
-1.999999987845058e-08
11.711821556091309
284.0700378417969
69.82511901855469
1.999999987845058e-08
17.17700958251953
283.7298583984375
80.20952606201172
-1.999999987845058e-08
19.41729736328125
288.1845397949219
88.90702819824219
1.999999987845058e-08
18.356090545654297
296.3157958984375
89.15442657470703
-1.999999987845058e-08
14.967361450195312
296.1070556640625
83.6825180053711
1.999999987845058e-08
11.80440902709961
291.54791259765625
81.6786117553711
-1.999999987845058e-08
9.45616626739502
295.6202087402344
84.60588836669922
1.999999987845058e-08
9.45616626739502
295.6202087402344
84.60588836669922
-1.999999987845058e-08
5.722908020019531
304.2106018066406
84.5263900756836
1.999999987845058e-08
2.218031883239746
306.6971435546875
80.71160125732422
-1.999999987845058e-08
5.512496471405029
307.870361328125
82.64701843261719
1.999999987845058e-08
17.632959365844727
314.5732421875
91.62655639648438
-1.999999987845058e-08
31.65459442138672
320.3246154785156
97.38557434082031
1.999999987845058e-08
37.71016311645508
319.86492919921875
95.3272933959961
-1.999999987845058e-08
32.118038177490234
317.1080322265625
90.93425750732422
1.999999987845058e-08
20.590490341186523
310.91796875
86.43665313720703
-1.999999987845058e-08
11.172358512878418
296.57275390625
78.05113220214844
1.999999987845058e-08
11.172358512878418
296.57275390625
78.05113220214844
-1.999999987845058e-08
7.065335750579834
280.2911071777344
67.44918060302734
1.999999987845058e-08
6.543328762054443
268.64306640625
61.29705810546875
-1.999999987845058e-08
7.063321113586426
253.524658203125
60.48210906982422
1.999999987845058e-08
7.830660820007324
228.33154296875
61.0272102355957
-1.999999987845058e-08
6.146839141845703
202.5796356201172
59.19474792480469
1.999999987845058e-08
-1.3079519271850586
185.9590301513672
51.88527297973633
-1.999999987845058e-08
-8.968066215515137
175.82701110839844
42.004051208496094
1.999999987845058e-08
-6.196872711181641
166.65383911132812
39.27005386352539
-1.999999987845058e-08
8.317485809326172
156.68943786621094
47.19755554199219
1.999999987845058e-08
24.10991096496582
144.60824584960938
56.768775939941406
-1.999999987845058e-08
27.787803649902344
128.20159912109375
57.916629791259766
1.999999987845058e-08
15.805475234985352
104.59245300292969
51.12614440917969
-1.999999987845058e-08
-0.9874853491783142
72.0833969116211
43.24263381958008
1.999999987845058e-08
-11.25430679321289
35.87309646606445
37.75981903076172
-1.999999987845058e-08
-14.515089988708496
6.623724460601807
36.031959533691406
1.999999987845058e-08
-14.572030067443848
-12.176254272460938
39.8017463684082
-1.999999987845058e-08
-11.517027854919434
-26.91156005859375
46.85497283935547
1.999999987845058e-08
-4.471695423126221
-40.51911163330078
52.04670333862305
-1.999999987845058e-08
2.6091957092285156
-51.574642181396484
53.04519271850586
1.999999987845058e-08
3.5457935333251953
-67.67508697509766
49.427249908447266
-1.999999987845058e-08
-1.4684009552001953
-96.9627914428711
41.091434478759766
1.999999987845058e-08
-5.86474084854126
-129.14369201660156
31.517118453979492
-1.999999987845058e-08
-6.454944133758545
-149.855712890625
25.491512298583984
1.999999987845058e-08
-6.499623775482178
-162.52334594726562
23.44701385498047
-1.999999987845058e-08
-7.787680149078369
-174.07142639160156
23.39427375793457
1.999999987845058e-08
-7.315990924835205
-181.6653289794922
22.807525634765625
-1.999999987845058e-08
-3.9388697147369385
-189.8728790283203
18.00725746154785
1.999999987845058e-08
-0.49650654196739197
-209.6921844482422
10.841859817504883
-1.999999987845058e-08
1.3758622407913208
-234.2830352783203
9.928218841552734
1.999999987845058e-08
-15.8942232131958
-287.1190490722656
-2.1936142444610596
-1.999999987845058e-08
-25.18684959411621
-308.7416687011719
-12.20940113067627
1.999999987845058e-08
-27.721651077270508
-321.3641052246094
-10.443975448608398
-1.999999987845058e-08
-24.096860885620117
-334.18450927734375
-6.122849464416504
1.999999987845058e-08
-16.86727523803711
-352.2786560058594
-3.983008623123169
-1.999999987845058e-08
-9.18262004852295
-369.0174255371094
0.32729867100715637
1.999999987845058e-08
-5.433369159698486
-383.1677551269531
3.1535439491271973
-1.999999987845058e-08
-7.260628700256348
-397.5885925292969
-3.8491811752319336
1.999999987845058e-08
-11.035177230834961
-408.9726867675781
-15.097236633300781
-1.999999987845058e-08
-14.402864456176758
-417.71710205078125
-17.710735321044922
1.999999987845058e-08
-20.40815544128418
-430.8642883300781
-12.391020774841309
-1.999999987845058e-08
-29.058286666870117
-446.0347900390625
-9.498173713684082
1.999999987845058e-08
-33.441932678222656
-454.03179931640625
-11.408895492553711
-1.999999987845058e-08
-29.868486404418945
-456.77227783203125
-11.700004577636719
1.999999987845058e-08
-23.450700759887695
-462.0653076171875
-6.52515983581543
-1.999999987845058e-08
-20.341602325439453
-469.2434387207031
0.2552558183670044
1.999999987845058e-08
-20.73584747314453
-475.95556640625
2.7124040126800537
-1.999999987845058e-08
-21.44765853881836
-485.4967041015625
1.1353111267089844
1.999999987845058e-08
-20.5919132232666
-497.51641845703125
1.497618317604065
-1.999999987845058e-08
-19.239429473876953
-507.7493591308594
4.911711692810059
1.999999987845058e-08
-19.239429473876953
-507.7493591308594
4.911711692810059
-1.999999987845058e-08
-21.081640243530273
-517.9518432617188
3.7688019275665283
1.999999987845058e-08
-27.412755966186523
-528.2052001953125
-4.5700507164001465
-1.999999987845058e-08
-33.19696807861328
-529.1770629882812
-10.124375343322754
1.999999987845058e-08
-33.01189041137695
-519.744384765625
-7.07494592666626
-1.999999987845058e-08
-25.835500717163086
-512.6592407226562
-2.159390687942505
1.999999987845058e-08
-13.555033683776855
-509.8397216796875
2.789266586303711
-1.999999987845058e-08
-4.860032081604004
-501.3027648925781
12.339279174804688
1.999999987845058e-08
-12.512763023376465
-492.2633972167969
18.477561950683594
-1.999999987845058e-08
-33.97087097167969
-495.66552734375
9.497034072875977
1.999999987845058e-08
-49.12955856323242
-502.9601135253906
-5.638472080230713
-1.999999987845058e-08
-45.49324035644531
-496.8882141113281
-8.176841735839844
1.999999987845058e-08
-30.309213638305664
-480.6199035644531
2.7279434204101562
-1.999999987845058e-08
-17.229642868041992
-467.7388000488281
12.318341255187988
1.999999987845058e-08
-13.036128044128418
-460.6524963378906
12.689108848571777
-1.999999987845058e-08
-16.7718448638916
-456.9107666015625
8.13652229309082
1.999999987845058e-08
-23.668222427368164
-457.84002685546875
4.308187961578369
-1.999999987845058e-08
-28.537601470947266
-460.36907958984375
3.0288498401641846
1.999999987845058e-08
-29.70746421813965
-458.4740295410156
3.1491408348083496
-1.999999987845058e-08
-29.105709075927734
-453.49713134765625
2.8972339630126953
1.999999987845058e-08
-23.63994789123535
-438.400146484375
10.264557838439941
-1.999999987845058e-08
-18.970319747924805
-427.9162902832031
17.329675674438477
1.999999987845058e-08
-17.339580535888672
-424.0950927734375
18.431087493896484
-1.999999987845058e-08
-18.750883102416992
-424.1189880371094
16.181697845458984
1.999999987845058e-08
-19.497509002685547
-417.09674072265625
18.752540588378906
-1.999999987845058e-08
-18.538984298706055
-403.3692321777344
23.713403701782227
1.999999987845058e-08
-16.97655487060547
-394.4272155761719
22.20026397705078
-1.999999987845058e-08
-14.89041519165039
-395.49005126953125
16.09128761291504
1.999999987845058e-08
-14.58942699432373
-400.2184143066406
13.607970237731934
-1.999999987845058e-08
-20.51556968688965
-400.201171875
12.943395614624023
1.999999987845058e-08
-14.58942699432373
-400.2184143066406
13.607970237731934
-1.999999987845058e-08
-20.51556968688965
-400.201171875
12.943395614624023
1.999999987845058e-08
-30.407014846801758
-393.49578857421875
7.5395588874816895
-1.999999987845058e-08
-34.59980010986328
-384.4985656738281
0.9790331721305847
1.999999987845058e-08
-28.387300491333008
-375.6974792480469
2.324953317642212
-1.999999987845058e-08
-17.191619873046875
-363.20947265625
13.099048614501953
1.999999987845058e-08
-10.165572166442871
-346.2828063964844
25.27777862548828
-1.999999987845058e-08
-12.796453475952148
-334.6650085449219
28.521461486816406
1.999999987845058e-08
-21.157609939575195
-335.2023620605469
21.35750961303711
-1.999999987845058e-08
-26.1147403717041
-339.3795166015625
13.509398460388184
1.999999987845058e-08
-26.1147403717041
-339.3795166015625
13.509398460388184
-1.999999987845058e-08
-25.97796630859375
-337.06378173828125
11.83381462097168
1.999999987845058e-08
-27.5766658782959
-331.0110778808594
10.826787948608398
-1.999999987845058e-08
-34.44310760498047
-325.24822998046875
4.292342185974121
1.999999987845058e-08
-40.91313934326172
-314.6402893066406
-2.219891309738159
-1.999999987845058e-08
-39.149471282958984
-297.0069580078125
-0.29323458671569824
1.999999987845058e-08
-27.783164978027344
-279.18798828125
7.999497890472412
-1.999999987845058e-08
-12.161227226257324
-264.67376708984375
15.81381607055664
1.999999987845058e-08
0.9407849907875061
-251.07955932617188
22.713029861450195
-1.999999987845058e-08
6.8281426429748535
-239.92431640625
30.205020904541016
1.999999987845058e-08
-6.252440452575684
-229.25233459472656
27.94367027282715
-1.999999987845058e-08
-15.821234703063965
-224.17236328125
19.309181213378906
1.999999987845058e-08
-23.225534439086914
-221.491943359375
15.21197509765625
-1.999999987845058e-08
-31.766529083251953
-216.1315155029297
15.299761772155762
1.999999987845058e-08
-39.611839294433594
-197.5308380126953
16.2259578704834
-1.999999987845058e-08
-38.730098724365234
-171.3267059326172
18.73929786682129
1.999999987845058e-08
-25.91387367248535
-155.9565887451172
24.85154151916504
-1.999999987845058e-08
-8.627715110778809
-155.58285522460938
33.32895278930664
1.999999987845058e-08
2.0011887550354004
-158.9700469970703
39.72175598144531
-1.999999987845058e-08
0.7381150126457214
-160.41075134277344
39.45194625854492
1.999999987845058e-08
-9.50111198425293
-160.7836456298828
32.35773849487305
-1.999999987845058e-08
-19.462871551513672
-158.13047790527344
24.11311149597168
1.999999987845058e-08
-20.38610076904297
-153.7891387939453
19.79979133605957
-1.999999987845058e-08
-13.062594413757324
-152.74119567871094
19.431001663208008
1.999999987845058e-08
-4.52810001373291
-151.3246612548828
22.879323959350586
-1.999999987845058e-08
1.2242649793624878
-143.52694702148438
30.139192581176758
1.999999987845058e-08
3.952439546585083
-135.20082092285156
35.51109313964844
-1.999999987845058e-08
4.637934684753418
-134.18814086914062
33.348045349121094
1.999999987845058e-08
3.8839595317840576
-138.3067626953125
26.759429931640625
-1.999999987845058e-08
1.1876167058944702
-144.79144287109375
21.1013126373291
1.999999987845058e-08
1.1876167058944702
-144.79144287109375
21.1013126373291
-1.999999987845058e-08
-3.676278829574585
-154.1847686767578
15.608907699584961
1.999999987845058e-08
-10.041303634643555
-159.7962188720703
9.024870872497559
-1.999999987845058e-08
-15.065129280090332
-152.474853515625
6.2861433029174805
1.999999987845058e-08
-13.062023162841797
-135.8396453857422
11.678544998168945
-1.999999987845058e-08
-1.8513473272323608
-120.23554992675781
20.979141235351562
1.999999987845058e-08
12.63087272644043
-107.32172393798828
27.548656463623047
-1.999999987845058e-08
23.543964385986328
-95.08525085449219
30.81299591064453
1.999999987845058e-08
29.839181900024414
-86.88451385498047
33.95186996459961
-1.999999987845058e-08
32.31697082519531
-82.39024353027344
37.91195297241211
1.999999987845058e-08
2.180166721343994
-74.12211608886719
22.182838439941406
-1.999999987845058e-08
1.0795469284057617
-66.97040557861328
24.348384857177734
1.999999987845058e-08
2.495823860168457
-58.57807540893555
25.582876205444336
-1.999999987845058e-08
1.7671175003051758
-55.628883361816406
21.385395050048828
1.999999987845058e-08
-3.7426180839538574
-50.20405960083008
15.014714241027832
-1.999999987845058e-08
-11.826517105102539
-38.650447845458984
8.488347053527832
1.999999987845058e-08
