0
-6.889535903930664
11.626468658447266
20.11492919921875
1.999999987845058e-08
-4.495651721954346
6.88247013092041
18.765409469604492
-1.999999987845058e-08
-4.779747009277344
4.524465084075928
19.4853458404541
1.999999987845058e-08
-8.74058723449707
9.617144584655762
27.740968704223633
-1.999999987845058e-08
-11.5493745803833
13.982708930969238
33.236000061035156
1.999999987845058e-08
-7.784549236297607
9.37962532043457
25.900190353393555
-1.999999987845058e-08
-0.6749864220619202
-1.5434669256210327
10.075380325317383
1.999999987845058e-08
0.9946284890174866
-10.002017974853516
-1.9178180694580078
-1.999999987845058e-08
-5.777951717376709
-10.238886833190918
-2.5714335441589355
1.999999987845058e-08
-5.777951717376709
-10.238887786865234
-2.5714335441589355
-1.999999987845058e-08
-16.291048049926758
-2.5104353427886963
8.237286567687988
1.999999987845058e-08
-24.380943298339844
7.8802103996276855
24.289936065673828
-1.999999987845058e-08
-26.10270881652832
13.675443649291992
34.21002960205078
1.999999987845058e-08
-20.18409538269043
10.88838005065918
29.409624099731445
-1.999999987845058e-08
-9.138073921203613
2.801985263824463
13.098237991333008
1.999999987845058e-08
1.0900224447250366
-1.980665683746338
-1.7649983167648315
-1.999999987845058e-08
5.672507286071777
1.8983265161514282
-5.216789722442627
1.999999987845058e-08
4.6444993019104
10.22536849975586
0.31481024622917175
-1.999999987845058e-08
1.1624778509140015
14.727068901062012
5.634909152984619
1.999999987845058e-08
-4.739496231079102
8.464442253112793
2.227850914001465
-1.999999987845058e-08
-10.154817581176758
8.968606948852539
5.594740390777588
1.999999987845058e-08
-17.254501342773438
9.343396186828613
11.084647178649902
-1.999999987845058e-08
-19.81222915649414
8.887933731079102
13.962206840515137
1.999999987845058e-08
-15.3195161819458
6.893792152404785
11.667704582214355
-1.999999987845058e-08
-6.169768333435059
2.2248947620391846
4.441946983337402
1.999999987845058e-08
4.641380786895752
-3.513427257537842
-4.673994541168213
-1.999999987845058e-08
12.6660795211792
-5.662897109985352
-8.85599136352539
1.999999987845058e-08
12.428083419799805
-3.5643503665924072
-4.6728997230529785
-1.999999987845058e-08
3.784179925918579
-1.7797820568084717
2.0951051712036133
1.999999987845058e-08
3.784179925918579
-1.7797820568084717
2.0951051712036133
-1.999999987845058e-08
-6.802210330963135
-0.5846975445747375
6.214327812194824
1.999999987845058e-08
-11.374954223632812
2.3238797187805176
7.413654327392578
-1.999999987845058e-08
-5.190169334411621
1.2797839641571045
1.4391459226608276
1.999999987845058e-08
8.052635192871094
-8.374618530273438
-13.280997276306152
-1.999999987845058e-08
17.04277801513672
-18.26488494873047
-24.70842933654785
1.999999987845058e-08
15.531144142150879
-20.150178909301758
-23.50920867919922
-1.999999987845058e-08
8.805910110473633
-17.247690200805664
-16.610002517700195
1.999999987845058e-08
3.7209174633026123
-14.530099868774414
-12.740937232971191
-1.999999987845058e-08
1.2707328796386719
-13.460874557495117
-12.512435913085938
1.999999987845058e-08
0.43960505723953247
-14.568401336669922
-13.058714866638184
-1.999999987845058e-08
0.9291369915008545
-13.87997817993164
-8.75506591796875
1.999999987845058e-08
2.942701816558838
-5.883831024169922
3.344315767288208
-1.999999987845058e-08
7.366987228393555
5.754978656768799
14.922557830810547
1.999999987845058e-08
13.250397682189941
11.76846981048584
16.249530792236328
-1.999999987845058e-08
16.798267364501953
10.464290618896484
10.081796646118164
1.999999987845058e-08
14.794594764709473
7.9516825675964355
6.147046089172363
-1.999999987845058e-08
7.795976638793945
7.991116046905518
8.887565612792969
1.999999987845058e-08
0.3187529444694519
9.056994438171387
15.406673431396484
-1.999999987845058e-08
-2.7068169116973877
9.099905014038086
19.228294372558594
1.999999987845058e-08
0.07577291131019592
6.876926422119141
14.068879127502441
-1.999999987845058e-08
5.602481842041016
1.672807216644287
0.3831460475921631
1.999999987845058e-08
8.876504898071289
-5.4962477684021
-14.071856498718262
-1.999999987845058e-08
6.836080074310303
-12.850587844848633
-23.95756721496582
1.999999987845058e-08
-0.2044110894203186
-17.602298736572266
-28.0165958404541
-1.999999987845058e-08
-8.897068977355957
-15.084489822387695
-22.724092483520508
1.999999987845058e-08
-14.215914726257324
-5.1218061447143555
-8.210392951965332
-1.999999987845058e-08
-14.080681800842285
3.561065912246704
5.174079895019531
1.999999987845058e-08
-11.805203437805176
4.61855936050415
11.2598295211792
-1.999999987845058e-08
-10.478670120239258
3.1381595134735107
16.970083236694336
1.999999987845058e-08
-5.022375583648682
2.721569061279297
22.21967315673828
-1.999999987845058e-08
-0.9159491062164307
-5.7242350578308105
6.33760929107666
1.999999987845058e-08
2.519780397415161
-17.071243286132812
-13.399110794067383
-1.999999987845058e-08
3.9699313640594482
-21.603242874145508
-22.603368759155273
1.999999987845058e-08
1.5841947793960571
-13.908745765686035
-15.22745418548584
-1.999999987845058e-08
-2.657003879547119
0.624428927898407
0.7541946172714233
1.999999987845058e-08
-3.4093828201293945
10.62647819519043
10.476889610290527
-1.999999987845058e-08
1.3755431175231934
9.1084566116333
5.416619777679443
1.999999987845058e-08
7.829672336578369
-2.3458666801452637
-11.583637237548828
-1.999999987845058e-08
10.411273002624512
-15.206204414367676
-29.05615997314453
1.999999987845058e-08
7.794897556304932
-20.067462921142578
-34.99402618408203
-1.999999987845058e-08
3.3298470973968506
-14.545947074890137
-26.681638717651367
1.999999987845058e-08
-0.28319546580314636
-3.542273998260498
-10.058720588684082
-1.999999987845058e-08
-2.571073532104492
5.6553544998168945
6.448244571685791
1.999999987845058e-08
-2.5193328857421875
5.673601150512695
12.112177848815918
-1.999999987845058e-08
-0.34644922614097595
-5.031408309936523
1.034353256225586
1.999999987845058e-08
0.3928322196006775
-16.343826293945312
-15.696562767028809
-1.999999987845058e-08
-2.429572820663452
-16.112075805664062
-19.89256477355957
1.999999987845058e-08
-6.183776378631592
-4.8835601806640625
-7.83308219909668
-1.999999987845058e-08
-6.188501834869385
5.74627685546875
8.222207069396973
1.999999987845058e-08
0.5360076427459717
6.694725036621094
14.444396018981934
-1.999999987845058e-08
12.008962631225586
-0.13425405323505402
7.6850810050964355
1.999999987845058e-08
22.219526290893555
-6.14204216003418
-4.066227436065674
-1.999999987845058e-08
25.92050552368164
-7.0496697425842285
-12.929340362548828
1.999999987845058e-08
20.444713592529297
-6.216958045959473
-17.428632736206055
-1.999999987845058e-08
6.836998462677002
-6.8187479972839355
-16.96169090270996
1.999999987845058e-08
-8.367733001708984
-6.400777816772461
-9.857746124267578
-1.999999987845058e-08
-17.076677322387695
-4.221642971038818
-1.321840524673462
1.999999987845058e-08
-15.768316268920898
-7.332127571105957
-3.5460002422332764
-1.999999987845058e-08
-6.613929271697998
-18.049253463745117
-17.78424644470215
1.999999987845058e-08
3.597912311553955
-25.76811981201172
-27.97772979736328
-1.999999987845058e-08
6.996298313140869
-23.684537887573242
-24.11530303955078
1.999999987845058e-08
2.3654794692993164
-17.449464797973633
-14.4429931640625
-1.999999987845058e-08
-3.4365410804748535
-12.712556838989258
-9.265379905700684
1.999999987845058e-08
-4.406660556793213
-10.300766944885254
-10.90135669708252
-1.999999987845058e-08
-2.2036375999450684
-9.09184455871582
-15.269627571105957
1.999999987845058e-08
-2.4258711338043213
-5.78926944732666
-14.348146438598633
-1.999999987845058e-08
-5.465661525726318
-0.0682811588048935
-6.880560874938965
1.999999987845058e-08
-5.789228439331055
1.9879075288772583
-2.978593349456787
-1.999999987845058e-08
-2.0519602298736572
-2.6174240112304688
-8.20149040222168
1.999999987845058e-08
0.13704609870910645
-7.979495048522949
-14.660141944885254
-1.999999987845058e-08
-2.7402384281158447
-8.782133102416992
-14.537220001220703
1.999999987845058e-08
-8.049223899841309
-6.048762798309326
-8.391901969909668
-1.999999987845058e-08
-11.704022407531738
-0.6130525469779968
2.2272491455078125
1.999999987845058e-08
-11.610065460205078
8.09939193725586
16.486801147460938
-1.999999987845058e-08
-8.16559886932373
15.026182174682617
27.62080192565918
1.999999987845058e-08
-4.268625736236572
11.663118362426758
26.188247680664062
-1.999999987845058e-08
-2.121938705444336
-1.8966021537780762
11.639589309692383
1.999999987845058e-08
-0.6569472551345825
-14.978793144226074
-5.959702491760254
-1.999999987845058e-08
0.23053225874900818
-19.37114906311035
-16.432641983032227
1.999999987845058e-08
-2.5638177394866943
-17.790279388427734
-18.09585189819336
-1.999999987845058e-08
-9.066170692443848
-16.561159133911133
-15.172558784484863
1.999999987845058e-08
-13.190576553344727
-17.17732810974121
-11.461712837219238
-1.999999987845058e-08
-9.9572114944458
-17.344161987304688
-8.356882095336914
1.999999987845058e-08
-1.8725720643997192
-13.731407165527344
-3.8391222953796387
-1.999999987845058e-08
5.1713385581970215
-4.640851974487305
5.076425075531006
1.999999987845058e-08
8.721380233764648
5.730181694030762
15.292463302612305
-1.999999987845058e-08
8.86872386932373
11.00629997253418
20.600072860717773
1.999999987845058e-08
6.159146785736084
10.731030464172363
21.159849166870117
-1.999999987845058e-08
3.4844086170196533
8.496550559997559
21.06662368774414
1.999999987845058e-08
8.56390380859375
8.042625427246094
26.944644927978516
-1.999999987845058e-08
15.146333694458008
10.371466636657715
31.411483764648438
1.999999987845058e-08
19.71967315673828
10.61087417602539
30.991857528686523
-1.999999987845058e-08
18.819610595703125
5.650941848754883
22.01434326171875
1.999999987845058e-08
14.673127174377441
-3.7017898559570312
6.054991245269775
-1.999999987845058e-08
10.83984661102295
-10.50043773651123
-7.472191333770752
1.999999987845058e-08
6.060902118682861
-8.272293090820312
-8.47201156616211
-1.999999987845058e-08
-2.281236171722412
2.0010037422180176
3.817971706390381
1.999999987845058e-08
-10.523894309997559
13.104476928710938
19.26239585876465
-1.999999987845058e-08
-9.66258716583252
16.3273983001709
22.3398380279541
1.999999987845058e-08
-2.281236171722412
2.0010035037994385
3.817971706390381
-1.999999987845058e-08
-10.523894309997559
13.104476928710938
19.26239585876465
1.999999987845058e-08
-9.66258716583252
16.3273983001709
22.3398380279541
-1.999999987845058e-08
1.9261529445648193
11.64202880859375
9.557940483093262
1.999999987845058e-08
12.7841215133667
10.3240327835083
-1.7784284353256226
-1.999999987845058e-08
11.852301597595215
17.702377319335938
1.7923834323883057
1.999999987845058e-08
2.0480833053588867
23.732580184936523
9.424266815185547
-1.999999987845058e-08
-4.646580696105957
18.469602584838867
4.611909866333008
1.999999987845058e-08
-3.083308219909668
6.779148578643799
-9.143609046936035
-1.999999987845058e-08
-0.381524920463562
1.2636077404022217
-14.291330337524414
1.999999987845058e-08
-11.056224822998047
14.802194595336914
11.109996795654297
-1.999999987845058e-08
-12.693005561828613
18.0433292388916
17.4326171875
1.999999987845058e-08
-5.230273246765137
10.809829711914062
8.805074691772461
-1.999999987845058e-08
5.530449390411377
-3.5939624309539795
-8.931303977966309
1.999999987845058e-08
11.170726776123047
-13.890164375305176
-20.9700870513916
-1.999999987845058e-08
9.915202140808105
-12.482121467590332
-18.61737823486328
1.999999987845058e-08
6.0154337882995605
-2.8740968704223633
-7.230979919433594
-1.999999987845058e-08
3.4985508918762207
6.432579517364502
2.947798728942871
1.999999987845058e-08
4.328907012939453
9.036487579345703
5.03391695022583
-1.999999987845058e-08
8.484662055969238
3.385082960128784
-2.9133434295654297
1.999999987845058e-08
12.054410934448242
-5.447878360748291
-15.430628776550293
-1.999999987845058e-08
9.199545860290527
-8.516648292541504
-21.371484756469727
1.999999987845058e-08
-0.08080323040485382
-2.678338050842285
-15.63550090789795
-1.999999987845058e-08
-7.737783908843994
5.737855911254883
-5.647493839263916
1.999999987845058e-08
-6.009279727935791
10.009271621704102
-0.7705749869346619
-1.999999987845058e-08
3.791822671890259
9.92911434173584
-0.590222954750061
1.999999987845058e-08
11.3982572555542
9.245487213134766
2.2087509632110596
-1.999999987845058e-08
8.821633338928223
10.553105354309082
9.693676948547363
1.999999987845058e-08
0.4695850610733032
12.433510780334473
14.451896667480469
-1.999999987845058e-08
-4.1147871017456055
11.883588790893555
10.864673614501953
1.999999987845058e-08
-3.9182076454162598
9.630547523498535
4.886921405792236
-1.999999987845058e-08
-5.062208652496338
9.943892478942871
6.4545793533325195
1.999999987845058e-08
-9.265488624572754
14.205626487731934
15.913493156433105
-1.999999987845058e-08
-11.483753204345703
17.742511749267578
23.719621658325195
1.999999987845058e-08
-7.738045692443848
15.939977645874023
23.021047592163086
-1.999999987845058e-08
1.10800302028656
11.719968795776367
18.180253982543945
1.999999987845058e-08
11.678421020507812
11.223947525024414
17.264863967895508
-1.999999987845058e-08
19.734041213989258
12.641701698303223
18.368106842041016
1.999999987845058e-08
21.544065475463867
9.274826049804688
13.835646629333496
-1.999999987845058e-08
16.203495025634766
1.9031072854995728
5.490817070007324
1.999999987845058e-08
6.830129623413086
-3.0515849590301514
1.2476423978805542
-1.999999987845058e-08
-1.0552781820297241
-3.65628981590271
1.5575025081634521
1.999999987845058e-08
-3.5194435119628906
-3.113002061843872
0.8725867867469788
-1.999999987845058e-08
-1.0452691316604614
-4.238503456115723
-2.9480533599853516
1.999999987845058e-08
2.4945099353790283
-5.871764183044434
-6.890344142913818
-1.999999987845058e-08
3.56406569480896
-3.6305718421936035
-6.690396785736084
1.999999987845058e-08
2.028078556060791
4.02952766418457
-1.0924679040908813
-1.999999987845058e-08
0.2091352641582489
11.47864055633545
5.596442699432373
1.999999987845058e-08
-0.21641798317432404
11.746652603149414
6.92413854598999
-1.999999987845058e-08
0.5731531977653503
5.653066158294678
1.44495689868927
1.999999987845058e-08
0.5019764304161072
0.36467134952545166
-5.775412082672119
-1.999999987845058e-08
-3.1187021732330322
0.06750010699033737
-8.68431568145752
1.999999987845058e-08
-10.294696807861328
3.5363576412200928
-5.256633281707764
-1.999999987845058e-08
-17.258785247802734
8.562633514404297
2.239680290222168
1.999999987845058e-08
-19.735828399658203
12.558920860290527
9.129642486572266
-1.999999987845058e-08
-16.695877075195312
11.372743606567383
9.718618392944336
1.999999987845058e-08
-10.70615005493164
3.1558055877685547
0.6530439853668213
-1.999999987845058e-08
-5.687361717224121
-6.7864837646484375
-12.979013442993164
1.999999987845058e-08
-4.570894241333008
-9.724696159362793
-19.773876190185547
-1.999999987845058e-08
-7.990265369415283
-3.565091609954834
-14.678960800170898
1.999999987845058e-08
-18.915864944458008
5.0203728675842285
-0.39231789112091064
-1.999999987845058e-08
-18.74793815612793
-2.3834853172302246
-5.900650501251221
1.999999987845058e-08
-15.39111328125
-8.36032772064209
-12.02685832977295
-1.999999987845058e-08
-13.339712142944336
-6.52993631362915
-10.026507377624512
1.999999987845058e-08
-12.739898681640625
-3.8528523445129395
-4.839504718780518
-1.999999987845058e-08
-11.20233154296875
-6.425022602081299
-2.5722615718841553
1.999999987845058e-08
-8.674471855163574
-7.445904731750488
1.245398998260498
-1.999999987845058e-08
-5.311029434204102
-1.6410510540008545
7.9734649658203125
1.999999987845058e-08
-1.5467724800109863
4.258293628692627
9.677788734436035
-1.999999987845058e-08
-1.3982726335525513
5.115627288818359
5.943091869354248
1.999999987845058e-08
-1.3982726335525513
5.115627288818359
5.943091869354248
-1.999999987845058e-08
-6.3027262687683105
6.000010967254639
7.204847812652588
1.999999987845058e-08
-9.295425415039062
10.395160675048828
15.570574760437012
-1.999999987845058e-08
-4.4111433029174805
12.515618324279785
19.48082733154297
1.999999987845058e-08
4.614248275756836
6.731752395629883
10.542851448059082
-1.999999987845058e-08
10.173584938049316
-3.5298683643341064
-5.855658531188965
1.999999987845058e-08
8.73582649230957
-10.234347343444824
-17.78874397277832
-1.999999987845058e-08
1.9069868326187134
-10.283682823181152
-18.857189178466797
1.999999987845058e-08
-5.812050819396973
-7.467165470123291
-12.45405101776123
-1.999999987845058e-08
-10.264707565307617
-6.609982967376709
-7.503467082977295
1.999999987845058e-08
-10.264707565307617
-6.609982967376709
-7.503467082977295
-1.999999987845058e-08
-10.955561637878418
-8.173101425170898
-9.735152244567871
1.999999987845058e-08
-11.322080612182617
-8.009478569030762
-14.410784721374512
-1.999999987845058e-08
-14.242955207824707
-3.487614631652832
-11.830452919006348
1.999999987845058e-08
-17.392234802246094
0.6405404210090637
-2.1510019302368164
-1.999999987845058e-08
-15.073997497558594
-0.45307978987693787
5.530193328857422
1.999999987845058e-08
-6.394677639007568
-1.4262738227844238
9.409183502197266
-1.999999987845058e-08
1.3611726760864258
3.446898937225342
13.64674186706543
1.999999987845058e-08
1.4259458780288696
7.6064772605896
14.715713500976562
-1.999999987845058e-08
-4.467857360839844
5.0043253898620605
10.088095664978027
1.999999987845058e-08
7.943027496337891
6.274300575256348
8.915647506713867
-1.999999987845058e-08
10.86217212677002
6.445003032684326
6.32509183883667
1.999999987845058e-08
7.835144519805908
10.711862564086914
12.034314155578613
-1.999999987845058e-08
1.3500392436981201
14.463479042053223
19.466333389282227
1.999999987845058e-08
-2.2941837310791016
13.31844711303711
20.117328643798828
-1.999999987845058e-08
0.7792205810546875
8.435840606689453
12.284266471862793
1.999999987845058e-08
5.345156669616699
3.6070027351379395
1.9861345291137695
-1.999999987845058e-08
3.5872974395751953
1.9906450510025024
-1.0619885921478271
1.999999987845058e-08
-2.1613874435424805
4.111729621887207
5.495697498321533
-1.999999987845058e-08
-2.6340994834899902
6.778725624084473
11.837725639343262
1.999999987845058e-08
3.7807633876800537
6.0229010581970215
8.636087417602539
-1.999999987845058e-08
10.497206687927246
0.5436491370201111
-3.420759677886963
1.999999987845058e-08
12.184647560119629
-7.325100421905518
-17.544017791748047
-1.999999987845058e-08
7.071072101593018
-11.43738842010498
-23.997772216796875
1.999999987845058e-08
-1.868957757949829
-6.961440563201904
-16.915376663208008
-1.999999987845058e-08
-7.550704479217529
2.7240121364593506
-4.124134063720703
1.999999987845058e-08
-7.541579723358154
10.0162353515625
1.4740302562713623
-1.999999987845058e-08
-5.686000347137451
12.138553619384766
-1.2036818265914917
1.999999987845058e-08
-4.096250534057617
11.921820640563965
-3.330496072769165
-1.999999987845058e-08
-2.2050881385803223
13.105385780334473
0.3702186942100525
1.999999987845058e-08
-5.686000347137451
12.138553619384766
-1.2036819458007812
-1.999999987845058e-08
-4.096250534057617
11.921820640563965
-3.330496072769165
1.999999987845058e-08
-2.2050881385803223
13.105385780334473
0.3702186644077301
-1.999999987845058e-08
-0.10415676981210709
16.33774185180664
6.01873254776001
1.999999987845058e-08
2.695512294769287
19.118032455444336
7.139352798461914
-1.999999987845058e-08
6.940249919891357
19.78689193725586
3.970041036605835
1.999999987845058e-08
11.163897514343262
19.37390899658203
2.997795343399048
-1.999999987845058e-08
13.525443077087402
20.22246742248535
9.917922973632812
1.999999987845058e-08
14.93267822265625
22.882034301757812
22.634294509887695
-1.999999987845058e-08
17.219432830810547
23.891399383544922
30.05889892578125
1.999999987845058e-08
20.00592613220215
20.749242782592773
25.172611236572266
-1.999999987845058e-08
22.614032745361328
14.85442066192627
13.052634239196777
1.999999987845058e-08
24.60634422302246
6.105991363525391
-0.28063738346099854
-1.999999987845058e-08
22.46832275390625
-5.05586576461792
-12.436601638793945
1.999999987845058e-08
13.293807029724121
-11.210360527038574
-17.70441246032715
-1.999999987845058e-08
1.223549246788025
-6.208001136779785
-11.757938385009766
1.999999987845058e-08
-6.712557792663574
3.0953121185302734
-2.2485713958740234
-1.999999987845058e-08
-9.650774955749512
4.906211853027344
-0.29777491092681885
1.999999987845058e-08
-11.61758804321289
-0.7666153907775879
-3.015820264816284
-1.999999987845058e-08
-12.60048770904541
-4.003876686096191
0.558063268661499
1.999999987845058e-08
1.925934910774231
-3.2867794036865234
1.898699164390564
-1.999999987845058e-08
3.85612154006958
-7.60721492767334
-7.659265518188477
1.999999987845058e-08
4.01272439956665
-8.606220245361328
-9.709413528442383
-1.999999987845058e-08
2.225048303604126
-6.4725213050842285
-5.314334392547607
1.999999987845058e-08
0.8376356363296509
-3.6166133880615234
-1.2756848335266113
-1.999999987845058e-08
5.0809102058410645
-2.952728748321533
-3.082314968109131
1.999999987845058e-08
14.739209175109863
-4.441101551055908
-7.786604404449463
-1.999999987845058e-08
22.24443244934082
-4.68836784362793
-7.1978912353515625
1.999999987845058e-08
22.5089054107666
-4.013019561767578
-2.0833218097686768
-1.999999987845058e-08
18.201904296875
-6.689342498779297
-1.7797073125839233
1.999999987845058e-08
12.846968650817871
-11.58770751953125
-6.837704181671143
-1.999999987845058e-08
6.032312393188477
-12.263646125793457
-7.30648946762085
1.999999987845058e-08
-1.0764399766921997
-7.367735385894775
0.22342409193515778
-1.999999987845058e-08
-3.5844035148620605
-2.637418746948242
7.5793023109436035
1.999999987845058e-08
-0.36850103735923767
-2.2818031311035156
7.756137371063232
-1.999999987845058e-08
4.486714839935303
-5.393176078796387
1.3136916160583496
1.999999987845058e-08
9.227787971496582
-10.157740592956543
-9.187403678894043
-1.999999987845058e-08
14.564507484436035
-13.796048164367676
-19.082260131835938
1.999999987845058e-08
17.834447860717773
-11.184266090393066
-19.69672393798828
-1.999999987845058e-08
15.25120735168457
-1.7391698360443115
-8.805441856384277
1.999999987845058e-08
2.329963445663452
8.892999649047852
7.015770435333252
-1.999999987845058e-08
-0.12378495931625366
6.680569171905518
5.203970909118652
1.999999987845058e-08
-0.1035369485616684
3.5142934322357178
2.340745687484741
-1.999999987845058e-08
-0.4642883837223053
-1.4969441890716553
-1.7423006296157837
1.999999987845058e-08
-4.73769474029541
-6.317066669464111
-3.7483532428741455
-1.999999987845058e-08
-12.862725257873535
-5.756308555603027
2.147925615310669
1.999999987845058e-08
-18.36823272705078
0.05247954651713371
13.8055419921875
-1.999999987845058e-08
-15.097334861755371
4.421672821044922
21.99090576171875
1.999999987845058e-08
-5.813679218292236
2.192643165588379
20.707813262939453
-1.999999987845058e-08
1.3849364519119263
-3.8545963764190674
12.691102027893066
1.999999987845058e-08
1.3849364519119263
-3.8545966148376465
12.691102027893066
-1.999999987845058e-08
3.53593373298645
-7.637084007263184
4.508237361907959
1.999999987845058e-08
2.55161714553833
-9.374540328979492
-1.045810341835022
-1.999999987845058e-08
-1.3676739931106567
-14.581119537353516
-5.271805286407471
1.999999987845058e-08
-7.925753116607666
-22.815105438232422
-8.009209632873535
-1.999999987845058e-08
-13.465279579162598
-25.53152084350586
-6.015809535980225
1.999999987845058e-08
-14.449297904968262
-20.380746841430664
-0.8069971799850464
-1.999999987845058e-08
-10.781268119812012
-17.31334114074707
-1.4363622665405273
1.999999987845058e-08
-5.101302623748779
-22.101016998291016
-10.9683198928833
-1.999999987845058e-08
0.3264850080013275
-26.194374084472656
-19.51658821105957
1.999999987845058e-08
8.264754295349121
-16.177227020263672
-15.242814064025879
-1.999999987845058e-08
8.662641525268555
-17.788278579711914
-16.119400024414062
1.999999987845058e-08
5.8092803955078125
-20.107704162597656
-14.2247953414917
-1.999999987845058e-08
1.1306883096694946
-10.82575511932373
2.5980615615844727
1.999999987845058e-08
-0.38575279712677
4.415961742401123
24.929859161376953
-1.999999987845058e-08
4.944869041442871
8.383659362792969
30.074125289916992
1.999999987845058e-08
13.103818893432617
-0.6528878808021545
15.100706100463867
-1.999999987845058e-08
18.162761688232422
-8.743398666381836
-2.407621145248413
1.999999987845058e-08
19.298019409179688
-8.79195785522461
-10.012548446655273
-1.999999987845058e-08
17.680437088012695
-5.859149932861328
-8.809985160827637
1.999999987845058e-08
13.177251815795898
-3.871825695037842
-3.548273801803589
-1.999999987845058e-08
5.809651851654053
-0.40202364325523376
4.221319198608398
1.999999987845058e-08
-1.958746075630188
4.904477596282959
13.234099388122559
-1.999999987845058e-08
-4.835503101348877
5.929893970489502
17.47217559814453
1.999999987845058e-08
0.32299014925956726
-0.9928703308105469
11.337117195129395
-1.999999987845058e-08
8.912117004394531
-10.181102752685547
-0.9128294587135315
1.999999987845058e-08
12.710949897766113
-13.875872611999512
-9.223868370056152
-1.999999987845058e-08
8.885710716247559
-10.042542457580566
-8.479994773864746
1.999999987845058e-08
1.8265728950500488
-2.350503444671631
-1.373002052307129
-1.999999987845058e-08
-2.406026601791382
2.429267168045044
5.570248603820801
1.999999987845058e-08
-2.406026601791382
2.429267168045044
5.570248603820801
-1.999999987845058e-08
-2.0809667110443115
1.4125250577926636
9.557437896728516
1.999999987845058e-08
0.6820089817047119
-0.9861632585525513
12.355474472045898
-1.999999987845058e-08
4.862934589385986
-1.6435620784759521
11.92086124420166
1.999999987845058e-08
9.204553604125977
-2.4349100589752197
5.1542887687683105
-1.999999987845058e-08
8.25124740600586
-2.3092241287231445
-0.35733628273010254
1.999999987845058e-08
-0.23381170630455017
3.1306285858154297
6.33786153793335
-1.999999987845058e-08
-7.595073223114014
11.26766300201416
19.91921043395996
1.999999987845058e-08
-5.354738235473633
11.62809944152832
22.264406204223633
-1.999999987845058e-08
2.3332457542419434
-0.2695699632167816
6.476665496826172
1.999999987845058e-08
5.6783127784729
-13.779581069946289
-12.831068992614746
-1.999999987845058e-08
1.345537781715393
-14.781606674194336
-16.38758087158203
1.999999987845058e-08
-6.716053485870361
-5.4979329109191895
-4.967103004455566
-1.999999987845058e-08
-13.720964431762695
-0.5573029518127441
3.187530755996704
1.999999987845058e-08
-17.558732986450195
-2.1859002113342285
1.822213053703308
-1.999999987845058e-08
-17.445783615112305
0.3206286132335663
1.7236496210098267
1.999999987845058e-08
-13.554760932922363
4.780684471130371
3.0069916248321533
-1.999999987845058e-08
-7.462430477142334
-3.26613712310791
-8.120030403137207
1.999999987845058e-08
-1.3470059633255005
-20.073211669921875
-28.35110855102539
-1.999999987845058e-08
1.9826953411102295
-23.025373458862305
-33.754791259765625
1.999999987845058e-08
-4.5235795974731445
-0.06977564841508865
-7.077178955078125
-1.999999987845058e-08
-6.74586820602417
-8.26433277130127
-13.010665893554688
1.999999987845058e-08
-3.7975735664367676
-14.698206901550293
-19.676036834716797
-1.999999987845058e-08
-1.0998772382736206
-6.608676433563232
-11.885854721069336
1.999999987845058e-08
-3.9924099445343018
4.5581159591674805
1.5402250289916992
-1.999999987845058e-08
-7.5454254150390625
8.34414291381836
7.862401962280273
1.999999987845058e-08
-2.749480724334717
9.185914993286133
6.262918472290039
-1.999999987845058e-08
9.442999839782715
9.707612037658691
-1.4859669208526611
1.999999987845058e-08
19.383089065551758
5.175007343292236
-14.512350082397461
-1.999999987845058e-08
20.936359405517578
-3.829108476638794
-27.37534523010254
1.999999987845058e-08
14.02953815460205
-9.6915922164917
-32.89340591430664
-1.999999987845058e-08
1.6364820003509521
-7.588130950927734
-27.831127166748047
1.999999987845058e-08
-8.698261260986328
1.067002773284912
-14.381908416748047
-1.999999987845058e-08
-9.169332504272461
10.116659164428711
-1.4888503551483154
1.999999987845058e-08
-1.7461888790130615
10.669840812683105
-1.622393012046814
-1.999999987845058e-08
3.2623634338378906
1.597106695175171
-15.321734428405762
1.999999987845058e-08
-1.352705717086792
-2.550926923751831
-22.00826644897461
-1.999999987845058e-08
-13.568925857543945
10.029729843139648
-3.9608922004699707
1.999999987845058e-08
-24.059566497802734
25.39998435974121
22.741098403930664
-1.999999987845058e-08
-23.044824600219727
20.688982009887695
25.161550521850586
1.999999987845058e-08
-24.059566497802734
25.39998435974121
22.741098403930664
-1.999999987845058e-08
-23.044824600219727
20.688982009887695
25.161550521850586
1.999999987845058e-08
-10.284065246582031
1.8825316429138184
2.982328176498413
-1.999999987845058e-08
1.8656692504882812
-3.0186736583709717
-9.913276672363281
1.999999987845058e-08
0.802882969379425
9.02973461151123
-0.5555857419967651
-1.999999987845058e-08
-11.842446327209473
12.205426216125488
6.820626258850098
1.999999987845058e-08
-23.005884170532227
0.36269623041152954
0.3820112347602844
-1.999999987845058e-08
-23.846393585205078
-2.7339959144592285
0.12315509468317032
1.999999987845058e-08
-17.66025733947754
9.87656307220459
13.712008476257324
-1.999999987845058e-08
-13.085565567016602
13.560056686401367
17.306570053100586
1.999999987845058e-08
-8.953858375549316
-8.804259300231934
-14.635599136352539
-1.999999987845058e-08
-1.331900715827942
5.94108247756958
-2.412529230117798
1.999999987845058e-08
2.431131601333618
4.490403652191162
-4.687464714050293
-1.999999987845058e-08
2.5396933555603027
-8.607361793518066
-17.317764282226562
1.999999987845058e-08
2.1440200805664062
-12.055977821350098
-18.84298324584961
-1.999999987845058e-08
2.553938388824463
-1.2276833057403564
-4.852333068847656
1.999999987845058e-08
4.691428184509277
8.68286418914795
7.902824878692627
-1.999999987845058e-08
7.792044639587402
6.57913875579834
6.3710479736328125
1.999999987845058e-08
8.673166275024414
-2.586653709411621
-5.2198166847229
-1.999999987845058e-08
4.399385452270508
-5.94139289855957
-10.880396842956543
1.999999987845058e-08
8.673166275024414
-2.586653709411621
-5.2198166847229
-1.999999987845058e-08
4.399385452270508
-5.94139289855957
-10.880396842956543
1.999999987845058e-08
-5.193230152130127
1.0957261323928833
-0.5272582173347473
-1.999999987845058e-08
-14.4588623046875
7.228484153747559
14.277610778808594
1.999999987845058e-08
-15.099513053894043
2.1020209789276123
15.585856437683105
-1.999999987845058e-08
-7.671729564666748
-5.388111114501953
8.37026309967041
1.999999987845058e-08
-3.1011509895324707
-2.1852846145629883
10.775091171264648
-1.999999987845058e-08
-8.116403579711914
4.702707290649414
19.807559967041016
1.999999987845058e-08
-16.62396812438965
0.9194846749305725
17.127887725830078
-1.999999987845058e-08
-19.123220443725586
-7.16018533706665
5.519080638885498
1.999999987845058e-08
-7.062628269195557
10.605823516845703
17.470382690429688
-1.999999987845058e-08
-4.916079521179199
11.378776550292969
19.296369552612305
1.999999987845058e-08
-8.768598556518555
-2.880232095718384
5.660148620605469
-1.999999987845058e-08
-13.959596633911133
-10.681212425231934
-1.5515975952148438
1.999999987845058e-08
-15.858014106750488
0.06608902662992477
11.318246841430664
-1.999999987845058e-08
-12.874199867248535
12.551054954528809
25.74496841430664
1.999999987845058e-08
-4.567079067230225
7.369840145111084
19.520687103271484
-1.999999987845058e-08
7.769094467163086
-7.863809585571289
1.3973660469055176
1.999999987845058e-08
18.119983673095703
-11.911388397216797
-3.5655131340026855
-1.999999987845058e-08
19.34352684020996
-2.8077940940856934
7.611670970916748
1.999999987845058e-08
12.628519058227539
2.4292993545532227
14.504487991333008
-1.999999987845058e-08
6.366206645965576
-0.9380658268928528
9.30964469909668
1.999999987845058e-08
4.567896842956543
0.14483046531677246
6.1749420166015625
-1.999999987845058e-08
4.680351734161377
7.0503034591674805
8.96972942352295
1.999999987845058e-08
4.7893805503845215
5.576854228973389
3.9765896797180176
-1.999999987845058e-08
5.20490837097168
-4.323263168334961
-9.27864933013916
1.999999987845058e-08
4.952761173248291
-7.245693683624268
-14.552896499633789
-1.999999987845058e-08
1.6686867475509644
-1.078635573387146
-8.06419563293457
1.999999987845058e-08
-4.753144264221191
2.237891912460327
-1.3069294691085815
-1.999999987845058e-08
-10.018060684204102
1.267043113708496
2.6921069622039795
1.999999987845058e-08
-4.329287052154541
11.19890022277832
18.19113540649414
-1.999999987845058e-08
-1.1069560050964355
10.383552551269531
16.972646713256836
1.999999987845058e-08
-3.2547900676727295
1.249706506729126
6.119733810424805
-1.999999987845058e-08
-7.669404983520508
-7.365942478179932
-5.639644145965576
1.999999987845058e-08
-9.876501083374023
-10.298253059387207
-12.374767303466797
-1.999999987845058e-08
-9.996825218200684
-9.883003234863281
-14.061420440673828
1.999999987845058e-08
-10.549653053283691
-9.491924285888672
-12.821158409118652
-1.999999987845058e-08
-10.65122127532959
-9.469757080078125
-11.34271240234375
1.999999987845058e-08
-7.095668315887451
-7.824409484863281
-10.627768516540527
-1.999999987845058e-08
-0.05378066003322601
-4.0905938148498535
-10.083150863647461
1.999999987845058e-08
6.2850751876831055
-1.43709135055542
-11.14989948272705
-1.999999987845058e-08
8.742947578430176
-0.705361545085907
-13.15810489654541
1.999999987845058e-08
7.741879940032959
3.397287607192993
-9.048239707946777
-1.999999987845058e-08
4.801024913787842
12.665587425231934
3.451845169067383
1.999999987845058e-08
1.2487245798110962
17.717836380004883
12.36249828338623
-1.999999987845058e-08
-1.5112978219985962
10.834075927734375
7.339235305786133
1.999999987845058e-08
-3.280013084411621
0.006510738283395767
-2.494170904159546
-1.999999987845058e-08
-3.594566583633423
-2.729827642440796
-3.0350301265716553
1.999999987845058e-08
-0.32754912972450256
1.1493338346481323
2.972714424133301
-1.999999987845058e-08
6.240973949432373
2.282008171081543
3.4651637077331543
1.999999987845058e-08
12.510401725769043
-1.818264126777649
-4.769435882568359
-1.999999987845058e-08
15.835807800292969
-4.946338653564453
-14.362022399902344
1.999999987845058e-08
14.741740226745605
-1.2600812911987305
-16.859670639038086
-1.999999987845058e-08
7.158364295959473
5.595128059387207
-11.653214454650879
1.999999987845058e-08
-6.668282985687256
5.284992218017578
-6.848272800445557
-1.999999987845058e-08
-20.701501846313477
-3.361344575881958
-7.4646759033203125
1.999999987845058e-08
-26.93812370300293
-7.608297824859619
-6.378101348876953
-1.999999987845058e-08
-23.080677032470703
-0.6264480948448181
1.8885225057601929
1.999999987845058e-08
-13.021528244018555
6.475616455078125
7.225471019744873
-1.999999987845058e-08
-1.538597583770752
3.9858806133270264
0.5038979053497314
1.999999987845058e-08
-1.538597583770752
3.9858806133270264
0.5038979053497314
-1.999999987845058e-08
7.740086555480957
-0.9432732462882996
-9.671797752380371
1.999999987845058e-08
12.078993797302246
-0.6206756234169006
-13.946415901184082
-1.999999987845058e-08
11.221384048461914
-0.9890415668487549
-18.348613739013672
1.999999987845058e-08
7.507247447967529
-6.3398823738098145
-26.658103942871094
-1.999999987845058e-08
3.1406936645507812
-6.758153915405273
-26.134227752685547
1.999999987845058e-08
0.6672182679176331
4.048017501831055
-10.652595520019531
-1.999999987845058e-08
4.182660102844238
14.206758499145508
2.133418083190918
1.999999987845058e-08
13.553299903869629
12.111824035644531
-3.422360897064209
-1.999999987845058e-08
21.327417373657227
3.9238121509552
-18.259008407592773
1.999999987845058e-08
21.327417373657227
3.9238121509552
-18.259008407592773
-1.999999987845058e-08
21.580121994018555
0.870956540107727
-25.688154220581055
1.999999987845058e-08
17.098310470581055
3.298999786376953
-23.06243133544922
-1.999999987845058e-08
13.546133041381836
5.232335567474365
-17.992067337036133
1.999999987845058e-08
11.340181350708008
4.9672088623046875
-14.78807258605957
-1.999999987845058e-08
7.566405773162842
5.426596164703369
-11.537886619567871
1.999999987845058e-08
1.8517467975616455
8.37590217590332
-6.214593887329102
-1.999999987845058e-08
-3.5506062507629395
11.900787353515625
-0.2407250553369522
1.999999987845058e-08
-6.317119121551514
13.0071439743042
4.022274971008301
-1.999999987845058e-08
-5.57649040222168
11.07925033569336
6.409072399139404
1.999999987845058e-08
0.006075717508792877
0.5274509191513062
1.3714423179626465
-1.999999987845058e-08
2.022212505340576
-5.043798923492432
-7.410853385925293
1.999999987845058e-08
3.457975387573242
-5.478275299072266
-12.02417278289795
-1.999999987845058e-08
4.509637832641602
-1.285081148147583
-9.564576148986816
1.999999987845058e-08
5.341677665710449
1.4871599674224854
-6.875251770019531
-1.999999987845058e-08
6.296288013458252
0.41299140453338623
-8.213667869567871
1.999999987845058e-08
6.944714546203613
1.5701806545257568
-6.4283013343811035
-1.999999987845058e-08
5.4541192054748535
8.7150297164917
4.768106460571289
1.999999987845058e-08
2.745997428894043
13.380105972290039
15.515917778015137
-1.999999987845058e-08
4.2432541847229
7.566943645477295
11.982595443725586
1.999999987845058e-08
11.590267181396484
-1.478188395500183
-0.8447791337966919
-1.999999987845058e-08
18.235015869140625
-3.573458194732666
-7.9119486808776855
1.999999987845058e-08
17.831819534301758
-0.6905729174613953
-5.792490005493164
-1.999999987845058e-08
11.996923446655273
1.4467699527740479
0.29869768023490906
1.999999987845058e-08
8.174690246582031
2.768831491470337
6.608252048492432
-1.999999987845058e-08
11.415545463562012
3.638010025024414
9.373230934143066
1.999999987845058e-08
19.039480209350586
1.0212916135787964
4.660815238952637
-1.999999987845058e-08
24.657939910888672
-6.592442035675049
-7.070132255554199
1.999999987845058e-08
24.16217613220215
-14.36180591583252
-18.25210189819336
-1.999999987845058e-08
16.763525009155273
-13.498360633850098
-16.350038528442383
1.999999987845058e-08
4.930016040802002
6.229406833648682
18.15439224243164
-1.999999987845058e-08
13.299053192138672
2.059333562850952
13.306074142456055
1.999999987845058e-08
23.305988311767578
-8.474409103393555
-5.3795905113220215
-1.999999987845058e-08
24.56866455078125
-11.829246520996094
-16.013797760009766
1.999999987845058e-08
14.998259544372559
-5.640048503875732
-10.302114486694336
-1.999999987845058e-08
0.6843307614326477
2.2125039100646973
3.5771751403808594
1.999999987845058e-08
-7.5871710777282715
4.994500160217285
13.319249153137207
-1.999999987845058e-08
-4.381641864776611
2.72404146194458
12.9096097946167
1.999999987845058e-08
2.4476325511932373
-0.8282191157341003
6.492007732391357
-1.999999987845058e-08
3.005836009979248
-3.8178110122680664
0.8377682566642761
1.999999987845058e-08
-0.9468872547149658
-6.187369346618652
-2.3750662803649902
-1.999999987845058e-08
-1.6719404458999634
-7.068965911865234
-5.038276672363281
1.999999987845058e-08
2.9372026920318604
-5.657888889312744
-8.184192657470703
-1.999999987845058e-08
7.973471164703369
-0.8944689035415649
-8.0457124710083
1.999999987845058e-08
7.255918502807617
8.008942604064941
1.0989594459533691
-1.999999987845058e-08
-0.32246658205986023
17.475292205810547
17.379201889038086
1.999999987845058e-08
