0
-3.2772347927093506
-31.920618057250977
-39.82210922241211
1.999999987845058e-08
0.7277721762657166
-37.272979736328125
-38.93794250488281
-1.999999987845058e-08
-0.45837298035621643
-42.87401580810547
-37.666019439697266
1.999999987845058e-08
-3.0076522827148438
-33.79256057739258
-26.799936294555664
-1.999999987845058e-08
-0.6952419877052307
0.5793231725692749
4.986548900604248
1.999999987845058e-08
4.158080577850342
39.796485900878906
38.962459564208984
-1.999999987845058e-08
6.118596076965332
49.18423080444336
41.26566696166992
1.999999987845058e-08
4.855921268463135
24.174697875976562
11.340658187866211
-1.999999987845058e-08
1.6354676485061646
-0.30861490964889526
-11.63623046875
1.999999987845058e-08
6.118596076965332
49.18423080444336
41.26566696166992
-1.999999987845058e-08
4.855921268463135
24.174697875976562
11.340658187866211
1.999999987845058e-08
1.635467529296875
-0.30861493945121765
-11.63623046875
-1.999999987845058e-08
-3.0238733291625977
-2.6870367527008057
-8.699780464172363
1.999999987845058e-08
-7.76880407333374
-0.434533953666687
-4.01640510559082
-1.999999987845058e-08
-11.319868087768555
-7.0214033126831055
-13.653205871582031
1.999999987845058e-08
-14.137300491333008
-9.703550338745117
-21.539520263671875
-1.999999987845058e-08
-18.763565063476562
-3.628166913986206
-17.276878356933594
1.999999987845058e-08
-26.59122085571289
-4.89931058883667
-13.904911041259766
-1.999999987845058e-08
-33.113189697265625
-16.31324577331543
-17.266632080078125
1.999999987845058e-08
-13.046554565429688
-7.859067440032959
-11.769360542297363
-1.999999987845058e-08
-9.884514808654785
-14.670166969299316
-17.392311096191406
1.999999987845058e-08
-9.206295013427734
-12.792244911193848
-8.377047538757324
-1.999999987845058e-08
-6.591647148132324
0.7524209022521973
10.792450904846191
1.999999987845058e-08
-1.6542216539382935
7.873397350311279
15.125386238098145
-1.999999987845058e-08
3.226077079772949
-0.779427707195282
-2.6227593421936035
1.999999987845058e-08
4.322344779968262
-11.31707763671875
-19.83740997314453
-1.999999987845058e-08
-0.7239995002746582
-6.273771286010742
-13.445396423339844
1.999999987845058e-08
-8.883825302124023
12.221101760864258
12.285038948059082
-1.999999987845058e-08
-13.397294998168945
24.256061553955078
30.91289710998535
1.999999987845058e-08
-10.949317932128906
16.343303680419922
24.18412208557129
-1.999999987845058e-08
-6.021520137786865
-0.1461617797613144
4.831733226776123
1.999999987845058e-08
-6.18128776550293
-4.961236000061035
-1.491816520690918
-1.999999987845058e-08
-13.63003158569336
1.8399250507354736
7.679399013519287
1.999999987845058e-08
-23.589309692382812
5.6759819984436035
15.581774711608887
-1.999999987845058e-08
-29.198230743408203
3.556633472442627
17.051301956176758
1.999999987845058e-08
-26.906455993652344
4.492946624755859
20.972583770751953
-1.999999987845058e-08
-18.998882293701172
11.3192138671875
29.82391357421875
1.999999987845058e-08
-10.387150764465332
15.916986465454102
34.2524299621582
-1.999999987845058e-08
-3.786397695541382
11.902917861938477
27.975229263305664
1.999999987845058e-08
0.6334466934204102
3.385017156600952
17.392780303955078
-1.999999987845058e-08
3.3286497592926025
-3.395669937133789
9.70279312133789
1.999999987845058e-08
3.4475131034851074
-7.677209854125977
3.8886284828186035
-1.999999987845058e-08
-0.6643200516700745
-10.779948234558105
-0.6255820393562317
1.999999987845058e-08
-6.828402042388916
-12.520686149597168
0.1017405167222023
-1.999999987845058e-08
-8.293210983276367
-8.830453872680664
9.322479248046875
1.999999987845058e-08
-0.4146133065223694
1.3792250156402588
21.547739028930664
-1.999999987845058e-08
13.232433319091797
5.46586799621582
20.579042434692383
1.999999987845058e-08
23.530603408813477
-7.06129789352417
0.5088457465171814
-1.999999987845058e-08
26.064517974853516
-23.782445907592773
-20.188474655151367
1.999999987845058e-08
22.870208740234375
-25.97193717956543
-22.976903915405273
-1.999999987845058e-08
13.47909164428711
-13.19524097442627
-10.388898849487305
1.999999987845058e-08
-3.274326801300049
1.478962779045105
5.083743095397949
-1.999999987845058e-08
-19.514331817626953
7.236495018005371
13.857583999633789
1.999999987845058e-08
-23.641450881958008
1.7763781547546387
11.087747573852539
-1.999999987845058e-08
-13.879201889038086
-7.665245532989502
1.0884735584259033
1.999999987845058e-08
0.5716262459754944
-10.521549224853516
-4.643517971038818
-1.999999987845058e-08
9.0657377243042
-7.894917011260986
-4.442694187164307
1.999999987845058e-08
8.260950088500977
-12.053106307983398
-9.868017196655273
-1.999999987845058e-08
3.642739772796631
-22.45846176147461
-21.652788162231445
1.999999987845058e-08
2.2724266052246094
-23.409208297729492
-24.53205108642578
-1.999999987845058e-08
4.564761161804199
-13.64282512664795
-16.151203155517578
1.999999987845058e-08
5.254971981048584
-7.645359516143799
-9.856454849243164
-1.999999987845058e-08
1.915963888168335
-6.2042036056518555
-6.053417682647705
1.999999987845058e-08
-1.7064788341522217
0.20764894783496857
3.9005675315856934
-1.999999987845058e-08
-1.961176872253418
7.536598205566406
13.753140449523926
1.999999987845058e-08
0.3643682301044464
7.314245700836182
13.958894729614258
-1.999999987845058e-08
2.76653790473938
2.9497475624084473
9.3609619140625
1.999999987845058e-08
4.253324508666992
-2.455336093902588
3.9875361919403076
-1.999999987845058e-08
5.774777412414551
-11.601430892944336
-5.9325056076049805
1.999999987845058e-08
7.694497108459473
-17.989248275756836
-14.343976020812988
-1.999999987845058e-08
8.313915252685547
-14.27159595489502
-13.100513458251953
1.999999987845058e-08
7.382659435272217
-11.7517671585083
-13.670701026916504
-1.999999987845058e-08
7.494909286499023
-18.757978439331055
-25.09284782409668
1.999999987845058e-08
9.594433784484863
-17.772377014160156
-28.04633903503418
-1.999999987845058e-08
10.284730911254883
1.3775737285614014
-9.126605033874512
1.999999987845058e-08
5.828361511230469
14.199532508850098
6.15040397644043
-1.999999987845058e-08
-0.9164391756057739
1.3424434661865234
-6.5279059410095215
1.999999987845058e-08
-2.4616503715515137
-14.48161792755127
-24.926626205444336
-1.999999987845058e-08
1.4666690826416016
-6.455273628234863
-16.359149932861328
1.999999987845058e-08
1.4666690826416016
-6.4552741050720215
-16.359149932861328
-1.999999987845058e-08
3.3925271034240723
8.556092262268066
4.135758399963379
1.999999987845058e-08
1.9418323040008545
0.27039608359336853
-0.3710368275642395
-1.999999987845058e-08
3.8141064643859863
-20.616281509399414
-22.773252487182617
1.999999987845058e-08
9.95776653289795
-22.73561668395996
-26.353302001953125
-1.999999987845058e-08
12.234841346740723
-8.846449851989746
-11.179605484008789
1.999999987845058e-08
6.482017993927002
-5.952540874481201
-9.102964401245117
-1.999999987845058e-08
-1.6755247116088867
-14.219466209411621
-20.814607620239258
1.999999987845058e-08
-6.513145446777344
-9.562677383422852
-14.854190826416016
-1.999999987845058e-08
-8.09631061553955
8.401256561279297
11.193089485168457
1.999999987845058e-08
-1.6755247116088867
-14.219466209411621
-20.814607620239258
-1.999999987845058e-08
-6.513145446777344
-9.562677383422852
-14.854190826416016
1.999999987845058e-08
-8.09631061553955
8.401256561279297
11.193089485168457
-1.999999987845058e-08
-7.694540023803711
13.782395362854004
23.036893844604492
1.999999987845058e-08
-5.447782039642334
1.1524317264556885
9.997222900390625
-1.999999987845058e-08
-1.9833520650863647
-4.70723819732666
2.1445865631103516
1.999999987845058e-08
1.348309874534607
5.079960346221924
12.591697692871094
-1.999999987845058e-08
3.9903922080993652
5.292985916137695
11.639065742492676
1.999999987845058e-08
6.83169412612915
-14.368913650512695
-14.422895431518555
-1.999999987845058e-08
9.477587699890137
-21.402450561523438
-26.79926300048828
1.999999987845058e-08
6.261883735656738
11.804754257202148
5.8375420570373535
-1.999999987845058e-08
3.6987979412078857
20.46986198425293
17.01758575439453
1.999999987845058e-08
4.690971851348877
19.021650314331055
17.43796730041504
-1.999999987845058e-08
6.899435997009277
12.234868049621582
8.754870414733887
1.999999987845058e-08
6.361576080322266
12.040216445922852
5.999744415283203
-1.999999987845058e-08
1.202336072921753
14.549985885620117
8.567630767822266
1.999999987845058e-08
-6.6740827560424805
11.416877746582031
7.5494866371154785
-1.999999987845058e-08
-11.235422134399414
3.4659500122070312
1.6224092245101929
1.999999987845058e-08
-7.859139442443848
-5.457205772399902
-6.3640546798706055
-1.999999987845058e-08
-1.1393771171569824
-12.985349655151367
-13.708219528198242
1.999999987845058e-08
-1.3224188089370728
-17.54151153564453
-17.760908126831055
-1.999999987845058e-08
-10.977862358093262
-20.03491973876953
-18.522024154663086
1.999999987845058e-08
-21.821937561035156
-18.414752960205078
-13.490926742553711
-1.999999987845058e-08
-25.49720001220703
-7.522156715393066
2.84558367729187
1.999999987845058e-08
-21.03489112854004
3.9398610591888428
20.012760162353516
-1.999999987845058e-08
-12.147140502929688
-4.166085243225098
13.04677963256836
1.999999987845058e-08
-1.8704380989074707
-31.45294952392578
-20.446670532226562
-1.999999987845058e-08
7.75747013092041
-50.96217346191406
-49.631900787353516
1.999999987845058e-08
13.218759536743164
-46.168128967285156
-50.71892547607422
-1.999999987845058e-08
13.222151756286621
-31.246673583984375
-35.17961502075195
1.999999987845058e-08
11.767168045043945
-24.841691970825195
-26.315475463867188
-1.999999987845058e-08
11.099966049194336
-25.926973342895508
-28.000436782836914
1.999999987845058e-08
7.986956596374512
-23.99274444580078
-27.656450271606445
-1.999999987845058e-08
0.4063224196434021
-16.581050872802734
-18.30352020263672
1.999999987845058e-08
-8.913222312927246
-10.851849555969238
-8.679887771606445
-1.999999987845058e-08
-14.710555076599121
-13.80571460723877
-10.804777145385742
1.999999987845058e-08
-12.155129432678223
-22.584571838378906
-21.886932373046875
-1.999999987845058e-08
-3.0708682537078857
-28.08549690246582
-29.06385040283203
1.999999987845058e-08
3.4867560863494873
-31.116151809692383
-33.16555404663086
-1.999999987845058e-08
2.2789041996002197
-40.629905700683594
-46.268898010253906
1.999999987845058e-08
2.2789041996002197
-40.629905700683594
-46.268898010253906
-1.999999987845058e-08
-1.8900848627090454
-50.221412658691406
-60.42377471923828
1.999999987845058e-08
-1.0195269584655762
-44.72722625732422
-55.78140640258789
-1.999999987845058e-08
5.910425186157227
-34.87882614135742
-44.975677490234375
1.999999987845058e-08
11.52838134765625
-45.229671478271484
-59.00017547607422
-1.999999987845058e-08
10.272314071655273
-63.93497085571289
-83.94328308105469
1.999999987845058e-08
5.182425022125244
-53.99440002441406
-73.05048370361328
-1.999999987845058e-08
1.516871452331543
-19.81885528564453
-30.312528610229492
1.999999987845058e-08
-0.3164464831352234
-4.402902603149414
-10.299016952514648
-1.999999987845058e-08
-1.0889573097229004
-15.038529396057129
-25.20078468322754
1.999999987845058e-08
-1.0889573097229004
-15.038529396057129
-25.20078468322754
-1.999999987845058e-08
2.1418182849884033
-15.627315521240234
-30.437368392944336
1.999999987845058e-08
8.96436882019043
4.810354709625244
-8.172229766845703
-1.999999987845058e-08
10.629495620727539
17.61982536315918
9.512622833251953
1.999999987845058e-08
2.451376438140869
10.9450101852417
5.45109748840332
-1.999999987845058e-08
-7.947511672973633
9.044715881347656
5.274566173553467
1.999999987845058e-08
-12.341656684875488
26.63142204284668
27.895301818847656
-1.999999987845058e-08
-11.562883377075195
42.78929901123047
50.256263732910156
1.999999987845058e-08
-9.448254585266113
37.163917541503906
45.52125549316406
-1.999999987845058e-08
-7.317860126495361
25.195436477661133
29.85348129272461
1.999999987845058e-08
-10.922115325927734
57.37794494628906
73.43408966064453
-1.999999987845058e-08
-9.359025001525879
48.492156982421875
64.97724914550781
1.999999987845058e-08
-5.764646053314209
44.57610321044922
58.989410400390625
-1.999999987845058e-08
-4.530299663543701
53.28844451904297
68.560302734375
1.999999987845058e-08
-6.685322284698486
64.74144744873047
84.82417297363281
-1.999999987845058e-08
-9.393860816955566
69.42156982421875
94.90504455566406
1.999999987845058e-08
-9.426411628723145
66.90338897705078
95.70793151855469
-1.999999987845058e-08
-5.473232746124268
62.41807556152344
93.50062561035156
1.999999987845058e-08
1.754002332687378
59.542144775390625
93.43303680419922
-1.999999987845058e-08
9.719839096069336
56.02702713012695
90.98249053955078
1.999999987845058e-08
9.719839096069336
56.02702713012695
90.98249053955078
-1.999999987845058e-08
13.547987937927246
49.463226318359375
80.98477172851562
1.999999987845058e-08
9.348251342773438
44.774391174316406
71.54942321777344
-1.999999987845058e-08
0.02139526605606079
48.92560577392578
75.8918685913086
1.999999987845058e-08
-6.725803375244141
58.054527282714844
90.45292663574219
-1.999999987845058e-08
-6.1779465675354
59.03626251220703
95.65951538085938
1.999999987845058e-08
0.5249354243278503
47.793182373046875
83.21996307373047
-1.999999987845058e-08
9.043511390686035
35.627845764160156
67.00216674804688
1.999999987845058e-08
15.460051536560059
32.49839782714844
60.613616943359375
-1.999999987845058e-08
17.915973663330078
35.87779235839844
61.50660705566406
1.999999987845058e-08
17.915973663330078
35.87779235839844
61.50660705566406
-1.999999987845058e-08
16.223976135253906
38.218544006347656
60.55473327636719
1.999999987845058e-08
11.374991416931152
36.467960357666016
55.133358001708984
-1.999999987845058e-08
5.509575843811035
34.29511642456055
51.895408630371094
1.999999987845058e-08
2.655296802520752
37.38667678833008
57.85679626464844
-1.999999987845058e-08
7.311832904815674
42.82561111450195
65.50166320800781
1.999999987845058e-08
19.438344955444336
34.83172607421875
52.564849853515625
-1.999999987845058e-08
32.06224822998047
6.433406829833984
12.819775581359863
1.999999987845058e-08
35.19186782836914
-16.58169937133789
-18.66153335571289
-1.999999987845058e-08
23.054975509643555
-5.315057754516602
-5.338407516479492
1.999999987845058e-08
-19.402193069458008
-0.8388910293579102
7.0344977378845215
-1.999999987845058e-08
-14.57270622253418
-0.33321788907051086
1.1408292055130005
1.999999987845058e-08
-11.444225311279297
21.962202072143555
22.46877670288086
-1.999999987845058e-08
-10.662481307983398
27.454200744628906
29.463245391845703
1.999999987845058e-08
-8.854497909545898
11.612980842590332
13.636751174926758
-1.999999987845058e-08
-5.7080607414245605
6.789637565612793
9.54659652709961
1.999999987845058e-08
-2.8739521503448486
20.939498901367188
26.5345401763916
-1.999999987845058e-08
0.23391272127628326
27.36556053161621
32.8869743347168
1.999999987845058e-08
6.786937713623047
12.725643157958984
10.707109451293945
-1.999999987845058e-08
14.669929504394531
-1.4067397117614746
-13.516948699951172
1.999999987845058e-08
14.669929504394531
-1.4067397117614746
-13.516948699951172
-1.999999987845058e-08
15.191838264465332
6.523933410644531
-8.344018936157227
1.999999987845058e-08
6.4336323738098145
24.872255325317383
15.686100006103516
-1.999999987845058e-08
-3.815399646759033
29.143199920654297
25.45366859436035
1.999999987845058e-08
-10.058064460754395
18.735305786132812
14.897472381591797
-1.999999987845058e-08
-11.683221817016602
12.870473861694336
5.785531997680664
1.999999987845058e-08
-7.9077301025390625
19.604833602905273
9.799219131469727
-1.999999987845058e-08
0.7939848899841309
23.32195472717285
11.36903190612793
1.999999987845058e-08
9.666818618774414
7.95855188369751
-6.895452499389648
-1.999999987845058e-08
12.374509811401367
-13.242526054382324
-30.499067306518555
1.999999987845058e-08
6.6126580238342285
-11.531039237976074
-26.681041717529297
-1.999999987845058e-08
-2.2761783599853516
11.37120246887207
4.316067218780518
1.999999987845058e-08
-4.264476299285889
20.56476593017578
21.562711715698242
-1.999999987845058e-08
3.8522496223449707
0.9863490462303162
2.1377527713775635
1.999999987845058e-08
12.852173805236816
-19.870254516601562
-24.107458114624023
-1.999999987845058e-08
12.644129753112793
-18.40695571899414
-23.616470336914062
1.999999987845058e-08
3.707584857940674
-11.500008583068848
-12.12096118927002
-1.999999987845058e-08
-5.6634368896484375
-24.112443923950195
-23.834394454956055
1.999999987845058e-08
-8.193212509155273
-42.53423309326172
-47.40559387207031
-1.999999987845058e-08
-4.349000930786133
-30.656600952148438
-36.57833480834961
1.999999987845058e-08
-5.6634368896484375
-24.112443923950195
-23.834394454956055
-1.999999987845058e-08
-8.193212509155273
-42.53423309326172
-47.40559387207031
1.999999987845058e-08
-4.349000930786133
-30.656600952148438
-36.57833480834961
-1.999999987845058e-08
-1.7818011045455933
5.7524027824401855
8.286810874938965
1.999999987845058e-08
-3.7543768882751465
11.990469932556152
21.081342697143555
-1.999999987845058e-08
-1.3331961631774902
-30.710649490356445
-29.605783462524414
1.999999987845058e-08
12.421835899353027
-66.55912017822266
-81.90194702148438
-1.999999987845058e-08
27.62653923034668
-56.180179595947266
-81.43116760253906
1.999999987845058e-08
31.251914978027344
-38.303985595703125
-65.0528335571289
-1.999999987845058e-08
24.251968383789062
-48.31873321533203
-75.64801025390625
1.999999987845058e-08
-12.023663520812988
-15.523097038269043
-24.862667083740234
-1.999999987845058e-08
-4.849975109100342
-37.6030158996582
-50.93428421020508
1.999999987845058e-08
1.2259682416915894
-36.13398742675781
-52.225589752197266
-1.999999987845058e-08
-1.6641463041305542
-28.929885864257812
-44.16814422607422
1.999999987845058e-08
-11.139878273010254
-37.228973388671875
-51.0667724609375
-1.999999987845058e-08
-19.467544555664062
-47.01311492919922
-60.43568420410156
1.999999987845058e-08
-22.26112937927246
-41.611900329589844
-54.482940673828125
-1.999999987845058e-08
-18.9705810546875
-30.539411544799805
-42.178611755371094
1.999999987845058e-08
-11.81924819946289
-31.4968318939209
-41.80391311645508
-1.999999987845058e-08
-4.9554548263549805
-47.15730667114258
-57.345699310302734
1.999999987845058e-08
6.202878952026367
-63.123939514160156
-79.1403579711914
-1.999999987845058e-08
12.781617164611816
-50.6871452331543
-68.12715148925781
1.999999987845058e-08
16.00592803955078
-46.72407150268555
-63.8175163269043
-1.999999987845058e-08
12.537616729736328
-57.249366760253906
-75.42603302001953
1.999999987845058e-08
5.485455513000488
-62.748924255371094
-83.2180404663086
-1.999999987845058e-08
1.585145115852356
-50.115596771240234
-70.65113067626953
1.999999987845058e-08
2.7573275566101074
-34.00569534301758
-52.540645599365234
-1.999999987845058e-08
5.765196323394775
-33.92128372192383
-52.987548828125
1.999999987845058e-08
7.706999778747559
-46.85279846191406
-71.07850646972656
-1.999999987845058e-08
6.593295574188232
-55.53716278076172
-85.0959243774414
1.999999987845058e-08
6.593295574188232
-55.53716278076172
-85.0959243774414
-1.999999987845058e-08
0.8788406252861023
-53.23689651489258
-82.64521789550781
1.999999987845058e-08
-8.079533576965332
-46.22657012939453
-70.2003173828125
-1.999999987845058e-08
-15.742493629455566
-39.145111083984375
-57.275169372558594
1.999999987845058e-08
-17.4431095123291
-33.35869216918945
-49.09419631958008
-1.999999987845058e-08
-12.142929077148438
-32.301815032958984
-49.874778747558594
1.999999987845058e-08
-4.463481426239014
-35.990909576416016
-58.12934875488281
-1.999999987845058e-08
-1.5537129640579224
-38.07353973388672
-64.02758026123047
1.999999987845058e-08
-5.15751314163208
-34.27934265136719
-60.554237365722656
-1.999999987845058e-08
-8.679675102233887
-27.92430305480957
-53.001365661621094
1.999999987845058e-08
-7.208600044250488
-2.12577486038208
-24.254606246948242
-1.999999987845058e-08
-15.421686172485352
11.39912223815918
-5.131202220916748
1.999999987845058e-08
-17.68294906616211
11.30947494506836
-2.181191921234131
-1.999999987845058e-08
-11.547334671020508
-1.8239225149154663
-15.114583015441895
1.999999987845058e-08
-5.6773810386657715
-13.68738842010498
-26.341331481933594
-1.999999987845058e-08
-6.637440204620361
-15.672714233398438
-27.08141326904297
1.999999987845058e-08
-12.156774520874023
-11.783267974853516
-24.0030460357666
-1.999999987845058e-08
-16.41530990600586
-8.594269752502441
-23.6149959564209
1.999999987845058e-08
-16.961200714111328
-7.992564678192139
-25.22896957397461
-1.999999987845058e-08
-16.748361587524414
-9.0031099319458
-26.588760375976562
1.999999987845058e-08
-16.961200714111328
-7.992564678192139
-25.22896957397461
-1.999999987845058e-08
-16.748361587524414
-9.0031099319458
-26.588760375976562
1.999999987845058e-08
-18.563520431518555
-11.09099006652832
-27.581743240356445
-1.999999987845058e-08
-19.539033889770508
-13.707879066467285
-28.88866424560547
1.999999987845058e-08
-16.12431526184082
-15.387478828430176
-30.81693458557129
-1.999999987845058e-08
-11.002206802368164
-16.28216552734375
-33.80550765991211
1.999999987845058e-08
-7.79044771194458
-19.223791122436523
-39.03043746948242
-1.999999987845058e-08
-4.3450236320495605
-24.754322052001953
-46.565032958984375
1.999999987845058e-08
0.40135568380355835
-29.05869483947754
-53.22703552246094
-1.999999987845058e-08
1.2615145444869995
-30.326709747314453
-56.562095642089844
1.999999987845058e-08
1.7715355157852173
-37.39431381225586
-70.5116195678711
-1.999999987845058e-08
10.848413467407227
-34.371402740478516
-68.9813461303711
1.999999987845058e-08
11.89624309539795
-19.052024841308594
-50.486114501953125
-1.999999987845058e-08
4.817371368408203
4.6447906494140625
-19.996845245361328
1.999999987845058e-08
-3.6138222217559814
22.075849533081055
3.9870097637176514
-1.999999987845058e-08
-7.076596736907959
24.676855087280273
10.500553131103516
1.999999987845058e-08
-3.535996437072754
21.628488540649414
11.062661170959473
-1.999999987845058e-08
1.4399012327194214
27.116018295288086
24.42490005493164
1.999999987845058e-08
0.8374597430229187
39.43309783935547
47.500404357910156
-1.999999987845058e-08
-3.3360466957092285
46.17784881591797
60.55478286743164
1.999999987845058e-08
1.4399012327194214
27.116018295288086
24.42490005493164
-1.999999987845058e-08
0.8374598026275635
39.43309783935547
47.500404357910156
1.999999987845058e-08
-3.3360466957092285
46.17784881591797
60.55478286743164
-1.999999987845058e-08
-3.7797837257385254
45.29037857055664
58.934879302978516
1.999999987845058e-08
0.28640809655189514
44.61854553222656
55.968589782714844
-1.999999987845058e-08
3.5189924240112305
47.1717529296875
59.5022087097168
1.999999987845058e-08
4.648217678070068
49.355735778808594
64.28822326660156
-1.999999987845058e-08
7.112812042236328
49.45699691772461
65.43806457519531
1.999999987845058e-08
9.920193672180176
50.4681396484375
66.78657531738281
-1.999999987845058e-08
7.369925498962402
55.94011688232422
74.0781478881836
1.999999987845058e-08
4.7469987869262695
95.97766876220703
127.90819549560547
-1.999999987845058e-08
15.404552459716797
88.02049255371094
119.60460662841797
1.999999987845058e-08
23.578384399414062
67.79920196533203
96.24143981933594
-1.999999987845058e-08
28.748315811157227
58.263282775878906
86.97465515136719
1.999999987845058e-08
28.862468719482422
65.91365051269531
100.676025390625
-1.999999987845058e-08
22.634023666381836
71.37732696533203
112.58158874511719
1.999999987845058e-08
16.22587776184082
64.38666534423828
106.1617431640625
-1.999999987845058e-08
15.23005485534668
61.05204391479492
98.94116973876953
1.999999987845058e-08
15.652596473693848
69.25346374511719
104.37796783447266
-1.999999987845058e-08
11.543253898620605
72.20841217041016
107.03594207763672
1.999999987845058e-08
11.543253898620605
72.20841217041016
107.03594207763672
-1.999999987845058e-08
4.568724632263184
64.8462905883789
101.11884307861328
1.999999987845058e-08
1.2026773691177368
64.21295928955078
104.65494537353516
-1.999999987845058e-08
5.337985038757324
68.66239929199219
112.88703155517578
1.999999987845058e-08
15.754100799560547
52.56072235107422
92.76323699951172
-1.999999987845058e-08
27.231807708740234
15.059188842773438
43.881229400634766
1.999999987845058e-08
30.164714813232422
-8.830254554748535
12.294878959655762
-1.999999987845058e-08
16.087278366088867
-1.52408766746521
22.532398223876953
1.999999987845058e-08
-7.853442668914795
11.866164207458496
43.56869888305664
-1.999999987845058e-08
-20.86252784729004
9.603767395019531
45.57849884033203
1.999999987845058e-08
-20.86252784729004
9.603767395019531
45.57849884033203
-1.999999987845058e-08
-13.394084930419922
2.970473289489746
40.12950897216797
1.999999987845058e-08
2.0331192016601562
1.6966856718063354
39.91862106323242
-1.999999987845058e-08
9.486602783203125
-3.618535041809082
34.55574035644531
1.999999987845058e-08
6.913532733917236
-10.898919105529785
25.94327735900879
-1.999999987845058e-08
1.5991337299346924
-5.972029209136963
31.288331985473633
1.999999987845058e-08
-0.6788461804389954
3.6031618118286133
42.624298095703125
-1.999999987845058e-08
2.3186075687408447
-1.899738073348999
35.37636947631836
1.999999987845058e-08
10.278820037841797
-17.895503997802734
12.365696907043457
-1.999999987845058e-08
18.063377380371094
-26.939138412475586
-6.048763751983643
1.999999987845058e-08
-8.615950584411621
-19.892854690551758
-7.302368640899658
-1.999999987845058e-08
-6.295002460479736
-11.790746688842773
6.358251094818115
1.999999987845058e-08
-0.8715269565582275
-13.440497398376465
3.086092472076416
-1.999999987845058e-08
1.6349245309829712
-16.629819869995117
-6.499654769897461
1.999999987845058e-08
-0.8417973518371582
-17.759714126586914
-12.503022193908691
-1.999999987845058e-08
-5.0766072273254395
-22.256948471069336
-18.08072280883789
1.999999987845058e-08
-8.693653106689453
-25.465702056884766
-18.626028060913086
-1.999999987845058e-08
-11.475666046142578
-18.815353393554688
-6.054593563079834
1.999999987845058e-08
-11.69699764251709
-10.939553260803223
6.568193435668945
-1.999999987845058e-08
-7.441903114318848
-13.775928497314453
2.1618049144744873
1.999999987845058e-08
-8.693653106689453
-25.465702056884766
-18.626028060913086
-1.999999987845058e-08
-11.475666046142578
-18.815353393554688
-6.054593563079834
1.999999987845058e-08
-11.69699764251709
-10.939553260803223
6.568193435668945
-1.999999987845058e-08
-7.441903114318848
-13.775928497314453
2.1618049144744873
1.999999987845058e-08
0.741287887096405
-18.217849731445312
-7.350269317626953
-1.999999987845058e-08
8.960542678833008
-10.14681625366211
0.2631223797798157
1.999999987845058e-08
10.887518882751465
-1.1110870838165283
13.909846305847168
-1.999999987845058e-08
4.056819438934326
-11.432480812072754
5.041518211364746
1.999999987845058e-08
-5.927403926849365
-27.392498016357422
-14.326761245727539
-1.999999987845058e-08
-12.293892860412598
-19.4499454498291
-6.3502583503723145
1.999999987845058e-08
-10.542496681213379
-34.122802734375
-19.771329879760742
-1.999999987845058e-08
-6.25287389755249
-33.40989685058594
-23.216569900512695
1.999999987845058e-08
-5.864921569824219
-6.213568687438965
5.61452579498291
-1.999999987845058e-08
-8.808181762695312
0.4804665148258209
12.780867576599121
1.999999987845058e-08
-9.106157302856445
-20.949066162109375
-12.939878463745117
-1.999999987845058e-08
-4.681954383850098
-26.90146827697754
-21.26986312866211
1.999999987845058e-08
-2.1730740070343018
-4.157969951629639
5.178462982177734
-1.999999987845058e-08
-7.947910308837891
7.336497783660889
20.350318908691406
1.999999987845058e-08
-16.095821380615234
-12.161605834960938
-2.027334690093994
-1.999999987845058e-08
-15.435555458068848
-27.857763290405273
-23.844146728515625
1.999999987845058e-08
-7.5586442947387695
-11.772798538208008
-9.627625465393066
-1.999999987845058e-08
-4.373286247253418
11.793540954589844
16.132112503051758
1.999999987845058e-08
-8.491772651672363
9.947243690490723
14.661029815673828
-1.999999987845058e-08
-10.216301918029785
-8.647194862365723
-6.072018623352051
1.999999987845058e-08
-4.5038886070251465
-16.555696487426758
-14.575594902038574
-1.999999987845058e-08
2.5391035079956055
-12.02221393585205
-9.309151649475098
1.999999987845058e-08
5.396505355834961
-13.716683387756348
-13.060729026794434
-1.999999987845058e-08
5.19136905670166
-25.316465377807617
-29.152278900146484
1.999999987845058e-08
3.2086446285247803
-28.73293113708496
-34.25375747680664
-1.999999987845058e-08
-2.106804609298706
-14.911141395568848
-17.158405303955078
1.999999987845058e-08
-9.976675033569336
-2.4129273891448975
-0.3828679621219635
-1.999999987845058e-08
-14.408369064331055
-11.22856616973877
-9.011528015136719
1.999999987845058e-08
-10.911245346069336
-31.933286666870117
-34.68694305419922
-1.999999987845058e-08
-3.913954257965088
-40.341556549072266
-49.40884780883789
1.999999987845058e-08
-1.0694670677185059
-32.663761138916016
-44.50339126586914
-1.999999987845058e-08
-2.532331705093384
-24.131072998046875
-34.520347595214844
1.999999987845058e-08
-2.705653429031372
-21.592988967895508
-29.52143096923828
-1.999999987845058e-08
-0.6082367897033691
-17.972305297851562
-23.79948616027832
1.999999987845058e-08
-1.7188092470169067
-8.911613464355469
-10.825119972229004
-1.999999987845058e-08
-7.158968448638916
-2.648620128631592
0.8539987802505493
1.999999987845058e-08
-9.02699089050293
-10.016040802001953
-5.258874893188477
-1.999999987845058e-08
-1.716673493385315
-26.880537033081055
-28.445104598999023
1.999999987845058e-08
9.995413780212402
-36.42594528198242
-47.210174560546875
-1.999999987845058e-08
15.991135597229004
-30.168655395507812
-45.4403076171875
1.999999987845058e-08
9.862737655639648
-17.462753295898438
-28.992496490478516
-1.999999987845058e-08
-4.029728889465332
-13.176887512207031
-15.54371166229248
1.999999987845058e-08
-12.57640552520752
-20.922609329223633
-16.55234718322754
-1.999999987845058e-08
-8.094375610351562
-30.87504768371582
-28.772266387939453
1.999999987845058e-08
1.6623390913009644
-33.36281967163086
-40.04966735839844
-1.999999987845058e-08
4.3624138832092285
-29.192243576049805
-42.69354248046875
1.999999987845058e-08
-0.3167979121208191
-22.100494384765625
-36.56840515136719
-1.999999987845058e-08
-4.102818965911865
-11.912898063659668
-23.629222869873047
1.999999987845058e-08
-3.434331178665161
-4.845239162445068
-12.9702730178833
-1.999999987845058e-08
-0.07772660255432129
-11.685319900512695
-18.640661239624023
1.999999987845058e-08
4.210273742675781
-26.58108901977539
-37.585166931152344
-1.999999987845058e-08
6.759875297546387
-31.97103500366211
-50.120811462402344
1.999999987845058e-08
4.262258529663086
-26.713876724243164
-49.81611251831055
-1.999999987845058e-08
-1.6034255027770996
-24.005037307739258
-48.71754837036133
1.999999987845058e-08
-4.2046027183532715
-25.50921058654785
-52.071895599365234
-1.999999987845058e-08
0.07957640290260315
-22.983821868896484
-53.76692199707031
1.999999987845058e-08
6.841559410095215
-18.255725860595703
-53.90178298950195
-1.999999987845058e-08
8.614336967468262
-19.258607864379883
-58.12004470825195
1.999999987845058e-08
3.7128541469573975
-21.953298568725586
-61.27463912963867
-1.999999987845058e-08
-3.5070459842681885
-14.267241477966309
-49.983821868896484
1.999999987845058e-08
-7.708309650421143
-0.7748921513557434
-30.132614135742188
-1.999999987845058e-08
-4.672195911407471
-2.765890598297119
-29.291248321533203
1.999999987845058e-08
5.233799457550049
-21.111364364624023
-51.37031173706055
-1.999999987845058e-08
14.875533103942871
-28.23883056640625
-63.302616119384766
1.999999987845058e-08
16.634479522705078
-13.822464942932129
-50.41211700439453
-1.999999987845058e-08
9.737711906433105
-2.5142619609832764
-40.28249740600586
1.999999987845058e-08
-5.543977737426758
-6.200311183929443
-41.166526794433594
-1.999999987845058e-08
-5.531857967376709
14.094244956970215
-9.146535873413086
1.999999987845058e-08
-2.5857932567596436
25.8502254486084
10.828200340270996
-1.999999987845058e-08
1.8519805669784546
9.128764152526855
-10.016020774841309
1.999999987845058e-08
7.002845764160156
-8.67363166809082
-36.886444091796875
-1.999999987845058e-08
8.012127876281738
1.282632827758789
-28.732309341430664
1.999999987845058e-08
0.4769189953804016
20.458139419555664
-5.612980842590332
-1.999999987845058e-08
-10.394743919372559
21.330400466918945
-4.816134452819824
1.999999987845058e-08
-14.328194618225098
16.884939193725586
-13.731037139892578
-1.999999987845058e-08
-10.036858558654785
29.02070426940918
-2.482994318008423
1.999999987845058e-08
-10.036858558654785
29.02070426940918
-2.482994556427002
-1.999999987845058e-08
-5.7697930335998535
43.44986343383789
16.082122802734375
1.999999987845058e-08
-6.1964640617370605
36.911529541015625
12.555562019348145
-1.999999987845058e-08
-7.614394187927246
20.91001319885254
-2.8623385429382324
1.999999987845058e-08
-7.457870006561279
22.371723175048828
2.139633893966675
-1.999999987845058e-08
-9.1721773147583
39.54368209838867
26.387062072753906
1.999999987845058e-08
-13.262626647949219
48.2232666015625
38.20581817626953
-1.999999987845058e-08
-13.846650123596191
42.16387939453125
28.273609161376953
1.999999987845058e-08
-9.281754493713379
39.061275482177734
22.4196834564209
-1.999999987845058e-08
-5.590210914611816
47.751609802246094
35.96073913574219
1.999999987845058e-08
-5.590210914611816
47.751609802246094
35.96073913574219
-1.999999987845058e-08
-6.372848033905029
55.20430374145508
49.82945251464844
1.999999987845058e-08
-8.686201095581055
50.97065353393555
45.739742279052734
-1.999999987845058e-08
-8.478785514831543
42.011756896972656
33.23828887939453
1.999999987845058e-08
-4.703392028808594
37.91123962402344
28.14199447631836
-1.999999987845058e-08
-0.24863457679748535
37.9437255859375
29.69661521911621
1.999999987845058e-08
0.8285545110702515
36.46859359741211
29.267080307006836
-1.999999987845058e-08
-1.7583647966384888
33.952850341796875
27.430612564086914
1.999999987845058e-08
-4.022573471069336
36.88803482055664
32.05236053466797
-1.999999987845058e-08
-2.5751352310180664
45.538002014160156
42.34018325805664
1.999999987845058e-08
1.380459189414978
50.67585372924805
46.996097564697266
-1.999999987845058e-08
4.186190605163574
48.642730712890625
42.782630920410156
1.999999987845058e-08
4.8536529541015625
47.63576126098633
40.47361373901367
-1.999999987845058e-08
6.119192600250244
49.847442626953125
43.16368865966797
1.999999987845058e-08
11.046903610229492
43.48212814331055
36.882102966308594
-1.999999987845058e-08
19.717849731445312
23.261201858520508
13.610077857971191
1.999999987845058e-08
27.33847999572754
3.2005372047424316
-12.464834213256836
-1.999999987845058e-08
26.64834213256836
0.7588778734207153
-19.171798706054688
1.999999987845058e-08
16.331165313720703
15.08801555633545
-2.5966386795043945
-1.999999987845058e-08
4.273483753204346
25.71495819091797
14.290801048278809
1.999999987845058e-08
0.25849899649620056
-0.014009146951138973
-11.099609375
-1.999999987845058e-08
0.972783625125885
-4.332851409912109
-16.993249893188477
1.999999987845058e-08
-3.2617621421813965
2.766618251800537
-7.882215976715088
-1.999999987845058e-08
-9.887553215026855
6.184271812438965
-2.359675884246826
1.999999987845058e-08
-13.087855339050293
6.224882125854492
-1.3417614698410034
-1.999999987845058e-08
-9.696413040161133
11.50314998626709
6.292780876159668
1.999999987845058e-08
-3.514817953109741
15.379597663879395
13.781255722045898
-1.999999987845058e-08
-0.1751396805047989
4.4673967361450195
4.395044326782227
1.999999987845058e-08
-0.7178706526756287
-14.5689697265625
-15.714197158813477
-1.999999987845058e-08
-4.72751522064209
-19.24280548095703
-19.60662841796875
1.999999987845058e-08
-0.7178706526756287
-14.5689697265625
-15.714197158813477
-1.999999987845058e-08
-4.72751522064209
-19.24280548095703
-19.60662841796875
1.999999987845058e-08
-10.828169822692871
-7.703546047210693
-3.388469934463501
-1.999999987845058e-08
-14.160501480102539
-4.240466594696045
3.0164358615875244
1.999999987845058e-08
-11.519661903381348
-17.09696388244629
-13.245728492736816
-1.999999987845058e-08
-5.425439357757568
-24.277568817138672
-24.87224578857422
1.999999987845058e-08
-0.28394535183906555
-15.211385726928711
-14.65807819366455
-1.999999987845058e-08
2.0118279457092285
-10.935457229614258
-7.405807018280029
1.999999987845058e-08
3.4778354167938232
-26.92737579345703
-25.961620330810547
-1.999999987845058e-08
7.355908393859863
-45.07320022583008
-50.33511734008789
1.999999987845058e-08
9.610329627990723
-32.66794204711914
-44.85316467285156
-1.999999987845058e-08
7.782837867736816
-51.24982833862305
-67.89936065673828
1.999999987845058e-08
8.603435516357422
-56.80381774902344
-72.70681762695312
-1.999999987845058e-08
5.131357192993164
-45.28649139404297
-56.058502197265625
1.999999987845058e-08
-4.830734729766846
-43.09096145629883
-52.4571533203125
-1.999999987845058e-08
-12.31963062286377
-56.14668273925781
-69.75892639160156
1.999999987845058e-08
-9.993660926818848
-58.23526382446289
-73.9288101196289
-1.999999987845058e-08
-3.7542271614074707
-41.65660858154297
-53.1231803894043
1.999999987845058e-08
-2.763187885284424
-32.13325119018555
-39.31792449951172
-1.999999987845058e-08
-3.7140614986419678
-41.05681228637695
-49.86399459838867
1.999999987845058e-08
2.9861056804656982
-48.416099548339844
-62.292301177978516
-1.999999987845058e-08
16.01723861694336
-43.24304962158203
-60.940528869628906
1.999999987845058e-08
24.31928062438965
-39.6279296875
-59.95073318481445
-1.999999987845058e-08
21.7758731842041
-45.310569763183594
-68.50111389160156
1.999999987845058e-08
12.196776390075684
-48.74263381958008
-72.66188049316406
-1.999999987845058e-08
3.4499428272247314
-41.97433090209961
-61.61355209350586
1.999999987845058e-08
1.7282966375350952
-33.283538818359375
-46.355621337890625
-1.999999987845058e-08
7.27891206741333
-33.61288070678711
-43.82514572143555
1.999999987845058e-08
13.205629348754883
-40.046382904052734
-51.81541061401367
-1.999999987845058e-08
12.686199188232422
-38.8134880065918
-50.77055358886719
1.999999987845058e-08
6.737035751342773
-25.175342559814453
-32.93245315551758
-1.999999987845058e-08
1.7250908613204956
-11.123900413513184
-15.033086776733398
1.999999987845058e-08
1.3641095161437988
-7.557309627532959
-12.940691947937012
-1.999999987845058e-08
3.5542633533477783
-10.247961044311523
-20.09981346130371
1.999999987845058e-08
3.9526405334472656
-11.301441192626953
-22.854141235351562
-1.999999987845058e-08
0.027619143947958946
-10.805420875549316
-19.62371253967285
1.999999987845058e-08
-6.3513407707214355
-10.50918197631836
-15.564294815063477
-1.999999987845058e-08
-8.363790512084961
-9.387796401977539
-13.147193908691406
1.999999987845058e-08
-1.5317684412002563
-7.509942531585693
-11.252785682678223
-1.999999987845058e-08
8.437576293945312
-6.110289096832275
-7.488903522491455
1.999999987845058e-08
8.437576293945312
-6.110289096832275
-7.488903522491455
-1.999999987845058e-08
11.207196235656738
-5.971046447753906
-2.9619364738464355
1.999999987845058e-08
3.579479217529297
-8.361034393310547
-2.777975559234619
-1.999999987845058e-08
-7.376003742218018
-13.47658634185791
-8.414657592773438
1.999999987845058e-08
-11.25268268585205
-17.988401412963867
-14.769920349121094
-1.999999987845058e-08
-5.3455281257629395
-17.956125259399414
-17.168973922729492
1.999999987845058e-08
