0
-16.541484832763672
8.810022222860425e-08
8.810022222860425e-08
8.810022222860425e-08
51.821678161621094
4.0944307500012656e-08
4.0944307500012656e-08
4.0944307500012656e-08
84.04167938232422
7.466515228315984e-08
7.466515228315984e-08
7.466515228315984e-08
74.39815521240234
3.494466938036567e-08
3.494466938036567e-08
3.494466938036567e-08
53.9700927734375
6.90059209773608e-08
6.90059209773608e-08
6.90059209773608e-08
18.967283248901367
2.032103907367855e-08
2.032103907367855e-08
2.032103907367855e-08
-37.17403793334961
4.1181607457474456e-08
4.1181607457474456e-08
4.1181607457474456e-08
-67.75663757324219
-3.506894685756379e-08
-3.506894685756379e-08
-3.506894685756379e-08
-30.909807205200195
-3.163403761163863e-08
-3.163403761163863e-08
-3.163403761163863e-08
-37.17403793334961
3.932937886474974e-08
3.932937886474974e-08
3.932937886474974e-08
-67.75663757324219
8.810022222860425e-08
8.810022222860425e-08
8.810022222860425e-08
-30.909807205200195
4.0944307500012656e-08
4.0944307500012656e-08
4.0944307500012656e-08
35.40819549560547
7.466515228315984e-08
7.466515228315984e-08
7.466515228315984e-08
57.844581604003906
3.494466938036567e-08
3.494466938036567e-08
3.494466938036567e-08
36.41346740722656
6.90059209773608e-08
6.90059209773608e-08
6.90059209773608e-08
18.483808517456055
2.032103907367855e-08
2.032103907367855e-08
2.032103907367855e-08
-10.217264175415039
4.1181607457474456e-08
4.1181607457474456e-08
4.1181607457474456e-08
-74.77635955810547
-3.506894685756379e-08
-3.506894685756379e-08
-3.506894685756379e-08
-119.05001068115234
-3.163403761163863e-08
-3.163403761163863e-08
-3.163403761163863e-08
-86.42609405517578
3.932937886474974e-08
3.932937886474974e-08
3.932937886474974e-08
-6.972658634185791
8.810022222860425e-08
8.810022222860425e-08
8.810022222860425e-08
59.1400146484375
4.0944307500012656e-08
4.0944307500012656e-08
4.0944307500012656e-08
88.82299041748047
7.466515228315984e-08
7.466515228315984e-08
7.466515228315984e-08
84.7119140625
3.494466938036567e-08
3.494466938036567e-08
3.494466938036567e-08
47.276832580566406
6.90059209773608e-08
6.90059209773608e-08
6.90059209773608e-08
-15.995038986206055
2.032103907367855e-08
2.032103907367855e-08
2.032103907367855e-08
-69.05866241455078
4.1181607457474456e-08
4.1181607457474456e-08
4.1181607457474456e-08
-69.65758514404297
-3.506894685756379e-08
-3.506894685756379e-08
-3.506894685756379e-08
-18.6945743560791
-3.163403761163863e-08
-3.163403761163863e-08
-3.163403761163863e-08
2.4955482482910156
3.932937886474974e-08
3.932937886474974e-08
3.932937886474974e-08
-35.87901306152344
8.810022222860425e-08
8.810022222860425e-08
8.810022222860425e-08
-51.54290771484375
4.0944307500012656e-08
4.0944307500012656e-08
4.0944307500012656e-08
-55.11258316040039
7.466515228315984e-08
7.466515228315984e-08
7.466515228315984e-08
-46.96369171142578
3.494466938036567e-08
3.494466938036567e-08
3.494466938036567e-08
-0.5293788313865662
6.90059209773608e-08
6.90059209773608e-08
6.90059209773608e-08
56.82106399536133
2.032103907367855e-08
2.032103907367855e-08
2.032103907367855e-08
55.47422790527344
4.1181607457474456e-08
4.1181607457474456e-08
4.1181607457474456e-08
2.7071781158447266
-3.506894685756379e-08
-3.506894685756379e-08
-3.506894685756379e-08
-31.107738494873047
-3.163403761163863e-08
-3.163403761163863e-08
-3.163403761163863e-08
56.82106399536133
3.932937886474974e-08
3.932937886474974e-08
3.932937886474974e-08
55.47422790527344
8.810022222860425e-08
8.810022222860425e-08
8.810022222860425e-08
2.7071781158447266
4.0944307500012656e-08
4.0944307500012656e-08
4.0944307500012656e-08
-31.107738494873047
7.466515228315984e-08
7.466515228315984e-08
7.466515228315984e-08
-31.18895721435547
3.494466938036567e-08
3.494466938036567e-08
3.494466938036567e-08
-34.13737487792969
6.90059209773608e-08
6.90059209773608e-08
6.90059209773608e-08
-31.870250701904297
2.032103907367855e-08
2.032103907367855e-08
2.032103907367855e-08
9.047133445739746
4.1181607457474456e-08
4.1181607457474456e-08
4.1181607457474456e-08
62.8913459777832
-3.506894685756379e-08
-3.506894685756379e-08
-3.506894685756379e-08
80.67344665527344
-3.163403761163863e-08
-3.163403761163863e-08
-3.163403761163863e-08
-34.82011032104492
3.932937886474974e-08
3.932937886474974e-08
3.932937886474974e-08
-46.7815055847168
8.810022222860425e-08
8.810022222860425e-08
8.810022222860425e-08
-33.6304817199707
4.0944307500012656e-08
4.0944307500012656e-08
4.0944307500012656e-08
0.7930312752723694
7.466515228315984e-08
7.466515228315984e-08
7.466515228315984e-08
42.84919738769531
3.494466938036567e-08
3.494466938036567e-08
3.494466938036567e-08
56.496185302734375
6.90059209773608e-08
6.90059209773608e-08
6.90059209773608e-08
36.517520904541016
2.032103907367855e-08
2.032103907367855e-08
2.032103907367855e-08
10.247401237487793
4.1181607457474456e-08
4.1181607457474456e-08
4.1181607457474456e-08
-15.537034034729004
-3.506894685756379e-08
-3.506894685756379e-08
-3.506894685756379e-08
-39.11411666870117
-3.163403761163863e-08
-3.163403761163863e-08
-3.163403761163863e-08
14.989821434020996
3.932937886474974e-08
3.932937886474974e-08
3.932937886474974e-08
19.748022079467773
8.810022222860425e-08
8.810022222860425e-08
8.810022222860425e-08
22.02151107788086
4.0944307500012656e-08
4.0944307500012656e-08
4.0944307500012656e-08
16.256216049194336
7.466515228315984e-08
7.466515228315984e-08
7.466515228315984e-08
-12.359723091125488
3.494466938036567e-08
3.494466938036567e-08
3.494466938036567e-08
-33.26388168334961
6.90059209773608e-08
6.90059209773608e-08
6.90059209773608e-08
-11.004594802856445
2.032103907367855e-08
2.032103907367855e-08
2.032103907367855e-08
23.9923152923584
4.1181607457474456e-08
4.1181607457474456e-08
4.1181607457474456e-08
30.247411727905273
-3.506894685756379e-08
-3.506894685756379e-08
-3.506894685756379e-08
19.11199188232422
-3.163403761163863e-08
-3.163403761163863e-08
-3.163403761163863e-08
30.247411727905273
3.932937886474974e-08
3.932937886474974e-08
3.932937886474974e-08
19.11199188232422
8.810022222860425e-08
8.810022222860425e-08
8.810022222860425e-08
9.794800758361816
4.0944307500012656e-08
4.0944307500012656e-08
4.0944307500012656e-08
1.6170923709869385
7.466515228315984e-08
7.466515228315984e-08
7.466515228315984e-08
-8.288490295410156
3.494466938036567e-08
3.494466938036567e-08
3.494466938036567e-08
-28.1562557220459
6.90059209773608e-08
6.90059209773608e-08
6.90059209773608e-08
-57.66897964477539
2.032103907367855e-08
2.032103907367855e-08
2.032103907367855e-08
-62.51231384277344
4.1181607457474456e-08
4.1181607457474456e-08
4.1181607457474456e-08
-9.583124160766602
-3.506894685756379e-08
-3.506894685756379e-08
-3.506894685756379e-08
64.74425506591797
-3.163403761163863e-08
-3.163403761163863e-08
-3.163403761163863e-08
-58.85206985473633
3.932937886474974e-08
3.932937886474974e-08
3.932937886474974e-08
-56.05812072753906
8.810022222860425e-08
8.810022222860425e-08
8.810022222860425e-08
-38.583980560302734
4.0944307500012656e-08
4.0944307500012656e-08
4.0944307500012656e-08
-5.773594856262207
7.466515228315984e-08
7.466515228315984e-08
7.466515228315984e-08
34.89692687988281
3.494466938036567e-08
3.494466938036567e-08
3.494466938036567e-08
59.44697189331055
6.90059209773608e-08
6.90059209773608e-08
6.90059209773608e-08
59.43708419799805
2.032103907367855e-08
2.032103907367855e-08
2.032103907367855e-08
33.69111633300781
4.1181607457474456e-08
4.1181607457474456e-08
4.1181607457474456e-08
-16.511037826538086
-3.506894685756379e-08
-3.506894685756379e-08
-3.506894685756379e-08
-56.60683059692383
-3.163403761163863e-08
-3.163403761163863e-08
-3.163403761163863e-08
-16.511037826538086
3.932937886474974e-08
3.932937886474974e-08
3.932937886474974e-08
-56.60683059692383
8.810022222860425e-08
8.810022222860425e-08
8.810022222860425e-08
-57.8562126159668
4.0944307500012656e-08
4.0944307500012656e-08
4.0944307500012656e-08
-32.626808166503906
7.466515228315984e-08
7.466515228315984e-08
7.466515228315984e-08
6.009435176849365
3.494466938036567e-08
3.494466938036567e-08
3.494466938036567e-08
43.49375534057617
6.90059209773608e-08
6.90059209773608e-08
6.90059209773608e-08
50.55602264404297
2.032103907367855e-08
2.032103907367855e-08
2.032103907367855e-08
20.612926483154297
4.1181607457474456e-08
4.1181607457474456e-08
4.1181607457474456e-08
-27.53721046447754
-3.506894685756379e-08
-3.506894685756379e-08
-3.506894685756379e-08
-68.8550796508789
-3.163403761163863e-08
-3.163403761163863e-08
-3.163403761163863e-08
20.612926483154297
3.932937886474974e-08
3.932937886474974e-08
3.932937886474974e-08
-27.53721046447754
8.810022222860425e-08
8.810022222860425e-08
8.810022222860425e-08
-68.8550796508789
4.0944307500012656e-08
4.0944307500012656e-08
4.0944307500012656e-08
-68.9456787109375
7.466515228315984e-08
7.466515228315984e-08
7.466515228315984e-08
-16.41155433654785
3.494466938036567e-08
3.494466938036567e-08
3.494466938036567e-08
42.41934585571289
6.90059209773608e-08
6.90059209773608e-08
6.90059209773608e-08
62.71033477783203
2.032103907367855e-08
2.032103907367855e-08
2.032103907367855e-08
61.02606201171875
4.1181607457474456e-08
4.1181607457474456e-08
4.1181607457474456e-08
49.36862564086914
-3.506894685756379e-08
-3.506894685756379e-08
-3.506894685756379e-08
-2.2267162799835205
-3.163403761163863e-08
-3.163403761163863e-08
-3.163403761163863e-08
-38.407020568847656
3.932937886474974e-08
3.932937886474974e-08
3.932937886474974e-08
9.991846084594727
8.810022222860425e-08
8.810022222860425e-08
8.810022222860425e-08
33.15972137451172
4.0944307500012656e-08
4.0944307500012656e-08
4.0944307500012656e-08
39.28544616699219
7.466515228315984e-08
7.466515228315984e-08
7.466515228315984e-08
34.7136116027832
3.494466938036567e-08
3.494466938036567e-08
3.494466938036567e-08
21.169662475585938
6.90059209773608e-08
6.90059209773608e-08
6.90059209773608e-08
-2.0115437507629395
2.032103907367855e-08
2.032103907367855e-08
2.032103907367855e-08
-35.2803840637207
4.1181607457474456e-08
4.1181607457474456e-08
4.1181607457474456e-08
-67.91555786132812
-3.506894685756379e-08
-3.506894685756379e-08
-3.506894685756379e-08
-60.926517486572266
-3.163403761163863e-08
-3.163403761163863e-08
-3.163403761163863e-08
81.92451477050781
3.932937886474974e-08
3.932937886474974e-08
3.932937886474974e-08
84.0165786743164
8.810022222860425e-08
8.810022222860425e-08
8.810022222860425e-08
24.16794776916504
4.0944307500012656e-08
4.0944307500012656e-08
4.0944307500012656e-08
-40.22161865234375
7.466515228315984e-08
7.466515228315984e-08
7.466515228315984e-08
-65.2303466796875
3.494466938036567e-08
3.494466938036567e-08
3.494466938036567e-08
-47.989009857177734
6.90059209773608e-08
6.90059209773608e-08
6.90059209773608e-08
-16.37071418762207
2.032103907367855e-08
2.032103907367855e-08
2.032103907367855e-08
18.238079071044922
4.1181607457474456e-08
4.1181607457474456e-08
4.1181607457474456e-08
55.55398178100586
-3.506894685756379e-08
-3.506894685756379e-08
-3.506894685756379e-08
72.87378692626953
-3.163403761163863e-08
-3.163403761163863e-08
-3.163403761163863e-08
18.238079071044922
3.932937886474974e-08
3.932937886474974e-08
3.932937886474974e-08
55.55398178100586
8.810022222860425e-08
8.810022222860425e-08
8.810022222860425e-08
72.87378692626953
4.0944307500012656e-08
4.0944307500012656e-08
4.0944307500012656e-08
54.09922790527344
7.466515228315984e-08
7.466515228315984e-08
7.466515228315984e-08
20.944974899291992
3.494466938036567e-08
3.494466938036567e-08
3.494466938036567e-08
-5.765961647033691
6.90059209773608e-08
6.90059209773608e-08
6.90059209773608e-08
-34.81802749633789
2.032103907367855e-08
2.032103907367855e-08
2.032103907367855e-08
-59.85733413696289
4.1181607457474456e-08
4.1181607457474456e-08
4.1181607457474456e-08
-45.54999923706055
-3.506894685756379e-08
-3.506894685756379e-08
-3.506894685756379e-08
10.502100944519043
-3.163403761163863e-08
-3.163403761163863e-08
-3.163403761163863e-08
-49.34532165527344
3.932937886474974e-08
3.932937886474974e-08
3.932937886474974e-08
-67.6745834350586
8.810022222860425e-08
8.810022222860425e-08
8.810022222860425e-08
-61.15900421142578
4.0944307500012656e-08
4.0944307500012656e-08
4.0944307500012656e-08
-22.82654571533203
7.466515228315984e-08
7.466515228315984e-08
7.466515228315984e-08
39.7630615234375
3.494466938036567e-08
3.494466938036567e-08
3.494466938036567e-08
86.93224334716797
6.90059209773608e-08
6.90059209773608e-08
6.90059209773608e-08
90.03009033203125
2.032103907367855e-08
2.032103907367855e-08
2.032103907367855e-08
51.75359344482422
4.1181607457474456e-08
4.1181607457474456e-08
4.1181607457474456e-08
-8.054998397827148
-3.506894685756379e-08
-3.506894685756379e-08
-3.506894685756379e-08
-48.12065124511719
-3.163403761163863e-08
-3.163403761163863e-08
-3.163403761163863e-08
90.03009033203125
3.932937886474974e-08
3.932937886474974e-08
3.932937886474974e-08
51.75359344482422
8.810022222860425e-08
8.810022222860425e-08
8.810022222860425e-08
-8.054998397827148
4.0944307500012656e-08
4.0944307500012656e-08
4.0944307500012656e-08
-48.12065124511719
7.466515228315984e-08
7.466515228315984e-08
7.466515228315984e-08
-38.107139587402344
3.494466938036567e-08
3.494466938036567e-08
3.494466938036567e-08
-13.426643371582031
6.90059209773608e-08
6.90059209773608e-08
6.90059209773608e-08
-15.057928085327148
2.032103907367855e-08
2.032103907367855e-08
2.032103907367855e-08
-17.815959930419922
4.1181607457474456e-08
4.1181607457474456e-08
4.1181607457474456e-08
6.603764057159424
-3.506894685756379e-08
-3.506894685756379e-08
-3.506894685756379e-08
38.33734893798828
-3.163403761163863e-08
-3.163403761163863e-08
-3.163403761163863e-08
37.2592887878418
3.932937886474974e-08
3.932937886474974e-08
3.932937886474974e-08
-16.437885284423828
8.810022222860425e-08
8.810022222860425e-08
8.810022222860425e-08
-80.82037353515625
4.0944307500012656e-08
4.0944307500012656e-08
4.0944307500012656e-08
-84.04679870605469
7.466515228315984e-08
7.466515228315984e-08
7.466515228315984e-08
-14.436261177062988
3.494466938036567e-08
3.494466938036567e-08
3.494466938036567e-08
69.77723693847656
6.90059209773608e-08
6.90059209773608e-08
6.90059209773608e-08
109.02099609375
2.032103907367855e-08
2.032103907367855e-08
2.032103907367855e-08
88.25190734863281
4.1181607457474456e-08
4.1181607457474456e-08
4.1181607457474456e-08
25.60895347595215
-3.506894685756379e-08
-3.506894685756379e-08
-3.506894685756379e-08
-49.069820404052734
-3.163403761163863e-08
-3.163403761163863e-08
-3.163403761163863e-08
-72.11433410644531
3.932937886474974e-08
3.932937886474974e-08
3.932937886474974e-08
-13.518599510192871
8.810022222860425e-08
8.810022222860425e-08
8.810022222860425e-08
20.98936653137207
4.0944307500012656e-08
4.0944307500012656e-08
4.0944307500012656e-08
17.167598724365234
7.466515228315984e-08
7.466515228315984e-08
7.466515228315984e-08
17.343297958374023
3.494466938036567e-08
3.494466938036567e-08
3.494466938036567e-08
36.676979064941406
6.90059209773608e-08
6.90059209773608e-08
6.90059209773608e-08
31.853588104248047
2.032103907367855e-08
2.032103907367855e-08
2.032103907367855e-08
-19.759870529174805
4.1181607457474456e-08
4.1181607457474456e-08
4.1181607457474456e-08
-73.45790100097656
-3.506894685756379e-08
-3.506894685756379e-08
-3.506894685756379e-08
-80.68013763427734
-3.163403761163863e-08
-3.163403761163863e-08
-3.163403761163863e-08
17.167598724365234
3.932937886474974e-08
3.932937886474974e-08
3.932937886474974e-08
17.343297958374023
8.810022222860425e-08
8.810022222860425e-08
8.810022222860425e-08
36.676979064941406
4.0944307500012656e-08
4.0944307500012656e-08
4.0944307500012656e-08
31.853588104248047
7.466515228315984e-08
7.466515228315984e-08
7.466515228315984e-08
-19.759870529174805
3.494466938036567e-08
3.494466938036567e-08
3.494466938036567e-08
-73.45790100097656
6.90059209773608e-08
6.90059209773608e-08
6.90059209773608e-08
-80.68013763427734
2.032103907367855e-08
2.032103907367855e-08
2.032103907367855e-08
-35.731849670410156
4.1181607457474456e-08
4.1181607457474456e-08
4.1181607457474456e-08
31.202045440673828
-3.506894685756379e-08
-3.506894685756379e-08
-3.506894685756379e-08
65.81061553955078
-3.163403761163863e-08
-3.163403761163863e-08
-3.163403761163863e-08
-90.15233612060547
3.932937886474974e-08
3.932937886474974e-08
3.932937886474974e-08
-76.85175323486328
8.810022222860425e-08
8.810022222860425e-08
8.810022222860425e-08
-23.81536865234375
4.0944307500012656e-08
4.0944307500012656e-08
4.0944307500012656e-08
15.087109565734863
7.466515228315984e-08
7.466515228315984e-08
7.466515228315984e-08
-1.0236749649047852
3.494466938036567e-08
3.494466938036567e-08
3.494466938036567e-08
-52.04908752441406
6.90059209773608e-08
6.90059209773608e-08
6.90059209773608e-08
-80.90864562988281
2.032103907367855e-08
2.032103907367855e-08
2.032103907367855e-08
-77.01030731201172
4.1181607457474456e-08
4.1181607457474456e-08
4.1181607457474456e-08
-63.56501770019531
-3.506894685756379e-08
-3.506894685756379e-08
-3.506894685756379e-08
-47.392574310302734
-3.163403761163863e-08
-3.163403761163863e-08
-3.163403761163863e-08
-1.0236749649047852
3.932937886474974e-08
3.932937886474974e-08
3.932937886474974e-08
-52.04908752441406
8.810022222860425e-08
8.810022222860425e-08
8.810022222860425e-08
-80.90864562988281
4.0944307500012656e-08
4.0944307500012656e-08
4.0944307500012656e-08
-77.01030731201172
7.466515228315984e-08
7.466515228315984e-08
7.466515228315984e-08
-63.56501770019531
3.494466938036567e-08
3.494466938036567e-08
3.494466938036567e-08
-47.392574310302734
6.90059209773608e-08
6.90059209773608e-08
6.90059209773608e-08
-28.677059173583984
2.032103907367855e-08
2.032103907367855e-08
2.032103907367855e-08
-4.8883376121521
4.1181607457474456e-08
4.1181607457474456e-08
4.1181607457474456e-08
32.10338592529297
-3.506894685756379e-08
-3.506894685756379e-08
-3.506894685756379e-08
67.230224609375
-3.163403761163863e-08
-3.163403761163863e-08
-3.163403761163863e-08
-71.64842224121094
3.932937886474974e-08
3.932937886474974e-08
3.932937886474974e-08
-46.01035690307617
8.810022222860425e-08
8.810022222860425e-08
8.810022222860425e-08
-4.006587505340576
4.0944307500012656e-08
4.0944307500012656e-08
4.0944307500012656e-08
34.9279899597168
7.466515228315984e-08
7.466515228315984e-08
7.466515228315984e-08
58.576148986816406
3.494466938036567e-08
3.494466938036567e-08
3.494466938036567e-08
62.046295166015625
6.90059209773608e-08
6.90059209773608e-08
6.90059209773608e-08
49.01120376586914
2.032103907367855e-08
2.032103907367855e-08
2.032103907367855e-08
14.328418731689453
4.1181607457474456e-08
4.1181607457474456e-08
4.1181607457474456e-08
-38.524879455566406
-3.506894685756379e-08
-3.506894685756379e-08
-3.506894685756379e-08
-74.00883483886719
-3.163403761163863e-08
-3.163403761163863e-08
-3.163403761163863e-08
46.386409759521484
3.932937886474974e-08
3.932937886474974e-08
3.932937886474974e-08
89.38898468017578
8.810022222860425e-08
8.810022222860425e-08
8.810022222860425e-08
75.86204528808594
4.0944307500012656e-08
4.0944307500012656e-08
4.0944307500012656e-08
15.078107833862305
7.466515228315984e-08
7.466515228315984e-08
7.466515228315984e-08
-39.00996398925781
3.494466938036567e-08
3.494466938036567e-08
3.494466938036567e-08
-47.56977462768555
6.90059209773608e-08
6.90059209773608e-08
6.90059209773608e-08
-36.43147659301758
2.032103907367855e-08
2.032103907367855e-08
2.032103907367855e-08
-31.971755981445312
4.1181607457474456e-08
4.1181607457474456e-08
4.1181607457474456e-08
-7.95942497253418
-3.506894685756379e-08
-3.506894685756379e-08
-3.506894685756379e-08
32.64931869506836
-3.163403761163863e-08
-3.163403761163863e-08
-3.163403761163863e-08
-36.43147659301758
3.932937886474974e-08
3.932937886474974e-08
3.932937886474974e-08
-31.971755981445312
8.810022222860425e-08
8.810022222860425e-08
8.810022222860425e-08
-7.95942497253418
4.0944307500012656e-08
4.0944307500012656e-08
4.0944307500012656e-08
32.64931869506836
7.466515228315984e-08
7.466515228315984e-08
7.466515228315984e-08
45.73432922363281
3.494466938036567e-08
3.494466938036567e-08
3.494466938036567e-08
28.043659210205078
6.90059209773608e-08
6.90059209773608e-08
6.90059209773608e-08
-4.469625473022461
2.032103907367855e-08
2.032103907367855e-08
2.032103907367855e-08
-43.76446533203125
4.1181607457474456e-08
4.1181607457474456e-08
4.1181607457474456e-08
-48.17302703857422
-3.506894685756379e-08
-3.506894685756379e-08
-3.506894685756379e-08
16.3704833984375
-3.163403761163863e-08
-3.163403761163863e-08
-3.163403761163863e-08
114.12565612792969
3.932937886474974e-08
3.932937886474974e-08
3.932937886474974e-08
73.99173736572266
8.810022222860425e-08
8.810022222860425e-08
8.810022222860425e-08
29.63137435913086
4.0944307500012656e-08
4.0944307500012656e-08
4.0944307500012656e-08
-9.020975112915039
7.466515228315984e-08
7.466515228315984e-08
7.466515228315984e-08
-47.649559020996094
3.494466938036567e-08
3.494466938036567e-08
3.494466938036567e-08
-60.470149993896484
6.90059209773608e-08
6.90059209773608e-08
6.90059209773608e-08
-24.63203239440918
2.032103907367855e-08
2.032103907367855e-08
2.032103907367855e-08
34.73253631591797
4.1181607457474456e-08
4.1181607457474456e-08
4.1181607457474456e-08
65.30181121826172
-3.506894685756379e-08
-3.506894685756379e-08
-3.506894685756379e-08
46.271751403808594
-3.163403761163863e-08
-3.163403761163863e-08
-3.163403761163863e-08
-28.532114028930664
3.932937886474974e-08
3.932937886474974e-08
3.932937886474974e-08
-57.228233337402344
8.810022222860425e-08
8.810022222860425e-08
8.810022222860425e-08
-71.05901336669922
4.0944307500012656e-08
4.0944307500012656e-08
4.0944307500012656e-08
-42.64458084106445
7.466515228315984e-08
7.466515228315984e-08
7.466515228315984e-08
24.7908992767334
3.494466938036567e-08
3.494466938036567e-08
3.494466938036567e-08
89.89237213134766
6.90059209773608e-08
6.90059209773608e-08
6.90059209773608e-08
109.51460266113281
2.032103907367855e-08
2.032103907367855e-08
2.032103907367855e-08
71.6626205444336
4.1181607457474456e-08
4.1181607457474456e-08
4.1181607457474456e-08
2.833867073059082
-3.506894685756379e-08
-3.506894685756379e-08
-3.506894685756379e-08
-58.7370491027832
-3.163403761163863e-08
-3.163403761163863e-08
-3.163403761163863e-08
-92.42096710205078
3.932937886474974e-08
3.932937886474974e-08
3.932937886474974e-08
-62.89823913574219
8.810022222860425e-08
8.810022222860425e-08
8.810022222860425e-08
-2.669912099838257
4.0944307500012656e-08
4.0944307500012656e-08
4.0944307500012656e-08
59.624629974365234
7.466515228315984e-08
7.466515228315984e-08
7.466515228315984e-08
75.24470520019531
3.494466938036567e-08
3.494466938036567e-08
3.494466938036567e-08
32.46039962768555
6.90059209773608e-08
6.90059209773608e-08
6.90059209773608e-08
-28.232332229614258
2.032103907367855e-08
2.032103907367855e-08
2.032103907367855e-08
-55.48207473754883
4.1181607457474456e-08
4.1181607457474456e-08
4.1181607457474456e-08
-44.780677795410156
-3.506894685756379e-08
-3.506894685756379e-08
-3.506894685756379e-08
-37.16104507446289
-3.163403761163863e-08
-3.163403761163863e-08
-3.163403761163863e-08
-7.8172760009765625
3.932937886474974e-08
3.932937886474974e-08
3.932937886474974e-08
-46.09782409667969
8.810022222860425e-08
8.810022222860425e-08
8.810022222860425e-08
-35.470176696777344
4.0944307500012656e-08
4.0944307500012656e-08
4.0944307500012656e-08
0.8570423722267151
7.466515228315984e-08
7.466515228315984e-08
7.466515228315984e-08
18.85997200012207
3.494466938036567e-08
3.494466938036567e-08
3.494466938036567e-08
14.13161563873291
6.90059209773608e-08
6.90059209773608e-08
6.90059209773608e-08
18.204111099243164
2.032103907367855e-08
2.032103907367855e-08
2.032103907367855e-08
35.64362335205078
4.1181607457474456e-08
4.1181607457474456e-08
4.1181607457474456e-08
30.889501571655273
-3.506894685756379e-08
-3.506894685756379e-08
-3.506894685756379e-08
-11.362546920776367
-3.163403761163863e-08
-3.163403761163863e-08
-3.163403761163863e-08
18.204111099243164
3.932937886474974e-08
3.932937886474974e-08
3.932937886474974e-08
35.64362335205078
8.810022222860425e-08
8.810022222860425e-08
8.810022222860425e-08
30.889501571655273
4.0944307500012656e-08
4.0944307500012656e-08
4.0944307500012656e-08
-11.362546920776367
7.466515228315984e-08
7.466515228315984e-08
7.466515228315984e-08
-58.547760009765625
3.494466938036567e-08
3.494466938036567e-08
3.494466938036567e-08
-75.7474594116211
6.90059209773608e-08
6.90059209773608e-08
6.90059209773608e-08
-56.049583435058594
2.032103907367855e-08
2.032103907367855e-08
2.032103907367855e-08
-8.95777416229248
4.1181607457474456e-08
4.1181607457474456e-08
4.1181607457474456e-08
45.83502960205078
-3.506894685756379e-08
-3.506894685756379e-08
-3.506894685756379e-08
79.0766372680664
-3.163403761163863e-08
-3.163403761163863e-08
-3.163403761163863e-08
2.828540563583374
3.932937886474974e-08
3.932937886474974e-08
3.932937886474974e-08
-57.29899978637695
8.810022222860425e-08
8.810022222860425e-08
8.810022222860425e-08
-64.23771667480469
4.0944307500012656e-08
4.0944307500012656e-08
4.0944307500012656e-08
-18.121667861938477
7.466515228315984e-08
7.466515228315984e-08
7.466515228315984e-08
34.17948913574219
3.494466938036567e-08
3.494466938036567e-08
3.494466938036567e-08
56.52686309814453
6.90059209773608e-08
6.90059209773608e-08
6.90059209773608e-08
47.813941955566406
2.032103907367855e-08
2.032103907367855e-08
2.032103907367855e-08
25.59349250793457
4.1181607457474456e-08
4.1181607457474456e-08
4.1181607457474456e-08
0.08821573853492737
-3.506894685756379e-08
-3.506894685756379e-08
-3.506894685756379e-08
-38.017452239990234
-3.163403761163863e-08
-3.163403761163863e-08
-3.163403761163863e-08
2.828540563583374
3.932937886474974e-08
3.932937886474974e-08
3.932937886474974e-08
-57.29899978637695
8.810022222860425e-08
8.810022222860425e-08
8.810022222860425e-08
-64.23771667480469
4.0944307500012656e-08
4.0944307500012656e-08
4.0944307500012656e-08
-18.121667861938477
7.466515228315984e-08
7.466515228315984e-08
7.466515228315984e-08
34.17948913574219
3.494466938036567e-08
3.494466938036567e-08
3.494466938036567e-08
56.52686309814453
6.90059209773608e-08
6.90059209773608e-08
6.90059209773608e-08
47.813941955566406
2.032103907367855e-08
2.032103907367855e-08
2.032103907367855e-08
25.59349250793457
4.1181607457474456e-08
4.1181607457474456e-08
4.1181607457474456e-08
0.08821573853492737
-3.506894685756379e-08
-3.506894685756379e-08
-3.506894685756379e-08
-38.017452239990234
-3.163403761163863e-08
-3.163403761163863e-08
-3.163403761163863e-08
-91.96549224853516
3.932937886474974e-08
3.932937886474974e-08
3.932937886474974e-08
-34.94793701171875
8.810022222860425e-08
8.810022222860425e-08
8.810022222860425e-08
16.5422306060791
4.0944307500012656e-08
4.0944307500012656e-08
4.0944307500012656e-08
41.44873809814453
7.466515228315984e-08
7.466515228315984e-08
7.466515228315984e-08
38.77428436279297
3.494466938036567e-08
3.494466938036567e-08
3.494466938036567e-08
21.693498611450195
6.90059209773608e-08
6.90059209773608e-08
6.90059209773608e-08
0.9862944483757019
2.032103907367855e-08
2.032103907367855e-08
2.032103907367855e-08
-29.147558212280273
4.1181607457474456e-08
4.1181607457474456e-08
4.1181607457474456e-08
-63.58762741088867
-3.506894685756379e-08
-3.506894685756379e-08
-3.506894685756379e-08
-68.95046997070312
-3.163403761163863e-08
-3.163403761163863e-08
-3.163403761163863e-08
42.32145690917969
3.932937886474974e-08
3.932937886474974e-08
3.932937886474974e-08
-4.157256126403809
8.810022222860425e-08
8.810022222860425e-08
8.810022222860425e-08
-31.064395904541016
4.0944307500012656e-08
4.0944307500012656e-08
4.0944307500012656e-08
-45.22370529174805
7.466515228315984e-08
7.466515228315984e-08
7.466515228315984e-08
-38.525508880615234
3.494466938036567e-08
3.494466938036567e-08
3.494466938036567e-08
-3.97651743888855
6.90059209773608e-08
6.90059209773608e-08
6.90059209773608e-08
33.56003952026367
2.032103907367855e-08
2.032103907367855e-08
2.032103907367855e-08
45.24760818481445
4.1181607457474456e-08
4.1181607457474456e-08
4.1181607457474456e-08
38.02645492553711
-3.506894685756379e-08
-3.506894685756379e-08
-3.506894685756379e-08
23.802400588989258
-3.163403761163863e-08
-3.163403761163863e-08
-3.163403761163863e-08
45.24760818481445
3.932937886474974e-08
3.932937886474974e-08
3.932937886474974e-08
38.02645492553711
8.810022222860425e-08
8.810022222860425e-08
8.810022222860425e-08
23.802400588989258
4.0944307500012656e-08
4.0944307500012656e-08
4.0944307500012656e-08
-8.32436466217041
7.466515228315984e-08
7.466515228315984e-08
7.466515228315984e-08
-41.383262634277344
3.494466938036567e-08
3.494466938036567e-08
3.494466938036567e-08
-39.289283752441406
6.90059209773608e-08
6.90059209773608e-08
6.90059209773608e-08
-12.384552001953125
2.032103907367855e-08
2.032103907367855e-08
2.032103907367855e-08
17.763532638549805
4.1181607457474456e-08
4.1181607457474456e-08
4.1181607457474456e-08
53.32453536987305
-3.506894685756379e-08
-3.506894685756379e-08
-3.506894685756379e-08
77.09494018554688
-3.163403761163863e-08
-3.163403761163863e-08
-3.163403761163863e-08
-52.87287521362305
3.932937886474974e-08
3.932937886474974e-08
3.932937886474974e-08
-70.15548706054688
8.810022222860425e-08
8.810022222860425e-08
8.810022222860425e-08
-53.94883728027344
4.0944307500012656e-08
4.0944307500012656e-08
4.0944307500012656e-08
-15.505867958068848
7.466515228315984e-08
7.466515228315984e-08
7.466515228315984e-08
42.77021026611328
3.494466938036567e-08
3.494466938036567e-08
3.494466938036567e-08
84.36643981933594
6.90059209773608e-08
6.90059209773608e-08
6.90059209773608e-08
73.10013580322266
2.032103907367855e-08
2.032103907367855e-08
2.032103907367855e-08
30.153995513916016
4.1181607457474456e-08
4.1181607457474456e-08
4.1181607457474456e-08
-14.300826072692871
-3.506894685756379e-08
-3.506894685756379e-08
-3.506894685756379e-08
-51.84562301635742
-3.163403761163863e-08
-3.163403761163863e-08
-3.163403761163863e-08
30.153995513916016
3.932937886474974e-08
3.932937886474974e-08
3.932937886474974e-08
-14.300826072692871
8.810022222860425e-08
8.810022222860425e-08
8.810022222860425e-08
-51.84562301635742
4.0944307500012656e-08
4.0944307500012656e-08
4.0944307500012656e-08
-61.33915328979492
7.466515228315984e-08
7.466515228315984e-08
7.466515228315984e-08
-26.70001792907715
3.494466938036567e-08
3.494466938036567e-08
3.494466938036567e-08
23.17184829711914
6.90059209773608e-08
6.90059209773608e-08
6.90059209773608e-08
46.048057556152344
2.032103907367855e-08
2.032103907367855e-08
2.032103907367855e-08
34.55458450317383
4.1181607457474456e-08
4.1181607457474456e-08
4.1181607457474456e-08
3.4935576915740967
-3.506894685756379e-08
-3.506894685756379e-08
-3.506894685756379e-08
-28.844989776611328
-3.163403761163863e-08
-3.163403761163863e-08
-3.163403761163863e-08
19.389202117919922
3.932937886474974e-08
3.932937886474974e-08
3.932937886474974e-08
43.15021896362305
8.810022222860425e-08
8.810022222860425e-08
8.810022222860425e-08
45.357112884521484
4.0944307500012656e-08
4.0944307500012656e-08
4.0944307500012656e-08
27.184558868408203
7.466515228315984e-08
7.466515228315984e-08
7.466515228315984e-08
-5.3339433670043945
3.494466938036567e-08
3.494466938036567e-08
3.494466938036567e-08
-16.624210357666016
6.90059209773608e-08
6.90059209773608e-08
6.90059209773608e-08
17.459209442138672
2.032103907367855e-08
2.032103907367855e-08
2.032103907367855e-08
49.40412139892578
4.1181607457474456e-08
4.1181607457474456e-08
4.1181607457474456e-08
33.45613479614258
-3.506894685756379e-08
-3.506894685756379e-08
-3.506894685756379e-08
-3.5102386474609375
-3.163403761163863e-08
-3.163403761163863e-08
-3.163403761163863e-08
49.40412139892578
3.932937886474974e-08
3.932937886474974e-08
3.932937886474974e-08
33.45613479614258
8.810022222860425e-08
8.810022222860425e-08
8.810022222860425e-08
-3.5102386474609375
4.0944307500012656e-08
4.0944307500012656e-08
4.0944307500012656e-08
-18.30087661743164
7.466515228315984e-08
7.466515228315984e-08
7.466515228315984e-08
-9.667428970336914
3.494466938036567e-08
3.494466938036567e-08
3.494466938036567e-08
-0.40228426456451416
6.90059209773608e-08
6.90059209773608e-08
6.90059209773608e-08
-5.510105133056641
2.032103907367855e-08
2.032103907367855e-08
2.032103907367855e-08
-23.07765007019043
4.1181607457474456e-08
4.1181607457474456e-08
4.1181607457474456e-08
-27.26842498779297
-3.506894685756379e-08
-3.506894685756379e-08
-3.506894685756379e-08
11.110478401184082
-3.163403761163863e-08
-3.163403761163863e-08
-3.163403761163863e-08
87.0869369506836
3.932937886474974e-08
3.932937886474974e-08
3.932937886474974e-08
20.255382537841797
8.810022222860425e-08
8.810022222860425e-08
8.810022222860425e-08
-61.64585494995117
4.0944307500012656e-08
4.0944307500012656e-08
4.0944307500012656e-08
-115.45198822021484
7.466515228315984e-08
7.466515228315984e-08
7.466515228315984e-08
-112.1551284790039
3.494466938036567e-08
3.494466938036567e-08
3.494466938036567e-08
-59.11105728149414
6.90059209773608e-08
6.90059209773608e-08
6.90059209773608e-08
8.378499031066895
2.032103907367855e-08
2.032103907367855e-08
2.032103907367855e-08
50.79990005493164
4.1181607457474456e-08
4.1181607457474456e-08
4.1181607457474456e-08
47.70488739013672
-3.506894685756379e-08
-3.506894685756379e-08
-3.506894685756379e-08
12.168562889099121
-3.163403761163863e-08
-3.163403761163863e-08
-3.163403761163863e-08
50.79990005493164
3.932937886474974e-08
3.932937886474974e-08
3.932937886474974e-08
47.70488739013672
8.810022222860425e-08
8.810022222860425e-08
8.810022222860425e-08
12.168562889099121
4.0944307500012656e-08
4.0944307500012656e-08
4.0944307500012656e-08
-23.68167495727539
7.466515228315984e-08
7.466515228315984e-08
7.466515228315984e-08
-42.384700775146484
3.494466938036567e-08
3.494466938036567e-08
3.494466938036567e-08
-49.43505096435547
6.90059209773608e-08
6.90059209773608e-08
6.90059209773608e-08
-49.50461196899414
2.032103907367855e-08
2.032103907367855e-08
2.032103907367855e-08
-18.977298736572266
4.1181607457474456e-08
4.1181607457474456e-08
4.1181607457474456e-08
61.5871696472168
-3.506894685756379e-08
-3.506894685756379e-08
-3.506894685756379e-08
133.57127380371094
-3.163403761163863e-08
-3.163403761163863e-08
-3.163403761163863e-08
-53.21683120727539
3.932937886474974e-08
3.932937886474974e-08
3.932937886474974e-08
-26.15280532836914
8.810022222860425e-08
8.810022222860425e-08
8.810022222860425e-08
34.853363037109375
4.0944307500012656e-08
4.0944307500012656e-08
4.0944307500012656e-08
72.18327331542969
7.466515228315984e-08
7.466515228315984e-08
7.466515228315984e-08
59.20414352416992
3.494466938036567e-08
3.494466938036567e-08
3.494466938036567e-08
26.80685043334961
6.90059209773608e-08
6.90059209773608e-08
6.90059209773608e-08
-15.704618453979492
2.032103907367855e-08
2.032103907367855e-08
2.032103907367855e-08
-65.8273696899414
4.1181607457474456e-08
4.1181607457474456e-08
4.1181607457474456e-08
-76.89391326904297
-3.506894685756379e-08
-3.506894685756379e-08
-3.506894685756379e-08
-29.35235023498535
-3.163403761163863e-08
-3.163403761163863e-08
-3.163403761163863e-08
-15.704618453979492
3.932937886474974e-08
3.932937886474974e-08
3.932937886474974e-08
-65.8273696899414
8.810022222860425e-08
8.810022222860425e-08
8.810022222860425e-08
-76.89391326904297
4.0944307500012656e-08
4.0944307500012656e-08
4.0944307500012656e-08
-29.35235023498535
7.466515228315984e-08
7.466515228315984e-08
7.466515228315984e-08
21.88995933532715
3.494466938036567e-08
3.494466938036567e-08
3.494466938036567e-08
37.83421325683594
6.90059209773608e-08
6.90059209773608e-08
6.90059209773608e-08
42.931602478027344
2.032103907367855e-08
2.032103907367855e-08
2.032103907367855e-08
41.71621322631836
4.1181607457474456e-08
4.1181607457474456e-08
4.1181607457474456e-08
2.804558515548706
-3.506894685756379e-08
-3.506894685756379e-08
-3.506894685756379e-08
-54.85445785522461
-3.163403761163863e-08
-3.163403761163863e-08
-3.163403761163863e-08
-29.35235023498535
3.932937886474974e-08
3.932937886474974e-08
3.932937886474974e-08
21.88995933532715
8.810022222860425e-08
8.810022222860425e-08
8.810022222860425e-08
37.83421325683594
4.0944307500012656e-08
4.0944307500012656e-08
4.0944307500012656e-08
42.931602478027344
7.466515228315984e-08
7.466515228315984e-08
7.466515228315984e-08
41.71621322631836
3.494466938036567e-08
3.494466938036567e-08
3.494466938036567e-08
2.804558515548706
6.90059209773608e-08
6.90059209773608e-08
6.90059209773608e-08
-54.85445785522461
2.032103907367855e-08
2.032103907367855e-08
2.032103907367855e-08
-74.29505920410156
4.1181607457474456e-08
4.1181607457474456e-08
4.1181607457474456e-08
-40.41441345214844
-3.506894685756379e-08
-3.506894685756379e-08
-3.506894685756379e-08
17.049543380737305
-3.163403761163863e-08
-3.163403761163863e-08
-3.163403761163863e-08
77.74678802490234
3.932937886474974e-08
3.932937886474974e-08
3.932937886474974e-08
57.53605651855469
8.810022222860425e-08
8.810022222860425e-08
8.810022222860425e-08
-2.569413661956787
4.0944307500012656e-08
4.0944307500012656e-08
4.0944307500012656e-08
-57.432891845703125
7.466515228315984e-08
7.466515228315984e-08
7.466515228315984e-08
-63.03000259399414
3.494466938036567e-08
3.494466938036567e-08
3.494466938036567e-08
-43.89130401611328
6.90059209773608e-08
6.90059209773608e-08
6.90059209773608e-08
-28.308332443237305
2.032103907367855e-08
2.032103907367855e-08
2.032103907367855e-08
6.005049705505371
4.1181607457474456e-08
4.1181607457474456e-08
4.1181607457474456e-08
45.61861038208008
-3.506894685756379e-08
-3.506894685756379e-08
-3.506894685756379e-08
34.72272872924805
-3.163403761163863e-08
-3.163403761163863e-08
-3.163403761163863e-08
-28.308332443237305
3.932937886474974e-08
3.932937886474974e-08
3.932937886474974e-08
6.005049705505371
8.810022222860425e-08
8.810022222860425e-08
8.810022222860425e-08
45.61861038208008
4.0944307500012656e-08
4.0944307500012656e-08
4.0944307500012656e-08
34.72272872924805
7.466515228315984e-08
7.466515228315984e-08
7.466515228315984e-08
-11.762758255004883
3.494466938036567e-08
3.494466938036567e-08
3.494466938036567e-08
-35.433135986328125
6.90059209773608e-08
6.90059209773608e-08
6.90059209773608e-08
-35.73044967651367
2.032103907367855e-08
2.032103907367855e-08
2.032103907367855e-08
-38.567047119140625
4.1181607457474456e-08
4.1181607457474456e-08
4.1181607457474456e-08
-29.903757095336914
-3.506894685756379e-08
-3.506894685756379e-08
-3.506894685756379e-08
11.934091567993164
-3.163403761163863e-08
-3.163403761163863e-08
-3.163403761163863e-08
63.545135498046875
3.932937886474974e-08
3.932937886474974e-08
3.932937886474974e-08
36.47318649291992
8.810022222860425e-08
8.810022222860425e-08
8.810022222860425e-08
-12.753625869750977
4.0944307500012656e-08
4.0944307500012656e-08
4.0944307500012656e-08
-73.12117004394531
7.466515228315984e-08
7.466515228315984e-08
7.466515228315984e-08
-99.32347106933594
3.494466938036567e-08
3.494466938036567e-08
3.494466938036567e-08
-64.82184600830078
6.90059209773608e-08
6.90059209773608e-08
6.90059209773608e-08
-3.5713319778442383
2.032103907367855e-08
2.032103907367855e-08
2.032103907367855e-08
40.85379409790039
4.1181607457474456e-08
4.1181607457474456e-08
4.1181607457474456e-08
55.981361389160156
-3.506894685756379e-08
-3.506894685756379e-08
-3.506894685756379e-08
42.147647857666016
-3.163403761163863e-08
-3.163403761163863e-08
-3.163403761163863e-08
-61.42753601074219
3.932937886474974e-08
3.932937886474974e-08
3.932937886474974e-08
-3.638134241104126
8.810022222860425e-08
8.810022222860425e-08
8.810022222860425e-08
24.706525802612305
4.0944307500012656e-08
4.0944307500012656e-08
4.0944307500012656e-08
16.08385467529297
7.466515228315984e-08
7.466515228315984e-08
7.466515228315984e-08
1.6942272186279297
3.494466938036567e-08
3.494466938036567e-08
3.494466938036567e-08
-1.3940277099609375
6.90059209773608e-08
6.90059209773608e-08
6.90059209773608e-08
-5.385844707489014
2.032103907367855e-08
2.032103907367855e-08
2.032103907367855e-08
-9.640413284301758
4.1181607457474456e-08
4.1181607457474456e-08
4.1181607457474456e-08
3.5703999996185303
-3.506894685756379e-08
-3.506894685756379e-08
-3.506894685756379e-08
22.738853454589844
-3.163403761163863e-08
-3.163403761163863e-08
-3.163403761163863e-08
-1.3940277099609375
3.932937886474974e-08
3.932937886474974e-08
3.932937886474974e-08
-5.385844707489014
8.810022222860425e-08
8.810022222860425e-08
8.810022222860425e-08
-9.640413284301758
4.0944307500012656e-08
4.0944307500012656e-08
4.0944307500012656e-08
3.5703999996185303
7.466515228315984e-08
7.466515228315984e-08
7.466515228315984e-08
22.738853454589844
3.494466938036567e-08
3.494466938036567e-08
3.494466938036567e-08
22.384410858154297
6.90059209773608e-08
6.90059209773608e-08
6.90059209773608e-08
11.338432312011719
2.032103907367855e-08
2.032103907367855e-08
2.032103907367855e-08
11.879650115966797
4.1181607457474456e-08
4.1181607457474456e-08
4.1181607457474456e-08
19.758211135864258
-3.506894685756379e-08
-3.506894685756379e-08
-3.506894685756379e-08
15.310809135437012
-3.163403761163863e-08
-3.163403761163863e-08
-3.163403761163863e-08
23.404027938842773
3.932937886474974e-08
3.932937886474974e-08
3.932937886474974e-08
61.361976623535156
8.810022222860425e-08
8.810022222860425e-08
8.810022222860425e-08
42.28995895385742
4.0944307500012656e-08
4.0944307500012656e-08
4.0944307500012656e-08
-1.467233657836914
7.466515228315984e-08
7.466515228315984e-08
7.466515228315984e-08
-24.5732421875
3.494466938036567e-08
3.494466938036567e-08
3.494466938036567e-08
-23.62758445739746
6.90059209773608e-08
6.90059209773608e-08
6.90059209773608e-08
-18.977745056152344
2.032103907367855e-08
2.032103907367855e-08
2.032103907367855e-08
-14.475208282470703
4.1181607457474456e-08
4.1181607457474456e-08
4.1181607457474456e-08
-3.7558937072753906
-3.506894685756379e-08
-3.506894685756379e-08
-3.506894685756379e-08
-0.5649615526199341
-3.163403761163863e-08
-3.163403761163863e-08
-3.163403761163863e-08
2.7988202571868896
3.932937886474974e-08
3.932937886474974e-08
3.932937886474974e-08
-28.462589263916016
8.810022222860425e-08
8.810022222860425e-08
8.810022222860425e-08
-63.29934310913086
4.0944307500012656e-08
4.0944307500012656e-08
4.0944307500012656e-08
-52.87133026123047
7.466515228315984e-08
7.466515228315984e-08
7.466515228315984e-08
-4.659811019897461
3.494466938036567e-08
3.494466938036567e-08
3.494466938036567e-08
41.76243209838867
6.90059209773608e-08
6.90059209773608e-08
6.90059209773608e-08
