0
17.612741470336914
41.87685775756836
1.999999987845058e-08
1.999999987845058e-08
27.09170150756836
21.272680282592773
-1.999999987845058e-08
-1.999999987845058e-08
23.65601348876953
7.580804824829102
1.999999987845058e-08
1.999999987845058e-08
12.438335418701172
5.605672359466553
-1.999999987845058e-08
-1.999999987845058e-08
2.4300339221954346
9.578421592712402
1.999999987845058e-08
1.999999987845058e-08
-0.3998836874961853
9.118754386901855
-1.999999987845058e-08
-1.999999987845058e-08
2.6989080905914307
-3.3051517009735107
1.999999987845058e-08
1.999999987845058e-08
0.4094260632991791
-17.755050659179688
-1.999999987845058e-08
-1.999999987845058e-08
-12.00414752960205
-13.684488296508789
1.999999987845058e-08
1.999999987845058e-08
-12.00414752960205
-13.684488296508789
-1.999999987845058e-08
-1.999999987845058e-08
-20.98447036743164
9.67562198638916
1.999999987845058e-08
1.999999987845058e-08
-13.583276748657227
29.514875411987305
-1.999999987845058e-08
-1.999999987845058e-08
6.855323791503906
25.493669509887695
1.999999987845058e-08
1.999999987845058e-08
24.358917236328125
0.3705035150051117
-1.999999987845058e-08
-1.999999987845058e-08
23.240413665771484
-22.151613235473633
1.999999987845058e-08
1.999999987845058e-08
5.660297870635986
-22.370988845825195
-1.999999987845058e-08
-1.999999987845058e-08
-10.746109008789062
-2.47517466545105
1.999999987845058e-08
1.999999987845058e-08
-12.270426750183105
20.929933547973633
-1.999999987845058e-08
-1.999999987845058e-08
3.813668966293335
26.182138442993164
1.999999987845058e-08
1.999999987845058e-08
28.017322540283203
-31.26884651184082
-1.999999987845058e-08
-1.999999987845058e-08
6.445802688598633
-32.57661819458008
1.999999987845058e-08
1.999999987845058e-08
-17.531370162963867
5.69331693649292
-1.999999987845058e-08
-1.999999987845058e-08
-20.358190536499023
49.47471618652344
1.999999987845058e-08
1.999999987845058e-08
2.487403392791748
55.603214263916016
-1.999999987845058e-08
-1.999999987845058e-08
31.2773380279541
13.893625259399414
1.999999987845058e-08
1.999999987845058e-08
33.87123107910156
-35.20777893066406
-1.999999987845058e-08
-1.999999987845058e-08
3.888432025909424
-41.06549835205078
1.999999987845058e-08
1.999999987845058e-08
-24.855817794799805
-2.9069771766662598
-1.999999987845058e-08
-1.999999987845058e-08
-19.253999710083008
30.33875274658203
1.999999987845058e-08
1.999999987845058e-08
12.046435356140137
20.437068939208984
-1.999999987845058e-08
-1.999999987845058e-08
30.115102767944336
-14.709200859069824
1.999999987845058e-08
1.999999987845058e-08
14.294614791870117
-27.041101455688477
-1.999999987845058e-08
-1.999999987845058e-08
-14.898384094238281
1.6683824062347412
1.999999987845058e-08
1.999999987845058e-08
-25.958765029907227
46.57786178588867
-1.999999987845058e-08
-1.999999987845058e-08
-9.917542457580566
71.54505920410156
1.999999987845058e-08
1.999999987845058e-08
16.639270782470703
59.67487716674805
-1.999999987845058e-08
-1.999999987845058e-08
26.506532669067383
29.768739700317383
1.999999987845058e-08
1.999999987845058e-08
10.312549591064453
16.987876892089844
-1.999999987845058e-08
-1.999999987845058e-08
-9.851540565490723
29.162012100219727
1.999999987845058e-08
1.999999987845058e-08
-10.285009384155273
45.61015319824219
-1.999999987845058e-08
-1.999999987845058e-08
8.189486503601074
47.31447982788086
1.999999987845058e-08
1.999999987845058e-08
32.4986686706543
23.56052017211914
-1.999999987845058e-08
-1.999999987845058e-08
46.78988265991211
-18.874591827392578
1.999999987845058e-08
1.999999987845058e-08
32.877201080322266
-41.684837341308594
-1.999999987845058e-08
-1.999999987845058e-08
-6.933349609375
-12.41630744934082
1.999999987845058e-08
1.999999987845058e-08
-38.57906723022461
45.5373420715332
-1.999999987845058e-08
-1.999999987845058e-08
-32.49819564819336
76.27716064453125
1.999999987845058e-08
1.999999987845058e-08
2.591189384460449
55.03770065307617
-1.999999987845058e-08
-1.999999987845058e-08
32.437416076660156
7.639442443847656
1.999999987845058e-08
1.999999987845058e-08
2.591189384460449
55.03770065307617
-1.999999987845058e-08
-1.999999987845058e-08
32.437416076660156
7.639442443847656
1.999999987845058e-08
1.999999987845058e-08
30.772451400756836
-19.134288787841797
-1.999999987845058e-08
-1.999999987845058e-08
2.3516077995300293
-0.8466107249259949
1.999999987845058e-08
1.999999987845058e-08
-21.432945251464844
41.27190017700195
-1.999999987845058e-08
-1.999999987845058e-08
-15.481544494628906
64.43772888183594
1.999999987845058e-08
1.999999987845058e-08
12.837813377380371
49.26413345336914
-1.999999987845058e-08
-1.999999987845058e-08
32.92338943481445
14.583703994750977
1.999999987845058e-08
1.999999987845058e-08
24.689064025878906
-7.1882452964782715
-1.999999987845058e-08
-1.999999987845058e-08
-1.4760676622390747
-3.983488082885742
1.999999987845058e-08
1.999999987845058e-08
-23.855804443359375
14.665326118469238
-1.999999987845058e-08
-1.999999987845058e-08
-30.218103408813477
36.68347930908203
1.999999987845058e-08
1.999999987845058e-08
-13.528756141662598
43.369285583496094
-1.999999987845058e-08
-1.999999987845058e-08
20.010351181030273
14.691637992858887
1.999999987845058e-08
1.999999987845058e-08
40.47475051879883
-34.042625427246094
-1.999999987845058e-08
-1.999999987845058e-08
24.495807647705078
-55.37882995605469
1.999999987845058e-08
1.999999987845058e-08
-13.703182220458984
-26.092105865478516
-1.999999987845058e-08
-1.999999987845058e-08
-38.72361755371094
26.215301513671875
1.999999987845058e-08
1.999999987845058e-08
-27.35243797302246
52.689395904541016
-1.999999987845058e-08
-1.999999987845058e-08
12.981494903564453
25.516376495361328
1.999999987845058e-08
1.999999987845058e-08
12.981494903564453
25.516376495361328
-1.999999987845058e-08
-1.999999987845058e-08
43.35578155517578
-32.13278579711914
1.999999987845058e-08
1.999999987845058e-08
27.86863899230957
-58.031463623046875
-1.999999987845058e-08
-1.999999987845058e-08
-17.82630729675293
-20.131715774536133
1.999999987845058e-08
1.999999987845058e-08
-40.387237548828125
40.609291076660156
-1.999999987845058e-08
-1.999999987845058e-08
-17.444894790649414
61.47506332397461
1.999999987845058e-08
1.999999987845058e-08
19.88751220703125
26.097206115722656
-1.999999987845058e-08
-1.999999987845058e-08
32.343021392822266
-32.44639587402344
1.999999987845058e-08
1.999999987845058e-08
12.130449295043945
-68.01670837402344
-1.999999987845058e-08
-1.999999987845058e-08
-19.655712127685547
-56.6762580871582
1.999999987845058e-08
1.999999987845058e-08
6.424665451049805
23.731990814208984
-1.999999987845058e-08
-1.999999987845058e-08
20.244497299194336
-20.156972885131836
1.999999987845058e-08
1.999999987845058e-08
17.243568420410156
-51.81740951538086
-1.999999987845058e-08
-1.999999987845058e-08
3.063124656677246
-45.35106658935547
1.999999987845058e-08
1.999999987845058e-08
-6.65981388092041
-14.962947845458984
-1.999999987845058e-08
-1.999999987845058e-08
-1.6987193822860718
4.715198516845703
1.999999987845058e-08
1.999999987845058e-08
14.62205982208252
-7.912734508514404
-1.999999987845058e-08
-1.999999987845058e-08
21.5557861328125
-39.68342590332031
1.999999987845058e-08
1.999999987845058e-08
-1.2234128713607788
-50.888946533203125
-1.999999987845058e-08
-1.999999987845058e-08
-40.5425910949707
-22.248018264770508
1.999999987845058e-08
1.999999987845058e-08
-40.5425910949707
-22.248018264770508
-1.999999987845058e-08
-1.999999987845058e-08
-60.01739501953125
19.471900939941406
1.999999987845058e-08
1.999999987845058e-08
-46.23544692993164
37.63825225830078
-1.999999987845058e-08
-1.999999987845058e-08
-18.07762908935547
24.341331481933594
1.999999987845058e-08
1.999999987845058e-08
1.5087593793869019
-5.619024753570557
-1.999999987845058e-08
-1.999999987845058e-08
2.6907947063446045
-32.584224700927734
1.999999987845058e-08
1.999999987845058e-08
-9.642788887023926
-39.8060417175293
-1.999999987845058e-08
-1.999999987845058e-08
-19.87933921813965
-25.637195587158203
1.999999987845058e-08
1.999999987845058e-08
-15.407903671264648
-7.374342441558838
-1.999999987845058e-08
-1.999999987845058e-08
3.9697999954223633
-5.810150146484375
1.999999987845058e-08
1.999999987845058e-08
32.682071685791016
-55.22867965698242
-1.999999987845058e-08
-1.999999987845058e-08
10.169358253479004
-54.861629486083984
1.999999987845058e-08
1.999999987845058e-08
-18.588214874267578
-19.794580459594727
-1.999999987845058e-08
-1.999999987845058e-08
-20.634706497192383
17.32725715637207
1.999999987845058e-08
1.999999987845058e-08
7.666378974914551
16.20440101623535
-1.999999987845058e-08
-1.999999987845058e-08
36.19013977050781
-26.97492218017578
1.999999987845058e-08
1.999999987845058e-08
31.258012771606445
-65.59430694580078
-1.999999987845058e-08
-1.999999987845058e-08
-7.894976615905762
-50.474525451660156
1.999999987845058e-08
1.999999987845058e-08
-44.0709114074707
7.121872901916504
-1.999999987845058e-08
-1.999999987845058e-08
-43.79261779785156
50.976646423339844
1.999999987845058e-08
1.999999987845058e-08
-12.175984382629395
47.61771011352539
-1.999999987845058e-08
-1.999999987845058e-08
21.755661010742188
6.283918380737305
1.999999987845058e-08
1.999999987845058e-08
32.71763229370117
-41.02800750732422
-1.999999987845058e-08
-1.999999987845058e-08
13.25986385345459
-55.344547271728516
1.999999987845058e-08
1.999999987845058e-08
-16.027652740478516
-22.43425750732422
-1.999999987845058e-08
-1.999999987845058e-08
-23.233257293701172
25.17013168334961
1.999999987845058e-08
1.999999987845058e-08
-4.258152008056641
47.088226318359375
-1.999999987845058e-08
-1.999999987845058e-08
18.894521713256836
35.16731262207031
1.999999987845058e-08
1.999999987845058e-08
30.601253509521484
-0.6032921671867371
-1.999999987845058e-08
-1.999999987845058e-08
24.353593826293945
-40.816646575927734
1.999999987845058e-08
1.999999987845058e-08
-1.1173720359802246
-51.26308059692383
-1.999999987845058e-08
-1.999999987845058e-08
-28.251916885375977
-16.985694885253906
1.999999987845058e-08
1.999999987845058e-08
-31.847688674926758
31.013885498046875
-1.999999987845058e-08
-1.999999987845058e-08
-9.253473281860352
50.99092102050781
1.999999987845058e-08
1.999999987845058e-08
19.588468551635742
30.888967514038086
-1.999999987845058e-08
-1.999999987845058e-08
32.92694091796875
-11.3400239944458
1.999999987845058e-08
1.999999987845058e-08
18.327468872070312
-40.61831283569336
-1.999999987845058e-08
-1.999999987845058e-08
-16.962661743164062
-27.280305862426758
1.999999987845058e-08
1.999999987845058e-08
-41.98342514038086
17.646692276000977
-1.999999987845058e-08
-1.999999987845058e-08
-30.362451553344727
47.74170684814453
1.999999987845058e-08
1.999999987845058e-08
-30.362451553344727
47.74170684814453
-1.999999987845058e-08
-1.999999987845058e-08
8.789878845214844
35.21824645996094
1.999999987845058e-08
1.999999987845058e-08
41.403167724609375
-3.373302698135376
-1.999999987845058e-08
-1.999999987845058e-08
42.60979080200195
-34.57374954223633
1.999999987845058e-08
1.999999987845058e-08
18.285551071166992
-39.51181411743164
-1.999999987845058e-08
-1.999999987845058e-08
-5.095405578613281
-21.154115676879883
1.999999987845058e-08
1.999999987845058e-08
-11.642155647277832
6.630157947540283
-1.999999987845058e-08
-1.999999987845058e-08
-3.4868414402008057
26.225805282592773
1.999999987845058e-08
1.999999987845058e-08
15.044450759887695
17.27813148498535
-1.999999987845058e-08
-1.999999987845058e-08
33.617271423339844
-21.500652313232422
1.999999987845058e-08
1.999999987845058e-08
15.044450759887695
17.27813148498535
-1.999999987845058e-08
-1.999999987845058e-08
33.617271423339844
-21.500652313232422
1.999999987845058e-08
1.999999987845058e-08
30.75686264038086
-54.454383850097656
-1.999999987845058e-08
-1.999999987845058e-08
-0.2829206585884094
-42.78114700317383
1.999999987845058e-08
1.999999987845058e-08
-33.97834396362305
8.029500961303711
-1.999999987845058e-08
-1.999999987845058e-08
-38.597251892089844
53.241371154785156
1.999999987845058e-08
1.999999987845058e-08
-9.885220527648926
53.392425537109375
-1.999999987845058e-08
-1.999999987845058e-08
27.63837432861328
5.363184928894043
1.999999987845058e-08
1.999999987845058e-08
41.58338928222656
-52.788299560546875
-1.999999987845058e-08
-1.999999987845058e-08
18.17706298828125
-67.13513946533203
1.999999987845058e-08
1.999999987845058e-08
14.489906311035156
32.09244918823242
-1.999999987845058e-08
-1.999999987845058e-08
27.477115631103516
-8.562264442443848
1.999999987845058e-08
1.999999987845058e-08
18.17116355895996
-37.08646011352539
-1.999999987845058e-08
-1.999999987845058e-08
-8.580892562866211
-28.809293746948242
1.999999987845058e-08
1.999999987845058e-08
-33.45794677734375
15.152854919433594
-1.999999987845058e-08
-1.999999987845058e-08
-30.669923782348633
55.18952560424805
1.999999987845058e-08
1.999999987845058e-08
3.0119566917419434
47.17525100708008
-1.999999987845058e-08
-1.999999987845058e-08
34.43640899658203
-0.40947210788726807
1.999999987845058e-08
1.999999987845058e-08
29.730438232421875
-30.876285552978516
-1.999999987845058e-08
-1.999999987845058e-08
-2.4981205463409424
-10.729673385620117
1.999999987845058e-08
1.999999987845058e-08
-23.808250427246094
34.05004119873047
-1.999999987845058e-08
-1.999999987845058e-08
-11.147926330566406
52.74109649658203
1.999999987845058e-08
1.999999987845058e-08
21.80019760131836
18.97642707824707
-1.999999987845058e-08
-1.999999987845058e-08
36.18349838256836
-38.37854766845703
1.999999987845058e-08
1.999999987845058e-08
9.766996383666992
-55.72826385498047
-1.999999987845058e-08
-1.999999987845058e-08
-29.368253707885742
-10.789522171020508
1.999999987845058e-08
1.999999987845058e-08
-36.1497802734375
46.71553039550781
-1.999999987845058e-08
-1.999999987845058e-08
-3.499464750289917
56.25342559814453
1.999999987845058e-08
1.999999987845058e-08
36.486209869384766
10.813455581665039
-1.999999987845058e-08
-1.999999987845058e-08
46.41334915161133
-40.91843795776367
1.999999987845058e-08
1.999999987845058e-08
15.618027687072754
-43.78657913208008
-1.999999987845058e-08
-1.999999987845058e-08
-28.971582412719727
9.749204635620117
1.999999987845058e-08
1.999999987845058e-08
-48.847389221191406
76.52561950683594
-1.999999987845058e-08
-1.999999987845058e-08
-29.653844833374023
105.80316925048828
1.999999987845058e-08
1.999999987845058e-08
9.814399719238281
77.56571197509766
-1.999999987845058e-08
-1.999999987845058e-08
34.0173454284668
17.410680770874023
1.999999987845058e-08
1.999999987845058e-08
20.069570541381836
-19.952991485595703
-1.999999987845058e-08
-1.999999987845058e-08
-17.939952850341797
-2.4630043506622314
1.999999987845058e-08
1.999999987845058e-08
-40.8969841003418
45.153507232666016
-1.999999987845058e-08
-1.999999987845058e-08
-25.754379272460938
70.34785461425781
1.999999987845058e-08
1.999999987845058e-08
12.944205284118652
45.21165084838867
-1.999999987845058e-08
-1.999999987845058e-08
38.79487991333008
-9.440372467041016
1.999999987845058e-08
1.999999987845058e-08
28.33379364013672
-40.95620346069336
-1.999999987845058e-08
-1.999999987845058e-08
-3.994302749633789
-16.28643035888672
1.999999987845058e-08
1.999999987845058e-08
-21.387697219848633
39.07272720336914
-1.999999987845058e-08
-1.999999987845058e-08
-5.3357253074646
65.50141906738281
1.999999987845058e-08
1.999999987845058e-08
26.30088233947754
35.05959701538086
-1.999999987845058e-08
-1.999999987845058e-08
38.00040817260742
-13.872578620910645
1.999999987845058e-08
1.999999987845058e-08
15.47463607788086
-22.267736434936523
-1.999999987845058e-08
-1.999999987845058e-08
-17.042043685913086
15.504190444946289
1.999999987845058e-08
1.999999987845058e-08
38.00040817260742
-13.872578620910645
-1.999999987845058e-08
-1.999999987845058e-08
15.47463607788086
-22.267736434936523
1.999999987845058e-08
1.999999987845058e-08
-17.042043685913086
15.504190444946289
-1.999999987845058e-08
-1.999999987845058e-08
-28.76767349243164
53.30171203613281
1.999999987845058e-08
1.999999987845058e-08
-16.584148406982422
55.96499252319336
-1.999999987845058e-08
-1.999999987845058e-08
1.3155888319015503
28.78874397277832
1.999999987845058e-08
1.999999987845058e-08
6.978435039520264
1.0663968324661255
-1.999999987845058e-08
-1.999999987845058e-08
-5.714222431182861
2.7058610916137695
1.999999987845058e-08
1.999999987845058e-08
-24.63079261779785
40.908538818359375
-1.999999987845058e-08
-1.999999987845058e-08
-23.67659568786621
82.96031188964844
1.999999987845058e-08
1.999999987845058e-08
7.09984016418457
82.35802459716797
-1.999999987845058e-08
-1.999999987845058e-08
38.23621368408203
38.6026496887207
1.999999987845058e-08
1.999999987845058e-08
33.67119598388672
2.5864851474761963
-1.999999987845058e-08
-1.999999987845058e-08
-1.183042287826538
11.682872772216797
1.999999987845058e-08
1.999999987845058e-08
-28.63050079345703
52.630882263183594
-1.999999987845058e-08
-1.999999987845058e-08
-21.8780517578125
85.43533325195312
1.999999987845058e-08
1.999999987845058e-08
12.870256423950195
78.23236846923828
-1.999999987845058e-08
-1.999999987845058e-08
41.364051818847656
36.314483642578125
1.999999987845058e-08
1.999999987845058e-08
31.15120506286621
4.895877361297607
-1.999999987845058e-08
-1.999999987845058e-08
-12.333745002746582
22.14889907836914
1.999999987845058e-08
1.999999987845058e-08
-44.004432678222656
105.54674530029297
-1.999999987845058e-08
-1.999999987845058e-08
-3.2687087059020996
78.24205780029297
1.999999987845058e-08
1.999999987845058e-08
31.455821990966797
18.049365997314453
-1.999999987845058e-08
-1.999999987845058e-08
23.77304458618164
-8.32951545715332
1.999999987845058e-08
1.999999987845058e-08
-13.91021728515625
24.796886444091797
-1.999999987845058e-08
-1.999999987845058e-08
-40.82893753051758
80.517822265625
1.999999987845058e-08
1.999999987845058e-08
-36.3402214050293
112.37089538574219
-1.999999987845058e-08
-1.999999987845058e-08
-6.038589000701904
98.3823471069336
1.999999987845058e-08
1.999999987845058e-08
25.981626510620117
51.19826126098633
-1.999999987845058e-08
-1.999999987845058e-08
27.943035125732422
18.750289916992188
1.999999987845058e-08
1.999999987845058e-08
-1.554789662361145
36.25999450683594
-1.999999987845058e-08
-1.999999987845058e-08
-24.79105567932129
78.10308074951172
1.999999987845058e-08
1.999999987845058e-08
-13.701297760009766
90.84992218017578
-1.999999987845058e-08
-1.999999987845058e-08
15.460240364074707
61.23387145996094
1.999999987845058e-08
1.999999987845058e-08
26.184446334838867
26.52777862548828
-1.999999987845058e-08
-1.999999987845058e-08
8.191018104553223
23.197956085205078
1.999999987845058e-08
1.999999987845058e-08
-14.283440589904785
44.98564529418945
-1.999999987845058e-08
-1.999999987845058e-08
-17.325576782226562
59.27060317993164
1.999999987845058e-08
1.999999987845058e-08
-2.2406041622161865
47.75130844116211
-1.999999987845058e-08
-1.999999987845058e-08
12.359304428100586
20.545635223388672
1.999999987845058e-08
1.999999987845058e-08
-6.315942287445068
15.354098320007324
-1.999999987845058e-08
-1.999999987845058e-08
-23.106584548950195
46.08041000366211
1.999999987845058e-08
1.999999987845058e-08
-20.227041244506836
62.19280242919922
-1.999999987845058e-08
-1.999999987845058e-08
5.177237510681152
39.083003997802734
1.999999987845058e-08
1.999999987845058e-08
28.853397369384766
-7.466938495635986
-1.999999987845058e-08
-1.999999987845058e-08
23.4699649810791
-32.18888854980469
1.999999987845058e-08
1.999999987845058e-08
-6.524600028991699
-8.784765243530273
-1.999999987845058e-08
-1.999999987845058e-08
-29.44645118713379
42.75752639770508
1.999999987845058e-08
1.999999987845058e-08
-21.126134872436523
77.15213775634766
-1.999999987845058e-08
-1.999999987845058e-08
14.303236961364746
60.95339584350586
1.999999987845058e-08
1.999999987845058e-08
46.36617660522461
3.3030030727386475
-1.999999987845058e-08
-1.999999987845058e-08
42.69868850708008
-42.36511993408203
1.999999987845058e-08
1.999999987845058e-08
5.705256938934326
-32.05488967895508
-1.999999987845058e-08
-1.999999987845058e-08
-27.473373413085938
15.786811828613281
1.999999987845058e-08
1.999999987845058e-08
-29.10327911376953
46.72566604614258
-1.999999987845058e-08
-1.999999987845058e-08
-7.6004180908203125
36.392765045166016
1.999999987845058e-08
1.999999987845058e-08
9.805344581604004
6.920771598815918
-1.999999987845058e-08
-1.999999987845058e-08
5.3865861892700195
-7.849775314331055
1.999999987845058e-08
1.999999987845058e-08
-14.823972702026367
4.228518962860107
-1.999999987845058e-08
-1.999999987845058e-08
-28.652738571166992
27.87006187438965
1.999999987845058e-08
1.999999987845058e-08
-22.3592529296875
40.10589599609375
-1.999999987845058e-08
-1.999999987845058e-08
-2.426753520965576
31.68187713623047
1.999999987845058e-08
1.999999987845058e-08
15.12711238861084
7.358443737030029
-1.999999987845058e-08
-1.999999987845058e-08
17.250980377197266
-19.808523178100586
1.999999987845058e-08
1.999999987845058e-08
3.544896364212036
-30.947772979736328
-1.999999987845058e-08
-1.999999987845058e-08
-11.451194763183594
-15.725232124328613
1.999999987845058e-08
1.999999987845058e-08
-12.898838996887207
14.370919227600098
-1.999999987845058e-08
-1.999999987845058e-08
0.2750111520290375
35.43374252319336
1.999999987845058e-08
1.999999987845058e-08
18.104045867919922
30.600595474243164
-1.999999987845058e-08
-1.999999987845058e-08
28.352487564086914
2.046745538711548
1.999999987845058e-08
1.999999987845058e-08
28.352487564086914
2.046745538711548
-1.999999987845058e-08
-1.999999987845058e-08
21.95393180847168
-26.62710189819336
1.999999987845058e-08
1.999999987845058e-08
0.01255155261605978
-28.172292709350586
-1.999999987845058e-08
-1.999999987845058e-08
-23.159576416015625
-0.3500373661518097
1.999999987845058e-08
1.999999987845058e-08
-31.2890567779541
33.226402282714844
-1.999999987845058e-08
-1.999999987845058e-08
-20.707351684570312
51.47098159790039
1.999999987845058e-08
1.999999987845058e-08
0.9907170534133911
49.76237869262695
-1.999999987845058e-08
-1.999999987845058e-08
24.725257873535156
26.172311782836914
1.999999987845058e-08
1.999999987845058e-08
36.62705993652344
-14.613862991333008
-1.999999987845058e-08
-1.999999987845058e-08
22.05965805053711
-41.797203063964844
1.999999987845058e-08
1.999999987845058e-08
-10.818238258361816
-24.93108367919922
-1.999999987845058e-08
-1.999999987845058e-08
-33.319889068603516
21.381479263305664
1.999999987845058e-08
1.999999987845058e-08
-27.104276657104492
50.95658493041992
-1.999999987845058e-08
-1.999999987845058e-08
3.453770160675049
34.471195220947266
1.999999987845058e-08
1.999999987845058e-08
36.8619270324707
-17.92996597290039
-1.999999987845058e-08
-1.999999987845058e-08
43.27409744262695
-64.3181381225586
1.999999987845058e-08
1.999999987845058e-08
12.124415397644043
-63.665409088134766
-1.999999987845058e-08
-1.999999987845058e-08
-25.837743759155273
-19.479373931884766
1.999999987845058e-08
1.999999987845058e-08
-28.73419761657715
19.27104949951172
-1.999999987845058e-08
-1.999999987845058e-08
5.892727851867676
12.130446434020996
1.999999987845058e-08
1.999999987845058e-08
37.8069953918457
-29.983688354492188
-1.999999987845058e-08
-1.999999987845058e-08
31.15534019470215
-62.435829162597656
1.999999987845058e-08
1.999999987845058e-08
-7.214031219482422
-55.32939910888672
-1.999999987845058e-08
-1.999999987845058e-08
-41.129425048828125
-15.727761268615723
1.999999987845058e-08
1.999999987845058e-08
-45.102333068847656
27.152021408081055
-1.999999987845058e-08
-1.999999987845058e-08
-21.345794677734375
45.02871322631836
1.999999987845058e-08
1.999999987845058e-08
13.80260944366455
23.053253173828125
-1.999999987845058e-08
-1.999999987845058e-08
40.9156379699707
-30.148542404174805
1.999999987845058e-08
1.999999987845058e-08
38.97090530395508
-76.17493438720703
-1.999999987845058e-08
-1.999999987845058e-08
4.478697299957275
-74.6662826538086
1.999999987845058e-08
1.999999987845058e-08
-38.97200012207031
7.63484525680542
-1.999999987845058e-08
-1.999999987845058e-08
-14.476969718933105
7.5980305671691895
1.999999987845058e-08
1.999999987845058e-08
12.996776580810547
-20.754484176635742
-1.999999987845058e-08
-1.999999987845058e-08
19.265453338623047
-45.852176666259766
1.999999987845058e-08
1.999999987845058e-08
3.1042163372039795
-45.469234466552734
-1.999999987845058e-08
-1.999999987845058e-08
-15.267021179199219
-23.079557418823242
1.999999987845058e-08
1.999999987845058e-08
-17.155723571777344
-1.9692801237106323
-1.999999987845058e-08
-1.999999987845058e-08
-5.467687129974365
0.493569016456604
1.999999987845058e-08
1.999999987845058e-08
4.616734981536865
-15.235243797302246
-1.999999987845058e-08
-1.999999987845058e-08
3.879481077194214
-40.16639709472656
1.999999987845058e-08
1.999999987845058e-08
4.616734981536865
-15.235243797302246
-1.999999987845058e-08
-1.999999987845058e-08
3.879481077194214
-40.16639709472656
1.999999987845058e-08
1.999999987845058e-08
-9.591255187988281
-59.749061584472656
-1.999999987845058e-08
-1.999999987845058e-08
-31.93742561340332
-55.51129913330078
1.999999987845058e-08
1.999999987845058e-08
-49.47035598754883
-23.684839248657227
-1.999999987845058e-08
-1.999999987845058e-08
-45.64857864379883
12.921015739440918
1.999999987845058e-08
1.999999987845058e-08
-14.790901184082031
19.943880081176758
-1.999999987845058e-08
-1.999999987845058e-08
28.600934982299805
-21.246719360351562
1.999999987845058e-08
1.999999987845058e-08
48.25417709350586
-86.02576446533203
-1.999999987845058e-08
-1.999999987845058e-08
18.596939086914062
-115.84090423583984
1.999999987845058e-08
1.999999987845058e-08
-47.67727279663086
-33.31806182861328
-1.999999987845058e-08
-1.999999987845058e-08
-16.872058868408203
-14.374032974243164
1.999999987845058e-08
1.999999987845058e-08
21.77142906188965
-32.84182357788086
-1.999999987845058e-08
-1.999999987845058e-08
33.6562385559082
-60.17620849609375
1.999999987845058e-08
1.999999987845058e-08
15.215420722961426
-67.9238052368164
-1.999999987845058e-08
-1.999999987845058e-08
-14.623309135437012
-45.74876022338867
1.999999987845058e-08
1.999999987845058e-08
-28.703758239746094
-12.1561861038208
-1.999999987845058e-08
-1.999999987845058e-08
-11.834080696105957
-1.4756848812103271
1.999999987845058e-08
1.999999987845058e-08
23.772735595703125
-29.355663299560547
-1.999999987845058e-08
-1.999999987845058e-08
45.68082046508789
-73.38692474365234
1.999999987845058e-08
1.999999987845058e-08
7.975093364715576
-62.91026306152344
-1.999999987845058e-08
-1.999999987845058e-08
-24.25577163696289
-28.976608276367188
1.999999987845058e-08
1.999999987845058e-08
-33.33202362060547
7.549437046051025
-1.999999987845058e-08
-1.999999987845058e-08
-13.210258483886719
16.40049934387207
1.999999987845058e-08
1.999999987845058e-08
16.128618240356445
-8.814157485961914
-1.999999987845058e-08
-1.999999987845058e-08
26.33609962463379
-45.620140075683594
1.999999987845058e-08
1.999999987845058e-08
7.058172225952148
-58.841468811035156
-1.999999987845058e-08
-1.999999987845058e-08
-22.585908889770508
-35.32439041137695
1.999999987845058e-08
1.999999987845058e-08
-33.576927185058594
0.5451834201812744
-1.999999987845058e-08
-1.999999987845058e-08
-14.172801971435547
11.328282356262207
1.999999987845058e-08
1.999999987845058e-08
26.33609962463379
-45.620140075683594
-1.999999987845058e-08
-1.999999987845058e-08
7.058172225952148
-58.841468811035156
1.999999987845058e-08
1.999999987845058e-08
-22.585908889770508
-35.32439041137695
-1.999999987845058e-08
-1.999999987845058e-08
-33.576927185058594
0.5451834201812744
1.999999987845058e-08
1.999999987845058e-08
-14.172801971435547
11.32828140258789
-1.999999987845058e-08
-1.999999987845058e-08
21.99138832092285
-17.230276107788086
1.999999987845058e-08
1.999999987845058e-08
44.727481842041016
-60.59821701049805
-1.999999987845058e-08
-1.999999987845058e-08
31.366270065307617
-75.56432342529297
1.999999987845058e-08
1.999999987845058e-08
-6.204493522644043
-44.85151290893555
-1.999999987845058e-08
-1.999999987845058e-08
-29.673542022705078
3.7842464447021484
1.999999987845058e-08
1.999999987845058e-08
-15.563126564025879
26.8493709564209
-1.999999987845058e-08
-1.999999987845058e-08
20.910125732421875
4.158623218536377
1.999999987845058e-08
1.999999987845058e-08
42.87553024291992
-45.50778579711914
-1.999999987845058e-08
-1.999999987845058e-08
28.83134651184082
-79.44967651367188
1.999999987845058e-08
1.999999987845058e-08
-5.713364601135254
-72.10671997070312
-1.999999987845058e-08
-1.999999987845058e-08
-27.105060577392578
-39.54180145263672
1.999999987845058e-08
1.999999987845058e-08
-21.50187110900879
-12.406539916992188
-1.999999987845058e-08
-1.999999987845058e-08
-0.34282463788986206
-5.059481143951416
1.999999987845058e-08
1.999999987845058e-08
21.173673629760742
-21.25366973876953
-1.999999987845058e-08
-1.999999987845058e-08
27.554073333740234
-50.7500114440918
1.999999987845058e-08
1.999999987845058e-08
27.554073333740234
-50.7500114440918
-1.999999987845058e-08
-1.999999987845058e-08
6.897989273071289
-59.51658248901367
1.999999987845058e-08
1.999999987845058e-08
-26.142642974853516
-27.717233657836914
-1.999999987845058e-08
-1.999999987845058e-08
-38.11481857299805
16.170551300048828
1.999999987845058e-08
1.999999987845058e-08
-15.976472854614258
27.303564071655273
-1.999999987845058e-08
-1.999999987845058e-08
17.5910587310791
-3.841348171234131
1.999999987845058e-08
1.999999987845058e-08
26.06165313720703
-39.77628707885742
-1.999999987845058e-08
-1.999999987845058e-08
-1.817338228225708
-38.003700256347656
1.999999987845058e-08
1.999999987845058e-08
-35.255897521972656
-1.6990095376968384
-1.999999987845058e-08
-1.999999987845058e-08
-35.00110626220703
27.228206634521484
1.999999987845058e-08
1.999999987845058e-08
2.214646100997925
17.04507064819336
-1.999999987845058e-08
-1.999999987845058e-08
41.868038177490234
-25.94191551208496
1.999999987845058e-08
1.999999987845058e-08
48.17557144165039
-66.39797973632812
-1.999999987845058e-08
-1.999999987845058e-08
18.98420524597168
-72.43073272705078
1.999999987845058e-08
1.999999987845058e-08
-15.451810836791992
-44.76921463012695
-1.999999987845058e-08
-1.999999987845058e-08
-26.075220108032227
-11.820432662963867
1.999999987845058e-08
1.999999987845058e-08
-8.216411590576172
-3.907832384109497
-1.999999987845058e-08
-1.999999987845058e-08
19.737092971801758
-30.14618492126465
1.999999987845058e-08
1.999999987845058e-08
28.352394104003906
-64.08826446533203
-1.999999987845058e-08
-1.999999987845058e-08
5.026458740234375
-65.38090515136719
1.999999987845058e-08
1.999999987845058e-08
5.026458740234375
-65.38090515136719
-1.999999987845058e-08
-1.999999987845058e-08
-27.449739456176758
-27.053508758544922
1.999999987845058e-08
1.999999987845058e-08
-36.38733673095703
16.673213958740234
-1.999999987845058e-08
-1.999999987845058e-08
-11.839503288269043
25.325044631958008
1.999999987845058e-08
1.999999987845058e-08
28.50373077392578
-14.602560997009277
-1.999999987845058e-08
-1.999999987845058e-08
48.303768157958984
-70.53242492675781
1.999999987845058e-08
1.999999987845058e-08
21.69084930419922
-83.63384246826172
-1.999999987845058e-08
-1.999999987845058e-08
-30.422483444213867
-33.28207778930664
1.999999987845058e-08
1.999999987845058e-08
-57.606117248535156
37.600807189941406
-1.999999987845058e-08
-1.999999987845058e-08
-37.601112365722656
73.50678253173828
1.999999987845058e-08
1.999999987845058e-08
5.9104905128479
54.01108169555664
-1.999999987845058e-08
-1.999999987845058e-08
32.612918853759766
-0.078647181391716
1.999999987845058e-08
1.999999987845058e-08
19.35394859313965
-41.1033935546875
-1.999999987845058e-08
-1.999999987845058e-08
-20.531522750854492
-33.97290802001953
1.999999987845058e-08
1.999999987845058e-08
-48.22056579589844
7.415172100067139
-1.999999987845058e-08
-1.999999987845058e-08
-37.28557205200195
38.32810974121094
1.999999987845058e-08
1.999999987845058e-08
2.461486577987671
30.28105926513672
-1.999999987845058e-08
-1.999999987845058e-08
38.84245681762695
-10.992077827453613
1.999999987845058e-08
1.999999987845058e-08
45.92527770996094
-55.75086975097656
-1.999999987845058e-08
-1.999999987845058e-08
21.37393569946289
-70.49134063720703
1.999999987845058e-08
1.999999987845058e-08
-15.144887924194336
-44.50445556640625
-1.999999987845058e-08
-1.999999987845058e-08
-39.59809494018555
2.334803581237793
1.999999987845058e-08
1.999999987845058e-08
-35.912723541259766
35.582027435302734
-1.999999987845058e-08
-1.999999987845058e-08
-1.4703954458236694
26.383838653564453
1.999999987845058e-08
1.999999987845058e-08
39.696266174316406
-21.457788467407227
-1.999999987845058e-08
-1.999999987845058e-08
48.21234130859375
-63.208290100097656
1.999999987845058e-08
1.999999987845058e-08
12.605658531188965
-53.71052932739258
-1.999999987845058e-08
-1.999999987845058e-08
-37.07658004760742
7.3893656730651855
1.999999987845058e-08
1.999999987845058e-08
-60.127525329589844
75.19255065917969
-1.999999987845058e-08
-1.999999987845058e-08
-36.471439361572266
94.95072937011719
1.999999987845058e-08
1.999999987845058e-08
7.683244705200195
19.25149154663086
-1.999999987845058e-08
-1.999999987845058e-08
38.83330535888672
-31.582796096801758
1.999999987845058e-08
1.999999987845058e-08
41.67148208618164
-70.583251953125
-1.999999987845058e-08
-1.999999987845058e-08
10.150850296020508
-61.30157470703125
1.999999987845058e-08
1.999999987845058e-08
-30.57107925415039
-8.514311790466309
-1.999999987845058e-08
-1.999999987845058e-08
-41.923980712890625
40.307987213134766
1.999999987845058e-08
1.999999987845058e-08
-12.4635009765625
40.159950256347656
-1.999999987845058e-08
-1.999999987845058e-08
27.82676887512207
-7.053103446960449
1.999999987845058e-08
1.999999987845058e-08
37.12260818481445
-53.14841079711914
-1.999999987845058e-08
-1.999999987845058e-08
5.702611923217773
-51.63739013671875
1.999999987845058e-08
1.999999987845058e-08
-41.923980712890625
40.307987213134766
-1.999999987845058e-08
-1.999999987845058e-08
-12.4635009765625
40.159950256347656
1.999999987845058e-08
1.999999987845058e-08
27.82676887512207
-7.053103446960449
-1.999999987845058e-08
-1.999999987845058e-08
37.12260818481445
-53.14841079711914
1.999999987845058e-08
1.999999987845058e-08
5.702611923217773
-51.63739013671875
-1.999999987845058e-08
-1.999999987845058e-08
-32.542747497558594
-7.140903949737549
1.999999987845058e-08
1.999999987845058e-08
-38.839744567871094
34.29645538330078
-1.999999987845058e-08
-1.999999987845058e-08
-8.934249877929688
36.289459228515625
1.999999987845058e-08
1.999999987845058e-08
31.375255584716797
-3.7323696613311768
-1.999999987845058e-08
-1.999999987845058e-08
48.777610778808594
-55.418052673339844
1.999999987845058e-08
1.999999987845058e-08
48.777610778808594
-55.418052673339844
-1.999999987845058e-08
-1.999999987845058e-08
25.745893478393555
-69.64581298828125
1.999999987845058e-08
1.999999987845058e-08
-17.087026596069336
-28.806901931762695
-1.999999987845058e-08
-1.999999987845058e-08
-37.629634857177734
23.61888885498047
1.999999987845058e-08
1.999999987845058e-08
-20.636470794677734
34.9659538269043
-1.999999987845058e-08
-1.999999987845058e-08
8.675833702087402
5.147061824798584
1.999999987845058e-08
1.999999987845058e-08
19.297279357910156
-26.179733276367188
-1.999999987845058e-08
-1.999999987845058e-08
6.2643961906433105
-32.223876953125
1.999999987845058e-08
1.999999987845058e-08
-14.727945327758789
-15.488479614257812
-1.999999987845058e-08
-1.999999987845058e-08
-26.42289161682129
9.43062973022461
1.999999987845058e-08
1.999999987845058e-08
-16.10919761657715
21.68410873413086
-1.999999987845058e-08
-1.999999987845058e-08
12.743267059326172
2.5390422344207764
1.999999987845058e-08
1.999999987845058e-08
30.546979904174805
-34.673500061035156
-1.999999987845058e-08
-1.999999987845058e-08
12.875720977783203
-48.468624114990234
1.999999987845058e-08
1.999999987845058e-08
-24.340415954589844
-19.365530014038086
-1.999999987845058e-08
-1.999999987845058e-08
-43.675777435302734
28.70085334777832
1.999999987845058e-08
1.999999987845058e-08
-25.816577911376953
54.59807586669922
-1.999999987845058e-08
-1.999999987845058e-08
17.2254695892334
32.276214599609375
1.999999987845058e-08
1.999999987845058e-08
50.265968322753906
-23.879026412963867
-1.999999987845058e-08
-1.999999987845058e-08
40.4250602722168
-59.05301284790039
1.999999987845058e-08
1.999999987845058e-08
-5.580490589141846
-31.55882453918457
-1.999999987845058e-08
-1.999999987845058e-08
-40.66067886352539
33.81511306762695
1.999999987845058e-08
1.999999987845058e-08
-29.1844425201416
72.22689819335938
-1.999999987845058e-08
-1.999999987845058e-08
14.931183815002441
49.71498107910156
1.999999987845058e-08
1.999999987845058e-08
45.79019546508789
-7.129894733428955
-1.999999987845058e-08
-1.999999987845058e-08
32.81298828125
-44.54307174682617
1.999999987845058e-08
1.999999987845058e-08
-9.551997184753418
-37.3222770690918
-1.999999987845058e-08
-1.999999987845058e-08
-43.30791091918945
-2.7042932510375977
1.999999987845058e-08
1.999999987845058e-08
-46.63733673095703
28.60039520263672
-1.999999987845058e-08
-1.999999987845058e-08
-23.72906494140625
34.07343292236328
1.999999987845058e-08
1.999999987845058e-08
-17.129722595214844
6.496041774749756
-1.999999987845058e-08
-1.999999987845058e-08
-19.46767234802246
35.9057731628418
1.999999987845058e-08
1.999999987845058e-08
5.307336807250977
26.758432388305664
-1.999999987845058e-08
-1.999999987845058e-08
37.991600036621094
-24.9453125
1.999999987845058e-08
1.999999987845058e-08
45.7901496887207
-75.38340759277344
-1.999999987845058e-08
-1.999999987845058e-08
20.126811981201172
-77.19418334960938
1.999999987845058e-08
1.999999987845058e-08
-14.85014533996582
-28.496479034423828
-1.999999987845058e-08
-1.999999987845058e-08
-28.56765365600586
26.55043601989746
1.999999987845058e-08
1.999999987845058e-08
-10.0799560546875
40.23483657836914
-1.999999987845058e-08
-1.999999987845058e-08
23.12713623046875
3.208829879760742
1.999999987845058e-08
1.999999987845058e-08
23.127134323120117
3.208829641342163
-1.999999987845058e-08
-1.999999987845058e-08
37.56496810913086
-46.55272674560547
1.999999987845058e-08
1.999999987845058e-08
15.568161964416504
-57.121334075927734
-1.999999987845058e-08
-1.999999987845058e-08
-23.591773986816406
-12.676270484924316
1.999999987845058e-08
1.999999987845058e-08
-43.453834533691406
51.443031311035156
-1.999999987845058e-08
-1.999999987845058e-08
-28.037336349487305
84.34902954101562
1.999999987845058e-08
1.999999987845058e-08
5.5812153816223145
67.85374450683594
-1.999999987845058e-08
-1.999999987845058e-08
25.59571075439453
29.97135353088379
1.999999987845058e-08
1.999999987845058e-08
13.252615928649902
13.64098834991455
-1.999999987845058e-08
-1.999999987845058e-08
-20.911861419677734
35.15286636352539
1.999999987845058e-08
1.999999987845058e-08
-44.823020935058594
71.24016571044922
-1.999999987845058e-08
-1.999999987845058e-08
-34.2653923034668
84.37110137939453
1.999999987845058e-08
1.999999987845058e-08
1.1593719720840454
62.13308334350586
-1.999999987845058e-08
-1.999999987845058e-08
27.01175308227539
28.831600189208984
1.999999987845058e-08
1.999999987845058e-08
21.229534149169922
18.048221588134766
-1.999999987845058e-08
-1.999999987845058e-08
-2.689868688583374
37.90875244140625
1.999999987845058e-08
1.999999987845058e-08
-12.709895133972168
61.666011810302734
-1.999999987845058e-08
-1.999999987845058e-08
3.052478790283203
56.93514633178711
1.999999987845058e-08
1.999999987845058e-08
24.653596878051758
23.546497344970703
-1.999999987845058e-08
-1.999999987845058e-08
27.411832809448242
-8.664652824401855
1.999999987845058e-08
1.999999987845058e-08
5.632790565490723
-11.118250846862793
-1.999999987845058e-08
-1.999999987845058e-08
-24.782791137695312
21.22948455810547
1.999999987845058e-08
1.999999987845058e-08
-34.05247116088867
60.16898727416992
-1.999999987845058e-08
-1.999999987845058e-08
-6.984851360321045
62.01665115356445
1.999999987845058e-08
1.999999987845058e-08
29.055391311645508
21.391775131225586
-1.999999987845058e-08
-1.999999987845058e-08
32.365535736083984
-11.986848831176758
1.999999987845058e-08
1.999999987845058e-08
1.4916092157363892
3.8488199710845947
-1.999999987845058e-08
-1.999999987845058e-08
-25.191089630126953
49.45299530029297
1.999999987845058e-08
1.999999987845058e-08
-18.560585021972656
72.47232055664062
-1.999999987845058e-08
-1.999999987845058e-08
10.938506126403809
49.85020446777344
1.999999987845058e-08
1.999999987845058e-08
28.605907440185547
9.214792251586914
-1.999999987845058e-08
-1.999999987845058e-08
11.617552757263184
-2.910461187362671
1.999999987845058e-08
1.999999987845058e-08
-27.0618839263916
30.12237548828125
-1.999999987845058e-08
-1.999999987845058e-08
-47.8088264465332
76.0572280883789
1.999999987845058e-08
1.999999987845058e-08
-23.949979782104492
85.98580169677734
-1.999999987845058e-08
-1.999999987845058e-08
26.51470375061035
44.551029205322266
1.999999987845058e-08
1.999999987845058e-08
