0
6.8908562660217285
-1.2281481076570344e-06
1.999999987845058e-08
1.999999987845058e-08
-30.063762664794922
-1.0065627975563984e-06
-1.999999987845058e-08
-1.999999987845058e-08
-40.54909133911133
-7.246690074680373e-07
1.999999987845058e-08
1.999999987845058e-08
-20.20996856689453
-5.306833941176592e-07
-1.999999987845058e-08
-1.999999987845058e-08
2.767834424972534
-2.4772168671916006e-07
1.999999987845058e-08
1.999999987845058e-08
7.949868202209473
-4.7458357244067884e-08
-1.999999987845058e-08
-1.999999987845058e-08
-0.7737059593200684
2.1661412574758288e-07
1.999999987845058e-08
1.999999987845058e-08
-11.26392650604248
4.0132738376996713e-07
-1.999999987845058e-08
-1.999999987845058e-08
-14.83485221862793
6.749011731699284e-07
1.999999987845058e-08
1.999999987845058e-08
-11.132139205932617
8.333398682225379e-07
-1.999999987845058e-08
-1.999999987845058e-08
-10.789032936096191
1.085679969037301e-06
1.999999987845058e-08
1.999999987845058e-08
-21.114795684814453
1.25715803278581e-06
-1.999999987845058e-08
-1.999999987845058e-08
-31.33623695373535
1.4918434771971079e-06
1.999999987845058e-08
1.999999987845058e-08
-25.250093460083008
1.6467715795442928e-06
-1.999999987845058e-08
-1.999999987845058e-08
-1.293152928352356
1.8820703644450987e-06
1.999999987845058e-08
1.999999987845058e-08
23.971609115600586
2.033564214798389e-06
-1.999999987845058e-08
-1.999999987845058e-08
26.43577766418457
2.2727183477400104e-06
1.999999987845058e-08
1.999999987845058e-08
-0.925872802734375
2.4102869247144554e-06
-1.999999987845058e-08
-1.999999987845058e-08
-30.8287410736084
2.6157379124924773e-06
1.999999987845058e-08
1.999999987845058e-08
-13.060134887695312
4.302814431866864e-06
-1.999999987845058e-08
-1.999999987845058e-08
-13.129595756530762
4.464921858016169e-06
1.999999987845058e-08
1.999999987845058e-08
6.299217224121094
4.527183591562789e-06
-1.999999987845058e-08
-1.999999987845058e-08
26.80545425415039
4.664015705202473e-06
1.999999987845058e-08
1.999999987845058e-08
25.348358154296875
4.708991127699846e-06
-1.999999987845058e-08
-1.999999987845058e-08
0.8803715705871582
4.83403437101515e-06
1.999999987845058e-08
1.999999987845058e-08
-26.799989700317383
4.904934030491859e-06
-1.999999987845058e-08
-1.999999987845058e-08
-36.35523986816406
5.046161732025212e-06
1.999999987845058e-08
1.999999987845058e-08
-21.685697555541992
5.0813250709325075e-06
-1.999999987845058e-08
-1.999999987845058e-08
3.25439190864563
5.190472620597575e-06
1.999999987845058e-08
1.999999987845058e-08
0.8803715109825134
4.7996632019930985e-06
-1.999999987845058e-08
-1.999999987845058e-08
-26.799989700317383
4.9273685363004915e-06
1.999999987845058e-08
1.999999987845058e-08
-36.35523986816406
4.974052899342496e-06
-1.999999987845058e-08
-1.999999987845058e-08
-21.685697555541992
5.089913429401349e-06
1.999999987845058e-08
1.999999987845058e-08
3.25439190864563
5.129677902004914e-06
-1.999999987845058e-08
-1.999999987845058e-08
15.101543426513672
5.236450306256302e-06
1.999999987845058e-08
1.999999987845058e-08
1.0517301559448242
5.251627953839488e-06
-1.999999987845058e-08
-1.999999987845058e-08
-24.896318435668945
5.351536856323946e-06
1.999999987845058e-08
1.999999987845058e-08
-30.64224624633789
5.367979611037299e-06
-1.999999987845058e-08
-1.999999987845058e-08
-2.7628393173217773
5.456759026856162e-06
1.999999987845058e-08
1.999999987845058e-08
15.101543426513672
5.1705678743019234e-06
-1.999999987845058e-08
-1.999999987845058e-08
1.0517301559448242
5.279909146338468e-06
1.999999987845058e-08
1.999999987845058e-08
-24.896318435668945
5.283435257297242e-06
-1.999999987845058e-08
-1.999999987845058e-08
-30.64224624633789
5.375278306019027e-06
1.999999987845058e-08
1.999999987845058e-08
-2.7628393173217773
5.4058959904068615e-06
-1.999999987845058e-08
-1.999999987845058e-08
33.72458267211914
5.497323854797287e-06
1.999999987845058e-08
1.999999987845058e-08
42.92505645751953
5.49444257558207e-06
-1.999999987845058e-08
-1.999999987845058e-08
14.681660652160645
5.585667167906649e-06
1.999999987845058e-08
1.999999987845058e-08
-29.463001251220703
5.588832209468819e-06
-1.999999987845058e-08
-1.999999987845058e-08
-54.96575164794922
5.6468720686098095e-06
1.999999987845058e-08
1.999999987845058e-08
-54.96575164794922
5.614236215478741e-06
-1.999999987845058e-08
-1.999999987845058e-08
-41.001686096191406
5.691858859790955e-06
1.999999987845058e-08
1.999999987845058e-08
0.38298341631889343
5.681219590769615e-06
-1.999999987845058e-08
-1.999999987845058e-08
31.017995834350586
5.735210379498312e-06
1.999999987845058e-08
1.999999987845058e-08
20.0660457611084
5.71453574593761e-06
-1.999999987845058e-08
-1.999999987845058e-08
-24.370698928833008
5.769601102656452e-06
1.999999987845058e-08
1.999999987845058e-08
-59.25594711303711
5.72313865632168e-06
-1.999999987845058e-08
-1.999999987845058e-08
-47.47528839111328
5.752398010372417e-06
1.999999987845058e-08
1.999999987845058e-08
3.5730998516082764
5.707275704480708e-06
-1.999999987845058e-08
-1.999999987845058e-08
48.20646667480469
5.737053925258806e-06
1.999999987845058e-08
1.999999987845058e-08
-4.322468280792236
5.6643912103027105e-06
-1.999999987845058e-08
-1.999999987845058e-08
-58.43534851074219
5.690595571650192e-06
1.999999987845058e-08
1.999999987845058e-08
-64.2919692993164
5.630034593195887e-06
-1.999999987845058e-08
-1.999999987845058e-08
-14.121278762817383
5.657067504216684e-06
1.999999987845058e-08
1.999999987845058e-08
40.919925689697266
5.6054250308079645e-06
-1.999999987845058e-08
-1.999999987845058e-08
47.91630935668945
5.619449439109303e-06
1.999999987845058e-08
1.999999987845058e-08
11.359453201293945
5.547635282709962e-06
-1.999999987845058e-08
-1.999999987845058e-08
-23.427268981933594
5.551326921704458e-06
1.999999987845058e-08
1.999999987845058e-08
-25.38649559020996
5.466314632940339e-06
-1.999999987845058e-08
-1.999999987845058e-08
1.421345829963684
5.460751253849594e-06
1.999999987845058e-08
1.999999987845058e-08
30.71785545349121
5.386887551139807e-06
-1.999999987845058e-08
-1.999999987845058e-08
38.4140739440918
5.38032281838241e-06
1.999999987845058e-08
1.999999987845058e-08
23.37053680419922
5.28652253706241e-06
-1.999999987845058e-08
-1.999999987845058e-08
1.4611461162567139
5.26401754541439e-06
1.999999987845058e-08
1.999999987845058e-08
-14.25524616241455
5.1528318181226496e-06
-1.999999987845058e-08
-1.999999987845058e-08
-17.70864486694336
5.142780992173357e-06
1.999999987845058e-08
1.999999987845058e-08
-9.642189979553223
5.068361588200787e-06
-1.999999987845058e-08
-1.999999987845058e-08
-4.255908012390137
5.051786956755677e-06
1.999999987845058e-08
1.999999987845058e-08
-16.357559204101562
4.9369932639820036e-06
-1.999999987845058e-08
-1.999999987845058e-08
-36.52303695678711
4.902376531390473e-06
1.999999987845058e-08
1.999999987845058e-08
-40.28384017944336
4.817540229851147e-06
-1.999999987845058e-08
-1.999999987845058e-08
-21.067306518554688
4.808834091818426e-06
1.999999987845058e-08
1.999999987845058e-08
1.0234949588775635
4.7004837142594624e-06
-1.999999987845058e-08
-1.999999987845058e-08
2.372826337814331
4.668530436902074e-06
1.999999987845058e-08
1.999999987845058e-08
-16.47079086303711
4.562450612866087e-06
-1.999999987845058e-08
-1.999999987845058e-08
-29.45611000061035
4.525213626038749e-06
1.999999987845058e-08
1.999999987845058e-08
-14.968414306640625
4.40694930148311e-06
-1.999999987845058e-08
-1.999999987845058e-08
17.154699325561523
4.368020199763123e-06
1.999999987845058e-08
1.999999987845058e-08
33.176673889160156
4.234578682371648e-06
-1.999999987845058e-08
-1.999999987845058e-08
14.140971183776855
4.178451490588486e-06
1.999999987845058e-08
1.999999987845058e-08
-15.16567325592041
4.047316906508058e-06
-1.999999987845058e-08
-1.999999987845058e-08
-13.347709655761719
4.016752427560277e-06
1.999999987845058e-08
1.999999987845058e-08
23.71434211730957
3.900971023540478e-06
-1.999999987845058e-08
-1.999999987845058e-08
57.675575256347656
3.874189587804722e-06
1.999999987845058e-08
1.999999987845058e-08
52.32130432128906
3.7581030483124778e-06
-1.999999987845058e-08
-1.999999987845058e-08
9.34622859954834
3.7113561575097265e-06
1.999999987845058e-08
1.999999987845058e-08
-35.45175552368164
3.574850779841654e-06
-1.999999987845058e-08
-1.999999987845058e-08
-45.09087371826172
3.50860636899597e-06
1.999999987845058e-08
1.999999987845058e-08
-15.629867553710938
3.3763383271434577e-06
-1.999999987845058e-08
-1.999999987845058e-08
17.54681396484375
3.33235561811307e-06
1.999999987845058e-08
1.999999987845058e-08
17.54681396484375
3.3046519547497155e-06
-1.999999987845058e-08
-1.999999987845058e-08
15.001609802246094
3.2579025628365343e-06
1.999999987845058e-08
1.999999987845058e-08
-19.5349063873291
3.1385645797854522e-06
-1.999999987845058e-08
-1.999999987845058e-08
-39.9671630859375
3.1094859878066927e-06
1.999999987845058e-08
1.999999987845058e-08
-13.959611892700195
2.9772027119179256e-06
-1.999999987845058e-08
-1.999999987845058e-08
36.42986297607422
2.9168882065278012e-06
1.999999987845058e-08
1.999999987845058e-08
59.63419723510742
2.7880837478733156e-06
-1.999999987845058e-08
-1.999999987845058e-08
31.737882614135742
2.73489922619774e-06
1.999999987845058e-08
1.999999987845058e-08
-18.194124221801758
2.602119820949156e-06
-1.999999987845058e-08
-1.999999987845058e-08
-40.04285430908203
2.552707201175508e-06
1.999999987845058e-08
1.999999987845058e-08
-14.487675666809082
2.4127139113261364e-06
-1.999999987845058e-08
-1.999999987845058e-08
30.341693878173828
2.3678605884924764e-06
1.999999987845058e-08
1.999999987845058e-08
48.15331268310547
2.238892648165347e-06
-1.999999987845058e-08
-1.999999987845058e-08
19.302902221679688
2.1789119273307733e-06
1.999999987845058e-08
1.999999987845058e-08
-29.6274471282959
2.0382901766424766e-06
-1.999999987845058e-08
-1.999999987845058e-08
-51.034645080566406
1.9890630937879905e-06
1.999999987845058e-08
1.999999987845058e-08
-22.63163948059082
1.8817842146745534e-06
-1.999999987845058e-08
-1.999999987845058e-08
27.974058151245117
1.8548262232798152e-06
1.999999987845058e-08
1.999999987845058e-08
51.1285285949707
1.7146777508969535e-06
-1.999999987845058e-08
-1.999999987845058e-08
30.420196533203125
1.653216145314218e-06
1.999999987845058e-08
1.999999987845058e-08
-29.152677536010742
1.4389161151484586e-06
-1.999999987845058e-08
-1.999999987845058e-08
-26.285884857177734
1.397447704221122e-06
1.999999987845058e-08
1.999999987845058e-08
-7.002005100250244
1.2842605201512924e-06
-1.999999987845058e-08
-1.999999987845058e-08
13.89470100402832
1.2405060942910495e-06
1.999999987845058e-08
1.999999987845058e-08
24.961326599121094
1.118136083277932e-06
-1.999999987845058e-08
-1.999999987845058e-08
21.67732048034668
1.078529180631449e-06
1.999999987845058e-08
1.999999987845058e-08
7.8299880027771
9.529575777378341e-07
-1.999999987845058e-08
-1.999999987845058e-08
-4.678380489349365
9.095838890971208e-07
1.999999987845058e-08
1.999999987845058e-08
-5.459151744842529
7.848602194826526e-07
-1.999999987845058e-08
-1.999999987845058e-08
4.266972541809082
7.482619821530534e-07
1.999999987845058e-08
1.999999987845058e-08
-5.459151744842529
7.807155952832545e-07
-1.999999987845058e-08
-1.999999987845058e-08
4.266972541809082
7.270844548656896e-07
1.999999987845058e-08
1.999999987845058e-08
13.499838829040527
6.113790504969074e-07
-1.999999987845058e-08
-1.999999987845058e-08
9.015134811401367
6.062651891625137e-07
1.999999987845058e-08
1.999999987845058e-08
-9.598029136657715
5.09771894030564e-07
-1.999999987845058e-08
-1.999999987845058e-08
-19.16840934753418
4.700758324815979e-07
1.999999987845058e-08
1.999999987845058e-08
1.1207009553909302
3.4804364190677006e-07
-1.999999987845058e-08
-1.999999987845058e-08
33.859188079833984
3.0369227488336037e-07
1.999999987845058e-08
1.999999987845058e-08
39.51595687866211
1.7220530423855962e-07
-1.999999987845058e-08
-1.999999987845058e-08
8.258159637451172
1.3177610469483625e-07
1.999999987845058e-08
1.999999987845058e-08
19.6058292388916
-2.683026139038702e-07
-1.999999987845058e-08
-1.999999987845058e-08
-14.561222076416016
-2.860022334516543e-07
1.999999987845058e-08
1.999999987845058e-08
-16.384822845458984
-3.71344270888585e-07
-1.999999987845058e-08
-1.999999987845058e-08
17.581872940063477
-3.843073557163734e-07
1.999999987845058e-08
1.999999987845058e-08
49.1387825012207
-4.816926093553775e-07
-1.999999987845058e-08
-1.999999987845058e-08
39.59921646118164
-4.964944082530565e-07
1.999999987845058e-08
1.999999987845058e-08
-0.11043120175600052
-6.048728664609371e-07
-1.999999987845058e-08
-1.999999987845058e-08
-25.638561248779297
-6.392152158696263e-07
1.999999987845058e-08
1.999999987845058e-08
-16.582725524902344
-7.281185503416054e-07
-1.999999987845058e-08
-1.999999987845058e-08
7.1021294593811035
-7.222203066703514e-07
1.999999987845058e-08
1.999999987845058e-08
7.102128982543945
-7.611162118337234e-07
-1.999999987845058e-08
-1.999999987845058e-08
13.509915351867676
-7.603379685861e-07
1.999999987845058e-08
1.999999987845058e-08
-8.459576606750488
-8.414000944867439e-07
-1.999999987845058e-08
-1.999999987845058e-08
-32.97142028808594
-8.555977046853513e-07
1.999999987845058e-08
1.999999987845058e-08
-21.26017951965332
-9.532449212201755e-07
-1.999999987845058e-08
-1.999999987845058e-08
25.900779724121094
-9.484999736741884e-07
1.999999987845058e-08
1.999999987845058e-08
60.293235778808594
-1.0245609018966206e-06
-1.999999987845058e-08
-1.999999987845058e-08
44.4738655090332
-1.034132424138079e-06
1.999999987845058e-08
1.999999987845058e-08
-5.4577484130859375
-1.1036950127163436e-06
-1.999999987845058e-08
-1.999999987845058e-08
-43.557125091552734
-1.0952986713164137e-06
1.999999987845058e-08
1.999999987845058e-08
-39.22350311279297
-1.1504682788654463e-06
-1.999999987845058e-08
-1.999999987845058e-08
1.7404356002807617
-1.138551397161791e-06
1.999999987845058e-08
1.999999987845058e-08
43.768653869628906
-1.2238750741744298e-06
-1.999999987845058e-08
-1.999999987845058e-08
49.51496887207031
-1.2398743365338305e-06
1.999999987845058e-08
1.999999987845058e-08
14.12657356262207
-1.3167306178729632e-06
-1.999999987845058e-08
-1.999999987845058e-08
-26.67325210571289
-1.2871300896222237e-06
1.999999987845058e-08
1.999999987845058e-08
-33.45603561401367
-1.3435195569400094e-06
-1.999999987845058e-08
-1.999999987845058e-08
-5.391936302185059
-1.3440251223073574e-06
1.999999987845058e-08
1.999999987845058e-08
27.66947364807129
-1.4244051271816716e-06
-1.999999987845058e-08
-1.999999987845058e-08
41.21919631958008
-1.4043422424947494e-06
1.999999987845058e-08
1.999999987845058e-08
27.66947364807129
-1.4121154663371271e-06
-1.999999987845058e-08
-1.999999987845058e-08
41.21919631958008
-1.4060615285416134e-06
1.999999987845058e-08
1.999999987845058e-08
28.77260971069336
-1.4702646922160056e-06
-1.999999987845058e-08
-1.999999987845058e-08
0.0008644784684292972
-1.4504247474178555e-06
1.999999987845058e-08
1.999999987845058e-08
-22.778076171875
-1.508571926933655e-06
-1.999999987845058e-08
-1.999999987845058e-08
-23.019296646118164
-1.4875897704769159e-06
1.999999987845058e-08
1.999999987845058e-08
-7.92026424407959
-1.5439844673892367e-06
-1.999999987845058e-08
-1.999999987845058e-08
2.6306967735290527
-1.5246430393744959e-06
1.999999987845058e-08
1.999999987845058e-08
1.686121940612793
-1.5791690657351865e-06
-1.999999987845058e-08
-1.999999987845058e-08
-1.1264139413833618
-1.5419110468428698e-06
1.999999987845058e-08
1.999999987845058e-08
-1.1264139413833618
-1.5555581285298103e-06
-1.999999987845058e-08
-1.999999987845058e-08
1.5087610483169556
-1.5242617337207776e-06
1.999999987845058e-08
1.999999987845058e-08
6.8124165534973145
-1.5791994201208581e-06
-1.999999987845058e-08
-1.999999987845058e-08
12.033774375915527
-1.5541733091595233e-06
1.999999987845058e-08
1.999999987845058e-08
12.997174263000488
-1.6185342701646732e-06
-1.999999987845058e-08
-1.999999987845058e-08
-0.080713652074337
-1.5863390672166133e-06
1.999999987845058e-08
1.999999987845058e-08
-24.182294845581055
-1.617968337086495e-06
-1.999999987845058e-08
-1.999999987845058e-08
-35.21590042114258
-1.5789917142683407e-06
1.999999987845058e-08
1.999999987845058e-08
-17.857994079589844
-1.6221425767071196e-06
-1.999999987845058e-08
-1.999999987845058e-08
9.797967910766602
-1.573934241605457e-06
1.999999987845058e-08
1.999999987845058e-08
-33.978302001953125
-1.6534013411728665e-06
-1.999999987845058e-08
-1.999999987845058e-08
-40.90221405029297
-1.5994463637980516e-06
1.999999987845058e-08
1.999999987845058e-08
-10.095682144165039
-1.6278415841952665e-06
-1.999999987845058e-08
-1.999999987845058e-08
37.79301071166992
-1.5797118066984694e-06
1.999999987845058e-08
1.999999987845058e-08
61.0542106628418
-1.6170320122910198e-06
-1.999999987845058e-08
-1.999999987845058e-08
36.89433288574219
-1.5725474895589286e-06
1.999999987845058e-08
1.999999987845058e-08
-10.986623764038086
-1.6038617332014837e-06
-1.999999987845058e-08
-1.999999987845058e-08
-36.85853576660156
-1.569024220771098e-06
1.999999987845058e-08
1.999999987845058e-08
-23.613229751586914
-1.6055217884058948e-06
-1.999999987845058e-08
-1.999999987845058e-08
6.364510536193848
-1.5441198684129631e-06
1.999999987845058e-08
1.999999987845058e-08
28.55742073059082
-1.583799075888237e-06
-1.999999987845058e-08
-1.999999987845058e-08
16.337982177734375
-1.5393881085401517e-06
1.999999987845058e-08
1.999999987845058e-08
-5.432562828063965
-1.5578708598695812e-06
-1.999999987845058e-08
-1.999999987845058e-08
-23.762264251708984
-1.5050401316329953e-06
1.999999987845058e-08
1.999999987845058e-08
-21.79435920715332
-1.5381883713416755e-06
-1.999999987845058e-08
-1.999999987845058e-08
0.8553547859191895
-1.4751037724636262e-06
1.999999987845058e-08
1.999999987845058e-08
22.347684860229492
-1.499525524195633e-06
-1.999999987845058e-08
-1.999999987845058e-08
20.789779663085938
-1.4598394955100957e-06
1.999999987845058e-08
1.999999987845058e-08
-4.061977386474609
-1.4873991176500567e-06
-1.999999987845058e-08
-1.999999987845058e-08
-29.695043563842773
-1.4214174370863475e-06
1.999999987845058e-08
1.999999987845058e-08
-4.061977386474609
-1.4590605132980272e-06
-1.999999987845058e-08
-1.999999987845058e-08
-29.695043563842773
-1.395122808389715e-06
1.999999987845058e-08
1.999999987845058e-08
-31.007164001464844
-1.4326434438771685e-06
-1.999999987845058e-08
-1.999999987845058e-08
-7.8747477531433105
-1.3801724207951338e-06
1.999999987845058e-08
1.999999987845058e-08
13.833101272583008
-1.3963701803731965e-06
-1.999999987845058e-08
-1.999999987845058e-08
12.882266998291016
-1.3354535894904984e-06
1.999999987845058e-08
1.999999987845058e-08
-4.778317928314209
-1.3515983710021828e-06
-1.999999987845058e-08
-1.999999987845058e-08
-16.226886749267578
-1.298862002840906e-06
1.999999987845058e-08
1.999999987845058e-08
-7.832679748535156
-1.3219737411418464e-06
-1.999999987845058e-08
-1.999999987845058e-08
11.829248428344727
-1.2527174249044037e-06
1.999999987845058e-08
1.999999987845058e-08
11.829248428344727
-1.290123464059434e-06
-1.999999987845058e-08
-1.999999987845058e-08
22.45436668395996
-1.2294729003770044e-06
1.999999987845058e-08
1.999999987845058e-08
10.832481384277344
-1.2438555359040038e-06
-1.999999987845058e-08
-1.999999987845058e-08
-17.07324981689453
-1.1843200127259479e-06
1.999999987845058e-08
1.999999987845058e-08
-35.90660858154297
-1.202375756292895e-06
-1.999999987845058e-08
-1.999999987845058e-08
-20.835323333740234
-1.1294097248537582e-06
1.999999987845058e-08
1.999999987845058e-08
21.49951171875
-1.1473550785012776e-06
-1.999999987845058e-08
-1.999999987845058e-08
50.297298431396484
-1.0988866279149079e-06
1.999999987845058e-08
1.999999987845058e-08
32.28034973144531
-1.1143772553623421e-06
-1.999999987845058e-08
-1.999999987845058e-08
-17.783964157104492
-1.0330351187803899e-06
1.999999987845058e-08
1.999999987845058e-08
27.57488441467285
-9.800897942113806e-07
-1.999999987845058e-08
-1.999999987845058e-08
-27.295135498046875
-9.16026863251318e-07
1.999999987845058e-08
1.999999987845058e-08
-52.104644775390625
-9.315222655459365e-07
-1.999999987845058e-08
-1.999999987845058e-08
-28.075063705444336
-8.680427185936423e-07
1.999999987845058e-08
1.999999987845058e-08
17.467039108276367
-8.656805334794626e-07
-1.999999987845058e-08
-1.999999987845058e-08
40.37963104248047
-7.863647510930605e-07
1.999999987845058e-08
1.999999987845058e-08
22.583824157714844
-8.105602091745823e-07
-1.999999987845058e-08
-1.999999987845058e-08
-14.799952507019043
-7.641459660590044e-07
1.999999987845058e-08
1.999999987845058e-08
-35.84912872314453
-7.904571361905255e-07
-1.999999987845058e-08
-1.999999987845058e-08
-19.76668930053711
-7.210053922790394e-07
1.999999987845058e-08
1.999999987845058e-08
21.131610870361328
-7.034531108729425e-07
-1.999999987845058e-08
-1.999999987845058e-08
49.72848129272461
-6.484708023890562e-07
1.999999987845058e-08
1.999999987845058e-08
40.25820541381836
-6.615143206545326e-07
-1.999999987845058e-08
-1.999999987845058e-08
2.463939905166626
-5.964597562524432e-07
1.999999987845058e-08
1.999999987845058e-08
-31.45574378967285
-6.229794848877646e-07
-1.999999987845058e-08
-1.999999987845058e-08
-33.743446350097656
-5.696203402294486e-07
1.999999987845058e-08
1.999999987845058e-08
-2.927177906036377
-5.916580221310141e-07
-1.999999987845058e-08
-1.999999987845058e-08
29.956165313720703
-5.243197165327729e-07
1.999999987845058e-08
1.999999987845058e-08
29.884550094604492
-5.244861540631973e-07
-1.999999987845058e-08
-1.999999987845058e-08
-3.373852252960205
-4.457001239188685e-07
1.999999987845058e-08
1.999999987845058e-08
29.884550094604492
-4.904488832835341e-07
-1.999999987845058e-08
-1.999999987845058e-08
-3.373852252960205
-4.2349557816123706e-07
1.999999987845058e-08
1.999999987845058e-08
-34.672847747802734
-4.6253154550868203e-07
-1.999999987845058e-08
-1.999999987845058e-08
-29.684200286865234
-4.19856519329187e-07
1.999999987845058e-08
1.999999987845058e-08
11.043984413146973
-4.450768358310597e-07
-1.999999987845058e-08
-1.999999987845058e-08
52.30645751953125
-3.806846962106647e-07
1.999999987845058e-08
1.999999987845058e-08
56.02812194824219
-3.872954437156295e-07
-1.999999987845058e-08
-1.999999987845058e-08
15.756786346435547
-3.13862358325423e-07
1.999999987845058e-08
1.999999987845058e-08
-33.44447708129883
-3.126530998542876e-07
-1.999999987845058e-08
-1.999999987845058e-08
-46.16226577758789
-2.3628317080692796e-07
1.999999987845058e-08
1.999999987845058e-08
-46.16226577758789
-2.901232107888063e-07
-1.999999987845058e-08
-1.999999987845058e-08
-16.048913955688477
-2.1197428168306942e-07
1.999999987845058e-08
1.999999987845058e-08
15.291687965393066
-2.3212757582768972e-07
-1.999999987845058e-08
-1.999999987845058e-08
6.020375728607178
-1.861637315414555e-07
1.999999987845058e-08
1.999999987845058e-08
-39.966209411621094
-2.2490139883757365e-07
-1.999999987845058e-08
-1.999999987845058e-08
-79.63903045654297
-1.8400422163722396e-07
1.999999987845058e-08
1.999999987845058e-08
-74.34253692626953
-2.0549728674268408e-07
-1.999999987845058e-08
-1.999999987845058e-08
-24.627119064331055
-1.2978350127923477e-07
1.999999987845058e-08
1.999999987845058e-08
30.701435089111328
-1.30602415993053e-07
-1.999999987845058e-08
-1.999999987845058e-08
46.748046875
-6.516006578749511e-08
1.999999987845058e-08
1.999999987845058e-08
46.748046875
-9.577414772365955e-08
-1.999999987845058e-08
-1.999999987845058e-08
13.085163116455078
-6.060616186687184e-08
1.999999987845058e-08
1.999999987845058e-08
-33.91537094116211
-8.939574769328829e-08
-1.999999987845058e-08
-1.999999987845058e-08
-49.62653350830078
-1.590580467336622e-08
1.999999987845058e-08
1.999999987845058e-08
-27.640579223632812
-2.7829994309058748e-08
-1.999999987845058e-08
-1.999999987845058e-08
3.009859085083008
3.597288156242939e-08
1.999999987845058e-08
1.999999987845058e-08
15.20549201965332
2.7845663552739097e-08
-1.999999987845058e-08
-1.999999987845058e-08
6.992982864379883
8.493721281865874e-08
1.999999987845058e-08
1.999999987845058e-08
-3.831707715988159
4.0230833775467545e-08
-1.999999987845058e-08
-1.999999987845058e-08
0.20631523430347443
7.594877615701989e-08
1.999999987845058e-08
1.999999987845058e-08
-16.393699645996094
1.1986222148152592e-07
-1.999999987845058e-08
-1.999999987845058e-08
0.8817071318626404
2.0116632981626026e-07
1.999999987845058e-08
1.999999987845058e-08
18.2860164642334
1.8959376291149965e-07
-1.999999987845058e-08
-1.999999987845058e-08
11.084287643432617
2.2974180069468275e-07
1.999999987845058e-08
1.999999987845058e-08
-14.602333068847656
1.9339366019721638e-07
-1.999999987845058e-08
-1.999999987845058e-08
-33.02476501464844
2.520190207633277e-07
1.999999987845058e-08
1.999999987845058e-08
-26.89865493774414
2.3404453486364218e-07
-1.999999987845058e-08
-1.999999987845058e-08
2.103350877761841
2.9485559593922517e-07
1.999999987845058e-08
1.999999987845058e-08
33.25227355957031
2.628770801038627e-07
-1.999999987845058e-08
-1.999999987845058e-08
37.26655197143555
2.966975500839908e-07
1.999999987845058e-08
1.999999987845058e-08
33.25227355957031
2.731638630848465e-07
-1.999999987845058e-08
-1.999999987845058e-08
37.26655197143555
3.317271080049977e-07
1.999999987845058e-08
1.999999987845058e-08
8.559460639953613
2.941231116437848e-07
-1.999999987845058e-08
-1.999999987845058e-08
-20.233623504638672
3.323539488064853e-07
1.999999987845058e-08
1.999999987845058e-08
-15.58515739440918
3.058337370021036e-07
-1.999999987845058e-08
-1.999999987845058e-08
16.89517593383789
3.657789022781799e-07
1.999999987845058e-08
1.999999987845058e-08
41.83685302734375
3.3154699963233725e-07
-1.999999987845058e-08
-1.999999987845058e-08
33.13457107543945
3.8402777136070654e-07
1.999999987845058e-08
1.999999987845058e-08
-3.195101022720337
3.660189804577385e-07
-1.999999987845058e-08
-1.999999987845058e-08
-36.92649459838867
4.178641574981157e-07
1.999999987845058e-08
1.999999987845058e-08
-36.92649459838867
3.3491855333522835e-07
-1.999999987845058e-08
-1.999999987845058e-08
-37.882171630859375
3.8269456581474515e-07
1.999999987845058e-08
1.999999987845058e-08
-1.2766966819763184
3.4860067898989655e-07
-1.999999987845058e-08
-1.999999987845058e-08
42.07387161254883
3.994414896624221e-07
1.999999987845058e-08
1.999999987845058e-08
50.00170135498047
3.6426197880246036e-07
-1.999999987845058e-08
-1.999999987845058e-08
14.27489185333252
4.144551439821953e-07
1.999999987845058e-08
1.999999987845058e-08
-27.491355895996094
3.8952956060711585e-07
-1.999999987845058e-08
-1.999999987845058e-08
-33.916969299316406
4.4048923086847935e-07
1.999999987845058e-08
1.999999987845058e-08
-3.245429039001465
4.093429026852391e-07
-1.999999987845058e-08
-1.999999987845058e-08
31.79772186279297
4.543083491626021e-07
1.999999987845058e-08
1.999999987845058e-08
-3.245429039001465
4.3139081640219956e-07
-1.999999987845058e-08
-1.999999987845058e-08
31.79772186279297
4.665720325647271e-07
1.999999987845058e-08
1.999999987845058e-08
40.739479064941406
4.2186519522147137e-07
-1.999999987845058e-08
-1.999999987845058e-08
19.6311092376709
4.611470671989082e-07
1.999999987845058e-08
1.999999987845058e-08
-12.64367961883545
4.171140801645379e-07
-1.999999987845058e-08
-1.999999987845058e-08
-32.29001998901367
4.6892017735444824e-07
1.999999987845058e-08
1.999999987845058e-08
-27.131160736083984
4.5058078512738575e-07
-1.999999987845058e-08
-1.999999987845058e-08
-4.40519380569458
4.970334543941135e-07
1.999999987845058e-08
1.999999987845058e-08
18.990873336791992
4.548050185348984e-07
-1.999999987845058e-08
-1.999999987845058e-08
32.021759033203125
4.888542548542318e-07
1.999999987845058e-08
1.999999987845058e-08
-13.85291862487793
4.2517729070823407e-07
-1.999999987845058e-08
-1.999999987845058e-08
13.191500663757324
4.694029485108331e-07
1.999999987845058e-08
1.999999987845058e-08
18.96627426147461
4.184374233773269e-07
-1.999999987845058e-08
-1.999999987845058e-08
2.289353370666504
4.5302269313651777e-07
1.999999987845058e-08
1.999999987845058e-08
-17.192861557006836
4.1198339317816135e-07
-1.999999987845058e-08
-1.999999987845058e-08
-21.950578689575195
4.54670015415104e-07
1.999999987845058e-08
1.999999987845058e-08
-13.48251724243164
4.290128288175765e-07
-1.999999987845058e-08
-1.999999987845058e-08
-5.997603416442871
4.757285978485015e-07
1.999999987845058e-08
1.999999987845058e-08
-6.524414539337158
4.354503175818536e-07
-1.999999987845058e-08
-1.999999987845058e-08
-7.327818870544434
4.7277822545765957e-07
1.999999987845058e-08
1.999999987845058e-08
-7.327818870544434
4.2406605871292413e-07
-1.999999987845058e-08
-1.999999987845058e-08
0.711523175239563
4.5289945660442754e-07
1.999999987845058e-08
1.999999987845058e-08
13.10660171508789
4.1514005033604917e-07
-1.999999987845058e-08
-1.999999987845058e-08
15.663569450378418
4.558615955829737e-07
1.999999987845058e-08
1.999999987845058e-08
0.11565487086772919
4.070416252943687e-07
-1.999999987845058e-08
-1.999999987845058e-08
-27.522706985473633
4.488177012262895e-07
1.999999987845058e-08
1.999999987845058e-08
-49.1649284362793
4.1290408603344986e-07
-1.999999987845058e-08
-1.999999987845058e-08
-45.991085052490234
4.4939861254533753e-07
1.999999987845058e-08
1.999999987845058e-08
-15.758130073547363
4.091019150109787e-07
-1.999999987845058e-08
-1.999999987845058e-08
18.842456817626953
4.5881000687586493e-07
1.999999987845058e-08
1.999999987845058e-08
-49.1649284362793
4.305328786813334e-07
-1.999999987845058e-08
-1.999999987845058e-08
-45.991085052490234
4.663398840420996e-07
1.999999987845058e-08
1.999999987845058e-08
-15.758130073547363
4.2242615450049925e-07
-1.999999987845058e-08
-1.999999987845058e-08
18.842456817626953
4.623209122200933e-07
1.999999987845058e-08
1.999999987845058e-08
24.462703704833984
4.204333947654959e-07
-1.999999987845058e-08
-1.999999987845058e-08
-5.41755485534668
4.567907865293819e-07
1.999999987845058e-08
1.999999987845058e-08
-32.485782623291016
4.0934415324045403e-07
-1.999999987845058e-08
-1.999999987845058e-08
-18.892515182495117
4.365716961274302e-07
1.999999987845058e-08
1.999999987845058e-08
20.454465866088867
3.8117104850243777e-07
-1.999999987845058e-08
-1.999999987845058e-08
37.172271728515625
4.143439014114847e-07
1.999999987845058e-08
1.999999987845058e-08
19.107532501220703
3.6620531318476424e-07
-1.999999987845058e-08
-1.999999987845058e-08
17.506698608398438
3.877622702930239e-07
1.999999987845058e-08
1.999999987845058e-08
-10.782577514648438
3.418147116462933e-07
-1.999999987845058e-08
-1.999999987845058e-08
-25.035707473754883
3.8417559267145407e-07
1.999999987845058e-08
1.999999987845058e-08
-6.275571346282959
3.2188546583711286e-07
-1.999999987845058e-08
-1.999999987845058e-08
22.199865341186523
3.44524238471422e-07
1.999999987845058e-08
1.999999987845058e-08
30.32201385498047
3.126617968973733e-07
-1.999999987845058e-08
-1.999999987845058e-08
13.893081665039062
3.578336702503293e-07
1.999999987845058e-08
1.999999987845058e-08
-9.44029712677002
3.134252892778022e-07
-1.999999987845058e-08
-1.999999987845058e-08
-20.798858642578125
3.4171259244430985e-07
1.999999987845058e-08
1.999999987845058e-08
3.6389334201812744
2.7671063662637607e-07
-1.999999987845058e-08
-1.999999987845058e-08
14.54796028137207
3.266776502641733e-07
1.999999987845058e-08
1.999999987845058e-08
4.246881484985352
2.678121120425203e-07
-1.999999987845058e-08
-1.999999987845058e-08
-22.73129653930664
2.8012439656777133e-07
1.999999987845058e-08
1.999999987845058e-08
-39.23711013793945
2.386241249041632e-07
-1.999999987845058e-08
-1.999999987845058e-08
-21.627473831176758
2.842855622020579e-07
1.999999987845058e-08
1.999999987845058e-08
19.4998836517334
2.3384737346532347e-07
-1.999999987845058e-08
-1.999999987845058e-08
44.038002014160156
2.6015314347205276e-07
1.999999987845058e-08
1.999999987845058e-08
23.7784366607666
2.2254198484006338e-07
-1.999999987845058e-08
-1.999999987845058e-08
-22.143545150756836
2.688220490654203e-07
1.999999987845058e-08
1.999999987845058e-08
-45.17350387573242
2.2754380779588246e-07
-1.999999987845058e-08
-1.999999987845058e-08
-24.06690788269043
2.4836987222442986e-07
1.999999987845058e-08
1.999999987845058e-08
14.801467895507812
1.9312503241053491e-07
-1.999999987845058e-08
-1.999999987845058e-08
34.716087341308594
2.223443971161032e-07
1.999999987845058e-08
1.999999987845058e-08
23.856876373291016
1.703787830820147e-07
-1.999999987845058e-08
-1.999999987845058e-08
-4.429215431213379
1.9394518346871337e-07
1.999999987845058e-08
1.999999987845058e-08
-26.470233917236328
1.3973630075270194e-07
-1.999999987845058e-08
-1.999999987845058e-08
-24.014768600463867
1.727751310909298e-07
1.999999987845058e-08
1.999999987845058e-08
0.23406623303890228
1.3154502198631235e-07
-1.999999987845058e-08
-1.999999987845058e-08
22.142303466796875
1.6961202220500127e-07
1.999999987845058e-08
1.999999987845058e-08
19.625030517578125
1.3182473423967167e-07
-1.999999987845058e-08
-1.999999987845058e-08
-6.095815181732178
1.5819311727227614e-07
1.999999987845058e-08
1.999999987845058e-08
-33.47536087036133
1.0002974448752866e-07
-1.999999987845058e-08
-1.999999987845058e-08
-39.06290054321289
1.3022243194882321e-07
1.999999987845058e-08
1.999999987845058e-08
-16.230085372924805
9.737672712617496e-08
-1.999999987845058e-08
-1.999999987845058e-08
17.83438491821289
1.317067983563902e-07
1.999999987845058e-08
1.999999987845058e-08
33.043697357177734
7.321386163994248e-08
-1.999999987845058e-08
-1.999999987845058e-08
13.975259780883789
1.1212184602982234e-07
1.999999987845058e-08
1.999999987845058e-08
-18.165767669677734
7.41121297664904e-08
-1.999999987845058e-08
-1.999999987845058e-08
-26.303312301635742
1.088623449163606e-07
1.999999987845058e-08
1.999999987845058e-08
-26.303312301635742
7.088199538429762e-08
-1.999999987845058e-08
-1.999999987845058e-08
-2.327277183532715
1.030729777085071e-07
1.999999987845058e-08
1.999999987845058e-08
26.976810455322266
5.892885113212287e-08
-1.999999987845058e-08
-1.999999987845058e-08
34.58802032470703
8.457635658487561e-08
1.999999987845058e-08
1.999999987845058e-08
19.1700382232666
3.8645961097927284e-08
-1.999999987845058e-08
-1.999999987845058e-08
1.4421329498291016
9.486125662760969e-08
1.999999987845058e-08
1.999999987845058e-08
0.09041547775268555
5.3141221201258304e-08
-1.999999987845058e-08
-1.999999987845058e-08
11.167644500732422
7.256266343347306e-08
1.999999987845058e-08
1.999999987845058e-08
15.709219932556152
0.3281278610229492
-1.999999987845058e-08
-1.999999987845058e-08
4.980527877807617
1.5288810729980469
1.999999987845058e-08
1.999999987845058e-08
-10.288664817810059
2.914811611175537
-1.999999987845058e-08
-1.999999987845058e-08
-14.755727767944336
2.9535484313964844
1.999999987845058e-08
1.999999987845058e-08
-5.168641567230225
1.638405442237854
-1.999999987845058e-08
-1.999999987845058e-08
8.39582633972168
-0.01665521040558815
1.999999987845058e-08
1.999999987845058e-08
14.068116188049316
-1.3239697217941284
-1.999999987845058e-08
-1.999999987845058e-08
8.569302558898926
-1.4309217929840088
1.999999987845058e-08
1.999999987845058e-08
-3.5532422065734863
-0.2155306041240692
-1.999999987845058e-08
-1.999999987845058e-08
-13.97829532623291
0.8740737438201904
1.999999987845058e-08
1.999999987845058e-08
-12.283480644226074
0.7117435336112976
-1.999999987845058e-08
-1.999999987845058e-08
5.150650978088379
-0.275865375995636
1.999999987845058e-08
1.999999987845058e-08
5.150650978088379
-0.2758654057979584
-1.999999987845058e-08
-1.999999987845058e-08
22.360563278198242
-0.7242863178253174
1.999999987845058e-08
1.999999987845058e-08
13.463774681091309
0.6546493172645569
-1.999999987845058e-08
-1.999999987845058e-08
-21.727148056030273
3.0673463344573975
1.999999987845058e-08
1.999999987845058e-08
-46.030601501464844
4.001652240753174
-1.999999987845058e-08
-1.999999987845058e-08
-27.708301544189453
2.539531707763672
1.999999987845058e-08
1.999999987845058e-08
15.577837944030762
-0.3685937225818634
-1.999999987845058e-08
-1.999999987845058e-08
35.82231903076172
-1.9748047590255737
1.999999987845058e-08
1.999999987845058e-08
15.347506523132324
1.6810814142227173
-1.999999987845058e-08
-1.999999987845058e-08
-11.210196495056152
8.515157699584961
1.999999987845058e-08
1.999999987845058e-08
50.426544189453125
-1.295011281967163
-1.999999987845058e-08
-1.999999987845058e-08
27.18572998046875
-6.710490703582764
1.999999987845058e-08
1.999999987845058e-08
-22.492488861083984
-7.74492073059082
-1.999999987845058e-08
-1.999999987845058e-08
-57.04011154174805
-4.15123176574707
1.999999987845058e-08
1.999999987845058e-08
-53.04444885253906
0.05071187764406204
-1.999999987845058e-08
-1.999999987845058e-08
-27.163787841796875
1.2502026557922363
1.999999987845058e-08
1.999999987845058e-08
-11.739579200744629
2.2814013957977295
-1.999999987845058e-08
-1.999999987845058e-08
-18.124645233154297
7.85537052154541
1.999999987845058e-08
1.999999987845058e-08
-30.03209114074707
14.32249927520752
-1.999999987845058e-08
-1.999999987845058e-08
-23.22307586669922
14.292445182800293
1.999999987845058e-08
1.999999987845058e-08
-23.22307586669922
14.292445182800293
-1.999999987845058e-08
-1.999999987845058e-08
10.762458801269531
7.567317008972168
1.999999987845058e-08
1.999999987845058e-08
49.37948226928711
-2.469489812850952
-1.999999987845058e-08
-1.999999987845058e-08
53.22180938720703
-11.474076271057129
1.999999987845058e-08
1.999999987845058e-08
12.724186897277832
-11.508448600769043
-1.999999987845058e-08
-1.999999987845058e-08
-30.520240783691406
-1.506971836090088
1.999999987845058e-08
1.999999987845058e-08
-30.074228286743164
6.96273946762085
-1.999999987845058e-08
-1.999999987845058e-08
8.672769546508789
4.7908124923706055
1.999999987845058e-08
1.999999987845058e-08
38.4527473449707
-3.266265630722046
-1.999999987845058e-08
-1.999999987845058e-08
27.514806747436523
-5.31959342956543
1.999999987845058e-08
1.999999987845058e-08
-7.918911457061768
2.8985493183135986
-1.999999987845058e-08
-1.999999987845058e-08
-21.879810333251953
12.572115898132324
1.999999987845058e-08
1.999999987845058e-08
9.400083541870117
13.292583465576172
-1.999999987845058e-08
-1.999999987845058e-08
54.20766830444336
3.284804344177246
1.999999987845058e-08
1.999999987845058e-08
60.44709777832031
-11.046344757080078
-1.999999987845058e-08
-1.999999987845058e-08
17.670875549316406
-18.574234008789062
1.999999987845058e-08
1.999999987845058e-08
-30.954811096191406
-13.114191055297852
-1.999999987845058e-08
-1.999999987845058e-08
-36.15409469604492
-2.225747585296631
1.999999987845058e-08
1.999999987845058e-08
3.657125473022461
1.5898642539978027
-1.999999987845058e-08
-1.999999987845058e-08
43.6616325378418
-3.7670819759368896
1.999999987845058e-08
1.999999987845058e-08
3.657125473022461
1.5898642539978027
-1.999999987845058e-08
-1.999999987845058e-08
43.6616325378418
-3.7670819759368896
1.999999987845058e-08
1.999999987845058e-08
44.4893684387207
-10.191646575927734
-1.999999987845058e-08
-1.999999987845058e-08
7.56270694732666
-11.101784706115723
1.999999987845058e-08
1.999999987845058e-08
-32.42876434326172
-7.024037837982178
-1.999999987845058e-08
-1.999999987845058e-08
-35.7797737121582
-2.284904718399048
1.999999987845058e-08
1.999999987845058e-08
5.5234174728393555
-1.0026251077651978
-1.999999987845058e-08
-1.999999987845058e-08
51.80600357055664
-4.365381717681885
1.999999987845058e-08
1.999999987845058e-08
55.79695129394531
-8.575462341308594
-1.999999987845058e-08
-1.999999987845058e-08
17.095197677612305
-7.983311176300049
1.999999987845058e-08
1.999999987845058e-08
-21.78011131286621
-2.6710269451141357
-1.999999987845058e-08
-1.999999987845058e-08
-27.81682014465332
0.6007079482078552
1.999999987845058e-08
1.999999987845058e-08
-9.347195625305176
-2.3329885005950928
-1.999999987845058e-08
-1.999999987845058e-08
5.963141441345215
-6.891879081726074
1.999999987845058e-08
1.999999987845058e-08
3.1311845779418945
-6.518263339996338
-1.999999987845058e-08
-1.999999987845058e-08
-14.225761413574219
-1.9990828037261963
1.999999987845058e-08
1.999999987845058e-08
-21.512027740478516
0.49855971336364746
-1.999999987845058e-08
-1.999999987845058e-08
3.0409867763519287
-1.5380810499191284
1.999999987845058e-08
1.999999987845058e-08
34.83492660522461
-4.49859094619751
-1.999999987845058e-08
-1.999999987845058e-08
35.11467361450195
-4.512780666351318
1.999999987845058e-08
1.999999987845058e-08
35.11467361450195
-4.512780666351318
-1.999999987845058e-08
-1.999999987845058e-08
13.170044898986816
-2.0093395709991455
1.999999987845058e-08
1.999999987845058e-08
-2.0499279499053955
-0.0307625625282526
-1.999999987845058e-08
-1.999999987845058e-08
-10.929362297058105
-0.40236783027648926
1.999999987845058e-08
1.999999987845058e-08
-18.178434371948242
-2.2443735599517822
-1.999999987845058e-08
-1.999999987845058e-08
-8.745115280151367
-3.2204833030700684
1.999999987845058e-08
1.999999987845058e-08
16.38520622253418
-2.0449533462524414
-1.999999987845058e-08
-1.999999987845058e-08
22.037761688232422
-0.0065800161100924015
1.999999987845058e-08
1.999999987845058e-08
-10.247410774230957
0.5222824215888977
-1.999999987845058e-08
-1.999999987845058e-08
-41.289710998535156
-0.850132167339325
1.999999987845058e-08
1.999999987845058e-08
27.145553588867188
-0.341910183429718
-1.999999987845058e-08
-1.999999987845058e-08
32.88682556152344
1.1158697605133057
1.999999987845058e-08
1.999999987845058e-08
0.1353795975446701
1.5829126834869385
-1.999999987845058e-08
-1.999999987845058e-08
-34.58122634887695
0.2651975452899933
1.999999987845058e-08
1.999999987845058e-08
-40.95875549316406
-1.126328945159912
-1.999999987845058e-08
-1.999999987845058e-08
-22.019241333007812
-0.37768033146858215
1.999999987845058e-08
1.999999987845058e-08
6.0024824142456055
1.7677165269851685
-1.999999987845058e-08
-1.999999987845058e-08
35.806671142578125
2.3299922943115234
1.999999987845058e-08
1.999999987845058e-08
52.782989501953125
0.5422691702842712
-1.999999987845058e-08
-1.999999987845058e-08
29.972747802734375
-0.8734350204467773
1.999999987845058e-08
1.999999987845058e-08
-22.019241333007812
-0.37768036127090454
-1.999999987845058e-08
-1.999999987845058e-08
6.002482891082764
1.7677165269851685
1.999999987845058e-08
1.999999987845058e-08
35.806671142578125
2.3299920558929443
-1.999999987845058e-08
-1.999999987845058e-08
52.782989501953125
0.5422691702842712
1.999999987845058e-08
1.999999987845058e-08
29.972747802734375
-0.8734350800514221
-1.999999987845058e-08
-1.999999987845058e-08
-24.965373992919922
0.18066804111003876
1.999999987845058e-08
1.999999987845058e-08
