0
33.799320220947266
41.40410232543945
1.999999987845058e-08
1.999999987845058e-08
5.6864333152771
32.605796813964844
-1.999999987845058e-08
-1.999999987845058e-08
-26.065937042236328
69.60042572021484
1.999999987845058e-08
1.999999987845058e-08
-32.86653518676758
115.61483764648438
-1.999999987845058e-08
-1.999999987845058e-08
-14.18218994140625
136.00392150878906
1.999999987845058e-08
1.999999987845058e-08
15.16401481628418
116.56089782714844
-1.999999987845058e-08
-1.999999987845058e-08
31.26594352722168
72.7244644165039
1.999999987845058e-08
1.999999987845058e-08
14.570137977600098
45.55874252319336
-1.999999987845058e-08
-1.999999987845058e-08
-22.664770126342773
63.00679397583008
1.999999987845058e-08
1.999999987845058e-08
-43.91694641113281
107.99127960205078
-1.999999987845058e-08
-1.999999987845058e-08
-29.09604835510254
136.4947967529297
1.999999987845058e-08
1.999999987845058e-08
8.605398178100586
121.74881744384766
-1.999999987845058e-08
-1.999999987845058e-08
42.445011138916016
74.16776275634766
1.999999987845058e-08
1.999999987845058e-08
49.87755584716797
31.85234832763672
-1.999999987845058e-08
-1.999999987845058e-08
24.211627960205078
33.425289154052734
1.999999987845058e-08
1.999999987845058e-08
-11.029961585998535
77.37278747558594
-1.999999987845058e-08
-1.999999987845058e-08
-22.442188262939453
118.39078521728516
1.999999987845058e-08
1.999999987845058e-08
-8.104416847229004
122.35147857666016
-1.999999987845058e-08
-1.999999987845058e-08
8.606157302856445
99.45084381103516
1.999999987845058e-08
1.999999987845058e-08
8.561347007751465
58.200218200683594
-1.999999987845058e-08
-1.999999987845058e-08
-2.59562611579895
50.5641975402832
1.999999987845058e-08
1.999999987845058e-08
-14.380697250366211
56.452171325683594
-1.999999987845058e-08
-1.999999987845058e-08
-18.628665924072266
76.14990997314453
1.999999987845058e-08
1.999999987845058e-08
-6.187384605407715
88.29135131835938
-1.999999987845058e-08
-1.999999987845058e-08
15.710832595825195
72.94097900390625
1.999999987845058e-08
1.999999987845058e-08
22.75966453552246
46.56163024902344
-1.999999987845058e-08
-1.999999987845058e-08
4.6215901374816895
42.052734375
1.999999987845058e-08
1.999999987845058e-08
-19.91569709777832
64.1229019165039
-1.999999987845058e-08
-1.999999987845058e-08
-25.176443099975586
82.27220916748047
1.999999987845058e-08
1.999999987845058e-08
4.6215901374816895
42.052734375
-1.999999987845058e-08
-1.999999987845058e-08
-19.91569709777832
64.1229019165039
1.999999987845058e-08
1.999999987845058e-08
-25.176443099975586
82.27220916748047
-1.999999987845058e-08
-1.999999987845058e-08
-9.28062629699707
68.9935531616211
1.999999987845058e-08
1.999999987845058e-08
4.311017990112305
38.000553131103516
-1.999999987845058e-08
-1.999999987845058e-08
-1.9004106521606445
28.222537994384766
1.999999987845058e-08
1.999999987845058e-08
-19.09893226623535
54.941524505615234
-1.999999987845058e-08
-1.999999987845058e-08
-25.7871036529541
93.89214324951172
1.999999987845058e-08
1.999999987845058e-08
-9.323001861572266
106.43555450439453
-1.999999987845058e-08
-1.999999987845058e-08
22.232452392578125
74.77838897705078
1.999999987845058e-08
1.999999987845058e-08
-16.590343475341797
12.706156730651855
-1.999999987845058e-08
-1.999999987845058e-08
-41.30812072753906
44.36163330078125
1.999999987845058e-08
1.999999987845058e-08
-29.945768356323242
45.245521545410156
-1.999999987845058e-08
-1.999999987845058e-08
-1.0753105878829956
2.841378688812256
1.999999987845058e-08
1.999999987845058e-08
13.453083038330078
-53.19326400756836
-1.999999987845058e-08
-1.999999987845058e-08
-1.584553837776184
-77.70653533935547
1.999999987845058e-08
1.999999987845058e-08
-36.205501556396484
-45.71083450317383
-1.999999987845058e-08
-1.999999987845058e-08
-60.33377456665039
20.448585510253906
1.999999987845058e-08
1.999999987845058e-08
-47.64529800415039
61.832542419433594
-1.999999987845058e-08
-1.999999987845058e-08
-7.722295761108398
39.695655822753906
1.999999987845058e-08
1.999999987845058e-08
8.660785675048828
-50.99855041503906
-1.999999987845058e-08
-1.999999987845058e-08
-19.4360294342041
-29.746400833129883
1.999999987845058e-08
1.999999987845058e-08
-34.870155334472656
17.319786071777344
-1.999999987845058e-08
-1.999999987845058e-08
-24.120616912841797
45.28098678588867
1.999999987845058e-08
1.999999987845058e-08
7.371348857879639
27.109970092773438
-1.999999987845058e-08
-1.999999987845058e-08
33.34943771362305
-21.58247184753418
1.999999987845058e-08
1.999999987845058e-08
24.698490142822266
-47.97788619995117
-1.999999987845058e-08
-1.999999987845058e-08
-11.043708801269531
-19.36957550048828
1.999999987845058e-08
1.999999987845058e-08
-33.673309326171875
35.353981018066406
-1.999999987845058e-08
-1.999999987845058e-08
-20.874820709228516
62.48533248901367
1.999999987845058e-08
1.999999987845058e-08
8.660785675048828
-50.99855041503906
-1.999999987845058e-08
-1.999999987845058e-08
-19.4360294342041
-29.746400833129883
1.999999987845058e-08
1.999999987845058e-08
-34.870155334472656
17.319786071777344
-1.999999987845058e-08
-1.999999987845058e-08
-24.120616912841797
45.28098678588867
1.999999987845058e-08
1.999999987845058e-08
7.371348857879639
27.109970092773438
-1.999999987845058e-08
-1.999999987845058e-08
33.34943771362305
-21.58247184753418
1.999999987845058e-08
1.999999987845058e-08
24.698490142822266
-47.97788619995117
-1.999999987845058e-08
-1.999999987845058e-08
-11.043708801269531
-19.36957550048828
1.999999987845058e-08
1.999999987845058e-08
-33.673309326171875
35.353981018066406
-1.999999987845058e-08
-1.999999987845058e-08
-20.874820709228516
62.48533248901367
1.999999987845058e-08
1.999999987845058e-08
1.9726613759994507
-4.882369041442871
-1.999999987845058e-08
-1.999999987845058e-08
20.437023162841797
-35.42287063598633
1.999999987845058e-08
1.999999987845058e-08
21.412649154663086
-56.5821418762207
-1.999999987845058e-08
-1.999999987845058e-08
1.3459432125091553
-44.90022659301758
1.999999987845058e-08
1.999999987845058e-08
-22.20684051513672
-5.291957378387451
-1.999999987845058e-08
-1.999999987845058e-08
-26.373010635375977
32.68739700317383
1.999999987845058e-08
1.999999987845058e-08
-1.9022003412246704
32.309814453125
-1.999999987845058e-08
-1.999999987845058e-08
31.87677764892578
-17.47425079345703
1.999999987845058e-08
1.999999987845058e-08
36.87111282348633
-74.87777709960938
-1.999999987845058e-08
-1.999999987845058e-08
2.8193609714508057
-82.32506561279297
1.999999987845058e-08
1.999999987845058e-08
-35.34109878540039
-33.6773681640625
-1.999999987845058e-08
-1.999999987845058e-08
-42.968421936035156
25.965618133544922
1.999999987845058e-08
1.999999987845058e-08
-21.42681884765625
54.3675651550293
-1.999999987845058e-08
-1.999999987845058e-08
7.347646713256836
39.16205596923828
1.999999987845058e-08
1.999999987845058e-08
22.566020965576172
-4.889462471008301
-1.999999987845058e-08
-1.999999987845058e-08
12.334321975708008
-41.9416618347168
1.999999987845058e-08
1.999999987845058e-08
-13.95324993133545
-42.49995803833008
-1.999999987845058e-08
-1.999999987845058e-08
-29.966081619262695
-14.957317352294922
1.999999987845058e-08
1.999999987845058e-08
-24.160463333129883
10.648036003112793
-1.999999987845058e-08
-1.999999987845058e-08
-8.933317184448242
19.26308822631836
1.999999987845058e-08
1.999999987845058e-08
2.49889874458313
12.232244491577148
-1.999999987845058e-08
-1.999999987845058e-08
5.112429618835449
-3.073535680770874
1.999999987845058e-08
1.999999987845058e-08
-2.21761155128479
-11.01439094543457
-1.999999987845058e-08
-1.999999987845058e-08
-10.399113655090332
-1.569682002067566
1.999999987845058e-08
1.999999987845058e-08
-4.9243903160095215
9.516530990600586
-1.999999987845058e-08
-1.999999987845058e-08
12.374326705932617
-2.217353343963623
1.999999987845058e-08
1.999999987845058e-08
22.170841217041016
-35.785316467285156
-1.999999987845058e-08
-1.999999987845058e-08
11.208806991577148
-64.84234619140625
1.999999987845058e-08
1.999999987845058e-08
-13.559554100036621
-66.08477020263672
-1.999999987845058e-08
-1.999999987845058e-08
-33.6169319152832
-37.20256042480469
1.999999987845058e-08
1.999999987845058e-08
-34.451786041259766
2.8380916118621826
-1.999999987845058e-08
-1.999999987845058e-08
-12.626254081726074
21.151187896728516
1.999999987845058e-08
1.999999987845058e-08
21.649639129638672
-5.001382827758789
-1.999999987845058e-08
-1.999999987845058e-08
44.15330505371094
-57.77722930908203
1.999999987845058e-08
1.999999987845058e-08
33.13665771484375
-87.9177474975586
-1.999999987845058e-08
-1.999999987845058e-08
-4.581578731536865
-64.38481140136719
1.999999987845058e-08
1.999999987845058e-08
-35.77469253540039
-4.62424373626709
-1.999999987845058e-08
-1.999999987845058e-08
-34.42384338378906
45.058860778808594
1.999999987845058e-08
1.999999987845058e-08
-2.508371353149414
47.3219108581543
-1.999999987845058e-08
-1.999999987845058e-08
35.566593170166016
0.3548184037208557
1.999999987845058e-08
1.999999987845058e-08
47.51491928100586
-53.098079681396484
-1.999999987845058e-08
-1.999999987845058e-08
21.349079132080078
-59.68842315673828
1.999999987845058e-08
1.999999987845058e-08
-16.246973037719727
-15.451203346252441
-1.999999987845058e-08
-1.999999987845058e-08
-30.210386276245117
32.743560791015625
1.999999987845058e-08
1.999999987845058e-08
-14.221437454223633
42.77611541748047
-1.999999987845058e-08
-1.999999987845058e-08
11.5264253616333
10.185409545898438
1.999999987845058e-08
1.999999987845058e-08
19.16385269165039
-33.943359375
-1.999999987845058e-08
-1.999999987845058e-08
-3.2457127571105957
-47.33006286621094
1.999999987845058e-08
1.999999987845058e-08
-35.37167739868164
-17.38456153869629
-1.999999987845058e-08
-1.999999987845058e-08
-44.164207458496094
24.93882942199707
1.999999987845058e-08
1.999999987845058e-08
-17.89215087890625
36.307518005371094
-1.999999987845058e-08
-1.999999987845058e-08
22.87773323059082
2.9836957454681396
1.999999987845058e-08
1.999999987845058e-08
43.60494613647461
-44.98377227783203
-1.999999987845058e-08
-1.999999987845058e-08
26.70037269592285
-62.459774017333984
1.999999987845058e-08
1.999999987845058e-08
-13.933419227600098
-32.02299499511719
-1.999999987845058e-08
-1.999999987845058e-08
-44.920005798339844
20.578397750854492
1.999999987845058e-08
1.999999987845058e-08
-38.54014587402344
47.523094177246094
-1.999999987845058e-08
-1.999999987845058e-08
3.3756484985351562
19.718212127685547
1.999999987845058e-08
1.999999987845058e-08
43.59037780761719
-40.965087890625
-1.999999987845058e-08
-1.999999987845058e-08
41.925018310546875
-75.6188735961914
1.999999987845058e-08
1.999999987845058e-08
1.6434009075164795
-49.21275329589844
-1.999999987845058e-08
-1.999999987845058e-08
-33.67678451538086
11.644213676452637
1.999999987845058e-08
1.999999987845058e-08
-31.470678329467773
52.33612060546875
-1.999999987845058e-08
-1.999999987845058e-08
-0.48320385813713074
45.111724853515625
1.999999987845058e-08
1.999999987845058e-08
27.665325164794922
3.2604527473449707
-1.999999987845058e-08
-1.999999987845058e-08
29.659339904785156
-36.11338424682617
1.999999987845058e-08
1.999999987845058e-08
7.456292629241943
-40.61221694946289
-1.999999987845058e-08
-1.999999987845058e-08
-14.641597747802734
-12.968724250793457
1.999999987845058e-08
1.999999987845058e-08
-15.806324005126953
14.747556686401367
-1.999999987845058e-08
-1.999999987845058e-08
1.2857919931411743
16.79084014892578
1.999999987845058e-08
1.999999987845058e-08
1.2857919931411743
16.79084014892578
-1.999999987845058e-08
-1.999999987845058e-08
18.081262588500977
-7.811931610107422
1.999999987845058e-08
1.999999987845058e-08
17.043245315551758
-34.4345588684082
-1.999999987845058e-08
-1.999999987845058e-08
-2.684401035308838
-31.491640090942383
1.999999987845058e-08
1.999999987845058e-08
-21.97856330871582
3.378596782684326
-1.999999987845058e-08
-1.999999987845058e-08
-19.608930587768555
36.79448699951172
1.999999987845058e-08
1.999999987845058e-08
5.997358798980713
34.30196762084961
-1.999999987845058e-08
-1.999999987845058e-08
29.07098388671875
-1.6510488986968994
1.999999987845058e-08
1.999999987845058e-08
20.114564895629883
-29.270708084106445
-1.999999987845058e-08
-1.999999987845058e-08
-14.573881149291992
-14.573765754699707
1.999999987845058e-08
1.999999987845058e-08
-14.573881149291992
-14.573765754699707
-1.999999987845058e-08
-1.999999987845058e-08
-36.02399444580078
26.023544311523438
1.999999987845058e-08
1.999999987845058e-08
-21.184484481811523
49.8660774230957
-1.999999987845058e-08
-1.999999987845058e-08
12.657106399536133
39.482696533203125
1.999999987845058e-08
1.999999987845058e-08
34.407630920410156
9.552605628967285
-1.999999987845058e-08
-1.999999987845058e-08
29.096158981323242
-17.94811248779297
1.999999987845058e-08
1.999999987845058e-08
2.224667549133301
-26.15544891357422
-1.999999987845058e-08
-1.999999987845058e-08
-26.44854164123535
-7.591385364532471
1.999999987845058e-08
1.999999987845058e-08
-36.49901580810547
26.74761962890625
-1.999999987845058e-08
-1.999999987845058e-08
-22.4141788482666
50.5196533203125
1.999999987845058e-08
1.999999987845058e-08
37.95009231567383
-32.48951721191406
-1.999999987845058e-08
-1.999999987845058e-08
6.665680885314941
-32.599388122558594
1.999999987845058e-08
1.999999987845058e-08
-32.8024787902832
8.381987571716309
-1.999999987845058e-08
-1.999999987845058e-08
-41.8093376159668
50.477088928222656
1.999999987845058e-08
1.999999987845058e-08
-11.704760551452637
48.03689193725586
-1.999999987845058e-08
-1.999999987845058e-08
24.79326820373535
3.979236602783203
1.999999987845058e-08
1.999999987845058e-08
30.94015121459961
-31.697959899902344
-1.999999987845058e-08
-1.999999987845058e-08
6.09941291809082
-21.588773727416992
1.999999987845058e-08
1.999999987845058e-08
-19.19198226928711
20.87836265563965
-1.999999987845058e-08
-1.999999987845058e-08
-18.297273635864258
51.91638946533203
1.999999987845058e-08
1.999999987845058e-08
7.488653659820557
39.66455841064453
-1.999999987845058e-08
-1.999999987845058e-08
30.01906967163086
-4.866305351257324
1.999999987845058e-08
1.999999987845058e-08
22.183446884155273
-35.4497184753418
-1.999999987845058e-08
-1.999999987845058e-08
-9.894832611083984
-19.9055233001709
1.999999987845058e-08
1.999999987845058e-08
-33.625885009765625
27.138402938842773
-1.999999987845058e-08
-1.999999987845058e-08
-25.7186336517334
60.14766311645508
1.999999987845058e-08
1.999999987845058e-08
6.587754249572754
44.91688919067383
-1.999999987845058e-08
-1.999999987845058e-08
30.794206619262695
-3.5156099796295166
1.999999987845058e-08
1.999999987845058e-08
19.368284225463867
-31.33502197265625
-1.999999987845058e-08
-1.999999987845058e-08
-15.847972869873047
-6.875697612762451
1.999999987845058e-08
1.999999987845058e-08
-33.625885009765625
27.138402938842773
-1.999999987845058e-08
-1.999999987845058e-08
-25.7186336517334
60.14766311645508
1.999999987845058e-08
1.999999987845058e-08
6.587754249572754
44.91688919067383
-1.999999987845058e-08
-1.999999987845058e-08
30.794206619262695
-3.5156099796295166
1.999999987845058e-08
1.999999987845058e-08
19.368284225463867
-31.33502197265625
-1.999999987845058e-08
-1.999999987845058e-08
-15.847972869873047
-6.875697612762451
1.999999987845058e-08
1.999999987845058e-08
-32.396968841552734
39.15388107299805
-1.999999987845058e-08
-1.999999987845058e-08
-10.090389251708984
49.70478439331055
1.999999987845058e-08
1.999999987845058e-08
23.991724014282227
12.361490249633789
-1.999999987845058e-08
-1.999999987845058e-08
33.492523193359375
-28.73148536682129
1.999999987845058e-08
1.999999987845058e-08
15.740835189819336
11.163084030151367
-1.999999987845058e-08
-1.999999987845058e-08
45.62650680541992
-42.97779083251953
1.999999987845058e-08
1.999999987845058e-08
38.72733688354492
-81.1119155883789
-1.999999987845058e-08
-1.999999987845058e-08
-2.8199586868286133
-59.43299865722656
1.999999987845058e-08
1.999999987845058e-08
-39.31627655029297
5.908785343170166
-1.999999987845058e-08
-1.999999987845058e-08
-32.75492858886719
51.727386474609375
1.999999987845058e-08
1.999999987845058e-08
12.663031578063965
31.70757293701172
-1.999999987845058e-08
-1.999999987845058e-08
48.37054443359375
-28.32636833190918
1.999999987845058e-08
1.999999987845058e-08
32.91478729248047
-53.170413970947266
-1.999999987845058e-08
-1.999999987845058e-08
-18.99806022644043
-4.563304424285889
1.999999987845058e-08
1.999999987845058e-08
-18.99806022644043
-4.563304424285889
-1.999999987845058e-08
-1.999999987845058e-08
-52.69398880004883
73.55316162109375
1.999999987845058e-08
1.999999987845058e-08
-33.464454650878906
102.72203063964844
-1.999999987845058e-08
-1.999999987845058e-08
17.997682571411133
51.09640121459961
1.999999987845058e-08
1.999999987845058e-08
47.79315948486328
-33.99689483642578
-1.999999987845058e-08
-1.999999987845058e-08
24.285634994506836
-72.12792205810547
1.999999987845058e-08
1.999999987845058e-08
-31.058109283447266
-30.442434310913086
-1.999999987845058e-08
-1.999999987845058e-08
-67.9450454711914
47.0332145690918
1.999999987845058e-08
1.999999987845058e-08
-54.45722579956055
87.70520782470703
-1.999999987845058e-08
-1.999999987845058e-08
-4.058472156524658
60.23311233520508
1.999999987845058e-08
1.999999987845058e-08
-4.058472156524658
60.23311233520508
-1.999999987845058e-08
-1.999999987845058e-08
36.829917907714844
0.9086930751800537
1.999999987845058e-08
1.999999987845058e-08
35.00688171386719
-28.8984432220459
-1.999999987845058e-08
-1.999999987845058e-08
1.4743173122406006
-6.110217094421387
1.999999987845058e-08
1.999999987845058e-08
-26.98262596130371
41.51923751831055
-1.999999987845058e-08
-1.999999987845058e-08
-22.855472564697266
67.91720581054688
1.999999987845058e-08
1.999999987845058e-08
10.02768611907959
47.93155288696289
-1.999999987845058e-08
-1.999999987845058e-08
37.0734748840332
4.733267784118652
1.999999987845058e-08
1.999999987845058e-08
30.249149322509766
-10.614775657653809
-1.999999987845058e-08
-1.999999987845058e-08
2.7388877868652344
19.9710750579834
1.999999987845058e-08
1.999999987845058e-08
30.249149322509766
-10.614775657653809
-1.999999987845058e-08
-1.999999987845058e-08
2.7388877868652344
19.9710750579834
1.999999987845058e-08
1.999999987845058e-08
-12.088045120239258
61.37913131713867
-1.999999987845058e-08
-1.999999987845058e-08
-0.8818442225456238
69.99480438232422
1.999999987845058e-08
1.999999987845058e-08
24.86604881286621
37.02227783203125
-1.999999987845058e-08
-1.999999987845058e-08
42.7666130065918
-9.734506607055664
1.999999987845058e-08
1.999999987845058e-08
32.99769592285156
-29.43846321105957
-1.999999987845058e-08
-1.999999987845058e-08
-0.9835417866706848
-2.0760746002197266
1.999999987845058e-08
1.999999987845058e-08
-29.27596664428711
50.561649322509766
-1.999999987845058e-08
-1.999999987845058e-08
-25.01014518737793
82.30039978027344
1.999999987845058e-08
1.999999987845058e-08
-12.097810745239258
11.595147132873535
-1.999999987845058e-08
-1.999999987845058e-08
-10.283987998962402
36.96419143676758
1.999999987845058e-08
1.999999987845058e-08
10.173853874206543
18.80377769470215
-1.999999987845058e-08
-1.999999987845058e-08
17.85232162475586
-17.436552047729492
1.999999987845058e-08
1.999999987845058e-08
-4.577402591705322
-22.54471206665039
-1.999999987845058e-08
-1.999999987845058e-08
-34.350826263427734
16.125356674194336
1.999999987845058e-08
1.999999987845058e-08
-36.99748611450195
61.776058197021484
-1.999999987845058e-08
-1.999999987845058e-08
-7.857240676879883
72.05243682861328
1.999999987845058e-08
1.999999987845058e-08
28.784669876098633
35.24180603027344
-1.999999987845058e-08
-1.999999987845058e-08
44.489715576171875
-21.847074508666992
1.999999987845058e-08
1.999999987845058e-08
44.489715576171875
-21.847074508666992
-1.999999987845058e-08
-1.999999987845058e-08
26.88486671447754
-51.53935241699219
1.999999987845058e-08
1.999999987845058e-08
-9.825916290283203
-28.413677215576172
-1.999999987845058e-08
-1.999999987845058e-08
-35.316314697265625
23.121187210083008
1.999999987845058e-08
1.999999987845058e-08
-28.646974563598633
52.48542785644531
-1.999999987845058e-08
-1.999999987845058e-08
5.630246162414551
30.391983032226562
1.999999987845058e-08
1.999999987845058e-08
37.79354476928711
-25.046113967895508
-1.999999987845058e-08
-1.999999987845058e-08
34.09798812866211
-59.60997772216797
1.999999987845058e-08
1.999999987845058e-08
-3.4618303775787354
-35.096336364746094
-1.999999987845058e-08
-1.999999987845058e-08
-33.19362258911133
23.576828002929688
1.999999987845058e-08
1.999999987845058e-08
-26.269044876098633
57.16011428833008
-1.999999987845058e-08
-1.999999987845058e-08
1.6651637554168701
39.65489196777344
1.999999987845058e-08
1.999999987845058e-08
16.777084350585938
-2.1377415657043457
-1.999999987845058e-08
-1.999999987845058e-08
4.826904296875
-24.46982192993164
1.999999987845058e-08
1.999999987845058e-08
-17.228443145751953
-12.275964736938477
-1.999999987845058e-08
-1.999999987845058e-08
-23.266782760620117
12.047978401184082
1.999999987845058e-08
1.999999987845058e-08
-7.937703609466553
20.5975399017334
-1.999999987845058e-08
-1.999999987845058e-08
13.978851318359375
4.754555702209473
1.999999987845058e-08
1.999999987845058e-08
27.73893165588379
-28.249238967895508
-1.999999987845058e-08
-1.999999987845058e-08
23.394023895263672
-58.094268798828125
1.999999987845058e-08
1.999999987845058e-08
23.394023895263672
-58.094268798828125
-1.999999987845058e-08
-1.999999987845058e-08
-2.5888795852661133
-56.20063018798828
1.999999987845058e-08
1.999999987845058e-08
-34.90456008911133
-15.418128967285156
-1.999999987845058e-08
-1.999999987845058e-08
-44.69078826904297
30.919851303100586
1.999999987845058e-08
1.999999987845058e-08
-17.804990768432617
37.11892318725586
-1.999999987845058e-08
-1.999999987845058e-08
25.34621238708496
-7.7931694984436035
1.999999987845058e-08
1.999999987845058e-08
43.55568313598633
-63.55421447753906
-1.999999987845058e-08
-1.999999987845058e-08
17.944904327392578
-76.65888214111328
1.999999987845058e-08
1.999999987845058e-08
-23.208131790161133
-38.292945861816406
-1.999999987845058e-08
-1.999999987845058e-08
-35.79916000366211
8.60676097869873
1.999999987845058e-08
1.999999987845058e-08
-35.79916000366211
8.60676097869873
-1.999999987845058e-08
-1.999999987845058e-08
-10.985674858093262
21.460063934326172
1.999999987845058e-08
1.999999987845058e-08
19.8681583404541
-2.382650375366211
-1.999999987845058e-08
-1.999999987845058e-08
25.967018127441406
-37.022891998291016
1.999999987845058e-08
1.999999987845058e-08
6.029391765594482
-54.41142272949219
-1.999999987845058e-08
-1.999999987845058e-08
-19.805105209350586
-40.373687744140625
1.999999987845058e-08
1.999999987845058e-08
-33.506412506103516
-3.1676743030548096
-1.999999987845058e-08
-1.999999987845058e-08
-30.98471450805664
32.4575080871582
1.999999987845058e-08
1.999999987845058e-08
-16.645963668823242
44.59181213378906
-1.999999987845058e-08
-1.999999987845058e-08
2.3605549335479736
27.75701332092285
1.999999987845058e-08
1.999999987845058e-08
-30.779407501220703
-6.280089378356934
-1.999999987845058e-08
-1.999999987845058e-08
-43.98103713989258
16.238292694091797
1.999999987845058e-08
1.999999987845058e-08
-26.100645065307617
18.570178985595703
-1.999999987845058e-08
-1.999999987845058e-08
5.439295291900635
-3.0544121265411377
1.999999987845058e-08
1.999999987845058e-08
23.80236053466797
-30.439912796020508
-1.999999987845058e-08
-1.999999987845058e-08
18.484867095947266
-44.90074920654297
1.999999987845058e-08
1.999999987845058e-08
-0.5968669652938843
-39.04009246826172
-1.999999987845058e-08
-1.999999987845058e-08
-16.77126121520996
-16.302000045776367
1.999999987845058e-08
1.999999987845058e-08
-18.90467643737793
10.539776802062988
-1.999999987845058e-08
-1.999999987845058e-08
-3.4481451511383057
19.502124786376953
1.999999987845058e-08
1.999999987845058e-08
36.33196258544922
-47.93218994140625
-1.999999987845058e-08
-1.999999987845058e-08
21.62215805053711
-65.62113952636719
1.999999987845058e-08
1.999999987845058e-08
-8.421838760375977
-40.588714599609375
-1.999999987845058e-08
-1.999999987845058e-08
-22.176006317138672
-2.499875068664551
1.999999987845058e-08
1.999999987845058e-08
-5.935530662536621
7.0402421951293945
-1.999999987845058e-08
-1.999999987845058e-08
24.023534774780273
-23.145648956298828
1.999999987845058e-08
1.999999987845058e-08
36.31043243408203
-65.99325561523438
-1.999999987845058e-08
-1.999999987845058e-08
13.832402229309082
-81.37075805664062
1.999999987845058e-08
1.999999987845058e-08
-23.129648208618164
-56.966285705566406
-1.999999987845058e-08
-1.999999987845058e-08
-35.702999114990234
-22.6949462890625
1.999999987845058e-08
1.999999987845058e-08
-22.176006317138672
-2.49987530708313
-1.999999987845058e-08
-1.999999987845058e-08
-5.935530662536621
7.0402421951293945
1.999999987845058e-08
1.999999987845058e-08
24.023534774780273
-23.145648956298828
-1.999999987845058e-08
-1.999999987845058e-08
36.31043243408203
-65.99325561523438
1.999999987845058e-08
1.999999987845058e-08
13.832402229309082
-81.37075805664062
-1.999999987845058e-08
-1.999999987845058e-08
-23.129648208618164
-56.966285705566406
1.999999987845058e-08
1.999999987845058e-08
-35.702999114990234
-22.6949462890625
-1.999999987845058e-08
-1.999999987845058e-08
-13.292465209960938
-12.830290794372559
1.999999987845058e-08
1.999999987845058e-08
16.79442596435547
-27.99953842163086
-1.999999987845058e-08
-1.999999987845058e-08
27.239513397216797
-46.41029739379883
1.999999987845058e-08
1.999999987845058e-08
7.404688358306885
-33.42869186401367
-1.999999987845058e-08
-1.999999987845058e-08
22.070919036865234
-60.58002853393555
1.999999987845058e-08
1.999999987845058e-08
13.162172317504883
-80.2842025756836
-1.999999987845058e-08
-1.999999987845058e-08
-17.490345001220703
-61.03909683227539
1.999999987845058e-08
1.999999987845058e-08
-37.094512939453125
-20.142459869384766
-1.999999987845058e-08
-1.999999987845058e-08
-21.992542266845703
-6.4044036865234375
1.999999987845058e-08
1.999999987845058e-08
11.481832504272461
-38.40618896484375
-1.999999987845058e-08
-1.999999987845058e-08
27.470108032226562
-79.03538513183594
1.999999987845058e-08
1.999999987845058e-08
12.849154472351074
-82.1374282836914
-1.999999987845058e-08
-1.999999987845058e-08
-13.840286254882812
-45.88996887207031
1.999999987845058e-08
1.999999987845058e-08
11.481832504272461
-38.40618896484375
-1.999999987845058e-08
-1.999999987845058e-08
27.470108032226562
-79.03538513183594
1.999999987845058e-08
1.999999987845058e-08
12.849154472351074
-82.1374282836914
-1.999999987845058e-08
-1.999999987845058e-08
-13.840286254882812
-45.88996887207031
1.999999987845058e-08
1.999999987845058e-08
-27.867671966552734
-4.357327461242676
-1.999999987845058e-08
-1.999999987845058e-08
-16.982210159301758
8.471898078918457
1.999999987845058e-08
1.999999987845058e-08
9.257944107055664
-18.154756546020508
-1.999999987845058e-08
-1.999999987845058e-08
22.086576461791992
-59.50861358642578
1.999999987845058e-08
1.999999987845058e-08
5.7276105880737305
-73.11180877685547
-1.999999987845058e-08
-1.999999987845058e-08
-20.747440338134766
-43.37419509887695
1.999999987845058e-08
1.999999987845058e-08
36.01974105834961
-44.67961883544922
-1.999999987845058e-08
-1.999999987845058e-08
47.77333450317383
-108.0282974243164
1.999999987845058e-08
1.999999987845058e-08
14.791814804077148
-124.87911987304688
-1.999999987845058e-08
-1.999999987845058e-08
-37.28556823730469
-73.39566802978516
1.999999987845058e-08
1.999999987845058e-08
-61.15655517578125
4.480060577392578
-1.999999987845058e-08
-1.999999987845058e-08
-37.053062438964844
42.55939865112305
1.999999987845058e-08
1.999999987845058e-08
10.771464347839355
12.308703422546387
-1.999999987845058e-08
-1.999999987845058e-08
41.44413375854492
-56.27762222290039
1.999999987845058e-08
1.999999987845058e-08
31.34812355041504
-104.61306762695312
-1.999999987845058e-08
-1.999999987845058e-08
-8.532452583312988
-95.3868179321289
1.999999987845058e-08
1.999999987845058e-08
-21.917381286621094
-6.171065330505371
-1.999999987845058e-08
-1.999999987845058e-08
-3.6716983318328857
-21.447664260864258
1.999999987845058e-08
1.999999987845058e-08
6.509482383728027
-44.420562744140625
-1.999999987845058e-08
-1.999999987845058e-08
6.000246524810791
-67.64746856689453
1.999999987845058e-08
1.999999987845058e-08
-9.603055953979492
-68.0948715209961
-1.999999987845058e-08
-1.999999987845058e-08
-30.79170799255371
-31.421106338500977
1.999999987845058e-08
1.999999987845058e-08
-33.28744125366211
13.556145668029785
-1.999999987845058e-08
-1.999999987845058e-08
-6.169637680053711
20.63640022277832
1.999999987845058e-08
1.999999987845058e-08
27.90325927734375
-16.830821990966797
-1.999999987845058e-08
-1.999999987845058e-08
35.56803894042969
-58.5656852722168
1.999999987845058e-08
1.999999987845058e-08
-33.28744125366211
13.556145668029785
-1.999999987845058e-08
-1.999999987845058e-08
-6.169637680053711
20.63640022277832
1.999999987845058e-08
1.999999987845058e-08
27.90325927734375
-16.830821990966797
-1.999999987845058e-08
-1.999999987845058e-08
35.56803894042969
-58.5656852722168
1.999999987845058e-08
1.999999987845058e-08
10.527108192443848
-64.97148132324219
-1.999999987845058e-08
-1.999999987845058e-08
-23.836523056030273
-35.76336669921875
1.999999987845058e-08
1.999999987845058e-08
-40.8358154296875
-2.131901979446411
-1.999999987845058e-08
-1.999999987845058e-08
-29.765758514404297
4.695282459259033
1.999999987845058e-08
1.999999987845058e-08
-2.031803607940674
-21.89128875732422
-1.999999987845058e-08
-1.999999987845058e-08
14.060484886169434
-56.91712951660156
1.999999987845058e-08
1.999999987845058e-08
-2.031803607940674
-21.89128875732422
-1.999999987845058e-08
-1.999999987845058e-08
14.060484886169434
-56.91712951660156
1.999999987845058e-08
1.999999987845058e-08
-0.9254289269447327
-64.92930603027344
-1.999999987845058e-08
-1.999999987845058e-08
-32.53731155395508
-37.183387756347656
1.999999987845058e-08
1.999999987845058e-08
-45.479957580566406
-2.100120782852173
-1.999999987845058e-08
-1.999999987845058e-08
-22.280841827392578
3.0272409915924072
1.999999987845058e-08
1.999999987845058e-08
17.976062774658203
-33.2893180847168
-1.999999987845058e-08
-1.999999987845058e-08
37.804710388183594
-83.49651336669922
1.999999987845058e-08
1.999999987845058e-08
18.075815200805664
-101.73885345458984
-1.999999987845058e-08
-1.999999987845058e-08
-21.363147735595703
-67.1265640258789
1.999999987845058e-08
1.999999987845058e-08
-12.099542617797852
-19.638912200927734
-1.999999987845058e-08
-1.999999987845058e-08
-25.87865447998047
31.326759338378906
1.999999987845058e-08
1.999999987845058e-08
0.5460224747657776
35.01952362060547
-1.999999987845058e-08
-1.999999987845058e-08
29.154945373535156
1.375138521194458
1.999999987845058e-08
1.999999987845058e-08
27.986173629760742
-24.522123336791992
-1.999999987845058e-08
-1.999999987845058e-08
3.4884910583496094
-20.168176651000977
1.999999987845058e-08
1.999999987845058e-08
-16.096721649169922
-0.8492687344551086
-1.999999987845058e-08
-1.999999987845058e-08
-18.431934356689453
14.234536170959473
1.999999987845058e-08
1.999999987845058e-08
-9.668298721313477
20.568498611450195
-1.999999987845058e-08
-1.999999987845058e-08
3.91754150390625
12.968094825744629
1.999999987845058e-08
1.999999987845058e-08
4.91721773147583
-20.760120391845703
-1.999999987845058e-08
-1.999999987845058e-08
-7.827848434448242
-11.036931991577148
1.999999987845058e-08
1.999999987845058e-08
-6.900543689727783
4.785459518432617
-1.999999987845058e-08
-1.999999987845058e-08
10.132312774658203
-1.1731750965118408
1.999999987845058e-08
1.999999987845058e-08
27.36387062072754
-32.95415496826172
-1.999999987845058e-08
-1.999999987845058e-08
26.565397262573242
-63.51565933227539
1.999999987845058e-08
1.999999987845058e-08
3.1693387031555176
-58.24279022216797
-1.999999987845058e-08
-1.999999987845058e-08
-23.466266632080078
-12.085537910461426
1.999999987845058e-08
1.999999987845058e-08
-24.021757125854492
35.477317810058594
-1.999999987845058e-08
-1.999999987845058e-08
8.168872833251953
35.58518981933594
1.999999987845058e-08
1.999999987845058e-08
26.565397262573242
-63.51565933227539
-1.999999987845058e-08
-1.999999987845058e-08
3.1693387031555176
-58.24279022216797
1.999999987845058e-08
1.999999987845058e-08
-23.466266632080078
-12.085537910461426
-1.999999987845058e-08
-1.999999987845058e-08
-24.021757125854492
35.477317810058594
1.999999987845058e-08
1.999999987845058e-08
8.168872833251953
35.58518981933594
-1.999999987845058e-08
-1.999999987845058e-08
43.724273681640625
-13.974188804626465
1.999999987845058e-08
1.999999987845058e-08
43.097904205322266
-57.587371826171875
-1.999999987845058e-08
-1.999999987845058e-08
2.06367826461792
-43.599449157714844
1.999999987845058e-08
1.999999987845058e-08
-39.13396453857422
13.175110816955566
-1.999999987845058e-08
-1.999999987845058e-08
-41.619285583496094
54.95909118652344
1.999999987845058e-08
1.999999987845058e-08
-41.619285583496094
54.95909118652344
-1.999999987845058e-08
-1.999999987845058e-08
-6.647968292236328
47.72739791870117
1.999999987845058e-08
1.999999987845058e-08
33.341400146484375
4.911542892456055
-1.999999987845058e-08
-1.999999987845058e-08
45.56024932861328
-32.62457275390625
1.999999987845058e-08
1.999999987845058e-08
21.36067771911621
-29.42485237121582
-1.999999987845058e-08
-1.999999987845058e-08
-17.814594268798828
16.214170455932617
1.999999987845058e-08
1.999999987845058e-08
-36.01986312866211
65.6451644897461
-1.999999987845058e-08
-1.999999987845058e-08
-12.949811935424805
67.99459075927734
1.999999987845058e-08
1.999999987845058e-08
29.732643127441406
15.475444793701172
-1.999999987845058e-08
-1.999999987845058e-08
43.859317779541016
-34.1099853515625
1.999999987845058e-08
1.999999987845058e-08
46.75545120239258
5.0350189208984375
-1.999999987845058e-08
-1.999999987845058e-08
45.841453552246094
-47.104820251464844
1.999999987845058e-08
1.999999987845058e-08
8.348889350891113
-39.444976806640625
-1.999999987845058e-08
-1.999999987845058e-08
-32.37428665161133
19.375211715698242
1.999999987845058e-08
1.999999987845058e-08
-41.27220153808594
76.62971496582031
-1.999999987845058e-08
-1.999999987845058e-08
-16.284452438354492
91.13902282714844
1.999999987845058e-08
1.999999987845058e-08
15.386816024780273
65.37640380859375
-1.999999987845058e-08
-1.999999987845058e-08
25.248933792114258
30.218170166015625
1.999999987845058e-08
1.999999987845058e-08
5.200266361236572
15.634452819824219
-1.999999987845058e-08
-1.999999987845058e-08
-24.53903579711914
29.814523696899414
1.999999987845058e-08
1.999999987845058e-08
-32.37428665161133
19.375211715698242
-1.999999987845058e-08
-1.999999987845058e-08
-41.27220153808594
76.62971496582031
1.999999987845058e-08
1.999999987845058e-08
-16.284452438354492
91.13902282714844
-1.999999987845058e-08
-1.999999987845058e-08
15.386816024780273
65.37640380859375
1.999999987845058e-08
1.999999987845058e-08
25.248933792114258
30.218170166015625
-1.999999987845058e-08
-1.999999987845058e-08
5.200266361236572
15.634453773498535
1.999999987845058e-08
1.999999987845058e-08
-24.53903579711914
29.814523696899414
-1.999999987845058e-08
-1.999999987845058e-08
-33.70270919799805
55.72429275512695
1.999999987845058e-08
1.999999987845058e-08
-15.68896198272705
70.21260070800781
-1.999999987845058e-08
-1.999999987845058e-08
10.386521339416504
63.23992919921875
1.999999987845058e-08
1.999999987845058e-08
-2.4247887134552
102.35192108154297
-1.999999987845058e-08
-1.999999987845058e-08
21.13018226623535
79.77539825439453
1.999999987845058e-08
1.999999987845058e-08
37.11496353149414
34.694122314453125
-1.999999987845058e-08
-1.999999987845058e-08
26.126062393188477
3.5856220722198486
1.999999987845058e-08
1.999999987845058e-08
-7.356523513793945
15.828226089477539
-1.999999987845058e-08
-1.999999987845058e-08
-30.9709529876709
57.404441833496094
1.999999987845058e-08
1.999999987845058e-08
-18.135108947753906
81.44046020507812
-1.999999987845058e-08
-1.999999987845058e-08
18.641695022583008
59.17353439331055
1.999999987845058e-08
1.999999987845058e-08
38.22193145751953
14.18919849395752
-1.999999987845058e-08
-1.999999987845058e-08
18.902935028076172
-2.497084856033325
1.999999987845058e-08
1.999999987845058e-08
18.902935028076172
-2.497084856033325
-1.999999987845058e-08
-1.999999987845058e-08
-15.988158226013184
29.958507537841797
1.999999987845058e-08
1.999999987845058e-08
-27.815710067749023
81.62235260009766
-1.999999987845058e-08
-1.999999987845058e-08
-4.412774562835693
105.13145446777344
1.999999987845058e-08
1.999999987845058e-08
32.396270751953125
78.72010040283203
-1.999999987845058e-08
-1.999999987845058e-08
48.24400329589844
26.995698928833008
1.999999987845058e-08
1.999999987845058e-08
26.653398513793945
2.0578041076660156
-1.999999987845058e-08
-1.999999987845058e-08
-13.865586280822754
29.81296730041504
1.999999987845058e-08
1.999999987845058e-08
-38.0640754699707
82.70719909667969
-1.999999987845058e-08
-1.999999987845058e-08
-27.304763793945312
113.53187561035156
1.999999987845058e-08
1.999999987845058e-08
-9.622175216674805
61.69071960449219
-1.999999987845058e-08
-1.999999987845058e-08
-28.488222122192383
97.87616729736328
1.999999987845058e-08
1.999999987845058e-08
-11.639280319213867
106.53803253173828
-1.999999987845058e-08
-1.999999987845058e-08
24.202117919921875
68.50312042236328
1.999999987845058e-08
1.999999987845058e-08
41.44107437133789
13.587360382080078
-1.999999987845058e-08
-1.999999987845058e-08
20.56413459777832
-5.061283588409424
1.999999987845058e-08
1.999999987845058e-08
-16.2384033203125
28.708295822143555
-1.999999987845058e-08
-1.999999987845058e-08
-33.30035400390625
78.25975799560547
1.999999987845058e-08
1.999999987845058e-08
-22.970489501953125
100.90411376953125
-1.999999987845058e-08
-1.999999987845058e-08
-3.4213969707489014
83.25718688964844
1.999999987845058e-08
1.999999987845058e-08
-3.4213969707489014
83.25718688964844
-1.999999987845058e-08
-1.999999987845058e-08
4.12532901763916
48.1878547668457
1.999999987845058e-08
1.999999987845058e-08
-8.76512622833252
40.3707389831543
-1.999999987845058e-08
-1.999999987845058e-08
-25.34053611755371
74.40875244140625
1.999999987845058e-08
1.999999987845058e-08
-19.555856704711914
110.51285552978516
-1.999999987845058e-08
-1.999999987845058e-08
7.048787593841553
109.1865234375
1.999999987845058e-08
1.999999987845058e-08
26.12515640258789
79.55925750732422
-1.999999987845058e-08
-1.999999987845058e-08
18.748592376708984
57.171512603759766
1.999999987845058e-08
1.999999987845058e-08
-6.985215663909912
62.79775619506836
-1.999999987845058e-08
-1.999999987845058e-08
-28.01240348815918
89.7544937133789
1.999999987845058e-08
1.999999987845058e-08
-26.262907028198242
110.60419464111328
-1.999999987845058e-08
-1.999999987845058e-08
-5.07755708694458
98.29344177246094
1.999999987845058e-08
1.999999987845058e-08
12.776664733886719
57.17845153808594
-1.999999987845058e-08
-1.999999987845058e-08
10.61541748046875
24.5830135345459
1.999999987845058e-08
1.999999987845058e-08
-5.270935535430908
31.54206657409668
-1.999999987845058e-08
-1.999999987845058e-08
-13.812828063964844
66.68403625488281
1.999999987845058e-08
1.999999987845058e-08
2.1530797481536865
81.21392059326172
-1.999999987845058e-08
-1.999999987845058e-08
33.24911880493164
40.78068923950195
1.999999987845058e-08
1.999999987845058e-08
43.289791107177734
-26.013500213623047
-1.999999987845058e-08
-1.999999987845058e-08
10.73773193359375
-52.94346618652344
1.999999987845058e-08
1.999999987845058e-08
10.73773193359375
-52.94346618652344
-1.999999987845058e-08
-1.999999987845058e-08
-39.709999084472656
-10.687169075012207
1.999999987845058e-08
1.999999987845058e-08
-61.35249710083008
60.56168746948242
-1.999999987845058e-08
-1.999999987845058e-08
-31.40924644470215
88.83756256103516
1.999999987845058e-08
1.999999987845058e-08
26.766740798950195
39.8134651184082
-1.999999987845058e-08
-1.999999987845058e-08
57.964107513427734
-40.9549446105957
1.999999987845058e-08
1.999999987845058e-08
29.137989044189453
-71.1549072265625
-1.999999987845058e-08
-1.999999987845058e-08
-26.46185302734375
-26.506023406982422
1.999999987845058e-08
1.999999987845058e-08
-47.904170989990234
37.9581184387207
-1.999999987845058e-08
-1.999999987845058e-08
-21.248594284057617
62.792476654052734
1.999999987845058e-08
1.999999987845058e-08
-21.248594284057617
62.792476654052734
-1.999999987845058e-08
-1.999999987845058e-08
16.215547561645508
41.38040542602539
1.999999987845058e-08
1.999999987845058e-08
29.453350067138672
4.266993522644043
-1.999999987845058e-08
-1.999999987845058e-08
15.695870399475098
-17.809919357299805
1.999999987845058e-08
1.999999987845058e-08
-7.029833793640137
-13.044209480285645
-1.999999987845058e-08
-1.999999987845058e-08
-20.7680721282959
7.772608757019043
1.999999987845058e-08
1.999999987845058e-08
