0
28.338972091674805
-50.58952713012695
1.999999987845058e-08
1.999999987845058e-08
21.019132614135742
-72.64762878417969
-1.999999987845058e-08
-1.999999987845058e-08
-2.632230758666992
-70.04571533203125
1.999999987845058e-08
1.999999987845058e-08
-21.92870330810547
-50.419918060302734
-1.999999987845058e-08
-1.999999987845058e-08
-23.397855758666992
-32.72320556640625
1.999999987845058e-08
1.999999987845058e-08
-13.540365219116211
-30.21819496154785
-1.999999987845058e-08
-1.999999987845058e-08
-7.922305107116699
-42.77478790283203
1.999999987845058e-08
1.999999987845058e-08
-13.67556381225586
-57.13819885253906
-1.999999987845058e-08
-1.999999987845058e-08
-23.833904266357422
-57.30036544799805
1.999999987845058e-08
1.999999987845058e-08
-25.69025421142578
-41.85114669799805
-1.999999987845058e-08
-1.999999987845058e-08
-12.650338172912598
-26.172945022583008
1.999999987845058e-08
1.999999987845058e-08
10.683853149414062
-24.720008850097656
-1.999999987845058e-08
-1.999999987845058e-08
32.55826950073242
-41.20139694213867
1.999999987845058e-08
1.999999987845058e-08
39.13060760498047
-67.97595977783203
-1.999999987845058e-08
-1.999999987845058e-08
21.05838394165039
-82.08619689941406
1.999999987845058e-08
1.999999987845058e-08
-12.649746894836426
-60.531368255615234
-1.999999987845058e-08
-1.999999987845058e-08
-33.585933685302734
-13.082828521728516
1.999999987845058e-08
1.999999987845058e-08
-20.95224380493164
19.904788970947266
-1.999999987845058e-08
-1.999999987845058e-08
15.433826446533203
9.667491912841797
1.999999987845058e-08
1.999999987845058e-08
-26.360580444335938
-34.93241500854492
-1.999999987845058e-08
-1.999999987845058e-08
-33.373050689697266
10.645699501037598
1.999999987845058e-08
1.999999987845058e-08
-9.603462219238281
8.72284984588623
-1.999999987845058e-08
-1.999999987845058e-08
15.966127395629883
-38.02730178833008
1.999999987845058e-08
1.999999987845058e-08
17.947771072387695
-79.77485656738281
-1.999999987845058e-08
-1.999999987845058e-08
-2.0942957401275635
-74.28069305419922
1.999999987845058e-08
1.999999987845058e-08
-23.458965301513672
-25.911113739013672
-1.999999987845058e-08
-1.999999987845058e-08
-24.475948333740234
20.573835372924805
1.999999987845058e-08
1.999999987845058e-08
-2.134213924407959
21.393829345703125
-1.999999987845058e-08
-1.999999987845058e-08
20.130678176879883
-19.79299545288086
1.999999987845058e-08
1.999999987845058e-08
20.130678176879883
-19.79299545288086
-1.999999987845058e-08
-1.999999987845058e-08
17.128681182861328
-55.046443939208984
1.999999987845058e-08
1.999999987845058e-08
-8.83442497253418
-45.93620300292969
-1.999999987845058e-08
-1.999999987845058e-08
-32.49351501464844
0.4051792621612549
1.999999987845058e-08
1.999999987845058e-08
-30.3541259765625
40.53647232055664
-1.999999987845058e-08
-1.999999987845058e-08
-2.1610007286071777
31.9782657623291
1.999999987845058e-08
1.999999987845058e-08
23.253299713134766
-21.950719833374023
-1.999999987845058e-08
-1.999999987845058e-08
15.498791694641113
-67.43656158447266
1.999999987845058e-08
1.999999987845058e-08
-18.96193504333496
-55.565757751464844
-1.999999987845058e-08
-1.999999987845058e-08
-41.152957916259766
2.5171308517456055
1.999999987845058e-08
1.999999987845058e-08
-41.152957916259766
2.5171308517456055
-1.999999987845058e-08
-1.999999987845058e-08
-24.18886947631836
46.10260009765625
1.999999987845058e-08
1.999999987845058e-08
18.375995635986328
29.67975425720215
-1.999999987845058e-08
-1.999999987845058e-08
49.93584060668945
-33.10277557373047
1.999999987845058e-08
1.999999987845058e-08
45.35988998413086
-87.4803695678711
-1.999999987845058e-08
-1.999999987845058e-08
8.466590881347656
-87.62579345703125
1.999999987845058e-08
1.999999987845058e-08
-31.01858901977539
-36.32118606567383
-1.999999987845058e-08
-1.999999987845058e-08
-40.69158935546875
19.489643096923828
1.999999987845058e-08
1.999999987845058e-08
-15.991744041442871
37.53935623168945
-1.999999987845058e-08
-1.999999987845058e-08
19.160846710205078
14.416934967041016
1.999999987845058e-08
1.999999987845058e-08
-15.991744041442871
37.53935623168945
-1.999999987845058e-08
-1.999999987845058e-08
19.160846710205078
14.416934967041016
1.999999987845058e-08
1.999999987845058e-08
39.037044525146484
-24.844898223876953
-1.999999987845058e-08
-1.999999987845058e-08
31.809127807617188
-48.11003112792969
1.999999987845058e-08
1.999999987845058e-08
3.1179256439208984
-36.169166564941406
-1.999999987845058e-08
-1.999999987845058e-08
-23.500699996948242
-1.4433070421218872
1.999999987845058e-08
1.999999987845058e-08
-23.696420669555664
19.714679718017578
-1.999999987845058e-08
-1.999999987845058e-08
0.5830340385437012
2.535221815109253
1.999999987845058e-08
1.999999987845058e-08
20.122447967529297
-39.522518157958984
-1.999999987845058e-08
-1.999999987845058e-08
10.638245582580566
-65.39539337158203
1.999999987845058e-08
1.999999987845058e-08
2.507124185562134
36.62594985961914
-1.999999987845058e-08
-1.999999987845058e-08
32.23736572265625
-9.471928596496582
1.999999987845058e-08
1.999999987845058e-08
24.402835845947266
-40.92066192626953
-1.999999987845058e-08
-1.999999987845058e-08
-12.080062866210938
-28.156597137451172
1.999999987845058e-08
1.999999987845058e-08
-40.3564338684082
13.823351860046387
-1.999999987845058e-08
-1.999999987845058e-08
-37.02356719970703
47.63727951049805
1.999999987845058e-08
1.999999987845058e-08
-11.641305923461914
50.356651306152344
-1.999999987845058e-08
-1.999999987845058e-08
10.860098838806152
29.425342559814453
1.999999987845058e-08
1.999999987845058e-08
14.167611122131348
12.40952205657959
-1.999999987845058e-08
-1.999999987845058e-08
1.139829397201538
23.622140884399414
1.999999987845058e-08
1.999999987845058e-08
1.1398292779922485
23.622140884399414
-1.999999987845058e-08
-1.999999987845058e-08
-9.328959465026855
61.17218017578125
1.999999987845058e-08
1.999999987845058e-08
0.2953634560108185
93.63954162597656
-1.999999987845058e-08
-1.999999987845058e-08
27.891759872436523
86.60828399658203
1.999999987845058e-08
1.999999987845058e-08
49.95427703857422
41.86417770385742
-1.999999987845058e-08
-1.999999987845058e-08
42.93473815917969
3.671905994415283
1.999999987845058e-08
1.999999987845058e-08
11.43698501586914
11.415236473083496
-1.999999987845058e-08
-1.999999987845058e-08
-15.543182373046875
58.243751525878906
1.999999987845058e-08
1.999999987845058e-08
-15.552549362182617
101.91259765625
-1.999999987845058e-08
-1.999999987845058e-08
9.587745666503906
100.7646484375
1.999999987845058e-08
1.999999987845058e-08
9.587745666503906
100.7646484375
-1.999999987845058e-08
-1.999999987845058e-08
35.02263641357422
52.11065673828125
1.999999987845058e-08
1.999999987845058e-08
31.813173294067383
5.032687187194824
-1.999999987845058e-08
-1.999999987845058e-08
0.5485441088676453
11.370467185974121
1.999999987845058e-08
1.999999987845058e-08
-24.329601287841797
63.88168716430664
-1.999999987845058e-08
-1.999999987845058e-08
-15.51087760925293
105.92041015625
1.999999987845058e-08
1.999999987845058e-08
17.392560958862305
96.4334945678711
-1.999999987845058e-08
-1.999999987845058e-08
43.935523986816406
47.880496978759766
1.999999987845058e-08
1.999999987845058e-08
44.13943862915039
5.921624183654785
-1.999999987845058e-08
-1.999999987845058e-08
21.96347999572754
5.238687515258789
1.999999987845058e-08
1.999999987845058e-08
32.108131408691406
30.45107078552246
-1.999999987845058e-08
-1.999999987845058e-08
20.202102661132812
13.759529113769531
1.999999987845058e-08
1.999999987845058e-08
-14.698721885681152
44.262184143066406
-1.999999987845058e-08
-1.999999987845058e-08
-38.525962829589844
98.4142837524414
1.999999987845058e-08
1.999999987845058e-08
-24.09185218811035
124.05654907226562
-1.999999987845058e-08
-1.999999987845058e-08
15.530577659606934
96.34751892089844
1.999999987845058e-08
1.999999987845058e-08
39.150413513183594
44.09558868408203
-1.999999987845058e-08
-1.999999987845058e-08
19.47458839416504
23.571109771728516
1.999999987845058e-08
1.999999987845058e-08
-24.619035720825195
61.652793884277344
-1.999999987845058e-08
-1.999999987845058e-08
-45.58246994018555
122.5584487915039
1.999999987845058e-08
1.999999987845058e-08
-21.83318519592285
145.5232696533203
-1.999999987845058e-08
-1.999999987845058e-08
20.455659866333008
114.60330200195312
1.999999987845058e-08
1.999999987845058e-08
41.936492919921875
68.39043426513672
-1.999999987845058e-08
-1.999999987845058e-08
28.188217163085938
47.0119514465332
1.999999987845058e-08
1.999999987845058e-08
-4.9673309326171875
57.75738525390625
-1.999999987845058e-08
-1.999999987845058e-08
-27.244873046875
82.75607299804688
1.999999987845058e-08
1.999999987845058e-08
-18.742717742919922
97.08568572998047
-1.999999987845058e-08
-1.999999987845058e-08
11.564006805419922
86.352294921875
1.999999987845058e-08
1.999999987845058e-08
35.88066864013672
56.51253890991211
-1.999999987845058e-08
-1.999999987845058e-08
33.304710388183594
29.6525821685791
1.999999987845058e-08
1.999999987845058e-08
33.304710388183594
29.6525821685791
-1.999999987845058e-08
-1.999999987845058e-08
4.793114185333252
30.015241622924805
1.999999987845058e-08
1.999999987845058e-08
-26.5583553314209
62.20122146606445
-1.999999987845058e-08
-1.999999987845058e-08
-32.34037780761719
100.29100036621094
1.999999987845058e-08
1.999999987845058e-08
-7.180408477783203
109.73458862304688
-1.999999987845058e-08
-1.999999987845058e-08
21.260297775268555
85.69237518310547
1.999999987845058e-08
1.999999987845058e-08
21.639925003051758
62.70024108886719
-1.999999987845058e-08
-1.999999987845058e-08
-2.420335531234741
73.54743194580078
1.999999987845058e-08
1.999999987845058e-08
-19.56731605529785
106.63546752929688
-1.999999987845058e-08
-1.999999987845058e-08
-13.686058044433594
123.05723571777344
1.999999987845058e-08
1.999999987845058e-08
1.9786059856414795
104.25636291503906
-1.999999987845058e-08
-1.999999987845058e-08
7.889107704162598
66.30699920654297
1.999999987845058e-08
1.999999987845058e-08
-1.714477777481079
37.65126037597656
-1.999999987845058e-08
-1.999999987845058e-08
-17.69373893737793
34.44269943237305
1.999999987845058e-08
1.999999987845058e-08
-27.270097732543945
56.0049934387207
-1.999999987845058e-08
-1.999999987845058e-08
-22.695032119750977
89.92252349853516
1.999999987845058e-08
1.999999987845058e-08
-2.8695738315582275
114.0191421508789
-1.999999987845058e-08
-1.999999987845058e-08
23.417346954345703
108.61123657226562
1.999999987845058e-08
1.999999987845058e-08
37.70273971557617
77.80081939697266
-1.999999987845058e-08
-1.999999987845058e-08
24.892908096313477
53.75831985473633
1.999999987845058e-08
1.999999987845058e-08
-6.947452545166016
65.79939270019531
-1.999999987845058e-08
-1.999999987845058e-08
-27.912738800048828
102.79280853271484
1.999999987845058e-08
1.999999987845058e-08
-18.908845901489258
124.30842590332031
-1.999999987845058e-08
-1.999999987845058e-08
8.005776405334473
106.5752182006836
1.999999987845058e-08
1.999999987845058e-08
25.62746238708496
64.55268859863281
-1.999999987845058e-08
-1.999999987845058e-08
16.63976287841797
35.49318313598633
1.999999987845058e-08
1.999999987845058e-08
-12.607804298400879
42.68186950683594
-1.999999987845058e-08
-1.999999987845058e-08
-37.28875732421875
74.6317367553711
1.999999987845058e-08
1.999999987845058e-08
-35.11764144897461
98.16181945800781
-1.999999987845058e-08
-1.999999987845058e-08
-6.223072528839111
86.64360809326172
1.999999987845058e-08
1.999999987845058e-08
-2.274550199508667
41.9365234375
-1.999999987845058e-08
-1.999999987845058e-08
-29.693330764770508
94.4666748046875
1.999999987845058e-08
1.999999987845058e-08
-28.4815673828125
132.8521270751953
-1.999999987845058e-08
-1.999999987845058e-08
4.862674713134766
117.79556274414062
1.999999987845058e-08
1.999999987845058e-08
41.6708984375
54.03962707519531
-1.999999987845058e-08
-1.999999987845058e-08
42.70939636230469
-3.739781618118286
1.999999987845058e-08
1.999999987845058e-08
0.011729568243026733
2.368339776992798
-1.999999987845058e-08
-1.999999987845058e-08
-49.04793930053711
70.20276641845703
1.999999987845058e-08
1.999999987845058e-08
-60.999935150146484
137.56150817871094
-1.999999987845058e-08
-1.999999987845058e-08
-28.56120491027832
144.33160400390625
1.999999987845058e-08
1.999999987845058e-08
0.011729567311704159
2.368339776992798
-1.999999987845058e-08
-1.999999987845058e-08
-49.04793930053711
70.20276641845703
1.999999987845058e-08
1.999999987845058e-08
-60.999935150146484
137.56150817871094
-1.999999987845058e-08
-1.999999987845058e-08
-28.56120491027832
144.33160400390625
1.999999987845058e-08
1.999999987845058e-08
16.212705612182617
84.9153060913086
-1.999999987845058e-08
-1.999999987845058e-08
29.990720748901367
12.815671920776367
1.999999987845058e-08
1.999999987845058e-08
1.0985057353973389
-9.739538192749023
-1.999999987845058e-08
-1.999999987845058e-08
-35.222190856933594
24.760181427001953
1.999999987845058e-08
1.999999987845058e-08
-39.11854934692383
70.48245239257812
-1.999999987845058e-08
-1.999999987845058e-08
-8.642170906066895
82.09354400634766
1.999999987845058e-08
1.999999987845058e-08
-2.2605066299438477
56.741127014160156
-1.999999987845058e-08
-1.999999987845058e-08
25.92676544189453
32.2509880065918
1.999999987845058e-08
1.999999987845058e-08
28.66461944580078
1.3445186614990234
-1.999999987845058e-08
-1.999999987845058e-08
3.5510177612304688
-0.6125272512435913
1.999999987845058e-08
1.999999987845058e-08
-25.554946899414062
27.89194679260254
-1.999999987845058e-08
-1.999999987845058e-08
-35.747161865234375
60.9841423034668
1.999999987845058e-08
1.999999987845058e-08
-20.953372955322266
70.82269287109375
-1.999999987845058e-08
-1.999999987845058e-08
7.8177289962768555
45.177791595458984
1.999999987845058e-08
1.999999987845058e-08
29.011913299560547
-1.1840804815292358
-1.999999987845058e-08
-1.999999987845058e-08
26.625694274902344
-33.71240234375
1.999999987845058e-08
1.999999987845058e-08
-35.74716567993164
60.9841423034668
-1.999999987845058e-08
-1.999999987845058e-08
-20.953372955322266
70.82269287109375
1.999999987845058e-08
1.999999987845058e-08
7.8177289962768555
45.177791595458984
-1.999999987845058e-08
-1.999999987845058e-08
29.011913299560547
-1.1840804815292358
1.999999987845058e-08
1.999999987845058e-08
26.625694274902344
-33.71240234375
-1.999999987845058e-08
-1.999999987845058e-08
5.11185359954834
-28.41683006286621
1.999999987845058e-08
1.999999987845058e-08
-15.397127151489258
4.748234272003174
-1.999999987845058e-08
-1.999999987845058e-08
-18.185321807861328
32.704856872558594
1.999999987845058e-08
1.999999987845058e-08
-2.6495015621185303
29.844844818115234
-1.999999987845058e-08
-1.999999987845058e-08
17.811885833740234
-4.595898151397705
1.999999987845058e-08
1.999999987845058e-08
-10.758475303649902
-32.70371627807617
-1.999999987845058e-08
-1.999999987845058e-08
-29.95330238342285
8.475000381469727
1.999999987845058e-08
1.999999987845058e-08
-23.573814392089844
22.48590660095215
-1.999999987845058e-08
-1.999999987845058e-08
7.352485656738281
-5.673497200012207
1.999999987845058e-08
1.999999987845058e-08
34.88494110107422
-51.0504150390625
-1.999999987845058e-08
-1.999999987845058e-08
30.510540008544922
-70.42931365966797
1.999999987845058e-08
1.999999987845058e-08
-2.716186761856079
-41.24492263793945
-1.999999987845058e-08
-1.999999987845058e-08
-30.234834671020508
10.882148742675781
1.999999987845058e-08
1.999999987845058e-08
-22.241500854492188
33.08656311035156
-1.999999987845058e-08
-1.999999987845058e-08
12.668638229370117
3.7059755325317383
1.999999987845058e-08
1.999999987845058e-08
38.08338165283203
-44.898006439208984
-1.999999987845058e-08
-1.999999987845058e-08
29.291099548339844
-66.271728515625
1.999999987845058e-08
1.999999987845058e-08
-4.531824588775635
-45.10920333862305
-1.999999987845058e-08
-1.999999987845058e-08
-29.44097137451172
-7.372714996337891
1.999999987845058e-08
1.999999987845058e-08
-19.462846755981445
1.4671564102172852
-1.999999987845058e-08
-1.999999987845058e-08
11.702665328979492
-36.88088607788086
1.999999987845058e-08
1.999999987845058e-08
23.674110412597656
-85.02262878417969
-1.999999987845058e-08
-1.999999987845058e-08
0.6367908120155334
-90.00428771972656
1.999999987845058e-08
1.999999987845058e-08
-27.8060302734375
-49.553646087646484
-1.999999987845058e-08
-1.999999987845058e-08
-26.471006393432617
-12.450138092041016
1.999999987845058e-08
1.999999987845058e-08
21.583250045776367
-36.55318832397461
-1.999999987845058e-08
-1.999999987845058e-08
16.328691482543945
-46.10838317871094
1.999999987845058e-08
1.999999987845058e-08
-6.005971431732178
-32.081520080566406
-1.999999987845058e-08
-1.999999987845058e-08
-24.588363647460938
-12.873669624328613
1.999999987845058e-08
1.999999987845058e-08
-26.286685943603516
-12.212782859802246
-1.999999987845058e-08
-1.999999987845058e-08
-17.123180389404297
-34.873687744140625
1.999999987845058e-08
1.999999987845058e-08
-17.882343292236328
-56.324039459228516
-1.999999987845058e-08
-1.999999987845058e-08
-39.95496368408203
-43.347347259521484
1.999999987845058e-08
1.999999987845058e-08
-64.3216323852539
3.386523723602295
-1.999999987845058e-08
-1.999999987845058e-08
-58.0036735534668
38.28997039794922
1.999999987845058e-08
1.999999987845058e-08
-17.19972801208496
19.14189338684082
-1.999999987845058e-08
-1.999999987845058e-08
22.054821014404297
-42.27128601074219
1.999999987845058e-08
1.999999987845058e-08
22.288877487182617
-89.70492553710938
-1.999999987845058e-08
-1.999999987845058e-08
-16.271221160888672
-76.85531616210938
1.999999987845058e-08
1.999999987845058e-08
-52.949466705322266
-13.637069702148438
-1.999999987845058e-08
-1.999999987845058e-08
-45.052345275878906
37.954166412353516
1.999999987845058e-08
1.999999987845058e-08
4.138334274291992
23.99262046813965
-1.999999987845058e-08
-1.999999987845058e-08
47.389163970947266
-43.26177978515625
1.999999987845058e-08
1.999999987845058e-08
47.525840759277344
-98.5074462890625
-1.999999987845058e-08
-1.999999987845058e-08
13.50253963470459
-93.79768371582031
1.999999987845058e-08
1.999999987845058e-08
-17.047653198242188
-43.3177375793457
-1.999999987845058e-08
-1.999999987845058e-08
-16.837947845458984
-0.8744106292724609
1.999999987845058e-08
1.999999987845058e-08
6.933978080749512
-2.299345016479492
-1.999999987845058e-08
-1.999999987845058e-08
25.154699325561523
-34.10169219970703
1.999999987845058e-08
1.999999987845058e-08
23.835296630859375
-60.767696380615234
-1.999999987845058e-08
-1.999999987845058e-08
13.802803039550781
-66.63069152832031
1.999999987845058e-08
1.999999987845058e-08
6.088219165802002
-56.78369140625
-1.999999987845058e-08
-1.999999987845058e-08
2.552302122116089
-41.10118865966797
1.999999987845058e-08
1.999999987845058e-08
7.063201904296875
-36.14564895629883
-1.999999987845058e-08
-1.999999987845058e-08
18.87919044494629
-53.9431037902832
1.999999987845058e-08
1.999999987845058e-08
23.03226661682129
-78.08187103271484
-1.999999987845058e-08
-1.999999987845058e-08
10.139466285705566
-79.96731567382812
1.999999987845058e-08
1.999999987845058e-08
-7.916821479797363
-55.801918029785156
-1.999999987845058e-08
-1.999999987845058e-08
-12.691892623901367
-29.66142463684082
1.999999987845058e-08
1.999999987845058e-08
3.190373659133911
-30.564495086669922
-1.999999987845058e-08
-1.999999987845058e-08
27.985204696655273
-64.78852081298828
1.999999987845058e-08
1.999999987845058e-08
36.79631042480469
-102.23668670654297
-1.999999987845058e-08
-1.999999987845058e-08
18.24695587158203
-106.14071655273438
1.999999987845058e-08
1.999999987845058e-08
-13.20838737487793
-73.80895233154297
-1.999999987845058e-08
-1.999999987845058e-08
-35.9347038269043
-31.748655319213867
1.999999987845058e-08
1.999999987845058e-08
-34.64725112915039
-8.744114875793457
-1.999999987845058e-08
-1.999999987845058e-08
-6.323304653167725
-21.3530216217041
1.999999987845058e-08
1.999999987845058e-08
28.73145866394043
-59.09441375732422
-1.999999987845058e-08
-1.999999987845058e-08
39.41849136352539
-85.04067993164062
1.999999987845058e-08
1.999999987845058e-08
18.29322624206543
-70.3218994140625
-1.999999987845058e-08
-1.999999987845058e-08
-9.549402236938477
-22.558570861816406
1.999999987845058e-08
1.999999987845058e-08
-12.244616508483887
19.476133346557617
-1.999999987845058e-08
-1.999999987845058e-08
15.329985618591309
17.31033706665039
1.999999987845058e-08
1.999999987845058e-08
40.12548828125
-24.400959014892578
-1.999999987845058e-08
-1.999999987845058e-08
27.872011184692383
-55.996524810791016
1.999999987845058e-08
1.999999987845058e-08
27.872011184692383
-55.996524810791016
-1.999999987845058e-08
-1.999999987845058e-08
-11.117125511169434
-41.31651306152344
1.999999987845058e-08
1.999999987845058e-08
-36.984283447265625
1.0446752309799194
-1.999999987845058e-08
-1.999999987845058e-08
-28.9434757232666
24.68228530883789
1.999999987845058e-08
1.999999987845058e-08
-0.760270893573761
7.239371299743652
-1.999999987845058e-08
-1.999999987845058e-08
16.899272918701172
-29.209943771362305
1.999999987845058e-08
1.999999987845058e-08
5.523978233337402
-45.32077407836914
-1.999999987845058e-08
-1.999999987845058e-08
-19.53311538696289
-31.418014526367188
1.999999987845058e-08
1.999999987845058e-08
-25.613325119018555
-15.814693450927734
-1.999999987845058e-08
-1.999999987845058e-08
-2.160475969314575
-22.939729690551758
1.999999987845058e-08
1.999999987845058e-08
29.59041404724121
-44.9725456237793
-1.999999987845058e-08
-1.999999987845058e-08
41.494850158691406
-58.078556060791016
1.999999987845058e-08
1.999999987845058e-08
25.555082321166992
-48.25239944458008
-1.999999987845058e-08
-1.999999987845058e-08
-0.6728440523147583
-19.936161041259766
1.999999987845058e-08
1.999999987845058e-08
-10.420889854431152
4.574820518493652
-1.999999987845058e-08
-1.999999987845058e-08
7.439140319824219
-4.364614009857178
1.999999987845058e-08
1.999999987845058e-08
30.496047973632812
-46.7260856628418
-1.999999987845058e-08
-1.999999987845058e-08
22.656158447265625
-75.072265625
1.999999987845058e-08
1.999999987845058e-08
-17.051504135131836
-49.032958984375
-1.999999987845058e-08
-1.999999987845058e-08
-47.96794891357422
9.039152145385742
1.999999987845058e-08
1.999999987845058e-08
-36.89674377441406
40.606895446777344
-1.999999987845058e-08
-1.999999987845058e-08
6.782431602478027
14.06581974029541
1.999999987845058e-08
1.999999987845058e-08
42.50118637084961
-47.23894119262695
-1.999999987845058e-08
-1.999999987845058e-08
36.85680389404297
-84.00902557373047
1.999999987845058e-08
1.999999987845058e-08
-0.22803731262683868
-60.558372497558594
-1.999999987845058e-08
-1.999999987845058e-08
-26.01837730407715
-8.509202003479004
1.999999987845058e-08
1.999999987845058e-08
-15.86655330657959
11.264598846435547
-1.999999987845058e-08
-1.999999987845058e-08
14.313528060913086
-22.176246643066406
1.999999987845058e-08
1.999999987845058e-08
30.763927459716797
-71.85868072509766
-1.999999987845058e-08
-1.999999987845058e-08
13.978960990905762
-82.76042938232422
1.999999987845058e-08
1.999999987845058e-08
-45.54938507080078
19.064069747924805
-1.999999987845058e-08
-1.999999987845058e-08
-32.49141311645508
45.28596496582031
1.999999987845058e-08
1.999999987845058e-08
7.322929382324219
17.080801010131836
-1.999999987845058e-08
-1.999999987845058e-08
40.43844223022461
-45.73043441772461
1.999999987845058e-08
1.999999987845058e-08
34.575687408447266
-86.70867156982422
-1.999999987845058e-08
-1.999999987845058e-08
-4.717422008514404
-65.20542907714844
1.999999987845058e-08
1.999999987845058e-08
-34.49301528930664
-7.7762250900268555
-1.999999987845058e-08
-1.999999987845058e-08
-24.51911163330078
21.13856315612793
1.999999987845058e-08
1.999999987845058e-08
11.065744400024414
-10.2164888381958
-1.999999987845058e-08
-1.999999987845058e-08
32.589298248291016
-70.22454833984375
1.999999987845058e-08
1.999999987845058e-08
11.065744400024414
-10.2164888381958
-1.999999987845058e-08
-1.999999987845058e-08
32.589298248291016
-70.22454833984375
1.999999987845058e-08
1.999999987845058e-08
13.731606483459473
-94.18988037109375
-1.999999987845058e-08
-1.999999987845058e-08
-28.65997314453125
-54.039886474609375
1.999999987845058e-08
1.999999987845058e-08
-49.15028381347656
7.560053825378418
-1.999999987845058e-08
-1.999999987845058e-08
-26.418174743652344
29.308162689208984
1.999999987845058e-08
1.999999987845058e-08
16.189626693725586
-4.041191101074219
-1.999999987845058e-08
-1.999999987845058e-08
37.4022331237793
-56.751800537109375
1.999999987845058e-08
1.999999987845058e-08
14.583860397338867
-77.79222869873047
-1.999999987845058e-08
-1.999999987845058e-08
-30.171926498413086
-49.00439453125
1.999999987845058e-08
1.999999987845058e-08
-50.2931022644043
-4.409255504608154
-1.999999987845058e-08
-1.999999987845058e-08
-29.035154342651367
11.146759986877441
1.999999987845058e-08
1.999999987845058e-08
10.635019302368164
-14.510618209838867
-1.999999987845058e-08
-1.999999987845058e-08
36.67164993286133
-59.60289764404297
1.999999987845058e-08
1.999999987845058e-08
29.125839233398438
-84.74185180664062
-1.999999987845058e-08
-1.999999987845058e-08
-4.568441390991211
-63.85309600830078
1.999999987845058e-08
1.999999987845058e-08
-32.20925521850586
-13.957361221313477
-1.999999987845058e-08
-1.999999987845058e-08
-29.939653396606445
21.40106964111328
1.999999987845058e-08
1.999999987845058e-08
-4.326449871063232
16.972684860229492
-1.999999987845058e-08
-1.999999987845058e-08
19.063194274902344
-17.559110641479492
1.999999987845058e-08
1.999999987845058e-08
18.226137161254883
-52.84113693237305
-1.999999987845058e-08
-1.999999987845058e-08
-8.714747428894043
-60.92780303955078
1.999999987845058e-08
1.999999987845058e-08
-41.7362174987793
-33.341339111328125
-1.999999987845058e-08
-1.999999987845058e-08
-54.32525634765625
9.333316802978516
1.999999987845058e-08
1.999999987845058e-08
-34.75288009643555
29.259817123413086
-1.999999987845058e-08
-1.999999987845058e-08
1.66497004032135
5.316959857940674
1.999999987845058e-08
1.999999987845058e-08
23.887285232543945
-43.19561004638672
-1.999999987845058e-08
-1.999999987845058e-08
15.50446891784668
-73.94505310058594
1.999999987845058e-08
1.999999987845058e-08
-9.549369812011719
-61.8967170715332
-1.999999987845058e-08
-1.999999987845058e-08
-24.719608306884766
-20.752017974853516
1.999999987845058e-08
1.999999987845058e-08
-16.396223068237305
11.767518997192383
-1.999999987845058e-08
-1.999999987845058e-08
8.856818199157715
7.404093265533447
1.999999987845058e-08
1.999999987845058e-08
31.177881240844727
-29.92840576171875
-1.999999987845058e-08
-1.999999987845058e-08
31.661054611206055
-68.00257110595703
1.999999987845058e-08
1.999999987845058e-08
8.144784927368164
-73.52550506591797
-1.999999987845058e-08
-1.999999987845058e-08
-22.03898811340332
-42.06929397583008
1.999999987845058e-08
1.999999987845058e-08
-36.07620620727539
-1.2156755924224854
-1.999999987845058e-08
-1.999999987845058e-08
-23.669326782226562
14.969165802001953
1.999999987845058e-08
1.999999987845058e-08
4.544245719909668
-8.760621070861816
-1.999999987845058e-08
-1.999999987845058e-08
21.80386734008789
-54.130287170410156
1.999999987845058e-08
1.999999987845058e-08
4.544245719909668
-8.760621070861816
-1.999999987845058e-08
-1.999999987845058e-08
21.80386734008789
-54.130287170410156
1.999999987845058e-08
1.999999987845058e-08
6.921280384063721
-74.29928588867188
-1.999999987845058e-08
-1.999999987845058e-08
-28.20844268798828
-39.89767837524414
1.999999987845058e-08
1.999999987845058e-08
-44.02722930908203
17.95964241027832
-1.999999987845058e-08
-1.999999987845058e-08
-14.696760177612305
34.51374053955078
1.999999987845058e-08
1.999999987845058e-08
39.819740295410156
-17.035512924194336
-1.999999987845058e-08
-1.999999987845058e-08
67.80448150634766
-90.0437240600586
1.999999987845058e-08
1.999999987845058e-08
42.424591064453125
-113.21529388427734
-1.999999987845058e-08
-1.999999987845058e-08
-7.291220188140869
-71.38217163085938
1.999999987845058e-08
1.999999987845058e-08
-26.59939193725586
11.206629753112793
-1.999999987845058e-08
-1.999999987845058e-08
3.022930383682251
-9.992030143737793
1.999999987845058e-08
1.999999987845058e-08
22.15314483642578
-46.01728057861328
-1.999999987845058e-08
-1.999999987845058e-08
14.05955696105957
-61.13433074951172
1.999999987845058e-08
1.999999987845058e-08
-10.439273834228516
-46.4603385925293
-1.999999987845058e-08
-1.999999987845058e-08
-29.357202529907227
-14.03370189666748
1.999999987845058e-08
1.999999987845058e-08
-25.595584869384766
15.327174186706543
-1.999999987845058e-08
-1.999999987845058e-08
4.581582546234131
14.625689506530762
1.999999987845058e-08
1.999999987845058e-08
40.10309600830078
-22.62082862854004
-1.999999987845058e-08
-1.999999987845058e-08
47.12492752075195
-60.336639404296875
1.999999987845058e-08
1.999999987845058e-08
15.631072998046875
-55.03873825073242
-1.999999987845058e-08
-1.999999987845058e-08
-26.255151748657227
-7.436474800109863
1.999999987845058e-08
1.999999987845058e-08
-37.26740264892578
35.0760383605957
-1.999999987845058e-08
-1.999999987845058e-08
-4.353574275970459
25.443105697631836
1.999999987845058e-08
1.999999987845058e-08
36.24318313598633
-29.67629051208496
-1.999999987845058e-08
-1.999999987845058e-08
34.76260757446289
-70.95185852050781
1.999999987845058e-08
1.999999987845058e-08
-9.602396011352539
-55.5047492980957
-1.999999987845058e-08
-1.999999987845058e-08
-47.34654998779297
-7.269667625427246
1.999999987845058e-08
1.999999987845058e-08
-41.586204528808594
19.639087677001953
-1.999999987845058e-08
-1.999999987845058e-08
-6.055012226104736
4.6935601234436035
1.999999987845058e-08
1.999999987845058e-08
-41.586204528808594
19.639087677001953
-1.999999987845058e-08
-1.999999987845058e-08
-6.055012226104736
4.6935601234436035
1.999999987845058e-08
1.999999987845058e-08
18.685270309448242
-26.762866973876953
-1.999999987845058e-08
-1.999999987845058e-08
10.280946731567383
-36.69313049316406
1.999999987845058e-08
1.999999987845058e-08
-15.834500312805176
-11.666435241699219
-1.999999987845058e-08
-1.999999987845058e-08
-28.29292869567871
28.75917625427246
1.999999987845058e-08
1.999999987845058e-08
-11.585503578186035
52.340206146240234
-1.999999987845058e-08
-1.999999987845058e-08
25.789602279663086
36.08158874511719
1.999999987845058e-08
1.999999987845058e-08
58.846893310546875
-15.226133346557617
-1.999999987845058e-08
-1.999999987845058e-08
60.80544662475586
-63.150936126708984
1.999999987845058e-08
1.999999987845058e-08
19.510372161865234
-7.9819440841674805
-1.999999987845058e-08
-1.999999987845058e-08
10.723097801208496
-54.91273880004883
1.999999987845058e-08
1.999999987845058e-08
-36.97543716430664
-35.057132720947266
-1.999999987845058e-08
-1.999999987845058e-08
-74.16879272460938
36.41088104248047
1.999999987845058e-08
1.999999987845058e-08
-57.801570892333984
87.36429595947266
-1.999999987845058e-08
-1.999999987845058e-08
1.1888781785964966
70.13446807861328
1.999999987845058e-08
1.999999987845058e-08
48.583866119384766
7.234158039093018
-1.999999987845058e-08
-1.999999987845058e-08
43.13687515258789
-38.020103454589844
1.999999987845058e-08
1.999999987845058e-08
-1.6979619264602661
-25.274784088134766
-1.999999987845058e-08
-1.999999987845058e-08
-37.963748931884766
29.376705169677734
1.999999987845058e-08
1.999999987845058e-08
-37.963748931884766
29.376705169677734
-1.999999987845058e-08
-1.999999987845058e-08
-36.943138122558594
76.63252258300781
1.999999987845058e-08
1.999999987845058e-08
-6.938635349273682
78.11986541748047
-1.999999987845058e-08
-1.999999987845058e-08
27.267539978027344
33.576995849609375
1.999999987845058e-08
1.999999987845058e-08
40.38499450683594
-16.652511596679688
-1.999999987845058e-08
-1.999999987845058e-08
20.05188751220703
-23.990806579589844
1.999999987845058e-08
1.999999987845058e-08
-16.19453239440918
19.113264083862305
-1.999999987845058e-08
-1.999999987845058e-08
-32.32794952392578
71.80632781982422
1.999999987845058e-08
1.999999987845058e-08
-12.252041816711426
89.16383361816406
-1.999999987845058e-08
-1.999999987845058e-08
25.648822784423828
60.22126007080078
1.999999987845058e-08
1.999999987845058e-08
25.648822784423828
60.22126007080078
-1.999999987845058e-08
-1.999999987845058e-08
50.83498764038086
7.753317832946777
1.999999987845058e-08
1.999999987845058e-08
44.50606918334961
-29.322128295898438
-1.999999987845058e-08
-1.999999987845058e-08
12.880845069885254
-23.901010513305664
1.999999987845058e-08
1.999999987845058e-08
-14.630467414855957
10.867951393127441
-1.999999987845058e-08
-1.999999987845058e-08
-15.365249633789062
39.067935943603516
1.999999987845058e-08
1.999999987845058e-08
4.8081183433532715
43.082313537597656
-1.999999987845058e-08
-1.999999987845058e-08
26.566089630126953
25.67198944091797
1.999999987845058e-08
1.999999987845058e-08
34.021507263183594
1.0912519693374634
-1.999999987845058e-08
-1.999999987845058e-08
22.087255477905273
-7.854748249053955
1.999999987845058e-08
1.999999987845058e-08
-7.327138423919678
21.05059814453125
-1.999999987845058e-08
-1.999999987845058e-08
-1.1493507623672485
18.499835968017578
1.999999987845058e-08
1.999999987845058e-08
8.846148490905762
5.3114728927612305
-1.999999987845058e-08
-1.999999987845058e-08
10.97747802734375
1.0040746927261353
1.999999987845058e-08
1.999999987845058e-08
9.909391403198242
6.231733322143555
-1.999999987845058e-08
-1.999999987845058e-08
14.54146957397461
6.8385910987854
1.999999987845058e-08
1.999999987845058e-08
23.372962951660156
-2.1862294673919678
-1.999999987845058e-08
-1.999999987845058e-08
26.672069549560547
-11.598791122436523
1.999999987845058e-08
1.999999987845058e-08
15.835550308227539
-7.622379302978516
-1.999999987845058e-08
-1.999999987845058e-08
-3.7726497650146484
12.39480972290039
1.999999987845058e-08
1.999999987845058e-08
-13.760432243347168
32.14091873168945
-1.999999987845058e-08
-1.999999987845058e-08
-3.857236862182617
31.733686447143555
1.999999987845058e-08
1.999999987845058e-08
14.131678581237793
10.183852195739746
-1.999999987845058e-08
-1.999999987845058e-08
19.167428970336914
-12.27558708190918
1.999999987845058e-08
1.999999987845058e-08
4.408982276916504
-13.375450134277344
-1.999999987845058e-08
-1.999999987845058e-08
-18.865764617919922
14.352484703063965
1.999999987845058e-08
1.999999987845058e-08
-32.07802963256836
55.94989013671875
-1.999999987845058e-08
-1.999999987845058e-08
-19.333877563476562
73.36888122558594
1.999999987845058e-08
1.999999987845058e-08
14.47623062133789
38.349578857421875
-1.999999987845058e-08
-1.999999987845058e-08
37.811336517333984
-22.425010681152344
1.999999987845058e-08
1.999999987845058e-08
25.88279914855957
-47.5369873046875
-1.999999987845058e-08
-1.999999987845058e-08
-6.437142848968506
-11.94785213470459
1.999999987845058e-08
1.999999987845058e-08
-18.821889877319336
41.249473571777344
-1.999999987845058e-08
-1.999999987845058e-08
6.7616071701049805
44.57963562011719
1.999999987845058e-08
1.999999987845058e-08
39.02013397216797
-13.709470748901367
-1.999999987845058e-08
-1.999999987845058e-08
33.12385559082031
-68.60343170166016
1.999999987845058e-08
1.999999987845058e-08
-10.00362491607666
-58.53696060180664
-1.999999987845058e-08
-1.999999987845058e-08
-45.04936981201172
0.7279976010322571
1.999999987845058e-08
1.999999987845058e-08
-39.79081726074219
46.1431999206543
-1.999999987845058e-08
-1.999999987845058e-08
-5.330840110778809
38.81514358520508
1.999999987845058e-08
1.999999987845058e-08
-32.437103271484375
-2.351452350616455
-1.999999987845058e-08
-1.999999987845058e-08
-43.321632385253906
50.85041046142578
1.999999987845058e-08
1.999999987845058e-08
-24.541187286376953
61.82392883300781
-1.999999987845058e-08
-1.999999987845058e-08
4.0380473136901855
30.720314025878906
1.999999987845058e-08
1.999999987845058e-08
15.009222984313965
-7.604799270629883
-1.999999987845058e-08
-1.999999987845058e-08
-0.2989059090614319
-17.608449935913086
1.999999987845058e-08
1.999999987845058e-08
-21.69652557373047
2.1587202548980713
-1.999999987845058e-08
-1.999999987845058e-08
-26.61696434020996
23.079090118408203
1.999999987845058e-08
1.999999987845058e-08
-16.161645889282227
24.182931900024414
-1.999999987845058e-08
-1.999999987845058e-08
-3.799954414367676
6.976944446563721
1.999999987845058e-08
1.999999987845058e-08
-0.2989059388637543
-17.608449935913086
-1.999999987845058e-08
-1.999999987845058e-08
-21.69652557373047
2.1587202548980713
1.999999987845058e-08
1.999999987845058e-08
-26.61696434020996
23.079090118408203
-1.999999987845058e-08
-1.999999987845058e-08
-16.161645889282227
24.182931900024414
1.999999987845058e-08
1.999999987845058e-08
-3.799954414367676
6.976944446563721
-1.999999987845058e-08
-1.999999987845058e-08
4.036776542663574
-18.03908920288086
1.999999987845058e-08
1.999999987845058e-08
4.554195880889893
-34.64512252807617
-1.999999987845058e-08
-1.999999987845058e-08
-4.776872158050537
-24.480619430541992
1.999999987845058e-08
1.999999987845058e-08
-16.01616096496582
10.93015193939209
-1.999999987845058e-08
-1.999999987845058e-08
-10.923079490661621
39.44691848754883
1.999999987845058e-08
1.999999987845058e-08
4.036776542663574
-18.03908920288086
-1.999999987845058e-08
-1.999999987845058e-08
4.554195880889893
-34.64512252807617
1.999999987845058e-08
1.999999987845058e-08
-4.776872158050537
-24.480619430541992
-1.999999987845058e-08
-1.999999987845058e-08
-16.01616096496582
10.93015193939209
1.999999987845058e-08
1.999999987845058e-08
-10.923079490661621
39.44691848754883
-1.999999987845058e-08
-1.999999987845058e-08
15.804158210754395
26.102828979492188
1.999999987845058e-08
1.999999987845058e-08
38.14458084106445
-20.291223526000977
-1.999999987845058e-08
-1.999999987845058e-08
25.6953182220459
-47.64418411254883
1.999999987845058e-08
1.999999987845058e-08
-11.039265632629395
-27.006845474243164
-1.999999987845058e-08
-1.999999987845058e-08
-31.714353561401367
10.45505142211914
1.999999987845058e-08
1.999999987845058e-08
-31.714353561401367
10.45505142211914
-1.999999987845058e-08
-1.999999987845058e-08
-19.89239501953125
20.41006851196289
1.999999987845058e-08
1.999999987845058e-08
3.141042709350586
-4.160144329071045
-1.999999987845058e-08
-1.999999987845058e-08
10.645081520080566
-36.45000076293945
1.999999987845058e-08
1.999999987845058e-08
-4.163114070892334
-44.935646057128906
-1.999999987845058e-08
-1.999999987845058e-08
-26.223596572875977
-21.113624572753906
1.999999987845058e-08
1.999999987845058e-08
-31.36453628540039
8.91586971282959
-1.999999987845058e-08
-1.999999987845058e-08
-10.897805213928223
7.423789978027344
1.999999987845058e-08
1.999999987845058e-08
11.848968505859375
-29.640777587890625
-1.999999987845058e-08
-1.999999987845058e-08
6.431994915008545
-60.260772705078125
1.999999987845058e-08
1.999999987845058e-08
-23.22988510131836
-43.09479904174805
-1.999999987845058e-08
-1.999999987845058e-08
-41.69658279418945
12.493123054504395
1.999999987845058e-08
1.999999987845058e-08
-21.517507553100586
53.30720520019531
-1.999999987845058e-08
-1.999999987845058e-08
27.127593994140625
36.28913497924805
1.999999987845058e-08
1.999999987845058e-08
59.355342864990234
-23.767711639404297
-1.999999987845058e-08
-1.999999987845058e-08
38.45358657836914
-64.43669891357422
1.999999987845058e-08
1.999999987845058e-08
-20.27259063720703
-40.726348876953125
-1.999999987845058e-08
-1.999999987845058e-08
-61.937713623046875
24.720396041870117
1.999999987845058e-08
1.999999987845058e-08
-48.07968521118164
62.045310974121094
-1.999999987845058e-08
-1.999999987845058e-08
4.202061653137207
28.601734161376953
1.999999987845058e-08
1.999999987845058e-08
39.76877975463867
-40.89268112182617
-1.999999987845058e-08
-1.999999987845058e-08
24.53797149658203
-72.51786804199219
1.999999987845058e-08
1.999999987845058e-08
-17.230165481567383
-37.754764556884766
-1.999999987845058e-08
-1.999999987845058e-08
-32.01515579223633
18.16014862060547
1.999999987845058e-08
1.999999987845058e-08
0.09083694219589233
32.41381072998047
-1.999999987845058e-08
-1.999999987845058e-08
42.51350021362305
-5.519167900085449
1.999999987845058e-08
1.999999987845058e-08
46.068443298339844
-47.2938346862793
-1.999999987845058e-08
-1.999999987845058e-08
7.179407596588135
-45.0528678894043
1.999999987845058e-08
1.999999987845058e-08
-31.549959182739258
-2.963778018951416
-1.999999987845058e-08
-1.999999987845058e-08
-33.30607223510742
35.687049865722656
1.999999987845058e-08
1.999999987845058e-08
-37.31077575683594
37.86296081542969
-1.999999987845058e-08
-1.999999987845058e-08
-40.21308898925781
85.77432250976562
1.999999987845058e-08
1.999999987845058e-08
-3.5449469089508057
79.49050903320312
-1.999999987845058e-08
-1.999999987845058e-08
36.54248809814453
29.277048110961914
1.999999987845058e-08
1.999999987845058e-08
43.85761642456055
-22.912145614624023
-1.999999987845058e-08
-1.999999987845058e-08
16.139781951904297
-38.508140563964844
1.999999987845058e-08
1.999999987845058e-08
