0
-12.557278633117676
-6.245169162750244
-6.943941593170166
1.999999987845058e-08
-18.764680862426758
-9.51559829711914
-14.101587295532227
-1.999999987845058e-08
-26.791147232055664
-15.917301177978516
-22.809337615966797
1.999999987845058e-08
-32.85447692871094
-21.523775100708008
-28.97846221923828
-1.999999987845058e-08
-33.67870330810547
-23.658443450927734
-30.495197296142578
1.999999987845058e-08
-30.537242889404297
-24.53054428100586
-29.722475051879883
-1.999999987845058e-08
-26.291603088378906
-24.005510330200195
-28.367835998535156
1.999999987845058e-08
-21.583284378051758
-19.410812377929688
-24.945804595947266
-1.999999987845058e-08
-16.59949493408203
-12.684229850769043
-19.231218338012695
1.999999987845058e-08
-12.142722129821777
-7.023910045623779
-10.350621223449707
-1.999999987845058e-08
-10.81393814086914
-5.455011367797852
-5.769831657409668
1.999999987845058e-08
-7.781467914581299
-3.1714916229248047
0.5243436694145203
-1.999999987845058e-08
-4.524548053741455
-1.2321139574050903
6.316073894500732
1.999999987845058e-08
-2.9275591373443604
0.3211962878704071
9.783879280090332
-1.999999987845058e-08
-2.7933101654052734
1.3879246711730957
11.63081169128418
1.999999987845058e-08
-2.13175892829895
1.6077344417572021
13.924575805664062
-1.999999987845058e-08
-0.30589762330055237
1.491442322731018
16.726879119873047
1.999999987845058e-08
1.1350295543670654
1.2158485651016235
17.835098266601562
-1.999999987845058e-08
2.1800341606140137
1.0951389074325562
16.708070755004883
1.999999987845058e-08
5.081087112426758
3.0454094409942627
15.277022361755371
-1.999999987845058e-08
10.066793441772461
7.482452869415283
15.053772926330566
1.999999987845058e-08
13.996026039123535
11.050559997558594
15.885568618774414
-1.999999987845058e-08
13.887463569641113
11.055298805236816
16.671707153320312
1.999999987845058e-08
9.221034049987793
8.901934623718262
16.114788055419922
-1.999999987845058e-08
1.7359753847122192
6.266565322875977
13.613299369812012
1.999999987845058e-08
-4.811791896820068
2.345085382461548
10.277261734008789
-1.999999987845058e-08
-6.677011013031006
-2.2701096534729004
8.204554557800293
1.999999987845058e-08
-4.014980792999268
-4.658175468444824
7.877516746520996
-1.999999987845058e-08
-0.4483415186405182
-3.975921869277954
7.928922653198242
1.999999987845058e-08
-0.4483415484428406
-3.975921869277954
7.928922653198242
-1.999999987845058e-08
2.1000983715057373
-1.2112058401107788
7.69217586517334
1.999999987845058e-08
4.423296928405762
3.340102434158325
7.024113178253174
-1.999999987845058e-08
6.271244049072266
7.6118083000183105
4.812814235687256
1.999999987845058e-08
6.7161865234375
8.795540809631348
1.9691656827926636
-1.999999987845058e-08
7.574638366699219
9.11630916595459
3.016418933868408
1.999999987845058e-08
11.109708786010742
11.881340026855469
9.757750511169434
-1.999999987845058e-08
15.01971435546875
13.61487865447998
16.9349365234375
1.999999987845058e-08
15.722408294677734
10.926239013671875
19.030061721801758
-1.999999987845058e-08
14.598594665527344
8.804192543029785
17.31996726989746
1.999999987845058e-08
8.361883163452148
5.422166347503662
7.2632365226745605
-1.999999987845058e-08
2.7169065475463867
0.7942911386489868
1.5765138864517212
1.999999987845058e-08
-2.558011054992676
1.612153172492981
-4.047637939453125
-1.999999987845058e-08
-6.912711143493652
2.7388079166412354
-10.185020446777344
1.999999987845058e-08
-8.331055641174316
0.11372944712638855
-14.424840927124023
-1.999999987845058e-08
-4.474129676818848
-2.2561328411102295
-12.376547813415527
1.999999987845058e-08
2.8323967456817627
-1.1040078401565552
-4.706785678863525
-1.999999987845058e-08
8.57077693939209
0.9387247562408447
2.10701584815979
1.999999987845058e-08
10.532242774963379
1.1546146869659424
3.983902931213379
-1.999999987845058e-08
9.57851505279541
-0.6486908793449402
2.3630239963531494
1.999999987845058e-08
9.57851505279541
-0.648690938949585
2.3630239963531494
-1.999999987845058e-08
5.628498077392578
-4.396759510040283
-1.0488495826721191
1.999999987845058e-08
-0.12854185700416565
-8.461244583129883
-5.002328395843506
-1.999999987845058e-08
-2.8194000720977783
-9.26407241821289
-6.193368911743164
1.999999987845058e-08
0.3659142851829529
-5.693233966827393
-3.0625648498535156
-1.999999987845058e-08
6.749433994293213
0.22362329065799713
1.5159248113632202
1.999999987845058e-08
12.618760108947754
6.56910514831543
4.531621932983398
-1.999999987845058e-08
15.679694175720215
10.834113121032715
4.830132007598877
1.999999987845058e-08
14.748464584350586
10.309698104858398
1.8491896390914917
-1.999999987845058e-08
11.782200813293457
6.700057029724121
-2.483445644378662
1.999999987845058e-08
10.998533248901367
6.11501932144165
-2.268827199935913
-1.999999987845058e-08
9.59621524810791
7.636096477508545
-0.19603893160820007
1.999999987845058e-08
5.310316562652588
7.787720680236816
-0.7126019597053528
-1.999999987845058e-08
0.35920050740242004
6.200803756713867
-4.427802562713623
1.999999987845058e-08
-3.3702781200408936
2.708400249481201
-9.739509582519531
-1.999999987845058e-08
-4.729245185852051
-0.33556151390075684
-12.859663009643555
1.999999987845058e-08
-2.5716769695281982
0.10116960853338242
-11.235089302062988
-1.999999987845058e-08
2.279538869857788
2.670473098754883
-6.424027442932129
1.999999987845058e-08
6.672388553619385
4.0326457023620605
-1.0928640365600586
-1.999999987845058e-08
8.321292877197266
4.309153079986572
3.564007520675659
1.999999987845058e-08
2.279538631439209
2.670473098754883
-6.424027442932129
-1.999999987845058e-08
6.672388553619385
4.0326457023620605
-1.0928640365600586
1.999999987845058e-08
8.321292877197266
4.309153079986572
3.564007520675659
-1.999999987845058e-08
7.513956069946289
4.461475372314453
5.822556495666504
1.999999987845058e-08
5.846254825592041
2.834251880645752
4.20942497253418
-1.999999987845058e-08
4.460988521575928
-0.2676806151866913
0.9538164734840393
1.999999987845058e-08
2.6932058334350586
-1.4155595302581787
-1.0829875469207764
-1.999999987845058e-08
-1.1706749200820923
-0.9744285345077515
-3.491276264190674
1.999999987845058e-08
-6.441454887390137
-2.597365140914917
-8.349156379699707
-1.999999987845058e-08
-8.96079158782959
-4.913642406463623
-12.442862510681152
1.999999987845058e-08
18.501068115234375
4.843533992767334
2.4932501316070557
-1.999999987845058e-08
18.938051223754883
7.215106964111328
1.5899724960327148
1.999999987845058e-08
16.7309627532959
6.819431781768799
-0.9939160943031311
-1.999999987845058e-08
13.951946258544922
6.7684807777404785
-2.0191218852996826
1.999999987845058e-08
10.965917587280273
7.896038055419922
-2.2669122219085693
-1.999999987845058e-08
7.657674312591553
7.705585479736328
-3.899439811706543
1.999999987845058e-08
3.9274182319641113
3.99737811088562
-6.138940334320068
-1.999999987845058e-08
-1.0722942352294922
-3.4637112617492676
-7.9855546951293945
1.999999987845058e-08
-6.074067115783691
-11.101621627807617
-9.913805961608887
-1.999999987845058e-08
-6.989405632019043
-12.40237808227539
-10.867264747619629
1.999999987845058e-08
3.9274182319641113
3.99737811088562
-6.138940334320068
-1.999999987845058e-08
-1.0722942352294922
-3.4637112617492676
-7.9855546951293945
1.999999987845058e-08
-6.074067115783691
-11.101621627807617
-9.913805961608887
-1.999999987845058e-08
-6.989405632019043
-12.40237808227539
-10.867264747619629
1.999999987845058e-08
-3.5290794372558594
-6.115856647491455
-9.349800109863281
-1.999999987845058e-08
-0.6867367625236511
0.4266166687011719
-6.98337459564209
1.999999987845058e-08
-1.074728012084961
1.5576038360595703
-6.488250732421875
-1.999999987845058e-08
-2.586148500442505
0.28445497155189514
-8.008512496948242
1.999999987845058e-08
-3.5159225463867188
0.5153555870056152
-9.599230766296387
-1.999999987845058e-08
-3.877765417098999
1.116856336593628
-9.219215393066406
1.999999987845058e-08
-0.14490534365177155
6.612647533416748
3.907122850418091
-1.999999987845058e-08
-3.326704978942871
4.100691318511963
4.19821310043335
1.999999987845058e-08
-7.571927070617676
-1.520369052886963
2.3153278827667236
-1.999999987845058e-08
-8.284635543823242
-5.330792427062988
1.341590404510498
1.999999987845058e-08
-4.763815402984619
-4.905973434448242
1.5221025943756104
-1.999999987845058e-08
0.27827194333076477
0.1064307913184166
1.698317527770996
1.999999987845058e-08
3.63594913482666
7.250950813293457
1.3905906677246094
-1.999999987845058e-08
3.906876564025879
11.118786811828613
0.6300003528594971
1.999999987845058e-08
3.738117218017578
10.248867988586426
1.0212465524673462
-1.999999987845058e-08
6.625804901123047
9.398392677307129
4.511203289031982
1.999999987845058e-08
11.235894203186035
12.021127700805664
10.841453552246094
-1.999999987845058e-08
6.836827754974365
9.936450004577637
8.213321685791016
1.999999987845058e-08
0.7309486269950867
6.8718132972717285
4.126910209655762
-1.999999987845058e-08
-4.597813129425049
4.08875846862793
0.47533151507377625
1.999999987845058e-08
-7.567336082458496
1.033013939857483
-1.640561580657959
-1.999999987845058e-08
-6.449343681335449
-1.259596586227417
-0.207615464925766
1.999999987845058e-08
-2.8043131828308105
-2.0370867252349854
3.4628515243530273
-1.999999987845058e-08
-1.372207760810852
-2.762213945388794
3.9523375034332275
1.999999987845058e-08
-3.710813522338867
-2.959944725036621
-0.181403249502182
-1.999999987845058e-08
-6.5212721824646
-0.43672433495521545
-3.7233264446258545
1.999999987845058e-08
-3.710813522338867
-2.959944725036621
-0.181403249502182
-1.999999987845058e-08
-6.5212721824646
-0.43672433495521545
-3.7233264446258545
1.999999987845058e-08
-6.783926486968994
3.207721471786499
-2.6641581058502197
-1.999999987845058e-08
-4.597537994384766
4.656591892242432
1.2791002988815308
1.999999987845058e-08
-1.624338150024414
5.050497531890869
5.248772144317627
-1.999999987845058e-08
0.04078928753733635
6.77551794052124
8.530996322631836
1.999999987845058e-08
-1.8658709526062012
7.272334575653076
9.905558586120605
-1.999999987845058e-08
-7.65131950378418
3.410997152328491
7.5984978675842285
1.999999987845058e-08
-13.776448249816895
-2.2606122493743896
3.4616241455078125
-1.999999987845058e-08
-15.950632095336914
-5.818530082702637
1.4983608722686768
1.999999987845058e-08
-13.336956024169922
-6.975607395172119
2.4063735008239746
-1.999999987845058e-08
-7.435243129730225
-6.577343940734863
4.996545791625977
1.999999987845058e-08
-0.12320131063461304
-4.663487434387207
9.65713882446289
-1.999999987845058e-08
5.871029376983643
-1.352586269378662
15.386212348937988
1.999999987845058e-08
8.54086971282959
3.4021620750427246
18.534582138061523
-1.999999987845058e-08
8.133544921875
8.281015396118164
17.379560470581055
1.999999987845058e-08
5.868590354919434
9.020561218261719
13.708260536193848
-1.999999987845058e-08
3.422799587249756
3.6567578315734863
10.159224510192871
1.999999987845058e-08
2.390883445739746
-2.901770830154419
8.59567642211914
-1.999999987845058e-08
2.6071534156799316
-5.233234882354736
9.431435585021973
1.999999987845058e-08
2.1713829040527344
-4.055879592895508
10.657947540283203
-1.999999987845058e-08
1.9501378536224365
-3.3991127014160156
9.061610221862793
1.999999987845058e-08
2.5188064575195312
-0.9461235404014587
7.795177936553955
-1.999999987845058e-08
3.666940927505493
1.5932537317276
7.313983917236328
1.999999987845058e-08
4.463801383972168
1.879838228225708
7.091405391693115
-1.999999987845058e-08
2.8876404762268066
-0.06599655002355576
5.939450263977051
1.999999987845058e-08
-2.181180953979492
-3.222834587097168
2.5816357135772705
-1.999999987845058e-08
-8.172983169555664
-5.7882561683654785
-1.4009289741516113
1.999999987845058e-08
-11.40471076965332
-5.5659894943237305
-2.658271074295044
-1.999999987845058e-08
-11.95344352722168
-4.318028926849365
-1.3057918548583984
1.999999987845058e-08
-11.640218734741211
-5.937219142913818
0.31202954053878784
-1.999999987845058e-08
-9.849007606506348
-8.070987701416016
2.500624418258667
1.999999987845058e-08
-6.213907241821289
-5.394001483917236
6.152740001678467
-1.999999987845058e-08
-3.5514116287231445
-0.48843300342559814
8.649886131286621
1.999999987845058e-08
-3.5552310943603516
0.7533240914344788
7.20789098739624
-1.999999987845058e-08
-3.294124126434326
0.5671207904815674
4.068713665008545
1.999999987845058e-08
-0.32500723004341125
3.443108081817627
2.6822941303253174
-1.999999987845058e-08
2.258909225463867
5.690025329589844
1.166203260421753
1.999999987845058e-08
0.750394880771637
2.846501350402832
-3.142469882965088
-1.999999987845058e-08
-3.6577186584472656
-1.062110185623169
-7.349977493286133
1.999999987845058e-08
-8.945051193237305
-2.024739980697632
-9.445674896240234
-1.999999987845058e-08
-15.370440483093262
-3.6315414905548096
-12.962759971618652
1.999999987845058e-08
-21.591262817382812
-8.342644691467285
-18.867151260375977
-1.999999987845058e-08
-23.956796646118164
-11.937981605529785
-22.09967803955078
1.999999987845058e-08
-20.650726318359375
-10.905232429504395
-19.311904907226562
-1.999999987845058e-08
-13.715709686279297
-6.577087879180908
-12.990397453308105
1.999999987845058e-08
-7.100031852722168
-1.7640842199325562
-7.160865306854248
-1.999999987845058e-08
-3.4248948097229004
1.0770105123519897
-3.67222261428833
1.999999987845058e-08
-2.6314315795898438
0.7637919783592224
-2.451932668685913
-1.999999987845058e-08
-2.550753116607666
-0.24776552617549896
-1.816291093826294
1.999999987845058e-08
-0.7167433500289917
1.5056254863739014
0.49393007159233093
-1.999999987845058e-08
3.0979604721069336
4.634391784667969
4.27964973449707
1.999999987845058e-08
6.9070658683776855
5.590410232543945
6.985506057739258
-1.999999987845058e-08
9.112966537475586
5.326776027679443
7.710288047790527
1.999999987845058e-08
8.857912063598633
5.702871799468994
7.482662200927734
-1.999999987845058e-08
5.107872009277344
4.110133171081543
5.824040412902832
1.999999987845058e-08
-0.9846318960189819
-0.3044479787349701
2.2130227088928223
-1.999999987845058e-08
-5.437279224395752
-2.8586184978485107
-0.6533534526824951
1.999999987845058e-08
-6.052855014801025
-2.1602582931518555
-0.36022281646728516
-1.999999987845058e-08
-3.29646372795105
-1.8282090425491333
2.1752660274505615
1.999999987845058e-08
2.9133338928222656
-1.0824393033981323
6.224432468414307
-1.999999987845058e-08
12.160198211669922
4.500182151794434
12.545787811279297
1.999999987845058e-08
21.411638259887695
14.338109970092773
20.014013290405273
-1.999999987845058e-08
26.994693756103516
23.546104431152344
25.04221534729004
1.999999987845058e-08
27.237470626831055
28.515230178833008
24.773496627807617
-1.999999987845058e-08
22.80152130126953
28.030733108520508
19.53165054321289
1.999999987845058e-08
16.1845645904541
23.559627532958984
12.937429428100586
-1.999999987845058e-08
10.584402084350586
18.86850929260254
9.602422714233398
1.999999987845058e-08
7.397660255432129
15.869977951049805
10.707196235656738
-1.999999987845058e-08
5.49459981918335
13.13922119140625
12.530472755432129
1.999999987845058e-08
3.974961757659912
10.47498893737793
11.87263011932373
-1.999999987845058e-08
3.7697300910949707
9.925836563110352
10.198692321777344
1.999999987845058e-08
5.497812271118164
10.730209350585938
9.641677856445312
-1.999999987845058e-08
7.720254421234131
9.446858406066895
9.319672584533691
1.999999987845058e-08
8.841666221618652
6.025528430938721
8.385519027709961
-1.999999987845058e-08
9.332332611083984
3.7282752990722656
8.514263153076172
1.999999987845058e-08
10.087251663208008
3.53175687789917
10.50090503692627
-1.999999987845058e-08
10.905258178710938
3.990938425064087
12.347211837768555
1.999999987845058e-08
12.203401565551758
5.3284831047058105
12.99212646484375
-1.999999987845058e-08
13.62047290802002
8.22119426727295
12.444470405578613
1.999999987845058e-08
11.915067672729492
10.337871551513672
8.683073043823242
-1.999999987845058e-08
5.618250370025635
8.863536834716797
1.0628039836883545
1.999999987845058e-08
-1.9452778100967407
3.844754934310913
-6.548447608947754
-1.999999987845058e-08
-6.8075947761535645
-2.9539623260498047
-10.370418548583984
1.999999987845058e-08
-7.202277183532715
-8.49363899230957
-9.859869003295898
-1.999999987845058e-08
-3.6730659008026123
-9.541687965393066
-6.452361106872559
1.999999987845058e-08
0.4816599190235138
-7.542154312133789
-3.7013461589813232
-1.999999987845058e-08
1.6279622316360474
-7.270465850830078
-5.686837196350098
1.999999987845058e-08
-0.0921301618218422
-8.866286277770996
-11.510322570800781
-1.999999987845058e-08
-1.4479824304580688
-9.052148818969727
-15.199402809143066
1.999999987845058e-08
-1.4479824304580688
-9.052148818969727
-15.199402809143066
-1.999999987845058e-08
-0.6378520131111145
-8.5951566696167
-13.693315505981445
1.999999987845058e-08
1.4608558416366577
-9.51630687713623
-10.032134056091309
-1.999999987845058e-08
3.025693893432617
-9.612592697143555
-7.822394371032715
1.999999987845058e-08
2.0932676792144775
-8.003959655761719
-7.913987636566162
-1.999999987845058e-08
-1.2453875541687012
-8.929637908935547
-9.260170936584473
1.999999987845058e-08
-3.0532970428466797
-13.071027755737305
-9.248456954956055
-1.999999987845058e-08
0.6311550736427307
-13.555432319641113
-5.678712844848633
1.999999987845058e-08
8.217338562011719
-6.785187244415283
-0.7285348773002625
-1.999999987845058e-08
13.097424507141113
1.279052495956421
0.2379070222377777
1.999999987845058e-08
11.608711242675781
5.171156406402588
-3.35715651512146
-1.999999987845058e-08
7.244507789611816
6.369727611541748
-5.7259087562561035
1.999999987845058e-08
3.9787960052490234
5.9126877784729
-4.100151062011719
-1.999999987845058e-08
1.184262990951538
1.801827073097229
-2.316880702972412
1.999999987845058e-08
-2.9243314266204834
-5.135412216186523
-4.165884494781494
-1.999999987845058e-08
-8.440140724182129
-12.0206880569458
-9.988587379455566
1.999999987845058e-08
-14.219380378723145
-17.97623634338379
-17.89891815185547
-1.999999987845058e-08
-18.582595825195312
-22.57944679260254
-24.687366485595703
1.999999987845058e-08
-20.533246994018555
-25.239791870117188
-28.009910583496094
-1.999999987845058e-08
-19.842144012451172
-26.766843795776367
-27.92062759399414
1.999999987845058e-08
-16.07162094116211
-27.01621437072754
-25.29358673095703
-1.999999987845058e-08
-10.085855484008789
-23.987712860107422
-21.067604064941406
1.999999987845058e-08
-4.738133430480957
-18.126741409301758
-16.745651245117188
-1.999999987845058e-08
-1.034050464630127
-12.270956993103027
-12.836554527282715
1.999999987845058e-08
2.7113237380981445
-7.25823450088501
-8.654895782470703
-1.999999987845058e-08
5.836823463439941
-3.6404869556427
-5.471014499664307
1.999999987845058e-08
4.86071252822876
-4.346188545227051
-5.949972152709961
-1.999999987845058e-08
-0.6227411031723022
-9.261329650878906
-9.42348575592041
1.999999987845058e-08
-6.332101345062256
-12.652386665344238
-11.812106132507324
-1.999999987845058e-08
-8.141022682189941
-11.171097755432129
-10.569062232971191
1.999999987845058e-08
-8.141022682189941
-11.171097755432129
-10.569062232971191
-1.999999987845058e-08
-5.45233678817749
-7.232369422912598
-6.874680995941162
1.999999987845058e-08
-0.19678574800491333
-2.0633223056793213
-3.3916594982147217
-1.999999987845058e-08
4.5860915184021
4.422809600830078
-2.302490234375
1.999999987845058e-08
6.493149280548096
8.002880096435547
-3.9784157276153564
-1.999999987845058e-08
6.859807968139648
5.994424819946289
-5.161050796508789
1.999999987845058e-08
9.130108833312988
4.001657485961914
-1.9310355186462402
-1.999999987845058e-08
12.370725631713867
6.237208366394043
3.8795735836029053
1.999999987845058e-08
11.680654525756836
7.744096279144287
6.586799144744873
-1.999999987845058e-08
5.779300689697266
4.812124252319336
4.610304832458496
1.999999987845058e-08
-8.11661148071289
-2.741251230239868
-6.661281108856201
-1.999999987845058e-08
-9.937265396118164
-6.024509906768799
-10.52195930480957
1.999999987845058e-08
-13.068090438842773
-8.787301063537598
-14.926700592041016
-1.999999987845058e-08
-16.654661178588867
-11.57597827911377
-19.653400421142578
1.999999987845058e-08
-18.608976364135742
-13.832245826721191
-23.502487182617188
-1.999999987845058e-08
-17.125333786010742
-13.059330940246582
-24.31324577331543
1.999999987845058e-08
-11.279052734375
-10.0267915725708
-20.415945053100586
-1.999999987845058e-08
-2.650355100631714
-8.170912742614746
-13.087248802185059
1.999999987845058e-08
4.859042167663574
-6.620057582855225
-5.761351108551025
-1.999999987845058e-08
8.480284690856934
-1.4129209518432617
-0.8258038759231567
1.999999987845058e-08
2.314349412918091
10.577640533447266
0.5152834057807922
-1.999999987845058e-08
-0.4841598570346832
10.145952224731445
1.1221309900283813
1.999999987845058e-08
-3.974656343460083
8.476090431213379
-0.052661094814538956
-1.999999987845058e-08
-6.855443000793457
4.370638370513916
-2.8359408378601074
1.999999987845058e-08
-7.194334506988525
-0.2836977243423462
-4.2000508308410645
-1.999999987845058e-08
-5.904798984527588
-3.3533775806427
-3.2884554862976074
1.999999987845058e-08
-4.942218780517578
-3.855088233947754
-1.4136356115341187
-1.999999987845058e-08
-4.799553394317627
-1.6545900106430054
0.6741560697555542
1.999999987845058e-08
-5.316787242889404
0.6273899078369141
2.2086000442504883
-1.999999987845058e-08
-5.521621227264404
0.8579722046852112
2.8779385089874268
1.999999987845058e-08
-4.799553394317627
-1.654590129852295
0.6741560697555542
-1.999999987845058e-08
-5.316786766052246
0.6273899078369141
2.2086000442504883
1.999999987845058e-08
-5.5216217041015625
0.8579721450805664
2.8779385089874268
-1.999999987845058e-08
-3.1712305545806885
2.551064968109131
4.749577522277832
1.999999987845058e-08
1.438438057899475
8.33055591583252
8.76026725769043
-1.999999987845058e-08
3.3008344173431396
12.33371353149414
10.889570236206055
1.999999987845058e-08
-0.7035319805145264
9.205376625061035
7.6899871826171875
-1.999999987845058e-08
-6.997879505157471
3.010063648223877
1.8253635168075562
1.999999987845058e-08
-11.31030559539795
-1.5030672550201416
-2.7309398651123047
-1.999999987845058e-08
-13.203039169311523
-5.66648006439209
-5.411098480224609
1.999999987845058e-08
-8.162617683410645
-6.402657985687256
-4.263872146606445
-1.999999987845058e-08
-3.7620527744293213
-2.0465149879455566
-1.5835825204849243
1.999999987845058e-08
2.3303849697113037
1.189263105392456
2.2614173889160156
-1.999999987845058e-08
9.656371116638184
4.97017765045166
8.367316246032715
1.999999987845058e-08
14.38223648071289
8.481327056884766
14.466464042663574
-1.999999987845058e-08
11.685373306274414
8.319774627685547
15.717195510864258
1.999999987845058e-08
2.729954481124878
4.680268287658691
11.516559600830078
-1.999999987845058e-08
-4.747034549713135
1.602484941482544
6.978318214416504
1.999999987845058e-08
-5.211090087890625
1.4862734079360962
6.680380344390869
-1.999999987845058e-08
-0.6184806227684021
3.8437623977661133
10.498302459716797
1.999999987845058e-08
4.317023754119873
7.134240627288818
15.1334228515625
-1.999999987845058e-08
6.876888751983643
9.244569778442383
16.940093994140625
1.999999987845058e-08
5.858363151550293
9.348917007446289
14.108022689819336
-1.999999987845058e-08
1.6671572923660278
8.883182525634766
8.444710731506348
1.999999987845058e-08
-3.0950779914855957
8.24742603302002
4.077404499053955
-1.999999987845058e-08
-5.673093318939209
6.174104690551758
3.054957628250122
1.999999987845058e-08
-5.411762237548828
3.218160390853882
3.504293441772461
-1.999999987845058e-08
-4.4841628074646
0.7624010443687439
2.1218645572662354
1.999999987845058e-08
-5.698215484619141
-2.1417510509490967
-2.178402900695801
-1.999999987845058e-08
-7.674687385559082
-4.055927276611328
-5.649838924407959
1.999999987845058e-08
-5.698215484619141
-2.1417510509490967
-2.178402900695801
-1.999999987845058e-08
-7.674687385559082
-4.055927276611328
-5.649838924407959
1.999999987845058e-08
-6.1702961921691895
1.1248055696487427
-3.4535579681396484
-1.999999987845058e-08
-2.854517698287964
10.180871963500977
1.2570016384124756
1.999999987845058e-08
-4.531955242156982
7.9567551612854
0.3893639147281647
-1.999999987845058e-08
-11.146538734436035
-8.788180351257324
-5.852811813354492
1.999999987845058e-08
-15.215799331665039
-26.023836135864258
-10.69259262084961
-1.999999987845058e-08
-12.741545677185059
-32.679988861083984
-11.206742286682129
1.999999987845058e-08
-5.722842216491699
-26.173749923706055
-7.8549275398254395
-1.999999987845058e-08
2.127317428588867
-9.629250526428223
-2.0056874752044678
1.999999987845058e-08
7.04727840423584
5.214341640472412
2.422142267227173
-1.999999987845058e-08
7.0087151527404785
7.316751003265381
1.87908935546875
1.999999987845058e-08
4.272803783416748
0.7543498873710632
-1.0917633771896362
-1.999999987845058e-08
3.061314105987549
-1.9759963750839233
-0.17890948057174683
1.999999987845058e-08
4.130973815917969
2.308586359024048
5.729526042938232
-1.999999987845058e-08
5.136056423187256
7.700448036193848
11.520181655883789
1.999999987845058e-08
5.032790184020996
10.945016860961914
13.342988967895508
-1.999999987845058e-08
3.4029669761657715
10.408903121948242
10.675095558166504
1.999999987845058e-08
-1.5401437282562256
2.425874710083008
3.9296035766601562
-1.999999987845058e-08
-9.205141067504883
-9.386330604553223
-4.183560848236084
1.999999987845058e-08
-15.4345121383667
-13.503982543945312
-9.544968605041504
-1.999999987845058e-08
-18.810327529907227
-7.782501220703125
-12.364004135131836
1.999999987845058e-08
-21.82724952697754
-2.631147623062134
-16.00948715209961
-1.999999987845058e-08
-24.194129943847656
-3.301658868789673
-18.936342239379883
1.999999987845058e-08
-22.061161041259766
-3.691849708557129
-15.289778709411621
-1.999999987845058e-08
-14.715479850769043
1.5649750232696533
-4.373690605163574
1.999999987845058e-08
-6.926601409912109
9.232078552246094
7.320197582244873
-1.999999987845058e-08
-3.399217128753662
12.120506286621094
14.161383628845215
1.999999987845058e-08
-3.3827130794525146
8.023636817932129
16.619306564331055
-1.999999987845058e-08
-2.3535451889038086
2.9771251678466797
18.196903228759766
1.999999987845058e-08
2.38203501701355
3.856341600418091
20.389699935913086
-1.999999987845058e-08
9.260007858276367
9.466331481933594
21.53616714477539
1.999999987845058e-08
15.109099388122559
13.445902824401855
19.673498153686523
-1.999999987845058e-08
18.709068298339844
13.751518249511719
15.66281795501709
1.999999987845058e-08
20.303958892822266
13.067564964294434
12.261490821838379
-1.999999987845058e-08
19.330780029296875
11.888309478759766
10.640692710876465
1.999999987845058e-08
15.488273620605469
8.638608932495117
9.908102035522461
-1.999999987845058e-08
10.865212440490723
5.477482318878174
9.540305137634277
1.999999987845058e-08
7.636318206787109
5.566137790679932
9.295466423034668
-1.999999987845058e-08
4.733911991119385
5.8892621994018555
7.463837623596191
1.999999987845058e-08
4.733911991119385
5.8892621994018555
7.463837623596191
-1.999999987845058e-08
0.9245864152908325
2.2518157958984375
3.64148211479187
1.999999987845058e-08
-1.5960601568222046
-1.9520268440246582
1.1675320863723755
-1.999999987845058e-08
-1.2354668378829956
-2.0012075901031494
2.0944793224334717
1.999999987845058e-08
0.017583368346095085
0.09019086509943008
4.026817321777344
-1.999999987845058e-08
0.6747968792915344
1.359887719154358
4.687048435211182
1.999999987845058e-08
1.769997000694275
1.9600380659103394
4.629868507385254
-1.999999987845058e-08
4.080109596252441
1.9029196500778198
5.139631748199463
1.999999987845058e-08
7.15568208694458
2.7201898097991943
6.800613880157471
-1.999999987845058e-08
9.829614639282227
6.564361572265625
8.795219421386719
1.999999987845058e-08
0.36780819296836853
-2.679659366607666
0.11157900840044022
-1.999999987845058e-08
-3.0062339305877686
-8.220528602600098
-1.580899715423584
1.999999987845058e-08
-3.319416046142578
-7.664680480957031
-0.04041573777794838
-1.999999987845058e-08
-3.208730459213257
-5.5452985763549805
-0.054767102003097534
1.999999987845058e-08
-3.0382003784179688
-5.7672953605651855
-3.5757694244384766
-1.999999987845058e-08
-0.1899012178182602
-6.345243453979492
-6.699296474456787
1.999999987845058e-08
5.499740123748779
-4.878397464752197
-6.164124011993408
-1.999999987845058e-08
11.362974166870117
-2.417375087738037
-2.9681203365325928
1.999999987845058e-08
15.725127220153809
0.05854436755180359
0.8577961325645447
-1.999999987845058e-08
18.256853103637695
3.0945069789886475
4.464091777801514
1.999999987845058e-08
18.256853103637695
3.0945067405700684
4.464091777801514
-1.999999987845058e-08
18.683509826660156
6.397106170654297
7.219740867614746
1.999999987845058e-08
17.033769607543945
8.605624198913574
8.469499588012695
-1.999999987845058e-08
13.835872650146484
8.542460441589355
7.968738079071045
1.999999987845058e-08
9.430302619934082
6.095048904418945
5.560338497161865
-1.999999987845058e-08
4.160758972167969
2.9903953075408936
2.1286818981170654
1.999999987845058e-08
-0.8414484262466431
1.306246042251587
-0.5927486419677734
-1.999999987845058e-08
-4.450078010559082
0.7680288553237915
-3.267285108566284
1.999999987845058e-08
-5.894564151763916
0.10572768747806549
-7.220242500305176
-1.999999987845058e-08
-3.902693033218384
-0.4414912760257721
-9.12454891204834
1.999999987845058e-08
8.198963165283203
-2.08746600151062
2.708564043045044
-1.999999987845058e-08
12.925355911254883
-2.9089784622192383
7.863741397857666
1.999999987845058e-08
14.167770385742188
-2.4816393852233887
7.921215534210205
-1.999999987845058e-08
11.208707809448242
-2.414979934692383
3.175189733505249
1.999999987845058e-08
5.687775611877441
-2.630432367324829
-4.178189754486084
-1.999999987845058e-08
1.1645665168762207
-0.3807225823402405
-9.96098804473877
1.999999987845058e-08
-1.272600769996643
2.6355113983154297
-11.957728385925293
-1.999999987845058e-08
-3.2211382389068604
0.05546405166387558
-11.8190279006958
1.999999987845058e-08
-3.7834084033966064
-7.731256484985352
-10.09650993347168
-1.999999987845058e-08
-0.7706260085105896
-11.614727973937988
-5.177425861358643
1.999999987845058e-08
3.7093288898468018
-8.020573616027832
1.1253491640090942
-1.999999987845058e-08
6.5100226402282715
-3.4993486404418945
4.6335225105285645
1.999999987845058e-08
9.23697280883789
-1.5192011594772339
5.639935493469238
-1.999999987845058e-08
13.617241859436035
1.3803410530090332
6.876879692077637
1.999999987845058e-08
15.937687873840332
4.821681499481201
6.542961597442627
-1.999999987845058e-08
12.494538307189941
4.166890621185303
1.0442663431167603
1.999999987845058e-08
5.6981282234191895
0.07321105152368546
-7.287697792053223
-1.999999987845058e-08
0.42594221234321594
-2.860628843307495
-11.825413703918457
1.999999987845058e-08
-1.4610297679901123
-3.421135902404785
-10.23272705078125
-1.999999987845058e-08
-0.8323320150375366
-2.5486817359924316
-6.252200126647949
1.999999987845058e-08
-0.8323320150375366
-2.5486817359924316
-6.252200126647949
-1.999999987845058e-08
0.7435641884803772
-0.595849335193634
-3.385277032852173
1.999999987845058e-08
1.4513517618179321
0.6166111826896667
-1.875417947769165
-1.999999987845058e-08
0.5854474306106567
-0.5877795219421387
-1.3466002941131592
1.999999987845058e-08
-0.27784809470176697
-2.1331777572631836
-2.0603983402252197
-1.999999987845058e-08
-0.06631089001893997
-2.2473318576812744
-4.0928425788879395
1.999999987845058e-08
-0.8469107151031494
-3.6471951007843018
-7.107478141784668
-1.999999987845058e-08
-3.7880430221557617
-7.674679279327393
-9.774957656860352
1.999999987845058e-08
-4.8961687088012695
-9.83365535736084
-9.74371337890625
-1.999999987845058e-08
-0.8086162805557251
-7.492031097412109
-6.308332920074463
1.999999987845058e-08
4.824028491973877
-5.298745155334473
-1.7221038341522217
-1.999999987845058e-08
6.920290470123291
-6.933237552642822
1.7666658163070679
1.999999987845058e-08
5.143448352813721
-9.588227272033691
3.474547863006592
-1.999999987845058e-08
1.4198756217956543
-10.598322868347168
2.982640266418457
1.999999987845058e-08
-2.200070381164551
-10.441760063171387
0.6066217422485352
-1.999999987845058e-08
-3.3542890548706055
-9.234329223632812
-2.114820957183838
1.999999987845058e-08
-1.0193684101104736
-7.627187728881836
-4.196101665496826
-1.999999987845058e-08
3.466052293777466
-7.189451217651367
-5.74166202545166
1.999999987845058e-08
7.537785530090332
-6.840778827667236
-6.836468696594238
-1.999999987845058e-08
8.906850814819336
-4.802773952484131
-7.902079105377197
1.999999987845058e-08
8.906850814819336
-4.802773952484131
-7.902079105377197
-1.999999987845058e-08
7.130422592163086
-2.5236122608184814
-9.84623908996582
1.999999987845058e-08
4.519954681396484
-0.9402757883071899
-11.862112998962402
-1.999999987845058e-08
3.384003162384033
2.1443703174591064
-11.797968864440918
1.999999987845058e-08
2.538132905960083
6.151134967803955
-10.159489631652832
-1.999999987845058e-08
0.32807159423828125
6.871301174163818
-8.774521827697754
1.999999987845058e-08
-1.1408350467681885
4.438695430755615
-5.980434417724609
-1.999999987845058e-08
0.6258372664451599
3.6231675148010254
-0.021674806252121925
1.999999987845058e-08
4.4427571296691895
5.502528667449951
5.633187770843506
-1.999999987845058e-08
7.888201713562012
7.134469032287598
7.174489974975586
1.999999987845058e-08
9.681499481201172
10.81787109375
5.583062171936035
-1.999999987845058e-08
8.656123161315918
12.553236961364746
5.457972049713135
1.999999987845058e-08
8.665119171142578
12.220968246459961
4.624443531036377
-1.999999987845058e-08
8.325824737548828
11.66485595703125
2.7178494930267334
1.999999987845058e-08
3.4042794704437256
10.197782516479492
-1.3132327795028687
-1.999999987845058e-08
-6.079580307006836
4.6600775718688965
-8.053107261657715
1.999999987845058e-08
-14.454681396484375
-3.615083932876587
-14.41373348236084
-1.999999987845058e-08
-18.211009979248047
-10.082645416259766
-16.287181854248047
1.999999987845058e-08
-19.302175521850586
-12.983017921447754
-13.905450820922852
-1.999999987845058e-08
-19.51991844177246
-12.845349311828613
-10.639326095581055
1.999999987845058e-08
-19.51991844177246
-12.845349311828613
-10.639326095581055
-1.999999987845058e-08
-17.981460571289062
-10.46091079711914
-8.352025985717773
1.999999987845058e-08
-14.504999160766602
-7.775980472564697
-7.005245685577393
-1.999999987845058e-08
-10.111085891723633
-6.045689582824707
-6.435926914215088
1.999999987845058e-08
-4.944037437438965
-3.2728307247161865
-6.180257320404053
-1.999999987845058e-08
0.3941406011581421
1.5492900609970093
-5.676080703735352
1.999999987845058e-08
3.1578726768493652
4.70542573928833
-5.499366760253906
-1.999999987845058e-08
1.4272469282150269
3.4901156425476074
-6.27549409866333
1.999999987845058e-08
-2.793193817138672
0.6067884564399719
-6.635586738586426
-1.999999987845058e-08
-6.187345504760742
-1.7499959468841553
-4.77592658996582
1.999999987845058e-08
-7.968338489532471
-7.7317047119140625
-1.6043922901153564
-1.999999987845058e-08
-8.21749496459961
-6.336097240447998
-4.176760196685791
1.999999987845058e-08
-8.647910118103027
-6.1130900382995605
-6.251655101776123
-1.999999987845058e-08
-9.049233436584473
-5.7511210441589355
-7.483896732330322
1.999999987845058e-08
-10.927011489868164
-6.320943832397461
-8.062089920043945
-1.999999987845058e-08
-13.89703369140625
-7.864140033721924
-6.83121395111084
1.999999987845058e-08
-14.54042911529541
-7.004253387451172
-2.407428026199341
-1.999999987845058e-08
-11.257979393005371
-2.858083963394165
3.595782995223999
1.999999987845058e-08
-6.001708984375
1.8761417865753174
8.376080513000488
-1.999999987845058e-08
-1.4276642799377441
6.427680015563965
11.499970436096191
1.999999987845058e-08
-0.41693466901779175
9.482368469238281
12.520821571350098
-1.999999987845058e-08
-5.422334671020508
5.813425540924072
8.913392066955566
1.999999987845058e-08
-13.804368019104004
-4.757279396057129
1.4159804582595825
-1.999999987845058e-08
-17.683855056762695
-12.499960899353027
-3.541895627975464
1.999999987845058e-08
-12.837300300598145
-9.986479759216309
-1.9280006885528564
-1.999999987845058e-08
-3.686711549758911
-1.1564390659332275
2.9758071899414062
1.999999987845058e-08
3.65724778175354
6.408742904663086
7.108562469482422
-1.999999987845058e-08
7.559037208557129
9.790799140930176
9.877113342285156
1.999999987845058e-08
8.510540962219238
9.622498512268066
11.164278984069824
-1.999999987845058e-08
7.123141765594482
7.552455425262451
11.257797241210938
1.999999987845058e-08
7.123141765594482
7.552455425262451
11.257797241210938
-1.999999987845058e-08
4.423818588256836
5.159172058105469
11.686394691467285
1.999999987845058e-08
0.9466056823730469
2.6409811973571777
12.473014831542969
-1.999999987845058e-08
-2.0728917121887207
0.31980177760124207
13.14561939239502
1.999999987845058e-08
-2.456176996231079
0.49410510063171387
14.93387508392334
-1.999999987845058e-08
-1.3285281658172607
3.774789571762085
16.819080352783203
1.999999987845058e-08
-2.5763449668884277
6.7040114402771
14.869026184082031
-1.999999987845058e-08
-6.340145111083984
7.323031425476074
9.277730941772461
1.999999987845058e-08
-8.333137512207031
8.049095153808594
5.739485740661621
-1.999999987845058e-08
-5.879182815551758
9.883557319641113
7.636566638946533
1.999999987845058e-08
2.6185903549194336
8.403273582458496
13.449393272399902
-1.999999987845058e-08
4.259666442871094
6.482896327972412
12.740135192871094
1.999999987845058e-08
4.6745100021362305
6.138136386871338
12.32022762298584
-1.999999987845058e-08
3.7041828632354736
7.097894191741943
13.182536125183105
1.999999987845058e-08
1.326831579208374
8.204046249389648
14.624321937561035
-1.999999987845058e-08
-0.5441498756408691
7.799972057342529
16.117698669433594
1.999999987845058e-08
-0.14819051325321198
5.749405860900879
17.236665725708008
-1.999999987845058e-08
0.47499969601631165
4.644157409667969
16.347423553466797
1.999999987845058e-08
-3.852536201477051
4.697874546051025
10.042338371276855
-1.999999987845058e-08
-15.164399147033691
1.2318367958068848
-3.6477129459381104
1.999999987845058e-08
0.47499966621398926
4.644157409667969
16.347423553466797
-1.999999987845058e-08
-3.852536201477051
4.697874546051025
10.042338371276855
1.999999987845058e-08
-15.164399147033691
1.2318367958068848
-3.6477129459381104
-1.999999987845058e-08
-27.5317325592041
-6.796168327331543
-19.66619300842285
1.999999987845058e-08
-32.120361328125
-12.78574275970459
-28.082225799560547
-1.999999987845058e-08
-27.982667922973633
-13.412299156188965
-25.626108169555664
1.999999987845058e-08
-22.740459442138672
-13.995881080627441
-19.24464988708496
-1.999999987845058e-08
-20.812294006347656
-17.243408203125
-14.9026517868042
1.999999987845058e-08
-18.446210861206055
-17.135440826416016
-11.093796730041504
-1.999999987845058e-08
-13.28387451171875
-10.040994644165039
-6.563472270965576
1.999999987845058e-08
-4.007272243499756
5.292070388793945
-0.693464457988739
-1.999999987845058e-08
-0.5017106533050537
5.694780349731445
3.8441762924194336
1.999999987845058e-08
2.864731550216675
5.306310176849365
8.314413070678711
-1.999999987845058e-08
5.69244909286499
6.635822296142578
11.577434539794922
1.999999987845058e-08
6.8209452629089355
9.05579948425293
12.49150276184082
-1.999999987845058e-08
6.4134650230407715
9.792342185974121
12.064774513244629
1.999999987845058e-08
