0
0.4856267273426056
0.2010900378227234
0.7340078949928284
1.999999987845058e-08
5.494500637054443
0.8893126249313354
2.4011411666870117
-1.999999987845058e-08
7.741304397583008
3.3502094745635986
1.7001025676727295
1.999999987845058e-08
7.278475761413574
6.460630893707275
-2.710097074508667
-1.999999987845058e-08
7.079117298126221
9.35626220703125
-6.703386306762695
1.999999987845058e-08
7.7971320152282715
10.261042594909668
-6.556753635406494
-1.999999987845058e-08
8.455735206604004
9.081436157226562
-2.812824249267578
1.999999987845058e-08
8.725037574768066
8.886079788208008
1.7227492332458496
-1.999999987845058e-08
7.756530284881592
10.006522178649902
3.260124444961548
1.999999987845058e-08
0.9961695671081543
3.581106662750244
-8.690035820007324
-1.999999987845058e-08
-2.053179979324341
-0.7232400178909302
-14.126653671264648
1.999999987845058e-08
-3.0382299423217773
-1.914659857749939
-14.437800407409668
-1.999999987845058e-08
-1.697764277458191
-1.0088099241256714
-11.78689193725586
1.999999987845058e-08
0.2701566517353058
1.244917392730713
-9.617263793945312
-1.999999987845058e-08
-0.30879640579223633
3.292246103286743
-9.92959976196289
1.999999987845058e-08
-3.601923942565918
2.320784091949463
-11.74130916595459
-1.999999987845058e-08
-4.987839698791504
0.34965264797210693
-11.82262897491455
1.999999987845058e-08
-1.6190553903579712
2.5273897647857666
-9.111994743347168
-1.999999987845058e-08
3.578108787536621
6.924953460693359
-5.509859561920166
1.999999987845058e-08
3.578108787536621
6.924953460693359
-5.509859561920166
-1.999999987845058e-08
6.309836387634277
7.044525146484375
-2.9754221439361572
1.999999987845058e-08
6.1236491203308105
4.149840831756592
-2.058070659637451
-1.999999987845058e-08
6.737720966339111
4.929259300231934
-1.208493947982788
1.999999987845058e-08
10.800237655639648
9.541338920593262
1.0708222389221191
-1.999999987845058e-08
15.235419273376465
12.75973892211914
2.779510736465454
1.999999987845058e-08
14.516347885131836
12.443367958068848
0.8360959887504578
-1.999999987845058e-08
8.412077903747559
9.215547561645508
-3.8675427436828613
1.999999987845058e-08
2.937376022338867
3.8875129222869873
-7.018668174743652
-1.999999987845058e-08
2.3119704723358154
-0.06094532459974289
-6.0243000984191895
1.999999987845058e-08
14.516347885131836
12.443367958068848
0.8360959887504578
-1.999999987845058e-08
8.412077903747559
9.215547561645508
-3.8675427436828613
1.999999987845058e-08
2.937376022338867
3.8875129222869873
-7.018668174743652
-1.999999987845058e-08
2.3119704723358154
-0.06094532459974289
-6.0243000984191895
1.999999987845058e-08
4.30213737487793
1.21937096118927
-2.708240509033203
-1.999999987845058e-08
4.415420055389404
4.55720853805542
-0.8900589346885681
1.999999987845058e-08
1.1363474130630493
3.561880111694336
-2.1174075603485107
-1.999999987845058e-08
-2.676328659057617
-0.23983894288539886
-3.832106590270996
1.999999987845058e-08
-2.897400379180908
-0.6593477129936218
-2.4729771614074707
-1.999999987845058e-08
1.3213000297546387
2.049471855163574
2.186945676803589
1.999999987845058e-08
3.1618056297302246
8.084446907043457
-2.9921557903289795
-1.999999987845058e-08
-0.01098062563687563
6.644455909729004
-4.8014702796936035
1.999999987845058e-08
2.0125796794891357
6.014584064483643
-1.4637049436569214
-1.999999987845058e-08
4.555092811584473
4.480720043182373
2.397191286087036
1.999999987845058e-08
4.3989081382751465
2.214514970779419
6.276304721832275
-1.999999987845058e-08
3.890225410461426
1.694541096687317
12.044692039489746
1.999999987845058e-08
5.542563438415527
3.511446475982666
17.068113327026367
-1.999999987845058e-08
8.498403549194336
6.157352447509766
17.727420806884766
1.999999987845058e-08
9.931593894958496
7.127614974975586
14.700386047363281
-1.999999987845058e-08
6.565106391906738
4.053447246551514
9.041577339172363
1.999999987845058e-08
-1.8144859075546265
-1.2481428384780884
1.026276707649231
-1.999999987845058e-08
-9.822948455810547
-3.433680534362793
-5.3287200927734375
1.999999987845058e-08
-11.947304725646973
-1.3751164674758911
-5.9024457931518555
-1.999999987845058e-08
-8.489062309265137
1.2155237197875977
-2.030125379562378
1.999999987845058e-08
-3.533454656600952
3.1247200965881348
3.282399892807007
-1.999999987845058e-08
-0.9356968998908997
5.429610729217529
7.655953407287598
1.999999987845058e-08
-2.442300319671631
6.362175941467285
7.857811450958252
-1.999999987845058e-08
-6.144477367401123
4.235718727111816
4.449916839599609
1.999999987845058e-08
-7.6926589012146
1.5905927419662476
3.684008836746216
-1.999999987845058e-08
-4.864398956298828
0.8025563359260559
8.48798656463623
1.999999987845058e-08
0.0018523064209148288
0.6633827686309814
13.751347541809082
-1.999999987845058e-08
3.045304775238037
0.40563255548477173
14.650108337402344
1.999999987845058e-08
2.693613052368164
0.5457410216331482
12.557256698608398
-1.999999987845058e-08
-0.6137319803237915
-0.8033129572868347
9.857577323913574
1.999999987845058e-08
-5.098433494567871
-4.351777076721191
6.595495223999023
-1.999999987845058e-08
-7.495708465576172
-5.299590587615967
3.9461822509765625
1.999999987845058e-08
-6.048625469207764
-1.1512740850448608
4.319489002227783
-1.999999987845058e-08
-2.7595388889312744
2.456272840499878
7.732189655303955
1.999999987845058e-08
-0.2479994148015976
1.1906957626342773
11.928627967834473
-1.999999987845058e-08
0.9939616322517395
-1.7188060283660889
14.480729103088379
1.999999987845058e-08
-2.074000597000122
-6.301806926727295
9.393319129943848
-1.999999987845058e-08
-5.956448078155518
-8.790611267089844
5.465724945068359
1.999999987845058e-08
-7.994228839874268
-7.841793060302734
4.248571872711182
-1.999999987845058e-08
-7.8675713539123535
-4.932492256164551
4.235335350036621
1.999999987845058e-08
-7.146994590759277
-3.5077579021453857
4.317933082580566
-1.999999987845058e-08
-5.63571834564209
-2.6951098442077637
6.661420822143555
1.999999987845058e-08
-3.457350015640259
-1.3386459350585938
10.865864753723145
-1.999999987845058e-08
-2.848693609237671
-1.0308300256729126
12.523231506347656
1.999999987845058e-08
-4.06903600692749
-1.579662561416626
10.752275466918945
-1.999999987845058e-08
-4.10772705078125
-1.9727554321289062
9.97365665435791
1.999999987845058e-08
3.9275596141815186
-1.716839075088501
18.699682235717773
-1.999999987845058e-08
7.098149299621582
4.825451850891113
20.502656936645508
1.999999987845058e-08
6.857949256896973
10.351329803466797
15.875378608703613
-1.999999987845058e-08
4.906550407409668
7.4190144538879395
8.872210502624512
1.999999987845058e-08
4.36648416519165
2.4808547496795654
6.4859442710876465
-1.999999987845058e-08
5.762746334075928
4.773996829986572
10.161561012268066
1.999999987845058e-08
6.65087366104126
9.475092887878418
14.741061210632324
-1.999999987845058e-08
6.2510085105896
8.570061683654785
16.744962692260742
1.999999987845058e-08
7.159821510314941
6.324453830718994
18.200361251831055
-1.999999987845058e-08
10.304372787475586
9.029098510742188
19.59305763244629
1.999999987845058e-08
12.153901100158691
12.124310493469238
17.114957809448242
-1.999999987845058e-08
9.687867164611816
9.857962608337402
10.9111909866333
1.999999987845058e-08
4.79205846786499
5.300971984863281
7.0917558670043945
-1.999999987845058e-08
1.791282296180725
2.9648351669311523
8.263124465942383
1.999999987845058e-08
3.1964893341064453
3.3399574756622314
10.502554893493652
-1.999999987845058e-08
8.16873836517334
6.512030601501465
10.912749290466309
1.999999987845058e-08
12.961625099182129
10.549027442932129
10.079023361206055
-1.999999987845058e-08
13.922722816467285
10.8804292678833
8.100190162658691
1.999999987845058e-08
11.615445137023926
8.412571907043457
5.466277599334717
-1.999999987845058e-08
9.47203254699707
8.40739631652832
4.258138656616211
1.999999987845058e-08
9.47203254699707
8.40739631652832
4.258138656616211
-1.999999987845058e-08
7.890452861785889
8.941489219665527
3.389491081237793
1.999999987845058e-08
5.235073089599609
4.6295576095581055
0.3378520905971527
-1.999999987845058e-08
3.4027538299560547
0.04640562832355499
-1.3117889165878296
1.999999987845058e-08
4.260781288146973
2.4499692916870117
2.0796709060668945
-1.999999987845058e-08
4.375809192657471
6.2163615226745605
4.617659568786621
1.999999987845058e-08
0.47424817085266113
2.053732395172119
0.04809485748410225
-1.999999987845058e-08
-5.104139804840088
-6.015188217163086
-7.386275291442871
1.999999987845058e-08
-8.241659164428711
-8.151421546936035
-10.974515914916992
-1.999999987845058e-08
-7.945547103881836
-4.792591094970703
-11.169466972351074
1.999999987845058e-08
-5.526950836181641
-3.3404245376586914
-10.433329582214355
-1.999999987845058e-08
-1.7005974054336548
-4.743210315704346
-7.162700653076172
1.999999987845058e-08
2.8333916664123535
-3.5831151008605957
-1.038221836090088
-1.999999987845058e-08
5.5322346687316895
0.9961982369422913
2.571767807006836
1.999999987845058e-08
4.002665996551514
3.231074333190918
-0.38103947043418884
-1.999999987845058e-08
-0.5916829705238342
0.09838464111089706
-6.234356880187988
1.999999987845058e-08
-4.294579029083252
-2.9804816246032715
-8.878701210021973
-1.999999987845058e-08
-4.474595069885254
0.6267792582511902
-7.619615077972412
1.999999987845058e-08
-2.030134916305542
8.004362106323242
-6.41205358505249
-1.999999987845058e-08
0.09678535908460617
9.851555824279785
-7.665842056274414
1.999999987845058e-08
0.09678532183170319
9.851555824279785
-7.665842056274414
-1.999999987845058e-08
0.00785874668508768
4.8767499923706055
-9.435453414916992
1.999999987845058e-08
-1.5357469320297241
1.7781600952148438
-8.752485275268555
-1.999999987845058e-08
-2.9635367393493652
3.943490743637085
-6.004868030548096
1.999999987845058e-08
-3.901522636413574
4.581005573272705
-3.7549264430999756
-1.999999987845058e-08
-4.356321811676025
1.0288320779800415
-2.646658182144165
1.999999987845058e-08
-4.223264694213867
-1.0813778638839722
-1.4982739686965942
-1.999999987845058e-08
-4.508001327514648
-0.4648880362510681
-0.6726906299591064
1.999999987845058e-08
-6.109034061431885
-1.8551115989685059
-1.85383939743042
-1.999999987845058e-08
-6.579770565032959
-5.109075546264648
-3.6724750995635986
1.999999987845058e-08
2.124913454055786
-2.09096360206604
0.8793431520462036
-1.999999987845058e-08
4.911635875701904
0.8339357376098633
2.9727323055267334
1.999999987845058e-08
6.515562057495117
1.4522554874420166
2.823990821838379
-1.999999987845058e-08
8.83487606048584
0.550290048122406
1.5406956672668457
1.999999987845058e-08
9.681500434875488
0.17765644192695618
-0.9237164855003357
-1.999999987845058e-08
7.26564359664917
2.095810890197754
-4.473841667175293
1.999999987845058e-08
3.8228542804718018
4.348588466644287
-7.642200946807861
-1.999999987845058e-08
1.856749415397644
2.610440731048584
-9.141969680786133
1.999999987845058e-08
1.0026545524597168
-2.569302797317505
-8.84065055847168
-1.999999987845058e-08
-0.437846302986145
-6.126468658447266
-7.53729772567749
1.999999987845058e-08
-6.35018253326416
-9.529558181762695
-8.671415328979492
-1.999999987845058e-08
-5.377928733825684
-6.655745506286621
-9.008108139038086
1.999999987845058e-08
-6.671460151672363
-4.421084403991699
-10.650115966796875
-1.999999987845058e-08
-12.242790222167969
-8.545642852783203
-15.898338317871094
1.999999987845058e-08
-16.49619483947754
-14.76897144317627
-19.861404418945312
-1.999999987845058e-08
-12.046845436096191
-14.780624389648438
-14.974834442138672
1.999999987845058e-08
-0.8651156425476074
-8.244573593139648
-2.8458333015441895
-1.999999987845058e-08
7.551868915557861
-1.0808372497558594
6.751780033111572
1.999999987845058e-08
8.17564582824707
2.2160556316375732
8.026984214782715
-1.999999987845058e-08
4.561697006225586
1.2217234373092651
3.8493871688842773
1.999999987845058e-08
-12.242790222167969
-8.545642852783203
-15.898338317871094
-1.999999987845058e-08
-16.49619483947754
-14.76897144317627
-19.861404418945312
1.999999987845058e-08
-12.046845436096191
-14.780624389648438
-14.974834442138672
-1.999999987845058e-08
-0.8651156425476074
-8.244573593139648
-2.8458333015441895
1.999999987845058e-08
7.551868915557861
-1.0808372497558594
6.751780033111572
-1.999999987845058e-08
8.17564582824707
2.2160556316375732
8.026984214782715
1.999999987845058e-08
4.561696529388428
1.2217233180999756
3.8493871688842773
-1.999999987845058e-08
2.0126121044158936
-0.9293699264526367
-0.5575723052024841
1.999999987845058e-08
1.6209172010421753
-1.7154245376586914
-2.7637128829956055
-1.999999987845058e-08
0.9631963968276978
-3.5198988914489746
-2.9588379859924316
1.999999987845058e-08
-21.037660598754883
-18.4771728515625
-23.52977180480957
-1.999999987845058e-08
-20.91314125061035
-17.421327590942383
-21.893909454345703
1.999999987845058e-08
-16.51738929748535
-12.225932121276855
-16.133960723876953
-1.999999987845058e-08
-11.583060264587402
-9.647547721862793
-10.955198287963867
1.999999987845058e-08
-8.07798957824707
-11.700094223022461
-8.229816436767578
-1.999999987845058e-08
-3.302427291870117
-12.068684577941895
-4.890862464904785
1.999999987845058e-08
2.6392157077789307
-8.112597465515137
-1.513694405555725
-1.999999987845058e-08
6.479904651641846
-3.9843201637268066
-1.5461502075195312
1.999999987845058e-08
7.964606761932373
-2.3258376121520996
-2.8989906311035156
-1.999999987845058e-08
8.820368766784668
-1.7216964960098267
-1.4943559169769287
1.999999987845058e-08
7.964606761932373
-2.3258376121520996
-2.8989906311035156
-1.999999987845058e-08
8.820368766784668
-1.7216964960098267
-1.4943559169769287
1.999999987845058e-08
9.037569999694824
-0.18745233118534088
1.2998732328414917
-1.999999987845058e-08
8.38424301147461
2.324167490005493
2.392587184906006
1.999999987845058e-08
7.694711208343506
3.3028130531311035
2.03082275390625
-1.999999987845058e-08
6.773408889770508
0.8172401189804077
1.5963114500045776
1.999999987845058e-08
4.839449882507324
-2.4411754608154297
1.4812710285186768
-1.999999987845058e-08
2.667132616043091
-2.7470741271972656
1.1984174251556396
1.999999987845058e-08
1.8407998085021973
-1.1667715311050415
-0.18084532022476196
-1.999999987845058e-08
3.0218143463134766
0.13114264607429504
-2.070713520050049
1.999999987845058e-08
1.8407998085021973
-1.1667715311050415
-0.18084532022476196
-1.999999987845058e-08
3.0218143463134766
0.13114264607429504
-2.070713520050049
1.999999987845058e-08
4.93274450302124
2.2050716876983643
-2.633780002593994
-1.999999987845058e-08
5.385021686553955
4.647529125213623
-1.8521232604980469
1.999999987845058e-08
4.101606369018555
3.8300161361694336
-1.475680947303772
-1.999999987845058e-08
3.0797691345214844
0.075528085231781
-1.8461211919784546
1.999999987845058e-08
3.658740758895874
-0.9397072196006775
-1.5935548543930054
-1.999999987845058e-08
4.35529088973999
2.180652379989624
-1.4812361001968384
1.999999987845058e-08
2.398378610610962
3.5302634239196777
-4.606513500213623
-1.999999987845058e-08
-2.161191463470459
0.2758994698524475
-9.901299476623535
1.999999987845058e-08
16.25577163696289
6.487448215484619
8.994894981384277
-1.999999987845058e-08
18.188514709472656
13.25894546508789
8.070402145385742
1.999999987845058e-08
13.772767066955566
11.531498908996582
3.0604496002197266
-1.999999987845058e-08
10.006806373596191
5.053900241851807
1.046297550201416
1.999999987845058e-08
11.759808540344238
4.613311767578125
5.66981840133667
-1.999999987845058e-08
14.657441139221191
8.266268730163574
10.047584533691406
1.999999987845058e-08
13.54643726348877
7.103186130523682
7.823679447174072
-1.999999987845058e-08
10.75544261932373
3.9987335205078125
3.7638773918151855
1.999999987845058e-08
9.45463752746582
6.551319599151611
3.6331734657287598
-1.999999987845058e-08
7.194940090179443
10.554887771606445
3.871394157409668
1.999999987845058e-08
9.45463752746582
6.551319599151611
3.6331734657287598
-1.999999987845058e-08
7.194940090179443
10.554887771606445
3.871394157409668
1.999999987845058e-08
2.556817054748535
8.123820304870605
0.7941972017288208
-1.999999987845058e-08
0.6262446045875549
3.428356647491455
-0.6045674681663513
1.999999987845058e-08
4.981087684631348
5.1719279289245605
3.4865543842315674
-1.999999987845058e-08
10.292230606079102
11.140148162841797
6.3651652336120605
1.999999987845058e-08
9.967207908630371
13.073065757751465
1.5863515138626099
-1.999999987845058e-08
5.861326694488525
9.8801851272583
-5.000054836273193
1.999999987845058e-08
4.276488304138184
6.099357604980469
-4.006874084472656
-1.999999987845058e-08
7.639801979064941
4.3394269943237305
4.765145301818848
1.999999987845058e-08
19.23505210876465
7.905583381652832
21.741161346435547
-1.999999987845058e-08
19.83916473388672
9.784576416015625
21.053176879882812
1.999999987845058e-08
15.532781600952148
10.291616439819336
13.925004959106445
-1.999999987845058e-08
10.643214225769043
11.519963264465332
6.172816276550293
1.999999987845058e-08
8.509873390197754
12.358997344970703
2.201188325881958
-1.999999987845058e-08
7.932539463043213
9.209156036376953
1.0183683633804321
1.999999987845058e-08
6.741462707519531
2.901010036468506
0.6681252121925354
-1.999999987845058e-08
4.567126274108887
-2.283649444580078
0.9768579006195068
1.999999987845058e-08
1.351866364479065
-4.907762050628662
0.6977314352989197
-1.999999987845058e-08
-2.680051803588867
-6.372702121734619
-2.190375804901123
1.999999987845058e-08
1.351866364479065
-4.907762050628662
0.6977314352989197
-1.999999987845058e-08
-2.680051803588867
-6.372702121734619
-2.190375804901123
1.999999987845058e-08
-5.324217796325684
-7.4788126945495605
-6.010185241699219
-1.999999987845058e-08
-3.970048189163208
-7.73214864730835
-6.295711040496826
1.999999987845058e-08
0.21192218363285065
-6.390655994415283
-2.5649521350860596
-1.999999987845058e-08
2.2924067974090576
-4.955172061920166
0.22466003894805908
1.999999987845058e-08
0.16213515400886536
-7.117814064025879
-0.7265758514404297
-1.999999987845058e-08
-1.723575234413147
-12.159256935119629
-1.207262635231018
1.999999987845058e-08
1.5639796257019043
-12.063063621520996
3.2411715984344482
-1.999999987845058e-08
8.03026294708252
-2.182955265045166
9.642003059387207
1.999999987845058e-08
8.691560745239258
10.46713638305664
8.409012794494629
-1.999999987845058e-08
4.794654846191406
5.410721302032471
5.425422191619873
1.999999987845058e-08
3.726107120513916
3.0927836894989014
6.341848373413086
-1.999999987845058e-08
4.557860851287842
2.922755479812622
7.709628105163574
1.999999987845058e-08
2.9682300090789795
-1.0651249885559082
4.200615882873535
-1.999999987845058e-08
-2.495410203933716
-7.030389308929443
-2.81508207321167
1.999999987845058e-08
-8.137456893920898
-9.171235084533691
-7.250644207000732
-1.999999987845058e-08
-10.273111343383789
-8.391397476196289
-7.374813556671143
1.999999987845058e-08
-9.141267776489258
-8.708194732666016
-6.064242362976074
-1.999999987845058e-08
-7.191928386688232
-9.377607345581055
-4.834604263305664
1.999999987845058e-08
-7.2628045082092285
-8.564179420471191
-4.226316452026367
-1.999999987845058e-08
-10.52974796295166
-7.9690656661987305
-5.3938798904418945
1.999999987845058e-08
-13.829694747924805
-8.608688354492188
-7.3181962966918945
-1.999999987845058e-08
-13.341121673583984
-8.804597854614258
-8.055418014526367
1.999999987845058e-08
-10.354706764221191
-7.644455432891846
-8.269471168518066
-1.999999987845058e-08
-8.459345817565918
-4.772484302520752
-8.450936317443848
1.999999987845058e-08
-8.138654708862305
0.38197535276412964
-6.889167785644531
-1.999999987845058e-08
-7.7126851081848145
5.460781097412109
-3.8531527519226074
1.999999987845058e-08
-6.365209579467773
7.04283332824707
-2.2110354900360107
-1.999999987845058e-08
-4.877223491668701
6.028597831726074
-2.9770803451538086
1.999999987845058e-08
-4.612525463104248
4.147409439086914
-3.3730757236480713
-1.999999987845058e-08
-3.8566536903381348
4.403881549835205
0.1385674923658371
1.999999987845058e-08
-2.539280652999878
6.920495986938477
4.4396796226501465
-1.999999987845058e-08
-2.275038242340088
9.061062812805176
7.407235622406006
1.999999987845058e-08
-2.918743133544922
8.046480178833008
8.335110664367676
-1.999999987845058e-08
-3.024880886077881
6.099825859069824
7.429100513458252
1.999999987845058e-08
-3.1812751293182373
5.216182708740234
5.236658096313477
-1.999999987845058e-08
-6.000569820404053
2.343567371368408
1.85053288936615
1.999999987845058e-08
-10.80634880065918
-3.357316255569458
-2.041975498199463
-1.999999987845058e-08
-12.72774600982666
-6.716079235076904
-4.077142238616943
1.999999987845058e-08
-10.80634880065918
-3.357316255569458
-2.041975498199463
-1.999999987845058e-08
-12.72774600982666
-6.716079235076904
-4.077142238616943
1.999999987845058e-08
-10.53996467590332
-6.285231113433838
-3.8434550762176514
-1.999999987845058e-08
-9.063068389892578
-6.806332588195801
-4.02414083480835
1.999999987845058e-08
-11.304774284362793
-8.702641487121582
-5.345109939575195
-1.999999987845058e-08
-14.123739242553711
-7.582534313201904
-5.203770637512207
1.999999987845058e-08
-12.786482810974121
-3.424934148788452
-2.3237876892089844
-1.999999987845058e-08
-6.55918025970459
0.7743403315544128
1.4613991975784302
1.999999987845058e-08
0.9934390187263489
5.391474723815918
4.415353775024414
-1.999999987845058e-08
5.396695137023926
10.140495300292969
5.958667755126953
1.999999987845058e-08
-12.786482810974121
-3.4249343872070312
-2.3237876892089844
-1.999999987845058e-08
-6.55918025970459
0.7743403315544128
1.4613991975784302
1.999999987845058e-08
0.9934390187263489
5.391474723815918
4.415353775024414
-1.999999987845058e-08
5.396695137023926
10.140495300292969
5.958667755126953
1.999999987845058e-08
4.36916446685791
10.688667297363281
5.452956676483154
-1.999999987845058e-08
-0.5071879625320435
6.333479881286621
3.1341311931610107
1.999999987845058e-08
-5.302397727966309
2.178744077682495
0.5847834944725037
-1.999999987845058e-08
-8.096994400024414
-0.01076517440378666
-0.8776002526283264
1.999999987845058e-08
-9.094764709472656
-2.512596368789673
0.1453658789396286
-1.999999987845058e-08
-7.5135579109191895
-3.4107232093811035
4.9430928230285645
1.999999987845058e-08
-7.652120113372803
3.1323580741882324
4.553363800048828
-1.999999987845058e-08
-2.216242551803589
3.6676056385040283
9.989168167114258
1.999999987845058e-08
-3.2815651893615723
2.6059300899505615
8.263172149658203
-1.999999987845058e-08
-4.894230842590332
1.7568877935409546
4.328678607940674
1.999999987845058e-08
-2.0291361808776855
2.527613878250122
3.2765049934387207
-1.999999987845058e-08
3.6349940299987793
4.981367111206055
6.098752498626709
1.999999987845058e-08
7.445861339569092
7.187427997589111
9.50955581665039
-1.999999987845058e-08
7.4011712074279785
8.144411087036133
9.970772743225098
1.999999987845058e-08
5.0027594566345215
9.354097366333008
8.334380149841309
-1.999999987845058e-08
2.3755130767822266
9.962162017822266
7.4428534507751465
1.999999987845058e-08
0.12943999469280243
6.1433939933776855
7.005993843078613
-1.999999987845058e-08
-1.5393824577331543
-0.5482436418533325
6.251960277557373
1.999999987845058e-08
-2.5829949378967285
-3.839282751083374
6.282069683074951
-1.999999987845058e-08
-4.692840576171875
-4.174107074737549
5.162176132202148
1.999999987845058e-08
-8.863163948059082
-6.761536598205566
-0.6135935187339783
-1.999999987845058e-08
-11.362682342529297
-9.523841857910156
-6.951955795288086
1.999999987845058e-08
-7.875796794891357
-7.022166728973389
-5.529153347015381
-1.999999987845058e-08
-1.034456491470337
-2.159435749053955
2.1295695304870605
1.999999987845058e-08
2.7623989582061768
-0.7419315576553345
6.4012274742126465
-1.999999987845058e-08
1.5426661968231201
-0.642641007900238
4.2136335372924805
1.999999987845058e-08
-6.539431571960449
2.7271714210510254
-1.8735096454620361
-1.999999987845058e-08
-6.677910327911377
0.6660879850387573
-0.766488790512085
1.999999987845058e-08
-1.850439429283142
0.6790220141410828
3.145395040512085
-1.999999987845058e-08
3.8633859157562256
5.244942665100098
7.002407550811768
1.999999987845058e-08
7.004180908203125
10.056022644042969
8.840563774108887
-1.999999987845058e-08
9.25622844696045
12.290679931640625
10.467914581298828
1.999999987845058e-08
11.678068161010742
12.76583194732666
12.425867080688477
-1.999999987845058e-08
11.040022850036621
10.847040176391602
10.769824028015137
1.999999987845058e-08
6.289794921875
5.875881195068359
4.183933258056641
-1.999999987845058e-08
1.2917872667312622
0.6563659906387329
-1.9918274879455566
1.999999987845058e-08
11.040022850036621
10.847039222717285
10.76982307434082
-1.999999987845058e-08
6.289794921875
5.875881195068359
4.183933258056641
1.999999987845058e-08
1.2917872667312622
0.6563659310340881
-1.9918276071548462
-1.999999987845058e-08
-1.9691078662872314
-2.38755202293396
-3.899742364883423
1.999999987845058e-08
-5.074344158172607
-3.892151355743408
-4.2417473793029785
-1.999999987845058e-08
-7.493902206420898
-4.021735668182373
-5.814953804016113
1.999999987845058e-08
-7.627650260925293
-2.9308488368988037
-7.554399490356445
-1.999999987845058e-08
-7.318312168121338
-3.3308870792388916
-8.20217514038086
1.999999987845058e-08
-8.261871337890625
-5.9467854499816895
-7.7599005699157715
-1.999999987845058e-08
-8.309985160827637
-7.277177333831787
-6.147282123565674
1.999999987845058e-08
-2.3328142166137695
-5.0983686447143555
-2.8667328357696533
-1.999999987845058e-08
0.9231901168823242
-4.072962284088135
-2.1455821990966797
1.999999987845058e-08
5.04025936126709
-0.4570481479167938
0.2501974105834961
-1.999999987845058e-08
8.58889389038086
4.558866024017334
3.267961263656616
1.999999987845058e-08
8.104631423950195
7.123782157897949
4.097347736358643
-1.999999987845058e-08
5.978572368621826
7.0355939865112305
5.036848545074463
1.999999987845058e-08
8.745621681213379
7.295251846313477
10.553967475891113
-1.999999987845058e-08
15.414314270019531
8.914642333984375
18.311309814453125
1.999999987845058e-08
17.688522338867188
9.553078651428223
21.396133422851562
-1.999999987845058e-08
11.158102035522461
6.01436185836792
16.581966400146484
1.999999987845058e-08
-28.663238525390625
-20.885269165039062
-25.37961196899414
-1.999999987845058e-08
-31.03870964050293
-23.747447967529297
-30.716373443603516
1.999999987845058e-08
-25.532833099365234
-24.530067443847656
-27.19881248474121
-1.999999987845058e-08
-17.438785552978516
-22.431970596313477
-19.669811248779297
1.999999987845058e-08
-11.980851173400879
-15.725975036621094
-13.831342697143555
-1.999999987845058e-08
-10.861421585083008
-9.180460929870605
-13.157470703125
1.999999987845058e-08
-11.485550880432129
-8.846101760864258
-16.10726547241211
-1.999999987845058e-08
-9.283805847167969
-11.37090015411377
-16.58338737487793
1.999999987845058e-08
-1.7432324886322021
-8.874974250793457
-10.556191444396973
-1.999999987845058e-08
8.047286987304688
-2.016406536102295
-1.9438081979751587
1.999999987845058e-08
8.047286987304688
-2.016406536102295
-1.9438081979751587
-1.999999987845058e-08
14.425055503845215
2.757782220840454
3.015453577041626
1.999999987845058e-08
16.997268676757812
5.504378318786621
5.123088359832764
-1.999999987845058e-08
19.843446731567383
11.016353607177734
8.715742111206055
1.999999987845058e-08
23.078296661376953
18.836740493774414
12.38033390045166
-1.999999987845058e-08
21.708349227905273
23.455041885375977
10.270697593688965
1.999999987845058e-08
13.485738754272461
21.44841194152832
1.0957942008972168
-1.999999987845058e-08
3.9022812843322754
15.173401832580566
-8.517014503479004
1.999999987845058e-08
-0.01866268739104271
9.577678680419922
-11.611152648925781
-1.999999987845058e-08
1.0904980897903442
5.7337846755981445
-9.130552291870117
1.999999987845058e-08
2.949899196624756
1.5254859924316406
-1.3286051750183105
-1.999999987845058e-08
5.365384101867676
9.339564323425293
1.728883981704712
1.999999987845058e-08
6.110776424407959
14.2233247756958
3.9501655101776123
-1.999999987845058e-08
6.089875221252441
14.01091480255127
5.321846961975098
1.999999987845058e-08
8.10582447052002
14.090997695922852
6.376668930053711
-1.999999987845058e-08
11.00396728515625
15.501384735107422
6.472106456756592
1.999999987845058e-08
10.893636703491211
13.269735336303711
4.431698799133301
-1.999999987845058e-08
6.508354663848877
7.477075576782227
0.9053022861480713
1.999999987845058e-08
0.5284231901168823
2.916470527648926
-1.80617094039917
-1.999999987845058e-08
-2.9337589740753174
0.3620425760746002
-2.399808168411255
1.999999987845058e-08
6.508354663848877
7.477075576782227
0.9053022265434265
-1.999999987845058e-08
0.5284232497215271
2.916470527648926
-1.80617094039917
1.999999987845058e-08
-2.9337592124938965
0.36204254627227783
-2.399808168411255
-1.999999987845058e-08
-2.0939254760742188
-1.0998891592025757
-1.5955952405929565
1.999999987845058e-08
0.6510913968086243
0.1732737272977829
-0.8596516847610474
-1.999999987845058e-08
1.3827250003814697
2.9281740188598633
-1.59266996383667
1.999999987845058e-08
-0.998073160648346
2.506829261779785
-4.531525135040283
-1.999999987845058e-08
-3.824796438217163
-0.9919851422309875
-8.190935134887695
1.999999987845058e-08
-4.373883247375488
-3.4317257404327393
-9.576451301574707
-1.999999987845058e-08
-3.258000135421753
-4.1486663818359375
-7.906991481781006
1.999999987845058e-08
-1.907249093055725
-4.043091773986816
-4.8699140548706055
-1.999999987845058e-08
0.526029646396637
-1.0412261486053467
-1.0665589570999146
1.999999987845058e-08
3.640730857849121
4.89236307144165
2.976392984390259
-1.999999987845058e-08
4.299694538116455
8.561094284057617
4.564867973327637
1.999999987845058e-08
2.769221305847168
7.580347537994385
3.58976411819458
-1.999999987845058e-08
2.9330685138702393
5.985447883605957
3.773921012878418
1.999999987845058e-08
4.21593713760376
5.154350280761719
4.774894714355469
-1.999999987845058e-08
2.1502878665924072
1.358703374862671
1.7991844415664673
1.999999987845058e-08
-2.60878586769104
-4.665892124176025
-4.833601951599121
-1.999999987845058e-08
-4.460187911987305
-7.304853916168213
-9.040184020996094
1.999999987845058e-08
-1.4830056428909302
-5.56648588180542
-8.274690628051758
-1.999999987845058e-08
3.1456618309020996
-2.52746844291687
-5.084453105926514
1.999999987845058e-08
6.438135623931885
1.3012933731079102
-1.172071099281311
-1.999999987845058e-08
7.3267998695373535
5.892263412475586
2.8693037033081055
1.999999987845058e-08
6.319435119628906
8.923742294311523
5.457372665405273
-1.999999987845058e-08
5.820250034332275
9.851865768432617
6.347191333770752
1.999999987845058e-08
7.6120285987854
10.48563289642334
7.3469367027282715
-1.999999987845058e-08
10.202387809753418
11.362939834594727
8.772887229919434
1.999999987845058e-08
11.110671997070312
12.520612716674805
8.52844524383545
-1.999999987845058e-08
10.356210708618164
14.205808639526367
5.825453281402588
1.999999987845058e-08
10.202387809753418
11.362939834594727
8.772887229919434
-1.999999987845058e-08
11.110671997070312
12.520612716674805
8.52844524383545
1.999999987845058e-08
10.356210708618164
14.205808639526367
5.825453281402588
-1.999999987845058e-08
9.296627044677734
14.009241104125977
2.2357819080352783
1.999999987845058e-08
8.463380813598633
10.041534423828125
-0.516776978969574
-1.999999987845058e-08
8.890435218811035
6.270689964294434
-0.3519652187824249
1.999999987845058e-08
11.011863708496094
5.7305474281311035
3.220950126647949
-1.999999987845058e-08
11.166260719299316
3.8603997230529785
5.067936420440674
1.999999987845058e-08
6.668729305267334
-1.6884337663650513
0.917504072189331
-1.999999987845058e-08
2.7877306938171387
-4.622147083282471
-3.781167507171631
1.999999987845058e-08
6.071234226226807
1.4637876749038696
0.4297487735748291
-1.999999987845058e-08
3.6347150802612305
-0.5089632272720337
-4.721102237701416
1.999999987845058e-08
-0.8317714929580688
-5.590256214141846
-7.1292195320129395
-1.999999987845058e-08
-5.96443510055542
-11.436594009399414
-6.790456771850586
1.999999987845058e-08
-8.800826072692871
-16.23257827758789
-5.3361053466796875
-1.999999987845058e-08
-7.019144535064697
-16.858882904052734
-1.7695112228393555
1.999999987845058e-08
-3.189884901046753
-14.057038307189941
2.4073550701141357
-1.999999987845058e-08
-2.0024502277374268
-12.035118103027344
2.041292428970337
1.999999987845058e-08
-3.1784937381744385
-10.397734642028809
-2.2492928504943848
-1.999999987845058e-08
-3.0628597736358643
-6.867846488952637
-3.652534008026123
1.999999987845058e-08
-3.1784937381744385
-10.397734642028809
-2.2492928504943848
-1.999999987845058e-08
-3.0628597736358643
-6.867846488952637
-3.652534008026123
1.999999987845058e-08
-1.2015684843063354
-4.2797441482543945
-0.11819016933441162
-1.999999987845058e-08
0.21078622341156006
-4.796513080596924
4.311767101287842
1.999999987845058e-08
1.1746350526809692
-4.763117790222168
7.903944492340088
-1.999999987845058e-08
2.9621877670288086
-2.326963424682617
11.386271476745605
1.999999987845058e-08
3.734450340270996
-0.9858816266059875
12.737074851989746
-1.999999987845058e-08
0.6864322423934937
-2.0690410137176514
9.798112869262695
1.999999987845058e-08
-4.536458969116211
-2.8233485221862793
4.563089847564697
-1.999999987845058e-08
-7.738219261169434
-2.307033061981201
0.28488191962242126
1.999999987845058e-08
-6.694714069366455
-1.9117017984390259
-2.307082414627075
-1.999999987845058e-08
-4.570322036743164
-2.547114610671997
-0.22270552814006805
1.999999987845058e-08
-0.7815837264060974
-3.5902483463287354
2.9513356685638428
-1.999999987845058e-08
3.9993536472320557
-3.1574196815490723
5.353572845458984
1.999999987845058e-08
7.5600152015686035
-0.696273684501648
7.033336162567139
-1.999999987845058e-08
6.5427398681640625
0.2083226442337036
7.246120929718018
1.999999987845058e-08
-0.328133761882782
-2.832451343536377
3.549466609954834
-1.999999987845058e-08
-7.415047645568848
-6.248582363128662
-1.948296308517456
1.999999987845058e-08
-8.391532897949219
-7.007806301116943
-3.6806342601776123
-1.999999987845058e-08
-5.81498384475708
-8.057642936706543
-1.0475412607192993
1.999999987845058e-08
-2.718376636505127
-9.138139724731445
9.578778266906738
-1.999999987845058e-08
0.25245732069015503
-3.158569097518921
13.526976585388184
1.999999987845058e-08
0.9568121433258057
1.2782059907913208
11.187348365783691
-1.999999987845058e-08
-2.396839141845703
0.7760316133499146
4.915053367614746
1.999999987845058e-08
-7.1763105392456055
-2.656130075454712
0.09939920157194138
-1.999999987845058e-08
-10.257450103759766
-7.1908793449401855
-2.3781511783599854
1.999999987845058e-08
-11.03249740600586
-10.871274948120117
-3.9854094982147217
-1.999999987845058e-08
-10.7089262008667
-11.40053939819336
-4.727524280548096
1.999999987845058e-08
-10.779911994934082
-10.383883476257324
-5.810064792633057
-1.999999987845058e-08
-12.45294189453125
-11.154241561889648
-9.922112464904785
1.999999987845058e-08
-12.45294189453125
-11.154241561889648
-9.922112464904785
-1.999999987845058e-08
-15.19940185546875
-13.6611909866333
-15.56303596496582
1.999999987845058e-08
-15.711437225341797
-16.057950973510742
-16.454303741455078
-1.999999987845058e-08
-11.620872497558594
-16.579198837280273
-9.597984313964844
1.999999987845058e-08
-5.552178859710693
-13.867398262023926
0.24265524744987488
-1.999999987845058e-08
-1.727950096130371
-10.210566520690918
6.697576522827148
1.999999987845058e-08
-1.3971949815750122
-10.110535621643066
7.518452167510986
-1.999999987845058e-08
-3.970674753189087
-12.776876449584961
3.659390687942505
1.999999987845058e-08
-7.636865139007568
-12.799489974975586
-1.078032374382019
-1.999999987845058e-08
-8.940279006958008
-10.084461212158203
-2.1825876235961914
1.999999987845058e-08
-4.119425296783447
-16.192663192749023
0.9823585748672485
-1.999999987845058e-08
-2.5018093585968018
-16.720115661621094
3.275623321533203
1.999999987845058e-08
-0.6667999625205994
-8.745808601379395
7.602517604827881
-1.999999987845058e-08
1.1371722221374512
-1.805646300315857
8.646327018737793
1.999999987845058e-08
2.189603805541992
-2.736790418624878
4.659910678863525
-1.999999987845058e-08
4.254566669464111
-4.984395980834961
3.0851027965545654
1.999999987845058e-08
7.305553436279297
-3.0477781295776367
6.914260387420654
-1.999999987845058e-08
7.747872352600098
-1.491123080253601
9.019758224487305
1.999999987845058e-08
4.761409282684326
-3.5712132453918457
6.0432963371276855
-1.999999987845058e-08
1.013656497001648
-6.405250549316406
2.4869582653045654
1.999999987845058e-08
7.747872352600098
-1.4911231994628906
9.019758224487305
-1.999999987845058e-08
4.761409282684326
-3.5712132453918457
6.0432963371276855
1.999999987845058e-08
1.013656497001648
-6.405250549316406
2.4869582653045654
-1.999999987845058e-08
-2.6596691608428955
-8.375663757324219
0.4737384617328644
1.999999987845058e-08
-5.998687744140625
-9.595574378967285
-0.5570532083511353
-1.999999987845058e-08
-6.787371635437012
-8.731986045837402
0.6162505149841309
1.999999987845058e-08
-4.722014427185059
-6.335198402404785
2.8203563690185547
-1.999999987845058e-08
-2.848742961883545
-4.896300792694092
1.978880524635315
1.999999987845058e-08
-2.7554385662078857
-3.3978230953216553
-1.677202582359314
-1.999999987845058e-08
-3.1293678283691406
-0.44798988103866577
-3.9849865436553955
1.999999987845058e-08
-3.6327342987060547
-0.7668958902359009
-4.626824855804443
-1.999999987845058e-08
-4.853195667266846
-7.064725875854492
-6.0454325675964355
1.999999987845058e-08
-5.223247051239014
-10.663532257080078
-6.746674537658691
-1.999999987845058e-08
-3.5450899600982666
-3.9913177490234375
-4.978634834289551
1.999999987845058e-08
-2.1476123332977295
4.661446571350098
-4.4366960525512695
-1.999999987845058e-08
-2.37738037109375
3.7406277656555176
-7.1284098625183105
1.999999987845058e-08
-0.6298009157180786
-1.9413421154022217
-6.893985748291016
-1.999999987845058e-08
5.664974212646484
0.6417275667190552
1.3074874877929688
1.999999987845058e-08
11.949399948120117
11.2213134765625
11.100390434265137
-1.999999987845058e-08
12.328625679016113
16.57598304748535
12.230524063110352
1.999999987845058e-08
7.976828575134277
5.280954360961914
3.1997673511505127
-1.999999987845058e-08
9.360519409179688
10.137133598327637
5.452918529510498
1.999999987845058e-08
4.895026683807373
5.931986331939697
2.3165669441223145
-1.999999987845058e-08
-3.729389190673828
-4.232078552246094
-3.1199777126312256
1.999999987845058e-08
-10.724885940551758
-7.448090076446533
-5.94440221786499
-1.999999987845058e-08
-15.468550682067871
-4.980340957641602
-8.949970245361328
1.999999987845058e-08
-21.650588989257812
-10.111549377441406
-17.42721939086914
-1.999999987845058e-08
-28.652372360229492
-22.84490203857422
-28.165056228637695
1.999999987845058e-08
-32.22747802734375
-28.93108367919922
-33.770816802978516
-1.999999987845058e-08
-31.475908279418945
-23.778244018554688
-34.05253601074219
1.999999987845058e-08
-27.380701065063477
-15.89911937713623
-32.48524856567383
-1.999999987845058e-08
-18.531494140625
-8.588375091552734
-27.3537540435791
1.999999987845058e-08
-6.198342323303223
1.0440759658813477
-17.63563346862793
-1.999999987845058e-08
2.9522907733917236
9.663616180419922
-9.23469352722168
1.999999987845058e-08
6.150790214538574
12.533020973205566
-5.637949466705322
-1.999999987845058e-08
8.033814430236816
12.893115043640137
-2.6421384811401367
1.999999987845058e-08
