0
-19.801712036132812
-17.03180503845215
-9.844137191772461
1.999999987845058e-08
-9.741612434387207
-11.541525840759277
-4.092134952545166
-1.999999987845058e-08
5.356621265411377
-1.9830849170684814
5.993870258331299
1.999999987845058e-08
14.276679992675781
3.092571973800659
11.6652193069458
-1.999999987845058e-08
10.478280067443848
1.2373862266540527
7.514337539672852
1.999999987845058e-08
-1.2509511709213257
-4.569036960601807
-3.7143516540527344
-1.999999987845058e-08
-12.094549179077148
-12.248974800109863
-15.429279327392578
1.999999987845058e-08
-19.450803756713867
-19.513397216796875
-22.87251853942871
-1.999999987845058e-08
-25.16790771484375
-23.71448516845703
-25.077260971069336
1.999999987845058e-08
-25.16790771484375
-23.71448516845703
-25.077260971069336
-1.999999987845058e-08
-28.103816986083984
-24.87729835510254
-23.9991397857666
1.999999987845058e-08
-24.215051651000977
-22.26888656616211
-20.964820861816406
-1.999999987845058e-08
-14.226716041564941
-13.623607635498047
-16.02069091796875
1.999999987845058e-08
-3.468649387359619
-2.036557912826538
-10.3043212890625
-1.999999987845058e-08
5.306848049163818
5.277031898498535
-5.235691547393799
1.999999987845058e-08
9.447041511535645
5.252761363983154
-2.782527446746826
-1.999999987845058e-08
4.607442855834961
-0.04968522861599922
-6.053269386291504
1.999999987845058e-08
-5.087495803833008
-6.666906833648682
-13.20382022857666
-1.999999987845058e-08
-6.232043743133545
-8.64350700378418
-14.130834579467773
1.999999987845058e-08
-6.232043743133545
-8.64350700378418
-14.130834579467773
-1.999999987845058e-08
6.753480911254883
-1.5995771884918213
-1.713192105293274
1.999999987845058e-08
22.705263137817383
9.155431747436523
15.819704055786133
-1.999999987845058e-08
28.678464889526367
13.232999801635742
23.98261070251465
1.999999987845058e-08
24.88288116455078
9.588493347167969
20.61028289794922
-1.999999987845058e-08
17.841209411621094
4.960696220397949
13.513537406921387
1.999999987845058e-08
10.10991382598877
1.4934676885604858
6.446422576904297
-1.999999987845058e-08
3.7384464740753174
-1.5957075357437134
0.248855859041214
1.999999987845058e-08
3.4559402465820312
-0.4179406464099884
-0.14877457916736603
-1.999999987845058e-08
9.813557624816895
6.871201992034912
7.856662750244141
1.999999987845058e-08
8.992237091064453
2.42147159576416
12.586602210998535
-1.999999987845058e-08
3.2497384548187256
-2.5327353477478027
8.075243949890137
1.999999987845058e-08
-6.213164329528809
-12.402449607849121
0.8681646585464478
-1.999999987845058e-08
-10.625329971313477
-18.02166748046875
-3.0452706813812256
1.999999987845058e-08
-4.688794136047363
-12.749161720275879
0.5735980272293091
-1.999999987845058e-08
6.865424633026123
0.2866289019584656
10.086118698120117
1.999999987845058e-08
18.6121768951416
14.811491966247559
22.567235946655273
-1.999999987845058e-08
27.509742736816406
24.214326858520508
32.476036071777344
1.999999987845058e-08
28.371654510498047
22.676334381103516
31.709684371948242
-1.999999987845058e-08
19.220165252685547
12.317456245422363
19.73381996154785
1.999999987845058e-08
8.162635803222656
2.781571865081787
6.7366743087768555
-1.999999987845058e-08
3.5797643661499023
-0.9057236909866333
1.100234866142273
1.999999987845058e-08
2.875572681427002
-1.967903733253479
1.1261672973632812
-1.999999987845058e-08
1.5864315032958984
-2.709044933319092
2.646146297454834
1.999999987845058e-08
3.1271567344665527
-2.0621097087860107
5.451988220214844
-1.999999987845058e-08
8.97829818725586
-1.374292016029358
8.785554885864258
1.999999987845058e-08
12.449918746948242
-2.2543187141418457
9.578662872314453
-1.999999987845058e-08
10.864570617675781
-1.5345439910888672
8.172318458557129
1.999999987845058e-08
10.712435722351074
2.9335949420928955
8.779839515686035
-1.999999987845058e-08
14.24542236328125
6.572031021118164
11.943079948425293
1.999999987845058e-08
14.444096565246582
4.686489105224609
13.208919525146484
-1.999999987845058e-08
8.810871124267578
-0.776017427444458
11.526577949523926
1.999999987845058e-08
5.812317371368408
-3.8775858879089355
12.26810073852539
-1.999999987845058e-08
12.65644645690918
0.2646614909172058
20.220205307006836
1.999999987845058e-08
23.935768127441406
9.694786071777344
32.07355880737305
-1.999999987845058e-08
26.251676559448242
13.446114540100098
36.29120635986328
1.999999987845058e-08
13.094386100769043
4.442744255065918
24.803741455078125
-1.999999987845058e-08
-6.915194988250732
-8.47134780883789
5.447468280792236
1.999999987845058e-08
-18.283918380737305
-12.867953300476074
-5.35459041595459
-1.999999987845058e-08
-13.76435661315918
-8.236512184143066
-1.2766762971878052
1.999999987845058e-08
-6.915194988250732
-8.47134780883789
5.447468280792236
-1.999999987845058e-08
-18.283918380737305
-12.867953300476074
-5.35459041595459
1.999999987845058e-08
-13.76435661315918
-8.236512184143066
-1.2766762971878052
-1.999999987845058e-08
0.6428894400596619
-0.08210277557373047
10.812259674072266
1.999999987845058e-08
13.340414047241211
8.25055980682373
21.615642547607422
-1.999999987845058e-08
17.132259368896484
12.680521965026855
25.32500457763672
1.999999987845058e-08
13.385808944702148
10.379436492919922
21.363279342651367
-1.999999987845058e-08
8.829826354980469
5.947341442108154
16.197093963623047
1.999999987845058e-08
8.100015640258789
6.090579986572266
17.079437255859375
-1.999999987845058e-08
8.629150390625
9.523294448852539
21.563873291015625
1.999999987845058e-08
10.115181922912598
11.95116138458252
28.762969970703125
-1.999999987845058e-08
14.195109367370605
10.607156753540039
34.01551818847656
1.999999987845058e-08
10.635599136352539
4.94512939453125
30.63814353942871
-1.999999987845058e-08
2.6735079288482666
-1.494776725769043
21.452573776245117
1.999999987845058e-08
-4.820231914520264
-8.08729362487793
12.86682415008545
-1.999999987845058e-08
-10.49743366241455
-14.157074928283691
7.516427516937256
1.999999987845058e-08
-11.084498405456543
-13.66663932800293
7.523184299468994
-1.999999987845058e-08
-2.6010899543762207
-4.950600624084473
13.225486755371094
1.999999987845058e-08
12.5430908203125
5.146317005157471
20.037973403930664
-1.999999987845058e-08
24.39190101623535
11.444374084472656
22.795604705810547
1.999999987845058e-08
24.39190101623535
11.444374084472656
22.795604705810547
-1.999999987845058e-08
25.361013412475586
13.76356029510498
21.296918869018555
1.999999987845058e-08
19.11374282836914
11.685346603393555
18.109025955200195
-1.999999987845058e-08
13.443771362304688
5.979918956756592
13.532929420471191
1.999999987845058e-08
11.0504150390625
2.962961196899414
8.5177583694458
-1.999999987845058e-08
11.576864242553711
6.856881141662598
6.425886631011963
1.999999987845058e-08
13.123988151550293
11.60591983795166
6.200835704803467
-1.999999987845058e-08
12.821770668029785
11.350780487060547
4.3291802406311035
1.999999987845058e-08
12.351909637451172
9.82518196105957
4.1139678955078125
-1.999999987845058e-08
15.831339836120605
10.456533432006836
9.796549797058105
1.999999987845058e-08
20.646833419799805
10.370684623718262
15.814181327819824
-1.999999987845058e-08
20.297300338745117
8.368525505065918
14.37736701965332
1.999999987845058e-08
15.676414489746094
7.170904636383057
8.37681770324707
-1.999999987845058e-08
13.627824783325195
7.582282543182373
6.773961544036865
1.999999987845058e-08
15.288177490234375
8.361723899841309
11.071826934814453
-1.999999987845058e-08
15.414505004882812
9.349587440490723
14.00314998626709
1.999999987845058e-08
12.238658905029297
9.478306770324707
10.163909912109375
-1.999999987845058e-08
9.597827911376953
7.075593948364258
3.069580078125
1.999999987845058e-08
8.790124893188477
3.962428092956543
-0.5285475850105286
-1.999999987845058e-08
5.254969596862793
1.7126796245574951
-1.3120012283325195
1.999999987845058e-08
-9.15263843536377
-6.526538848876953
-13.421823501586914
-1.999999987845058e-08
-8.029993057250977
-5.474896430969238
-17.590778350830078
1.999999987845058e-08
1.1662403345108032
2.9251794815063477
-12.805055618286133
-1.999999987845058e-08
12.484113693237305
11.831570625305176
-3.726618528366089
1.999999987845058e-08
15.589725494384766
14.239713668823242
-0.6062374711036682
-1.999999987845058e-08
7.162606716156006
10.196670532226562
-6.427977085113525
1.999999987845058e-08
-4.457456588745117
3.533708333969116
-15.30606746673584
-1.999999987845058e-08
-12.20386028289795
-2.9859249591827393
-23.019433975219727
1.999999987845058e-08
-17.18720817565918
-7.628804683685303
-28.8254451751709
-1.999999987845058e-08
-20.765396118164062
-9.667314529418945
-30.651290893554688
1.999999987845058e-08
-20.146652221679688
-8.362245559692383
-26.44097900390625
-1.999999987845058e-08
-13.475630760192871
-1.999489665031433
-17.257139205932617
1.999999987845058e-08
-4.185194492340088
6.4798126220703125
-7.60001277923584
-1.999999987845058e-08
1.7985738515853882
8.673583984375
-2.979696750640869
1.999999987845058e-08
0.7523841857910156
2.5438287258148193
-5.373024940490723
-1.999999987845058e-08
-7.2054338455200195
-4.663088321685791
-12.060779571533203
1.999999987845058e-08
-16.957048416137695
-8.343697547912598
-18.778501510620117
-1.999999987845058e-08
-21.06732177734375
-9.713019371032715
-22.48286247253418
1.999999987845058e-08
-17.870525360107422
-8.66187858581543
-21.99441909790039
-1.999999987845058e-08
-12.047982215881348
-4.182952880859375
-17.604074478149414
1.999999987845058e-08
-3.325178623199463
4.705796718597412
-8.614828109741211
-1.999999987845058e-08
-0.8476473093032837
8.640557289123535
-8.427968978881836
1.999999987845058e-08
0.38040581345558167
12.99150276184082
-8.219590187072754
-1.999999987845058e-08
-1.0643112659454346
11.689350128173828
-8.190673828125
1.999999987845058e-08
-4.670341491699219
4.916813373565674
-9.166173934936523
-1.999999987845058e-08
-5.751179218292236
2.173063278198242
-7.679957389831543
1.999999987845058e-08
-2.757932424545288
6.048237323760986
-2.5109195709228516
-1.999999987845058e-08
0.3857884109020233
10.454397201538086
2.454630136489868
1.999999987845058e-08
0.6845337748527527
13.244889259338379
4.236907482147217
-1.999999987845058e-08
-1.8676530122756958
13.94437313079834
1.9021323919296265
1.999999987845058e-08
-1.8676530122756958
13.94437313079834
1.9021323919296265
-1.999999987845058e-08
-6.118386268615723
8.233942985534668
-4.320540904998779
1.999999987845058e-08
-11.169681549072266
-3.022641658782959
-11.323084831237793
-1.999999987845058e-08
-15.616608619689941
-10.479469299316406
-14.93891716003418
1.999999987845058e-08
-16.210058212280273
-9.366304397583008
-13.96048641204834
-1.999999987845058e-08
-11.87636947631836
-4.7900519371032715
-10.065977096557617
1.999999987845058e-08
-6.625797271728516
-1.189300775527954
-5.038356781005859
-1.999999987845058e-08
-4.17511510848999
1.7319798469543457
-0.4065738320350647
1.999999987845058e-08
-3.7820560932159424
2.9657046794891357
1.4922362565994263
-1.999999987845058e-08
-4.108224868774414
1.2263323068618774
-0.48971402645111084
1.999999987845058e-08
-4.108224868774414
1.2263323068618774
-0.4897140562534332
-1.999999987845058e-08
-6.895936965942383
-1.602611780166626
-4.655663013458252
1.999999987845058e-08
-13.678646087646484
-5.152490615844727
-9.965779304504395
-1.999999987845058e-08
-22.353336334228516
-11.155951499938965
-17.68808364868164
1.999999987845058e-08
-27.686147689819336
-15.835992813110352
-24.706302642822266
-1.999999987845058e-08
-22.463329315185547
-11.492993354797363
-21.267459869384766
1.999999987845058e-08
-5.433133125305176
1.1332660913467407
-5.186154842376709
-1.999999987845058e-08
10.754467010498047
11.161739349365234
9.857049942016602
1.999999987845058e-08
13.141616821289062
11.692200660705566
12.29308795928955
-1.999999987845058e-08
4.913491249084473
6.4050116539001465
6.2058939933776855
1.999999987845058e-08
4.913491249084473
6.4050116539001465
6.2058939933776855
-1.999999987845058e-08
-4.763525009155273
-0.2946746051311493
-1.5996057987213135
1.999999987845058e-08
-13.762804985046387
-7.608553409576416
-10.1752347946167
-1.999999987845058e-08
-22.05890655517578
-13.535561561584473
-18.279861450195312
1.999999987845058e-08
-27.16837501525879
-16.344335556030273
-23.81184196472168
-1.999999987845058e-08
-25.442556381225586
-15.592916488647461
-24.32015609741211
1.999999987845058e-08
-15.125539779663086
-9.951058387756348
-16.332130432128906
-1.999999987845058e-08
-2.112637758255005
-2.433887004852295
-3.154561758041382
1.999999987845058e-08
2.563262939453125
-0.8311796188354492
3.8631162643432617
-1.999999987845058e-08
-4.394107818603516
-6.099652290344238
-0.6587340831756592
1.999999987845058e-08
-13.957569122314453
-10.869460105895996
-9.614399909973145
-1.999999987845058e-08
-17.31364631652832
-12.419321060180664
-15.438672065734863
1.999999987845058e-08
-15.49332332611084
-13.66736888885498
-17.89710807800293
-1.999999987845058e-08
-12.26053524017334
-13.342029571533203
-16.90117645263672
1.999999987845058e-08
-7.691005229949951
-10.179704666137695
-10.77268123626709
-1.999999987845058e-08
-1.6681939363479614
-8.629680633544922
-2.3842599391937256
1.999999987845058e-08
2.965161085128784
-10.29568099975586
2.9308269023895264
-1.999999987845058e-08
2.92453932762146
-11.578483581542969
3.1874122619628906
1.999999987845058e-08
-0.58353191614151
-11.311602592468262
-0.07206965237855911
-1.999999987845058e-08
-2.9769675731658936
-10.126516342163086
-3.5582072734832764
1.999999987845058e-08
-1.5695722103118896
-5.671627044677734
-3.3762338161468506
-1.999999987845058e-08
3.793687582015991
2.6275205612182617
2.0160930156707764
1.999999987845058e-08
10.616984367370605
8.276658058166504
9.180318832397461
-1.999999987845058e-08
14.057571411132812
6.255366802215576
13.600391387939453
1.999999987845058e-08
11.405694007873535
0.2996395528316498
13.979076385498047
-1.999999987845058e-08
2.456088066101074
-6.5870842933654785
8.430203437805176
1.999999987845058e-08
-12.129533767700195
-16.771255493164062
-5.223258018493652
-1.999999987845058e-08
-27.490129470825195
-27.827465057373047
-21.565200805664062
1.999999987845058e-08
-35.8487434387207
-33.39211654663086
-31.28392219543457
-1.999999987845058e-08
-34.82815933227539
-33.98609161376953
-32.92796325683594
1.999999987845058e-08
-29.206317901611328
-33.338233947753906
-31.051401138305664
-1.999999987845058e-08
-23.427371978759766
-30.27953338623047
-26.582048416137695
1.999999987845058e-08
-17.76055145263672
-24.28878402709961
-18.359926223754883
-1.999999987845058e-08
-12.61259937286377
-19.764875411987305
-9.959543228149414
1.999999987845058e-08
-11.093683242797852
-19.291288375854492
-6.914532661437988
-1.999999987845058e-08
-14.54281997680664
-21.139705657958984
-9.66569995880127
1.999999987845058e-08
-19.550146102905273
-24.07597541809082
-14.574104309082031
-1.999999987845058e-08
-21.047792434692383
-26.370037078857422
-17.8646183013916
1.999999987845058e-08
-14.847959518432617
-22.724205017089844
-14.692190170288086
-1.999999987845058e-08
-0.9545857906341553
-11.452055931091309
-2.669746160507202
1.999999987845058e-08
19.292919158935547
4.914927005767822
16.974889755249023
-1.999999987845058e-08
16.467426300048828
3.8475050926208496
13.446639060974121
1.999999987845058e-08
8.784087181091309
-0.5980252623558044
5.620023727416992
-1.999999987845058e-08
-0.542331337928772
-7.766380310058594
-2.8474249839782715
1.999999987845058e-08
-8.04050064086914
-14.496265411376953
-8.739904403686523
-1.999999987845058e-08
-8.285966873168945
-16.157184600830078
-8.32300853729248
1.999999987845058e-08
-0.30443695187568665
-13.157358169555664
-2.047650098800659
-1.999999987845058e-08
10.78305435180664
-7.3784332275390625
7.187127113342285
1.999999987845058e-08
21.685834884643555
2.9038143157958984
18.638416290283203
-1.999999987845058e-08
29.970623016357422
13.864964485168457
28.263301849365234
1.999999987845058e-08
30.93673324584961
16.28801727294922
29.075162887573242
-1.999999987845058e-08
24.019222259521484
11.311610221862793
22.117918014526367
1.999999987845058e-08
12.838895797729492
5.855762958526611
13.572561264038086
-1.999999987845058e-08
1.4647210836410522
-0.9207013845443726
5.920727729797363
1.999999987845058e-08
-3.720837116241455
-8.076106071472168
2.5321664810180664
-1.999999987845058e-08
1.0337215662002563
-7.315722942352295
7.466614723205566
1.999999987845058e-08
9.922501564025879
1.0066227912902832
15.571163177490234
-1.999999987845058e-08
13.9962158203125
5.10875129699707
16.908916473388672
1.999999987845058e-08
9.930110931396484
-0.5777591466903687
9.665169715881348
-1.999999987845058e-08
-0.7914503812789917
-10.733732223510742
-1.0803145170211792
1.999999987845058e-08
-13.287609100341797
-20.370033264160156
-10.343039512634277
-1.999999987845058e-08
-18.276569366455078
-26.036197662353516
-12.417885780334473
1.999999987845058e-08
-8.4983491897583
-21.45453643798828
-2.463270664215088
-1.999999987845058e-08
10.618345260620117
-6.086942195892334
14.682623863220215
1.999999987845058e-08
24.129026412963867
9.38543701171875
25.88955307006836
-1.999999987845058e-08
23.81928825378418
15.341899871826172
24.38248062133789
1.999999987845058e-08
14.269250869750977
11.877544403076172
14.491357803344727
-1.999999987845058e-08
4.082418918609619
3.550335645675659
2.5986945629119873
1.999999987845058e-08
-2.4180097579956055
-4.603463172912598
-7.263303279876709
-1.999999987845058e-08
-5.6688761711120605
-7.862067222595215
-11.641923904418945
1.999999987845058e-08
-5.6688761711120605
-7.862067222595215
-11.641923904418945
-1.999999987845058e-08
-6.114970684051514
-5.339745998382568
-8.99995231628418
1.999999987845058e-08
-2.606448173522949
0.06367436051368713
-2.091708183288574
-1.999999987845058e-08
3.663694143295288
6.337941646575928
4.2611918449401855
1.999999987845058e-08
7.971423625946045
11.225667953491211
6.792045593261719
-1.999999987845058e-08
4.801909923553467
8.639908790588379
3.2262566089630127
1.999999987845058e-08
-8.052007675170898
-3.834803819656372
-7.209811210632324
-1.999999987845058e-08
-24.6458683013916
-16.79541015625
-19.180089950561523
1.999999987845058e-08
-33.71751403808594
-19.62465476989746
-24.191457748413086
-1.999999987845058e-08
-29.165552139282227
-13.00314712524414
-19.16928482055664
1.999999987845058e-08
-29.165552139282227
-13.00314712524414
-19.16928482055664
-1.999999987845058e-08
-14.843526840209961
-2.999147891998291
-6.762338161468506
1.999999987845058e-08
0.2774091064929962
6.343063831329346
8.01043701171875
-1.999999987845058e-08
10.148658752441406
11.58877182006836
19.38681983947754
1.999999987845058e-08
13.28309440612793
11.655769348144531
24.182544708251953
-1.999999987845058e-08
8.682794570922852
9.166182518005371
22.580747604370117
1.999999987845058e-08
-0.5305925607681274
5.683614253997803
17.361146926879883
-1.999999987845058e-08
-5.142880916595459
1.4548989534378052
13.468023300170898
1.999999987845058e-08
-1.6182538270950317
0.16744044423103333
13.815566062927246
-1.999999987845058e-08
4.814626693725586
5.949520587921143
17.56108283996582
1.999999987845058e-08
30.83370018005371
36.32467269897461
28.626949310302734
-1.999999987845058e-08
26.398296356201172
30.239336013793945
24.20083999633789
1.999999987845058e-08
17.23948860168457
18.250558853149414
16.948198318481445
-1.999999987845058e-08
10.534948348999023
11.077832221984863
12.189736366271973
1.999999987845058e-08
10.393220901489258
9.920190811157227
11.843997955322266
-1.999999987845058e-08
14.188921928405762
10.962745666503906
14.856375694274902
1.999999987845058e-08
19.449682235717773
13.50164794921875
20.286970138549805
-1.999999987845058e-08
25.400619506835938
17.0174503326416
25.29741668701172
1.999999987845058e-08
27.856231689453125
19.19121742248535
25.064769744873047
-1.999999987845058e-08
22.775062561035156
18.838088989257812
18.117111206054688
1.999999987845058e-08
10.29006290435791
15.612665176391602
3.797285795211792
-1.999999987845058e-08
15.2015962600708
18.802978515625
6.717889308929443
1.999999987845058e-08
21.89920425415039
23.47783851623535
11.875293731689453
-1.999999987845058e-08
21.833410263061523
21.452951431274414
11.130426406860352
1.999999987845058e-08
14.250565528869629
11.105581283569336
4.42368745803833
-1.999999987845058e-08
4.734002590179443
0.7717647552490234
-2.4336819648742676
1.999999987845058e-08
-0.5982770323753357
-3.1146836280822754
-6.085758209228516
-1.999999987845058e-08
0.5347227454185486
-3.055072784423828
-6.140719413757324
1.999999987845058e-08
3.967965602874756
-3.4945499897003174
-3.5511295795440674
-1.999999987845058e-08
5.204625129699707
-3.9738311767578125
-1.3207197189331055
1.999999987845058e-08
-0.5982770323753357
-3.1146836280822754
-6.085758209228516
-1.999999987845058e-08
0.5347227454185486
-3.055072784423828
-6.140719413757324
1.999999987845058e-08
3.967965602874756
-3.4945499897003174
-3.5511295795440674
-1.999999987845058e-08
5.204625129699707
-3.9738311767578125
-1.3207197189331055
1.999999987845058e-08
6.39799690246582
-1.9252609014511108
-2.020448684692383
-1.999999987845058e-08
10.8229341506958
3.408289909362793
-3.864431381225586
1.999999987845058e-08
16.208314895629883
11.226885795593262
-2.4231488704681396
-1.999999987845058e-08
17.278182983398438
16.7850341796875
1.557118535041809
1.999999987845058e-08
13.239889144897461
13.877015113830566
2.4777023792266846
-1.999999987845058e-08
11.102705001831055
7.302120685577393
1.66252601146698
1.999999987845058e-08
15.294137954711914
8.09268569946289
5.0609612464904785
-1.999999987845058e-08
19.637496948242188
13.538849830627441
9.585119247436523
1.999999987845058e-08
18.78899383544922
13.203714370727539
9.016040802001953
-1.999999987845058e-08
16.739063262939453
9.25802230834961
6.41810417175293
1.999999987845058e-08
17.73439598083496
9.94476318359375
6.228945732116699
-1.999999987845058e-08
18.408952713012695
13.225736618041992
4.441442966461182
1.999999987845058e-08
13.599123001098633
13.107502937316895
-2.6308672428131104
-1.999999987845058e-08
5.8110880851745605
11.485944747924805
-9.575953483581543
1.999999987845058e-08
0.19592294096946716
10.228073120117188
-12.14159107208252
-1.999999987845058e-08
-4.796690464019775
4.40784215927124
-14.402769088745117
1.999999987845058e-08
4.648791313171387
10.889854431152344
-7.0682597160339355
-1.999999987845058e-08
3.485170602798462
14.344839096069336
-8.820123672485352
1.999999987845058e-08
0.7079384922981262
14.649250984191895
-6.851815223693848
-1.999999987845058e-08
-2.709444761276245
10.424500465393066
-4.581454277038574
1.999999987845058e-08
-5.798811435699463
4.161313056945801
-6.292125701904297
-1.999999987845058e-08
-6.694451332092285
1.5249353647232056
-10.638835906982422
1.999999987845058e-08
-4.379936695098877
2.6872494220733643
-13.43940258026123
-1.999999987845058e-08
-0.09014087915420532
4.574783802032471
-11.765945434570312
1.999999987845058e-08
3.0111968517303467
6.164458751678467
-7.3989338874816895
-1.999999987845058e-08
4.308160781860352
7.027891635894775
-4.761284828186035
1.999999987845058e-08
3.652555465698242
5.666769504547119
-7.084322929382324
-1.999999987845058e-08
-2.89817476272583
1.807453989982605
-14.705826759338379
1.999999987845058e-08
-14.158390045166016
-2.18284273147583
-22.85444450378418
-1.999999987845058e-08
-20.354867935180664
-4.248234748840332
-25.52623748779297
1.999999987845058e-08
-17.258384704589844
-4.114365577697754
-22.55293083190918
-1.999999987845058e-08
-12.062691688537598
-2.2346901893615723
-17.825836181640625
1.999999987845058e-08
-12.957780838012695
-1.9068726301193237
-15.47072696685791
-1.999999987845058e-08
-21.414714813232422
-7.9102654457092285
-19.36802864074707
1.999999987845058e-08
-31.742168426513672
-17.566497802734375
-27.57488441467285
-1.999999987845058e-08
-35.505401611328125
-21.081756591796875
-30.874082565307617
1.999999987845058e-08
-35.505401611328125
-21.081756591796875
-30.874082565307617
-1.999999987845058e-08
-30.401376724243164
-15.577309608459473
-25.12366485595703
1.999999987845058e-08
-21.637928009033203
-7.863646984100342
-16.501548767089844
-1.999999987845058e-08
-14.445694923400879
-2.47574782371521
-11.110780715942383
1.999999987845058e-08
-10.75461483001709
0.4746602177619934
-9.029709815979004
-1.999999987845058e-08
-9.383445739746094
0.33438318967819214
-7.3521013259887695
1.999999987845058e-08
-7.614329814910889
-1.167284607887268
-3.6672959327697754
-1.999999987845058e-08
-6.512822151184082
-1.0156553983688354
0.263571172952652
1.999999987845058e-08
-10.150422096252441
-2.3633244037628174
-1.0374069213867188
-1.999999987845058e-08
-17.845867156982422
-9.555753707885742
-9.075380325317383
1.999999987845058e-08
-22.586877822875977
-18.376068115234375
-17.472187042236328
-1.999999987845058e-08
-17.576213836669922
-13.900798797607422
-11.744945526123047
1.999999987845058e-08
-14.026914596557617
-10.454740524291992
-7.373462677001953
-1.999999987845058e-08
-12.992525100708008
-8.378131866455078
-6.05252742767334
1.999999987845058e-08
-12.125216484069824
-7.180904388427734
-4.389566898345947
-1.999999987845058e-08
-11.737582206726074
-9.33495807647705
-2.7180891036987305
1.999999987845058e-08
-12.43583869934082
-12.004112243652344
-2.9081950187683105
-1.999999987845058e-08
-12.035734176635742
-9.286800384521484
-3.410940170288086
1.999999987845058e-08
-9.248620986938477
-2.8749938011169434
-2.3874123096466064
-1.999999987845058e-08
-5.74317741394043
1.8460586071014404
0.26240265369415283
1.999999987845058e-08
-4.4481706619262695
3.343851089477539
3.066553831100464
-1.999999987845058e-08
-5.67994499206543
1.177820086479187
3.660503625869751
1.999999987845058e-08
-5.082590579986572
-3.3151113986968994
3.282867193222046
-1.999999987845058e-08
-0.5004650950431824
-4.636336326599121
5.576830863952637
1.999999987845058e-08
3.713346242904663
-1.087532639503479
9.335371017456055
-1.999999987845058e-08
4.3197126388549805
1.5239288806915283
10.288256645202637
1.999999987845058e-08
2.658003568649292
-0.13472162187099457
8.1509370803833
-1.999999987845058e-08
-0.8041105270385742
-3.0249340534210205
5.219459533691406
1.999999987845058e-08
-5.955476760864258
-5.970640182495117
1.949174404144287
-1.999999987845058e-08
-9.978832244873047
-10.71767520904541
-1.704977035522461
1.999999987845058e-08
-0.804110586643219
-3.0249342918395996
5.219459533691406
-1.999999987845058e-08
-5.955476760864258
-5.970640182495117
1.949174404144287
1.999999987845058e-08
-9.978832244873047
-10.71767520904541
-1.704977035522461
-1.999999987845058e-08
-11.04942512512207
-14.401384353637695
-3.765887975692749
1.999999987845058e-08
-9.390563011169434
-11.811996459960938
-1.7385412454605103
-1.999999987845058e-08
-5.229433059692383
-5.138644218444824
2.9871089458465576
1.999999987845058e-08
-0.11781786382198334
-0.6467875838279724
5.930047035217285
-1.999999987845058e-08
2.8885488510131836
1.6304688453674316
5.867846965789795
1.999999987845058e-08
0.013216447085142136
2.031095504760742
2.826122522354126
-1.999999987845058e-08
-9.88194751739502
-5.2290496826171875
-5.603499889373779
1.999999987845058e-08
-20.221162796020508
-18.331310272216797
-16.637392044067383
-1.999999987845058e-08
-23.439823150634766
-24.706485748291016
-22.52601432800293
1.999999987845058e-08
-21.157974243164062
-20.965065002441406
-22.60149574279785
-1.999999987845058e-08
-18.574254989624023
-15.704343795776367
-21.657093048095703
1.999999987845058e-08
-16.136934280395508
-12.92629337310791
-19.886140823364258
-1.999999987845058e-08
-13.194549560546875
-11.076906204223633
-15.849603652954102
1.999999987845058e-08
-12.392699241638184
-11.706679344177246
-13.273773193359375
-1.999999987845058e-08
-16.629831314086914
-15.966784477233887
-16.380592346191406
1.999999987845058e-08
-23.56365203857422
-19.642980575561523
-22.317855834960938
-1.999999987845058e-08
-26.38074493408203
-19.472633361816406
-25.075180053710938
1.999999987845058e-08
10.512652397155762
6.548811912536621
2.0090179443359375
-1.999999987845058e-08
20.739852905273438
15.404630661010742
11.877346992492676
1.999999987845058e-08
16.32000160217285
11.220427513122559
8.024530410766602
-1.999999987845058e-08
2.257481813430786
0.5185840725898743
-4.200967788696289
1.999999987845058e-08
-8.50297737121582
-5.561289310455322
-12.046451568603516
-1.999999987845058e-08
-8.32470703125
-4.021115779876709
-10.287847518920898
1.999999987845058e-08
-0.6205651164054871
2.2935593128204346
-2.974743604660034
-1.999999987845058e-08
7.968461513519287
9.808375358581543
5.057779788970947
1.999999987845058e-08
13.722599029541016
14.12810230255127
10.430660247802734
-1.999999987845058e-08
13.914740562438965
12.38479995727539
10.259679794311523
1.999999987845058e-08
9.793960571289062
7.267931938171387
6.606287002563477
-1.999999987845058e-08
8.0491361618042
3.3334720134735107
5.014474868774414
1.999999987845058e-08
11.021563529968262
1.5404069423675537
6.231871128082275
-1.999999987845058e-08
13.012127876281738
1.648848056793213
6.65310525894165
1.999999987845058e-08
9.737517356872559
3.0516276359558105
4.071774005889893
-1.999999987845058e-08
4.7259368896484375
2.720437526702881
-0.9121381044387817
1.999999987845058e-08
5.2992024421691895
1.4491673707962036
-4.300137042999268
-1.999999987845058e-08
12.859559059143066
5.369911193847656
-1.683141827583313
1.999999987845058e-08
19.312170028686523
12.609228134155273
4.677684783935547
-1.999999987845058e-08
16.56720733642578
11.960456848144531
7.648501396179199
1.999999987845058e-08
16.56720733642578
11.960456848144531
7.648501396179199
-1.999999987845058e-08
5.888684272766113
1.1532564163208008
4.556743144989014
1.999999987845058e-08
-4.172330379486084
-8.866469383239746
-0.40465232729911804
-1.999999987845058e-08
-6.459984302520752
-10.957188606262207
-2.241744041442871
1.999999987845058e-08
-1.1533653736114502
-7.82862663269043
0.3884401023387909
-1.999999987845058e-08
5.239803791046143
-2.8075149059295654
4.9386138916015625
1.999999987845058e-08
6.2671051025390625
1.1077296733856201
6.275716304779053
-1.999999987845058e-08
2.968799591064453
0.36269012093544006
2.5360023975372314
1.999999987845058e-08
1.55852210521698
-2.0013036727905273
-1.2111114263534546
-1.999999987845058e-08
2.6402699947357178
-0.5143503546714783
-0.8802217245101929
1.999999987845058e-08
2.6402699947357178
-0.514350414276123
-0.8802217841148376
-1.999999987845058e-08
2.0407865047454834
0.9424605965614319
0.7658779621124268
1.999999987845058e-08
0.8418697714805603
-3.3074591159820557
1.0507971048355103
-1.999999987845058e-08
3.5508217811584473
-7.025383949279785
3.0183730125427246
1.999999987845058e-08
10.008682250976562
-2.0427944660186768
9.830526351928711
-1.999999987845058e-08
15.686243057250977
5.745975017547607
17.993999481201172
1.999999987845058e-08
16.365205764770508
6.322206497192383
21.433765411376953
-1.999999987845058e-08
11.75769329071045
2.6683709621429443
19.697124481201172
1.999999987845058e-08
5.675074577331543
2.482680082321167
15.854945182800293
-1.999999987845058e-08
2.4808897972106934
4.3595075607299805
11.671989440917969
1.999999987845058e-08
10.765883445739746
3.3784866333007812
13.909161567687988
-1.999999987845058e-08
13.906189918518066
2.7435669898986816
17.49289321899414
1.999999987845058e-08
14.35316276550293
3.0225889682769775
20.764375686645508
-1.999999987845058e-08
11.772771835327148
4.408941268920898
22.28359031677246
1.999999987845058e-08
9.040304183959961
5.622505187988281
20.693574905395508
-1.999999987845058e-08
6.076341152191162
6.475119590759277
17.00900650024414
1.999999987845058e-08
0.5152407884597778
7.214663505554199
14.441539764404297
-1.999999987845058e-08
-5.905189037322998
5.6746978759765625
14.243141174316406
1.999999987845058e-08
-8.773691177368164
1.0182846784591675
13.85623550415039
-1.999999987845058e-08
-4.324645042419434
-0.2772506773471832
13.828179359436035
1.999999987845058e-08
7.980676651000977
7.528825283050537
19.053756713867188
-1.999999987845058e-08
20.73805809020996
17.166744232177734
27.532407760620117
1.999999987845058e-08
25.376476287841797
18.67104148864746
31.926910400390625
-1.999999987845058e-08
23.73418617248535
15.24616813659668
32.690433502197266
1.999999987845058e-08
21.953645706176758
14.563834190368652
33.912269592285156
-1.999999987845058e-08
19.938337326049805
16.039417266845703
33.44164276123047
1.999999987845058e-08
16.17992401123047
16.666013717651367
29.279542922973633
-1.999999987845058e-08
15.18606948852539
17.404787063598633
26.107929229736328
1.999999987845058e-08
20.431758880615234
18.545637130737305
27.469432830810547
-1.999999987845058e-08
25.487863540649414
18.442434310913086
29.771034240722656
1.999999987845058e-08
25.487863540649414
18.442434310913086
29.771034240722656
-1.999999987845058e-08
21.609683990478516
16.11838150024414
28.231464385986328
1.999999987845058e-08
7.983917713165283
8.091349601745605
20.424999237060547
-1.999999987845058e-08
-8.381193161010742
-7.470276832580566
6.750381946563721
1.999999987845058e-08
-16.612323760986328
-20.59723472595215
-4.618611812591553
-1.999999987845058e-08
-11.132840156555176
-20.85023307800293
-4.297429084777832
1.999999987845058e-08
1.686845302581787
-13.501232147216797
4.074542045593262
-1.999999987845058e-08
12.335651397705078
-7.462052822113037
10.045692443847656
1.999999987845058e-08
17.21284294128418
-1.918889045715332
10.877766609191895
-1.999999987845058e-08
16.296863555908203
3.097942352294922
8.536409378051758
1.999999987845058e-08
11.205615997314453
1.5945473909378052
3.1012072563171387
-1.999999987845058e-08
5.87534236907959
-6.5162248611450195
-3.785494089126587
1.999999987845058e-08
3.99314284324646
-12.807204246520996
-7.773043155670166
-1.999999987845058e-08
5.275374889373779
-12.229880332946777
-7.60191535949707
1.999999987845058e-08
6.498136043548584
-7.863749027252197
-5.891565799713135
-1.999999987845058e-08
7.182904243469238
-3.273993492126465
-3.434201240539551
1.999999987845058e-08
10.161602020263672
0.5764288306236267
0.6028745770454407
-1.999999987845058e-08
15.746501922607422
2.245408296585083
4.755046844482422
1.999999987845058e-08
18.930625915527344
1.2198694944381714
6.7407073974609375
-1.999999987845058e-08
14.080973625183105
-1.6604636907577515
4.646121025085449
1.999999987845058e-08
14.080973625183105
-1.660463809967041
4.646120548248291
-1.999999987845058e-08
2.54610276222229
-6.791460037231445
-3.0948562622070312
1.999999987845058e-08
-7.654539108276367
-12.505184173583984
-13.453045845031738
-1.999999987845058e-08
-10.566439628601074
-13.145113945007324
-19.04999542236328
1.999999987845058e-08
-7.732130527496338
-7.731098175048828
-17.798673629760742
-1.999999987845058e-08
-4.4341535568237305
-2.992849349975586
-15.282999992370605
1.999999987845058e-08
-2.3210959434509277
-1.679578423500061
-14.340299606323242
-1.999999987845058e-08
0.17496424913406372
-0.04449017345905304
-12.395580291748047
1.999999987845058e-08
1.3674900531768799
0.6267706155776978
-9.8851900100708
-1.999999987845058e-08
-1.3027338981628418
-3.604245185852051
-9.87570571899414
1.999999987845058e-08
-3.193432092666626
-3.611833333969116
-7.490030765533447
-1.999999987845058e-08
-0.012496513314545155
-0.897950291633606
-5.595876216888428
1.999999987845058e-08
3.5922961235046387
2.8843889236450195
-3.9770519733428955
-1.999999987845058e-08
3.958635091781616
5.137250900268555
-5.238550662994385
1.999999987845058e-08
-1.4596834182739258
1.5386781692504883
-10.979105949401855
-1.999999987845058e-08
-11.081673622131348
-5.667768955230713
-17.60858917236328
1.999999987845058e-08
-21.264413833618164
-13.198248863220215
-21.804235458374023
-1.999999987845058e-08
-27.724571228027344
-22.125364303588867
-24.105615615844727
1.999999987845058e-08
-27.083860397338867
-29.59160614013672
-23.80058479309082
-1.999999987845058e-08
-19.529830932617188
-27.65560531616211
-18.202491760253906
1.999999987845058e-08
-9.639951705932617
-16.724863052368164
-9.37960147857666
-1.999999987845058e-08
-1.7988632917404175
-5.428457260131836
-2.5504772663116455
1.999999987845058e-08
3.515882968902588
2.67806339263916
1.0286545753479004
-1.999999987845058e-08
3.9346351623535156
6.286748886108398
0.023738160729408264
1.999999987845058e-08
-5.925631046295166
-0.08028064668178558
-9.834474563598633
-1.999999987845058e-08
-22.412174224853516
-14.199673652648926
-25.01838493347168
1.999999987845058e-08
-31.20015525817871
-22.0458984375
-32.72404861450195
-1.999999987845058e-08
-23.47140121459961
-16.08903694152832
-26.49957275390625
1.999999987845058e-08
-5.752208709716797
-3.688141107559204
-13.0345458984375
-1.999999987845058e-08
9.407143592834473
7.22259521484375
-1.0718822479248047
1.999999987845058e-08
9.407143592834473
7.22259521484375
-1.0718822479248047
-1.999999987845058e-08
16.708171844482422
15.446752548217773
7.245371341705322
1.999999987845058e-08
16.40674591064453
18.103727340698242
11.006478309631348
-1.999999987845058e-08
8.205154418945312
12.296092987060547
7.338852882385254
1.999999987845058e-08
-4.4150896072387695
3.8202476501464844
-1.3368431329727173
-1.999999987845058e-08
-13.800507545471191
-1.2508881092071533
-7.998596668243408
1.999999987845058e-08
-14.965818405151367
-4.133605003356934
-9.152645111083984
-1.999999987845058e-08
-7.373428821563721
-3.9022908210754395
-4.361878395080566
1.999999987845058e-08
3.9756970405578613
2.1928296089172363
4.297913074493408
-1.999999987845058e-08
10.649476051330566
8.815114974975586
10.158662796020508
1.999999987845058e-08
9.2073335647583
8.902765274047852
8.064830780029297
-1.999999987845058e-08
0.7339953184127808
2.8400392532348633
-1.2239494323730469
1.999999987845058e-08
-12.669181823730469
-5.906257152557373
-13.562557220458984
-1.999999987845058e-08
-23.93526840209961
-13.703808784484863
-22.803070068359375
1.999999987845058e-08
-25.62212562561035
-15.293021202087402
-24.352943420410156
-1.999999987845058e-08
-18.252607345581055
-8.315085411071777
-18.592498779296875
1.999999987845058e-08
-6.769490718841553
2.330203056335449
-9.114701271057129
-1.999999987845058e-08
3.4424989223480225
9.599645614624023
-1.127645492553711
1.999999987845058e-08
6.869608402252197
11.596098899841309
1.2645787000656128
-1.999999987845058e-08
1.2495863437652588
8.840291023254395
-2.240934133529663
1.999999987845058e-08
-6.769490718841553
2.330203056335449
-9.114701271057129
-1.999999987845058e-08
3.4424989223480225
9.599645614624023
-1.127645492553711
1.999999987845058e-08
6.869608402252197
11.596098899841309
1.2645787000656128
-1.999999987845058e-08
1.2495863437652588
8.840291023254395
-2.240934133529663
1.999999987845058e-08
-8.724821090698242
1.073372721672058
-8.739141464233398
-1.999999987845058e-08
-13.325485229492188
-5.729602336883545
-11.976659774780273
1.999999987845058e-08
-9.096996307373047
-2.9429919719696045
-7.536631107330322
-1.999999987845058e-08
-3.900514602661133
5.308419704437256
-0.05940253660082817
1.999999987845058e-08
-3.354055404663086
7.908614635467529
4.573989391326904
-1.999999987845058e-08
-4.757211685180664
4.319376468658447
7.818840026855469
1.999999987845058e-08
-29.995054244995117
-21.395606994628906
-2.1297738552093506
-1.999999987845058e-08
-30.959138870239258
-20.564828872680664
-2.9444541931152344
1.999999987845058e-08
-24.071025848388672
-16.484027862548828
-0.7344504594802856
-1.999999987845058e-08
-10.952878952026367
-6.082634449005127
7.49525260925293
1.999999987845058e-08
-1.318769931793213
4.033784866333008
14.48942756652832
-1.999999987845058e-08
0.7201451063156128
6.719437122344971
14.230896949768066
1.999999987845058e-08
