0
-5.214865684509277
-1.7645665407180786
7.238257884979248
1.999999987845058e-08
3.560544013977051
-6.190020561218262
0.7565767765045166
-1.999999987845058e-08
8.404254913330078
-1.3265644311904907
2.8499817848205566
1.999999987845058e-08
3.6658775806427
6.068044185638428
7.483333110809326
-1.999999987845058e-08
-6.848685264587402
9.083433151245117
8.888834953308105
1.999999987845058e-08
-13.71865463256836
14.12894344329834
11.100988388061523
-1.999999987845058e-08
-13.57804012298584
27.279191970825195
18.314870834350586
1.999999987845058e-08
-8.739880561828613
36.07282257080078
22.017810821533203
-1.999999987845058e-08
-0.9563081860542297
24.896142959594727
12.00300407409668
1.999999987845058e-08
-0.9563082456588745
24.896142959594727
12.00300407409668
-1.999999987845058e-08
5.840476036071777
2.1811914443969727
-4.649954795837402
1.999999987845058e-08
5.373938083648682
-11.896382331848145
-14.142367362976074
-1.999999987845058e-08
-2.99298357963562
-11.673003196716309
-14.469932556152344
1.999999987845058e-08
-11.855974197387695
-1.8150107860565186
-9.483306884765625
-1.999999987845058e-08
-13.937560081481934
12.724169731140137
-1.480839490890503
1.999999987845058e-08
-9.709222793579102
22.527334213256836
3.003685712814331
-1.999999987845058e-08
-4.16074800491333
18.49591636657715
-3.4833052158355713
1.999999987845058e-08
-0.1343621164560318
3.951587438583374
-17.793298721313477
-1.999999987845058e-08
1.389013409614563
-10.163540840148926
-29.519437789916992
1.999999987845058e-08
1.389013409614563
-10.163540840148926
-29.519437789916992
-1.999999987845058e-08
0.37301838397979736
-17.35963249206543
-33.08161163330078
1.999999987845058e-08
-0.44112202525138855
-15.38875961303711
-29.13343620300293
-1.999999987845058e-08
1.286307692527771
-5.430757999420166
-21.37386131286621
1.999999987845058e-08
3.9038119316101074
3.142292022705078
-16.829862594604492
-1.999999987845058e-08
5.330282211303711
1.372430682182312
-19.47247314453125
1.999999987845058e-08
6.000153541564941
-5.816430568695068
-22.93194007873535
-1.999999987845058e-08
6.6852240562438965
-9.76445198059082
-20.440547943115234
1.999999987845058e-08
6.769896984100342
-10.518325805664062
-13.96093463897705
-1.999999987845058e-08
5.423229217529297
-6.697774410247803
-5.110476493835449
1.999999987845058e-08
3.140245199203491
3.78257417678833
5.526432037353516
-1.999999987845058e-08
0.9487642049789429
9.580790519714355
9.703187942504883
1.999999987845058e-08
-1.0523029565811157
1.3759307861328125
3.4024124145507812
-1.999999987845058e-08
-2.533512592315674
-8.057899475097656
-2.0221009254455566
1.999999987845058e-08
-1.575560212135315
-7.6077752113342285
0.027745136991143227
-1.999999987845058e-08
2.63421893119812
-9.935917854309082
-1.356370210647583
1.999999987845058e-08
6.908950328826904
-23.192432403564453
-10.484940528869629
-1.999999987845058e-08
8.18018913269043
-31.58553123474121
-13.858027458190918
1.999999987845058e-08
8.121896743774414
-25.39227294921875
-5.604988098144531
-1.999999987845058e-08
8.675150871276855
-14.939038276672363
4.058152198791504
1.999999987845058e-08
-3.1533868312835693
-6.065773963928223
5.729153633117676
-1.999999987845058e-08
2.093661308288574
1.1603264808654785
12.187311172485352
1.999999987845058e-08
10.70933723449707
-1.9143400192260742
10.218469619750977
-1.999999987845058e-08
14.6572847366333
-22.357816696166992
-5.590997695922852
1.999999987845058e-08
11.197318077087402
-42.506996154785156
-21.433847427368164
-1.999999987845058e-08
3.9902660846710205
-39.95787811279297
-19.224870681762695
1.999999987845058e-08
-1.9399856328964233
-17.85723114013672
-0.34561342000961304
-1.999999987845058e-08
-4.075746059417725
3.9492952823638916
19.29138946533203
1.999999987845058e-08
-3.840669870376587
17.782421112060547
31.879512786865234
-1.999999987845058e-08
-4.725636005401611
25.789886474609375
38.27190399169922
1.999999987845058e-08
-4.725636005401611
25.789886474609375
38.27190399169922
-1.999999987845058e-08
-7.277717113494873
23.618135452270508
35.61845397949219
1.999999987845058e-08
-6.932291507720947
9.034791946411133
22.587879180908203
-1.999999987845058e-08
-0.5015032887458801
-6.867317199707031
8.271005630493164
1.999999987845058e-08
7.855799198150635
-13.750687599182129
1.5952807664871216
-1.999999987845058e-08
12.099264144897461
-14.298057556152344
0.7948669791221619
1.999999987845058e-08
11.658082962036133
-13.767679214477539
1.9584197998046875
-1.999999987845058e-08
8.919422149658203
-11.829751968383789
6.17913818359375
1.999999987845058e-08
4.591867923736572
-6.19991397857666
14.639422416687012
-1.999999987845058e-08
-0.7657133936882019
5.310589790344238
25.66568374633789
1.999999987845058e-08
-0.7657134532928467
5.310589790344238
25.66568374633789
-1.999999987845058e-08
-5.500325679779053
20.108484268188477
34.80567932128906
1.999999987845058e-08
-7.565449237823486
28.245691299438477
36.234622955322266
-1.999999987845058e-08
-3.472188711166382
25.161497116088867
29.615480422973633
1.999999987845058e-08
8.375432014465332
17.130720138549805
20.65011978149414
-1.999999987845058e-08
22.94277572631836
5.585203647613525
10.389448165893555
1.999999987845058e-08
32.66804885864258
-15.99197769165039
-6.047830581665039
-1.999999987845058e-08
32.57316589355469
-39.77229690551758
-23.76436996459961
1.999999987845058e-08
20.818405151367188
-41.57781982421875
-25.46933364868164
-1.999999987845058e-08
2.442190408706665
-17.8127498626709
-7.845165729522705
1.999999987845058e-08
2.442190408706665
-17.8127498626709
-7.845165729522705
-1.999999987845058e-08
-10.279330253601074
3.028980016708374
8.157620429992676
1.999999987845058e-08
-9.788655281066895
2.7662627696990967
7.725572109222412
-1.999999987845058e-08
-2.1473498344421387
-6.767825126647949
-1.8795870542526245
1.999999987845058e-08
0.9604180455207825
-13.679122924804688
-11.675239562988281
-1.999999987845058e-08
-5.023444652557373
-16.914379119873047
-18.6651668548584
1.999999987845058e-08
-14.842599868774414
-11.471955299377441
-17.007606506347656
-1.999999987845058e-08
-19.38335418701172
3.3207390308380127
-6.338582515716553
1.999999987845058e-08
-14.035534858703613
12.305420875549316
0.8462700247764587
-1.999999987845058e-08
-3.492493152618408
3.3396458625793457
-4.404998302459717
1.999999987845058e-08
2.0870449542999268
-21.484481811523438
-19.729738235473633
-1.999999987845058e-08
-3.2733407020568848
-10.39452838897705
-15.54531192779541
1.999999987845058e-08
-8.111708641052246
6.116332530975342
-11.103421211242676
-1.999999987845058e-08
-10.809035301208496
11.946624755859375
-14.13780689239502
1.999999987845058e-08
-12.25544548034668
6.524728775024414
-22.288877487182617
-1.999999987845058e-08
-13.057994842529297
1.9935531616210938
-26.68869972229004
1.999999987845058e-08
-13.188987731933594
6.58754301071167
-22.484521865844727
-1.999999987845058e-08
-13.057384490966797
16.167573928833008
-13.998369216918945
1.999999987845058e-08
-11.806718826293945
21.57325553894043
-9.083903312683105
-1.999999987845058e-08
-6.874203205108643
19.62660026550293
-10.439823150634766
1.999999987845058e-08
1.0648701190948486
14.696452140808105
-14.314817428588867
-1.999999987845058e-08
6.592811107635498
12.929348945617676
-15.160433769226074
1.999999987845058e-08
6.999577045440674
15.127582550048828
-11.40129280090332
-1.999999987845058e-08
6.070984363555908
14.590973854064941
-8.103025436401367
1.999999987845058e-08
7.760817527770996
5.156965255737305
-11.724129676818848
-1.999999987845058e-08
11.440266609191895
-9.775099754333496
-21.696048736572266
1.999999987845058e-08
13.493049621582031
-21.42659568786621
-30.782772064208984
-1.999999987845058e-08
11.12431812286377
-27.77154541015625
-35.084049224853516
1.999999987845058e-08
5.685938835144043
-31.421537399291992
-36.308345794677734
-1.999999987845058e-08
0.8702414631843567
-27.69267463684082
-32.7990608215332
1.999999987845058e-08
0.37327948212623596
-5.007870197296143
-12.531611442565918
-1.999999987845058e-08
1.3429102897644043
-10.632610321044922
-13.615808486938477
1.999999987845058e-08
0.018045462667942047
-4.3883891105651855
-6.8587846755981445
-1.999999987845058e-08
-1.027329683303833
7.267693519592285
3.3941683769226074
1.999999987845058e-08
0.5090565085411072
10.889350891113281
7.282407760620117
-1.999999987845058e-08
1.7478810548782349
8.362752914428711
5.00558614730835
1.999999987845058e-08
-1.1528213024139404
9.094259262084961
3.401937484741211
-1.999999987845058e-08
-6.605691909790039
14.736783981323242
5.715890407562256
1.999999987845058e-08
-10.471311569213867
23.01103401184082
12.073270797729492
-1.999999987845058e-08
-10.690847396850586
31.482202529907227
19.393953323364258
1.999999987845058e-08
-2.0482277870178223
20.99118995666504
6.83817195892334
-1.999999987845058e-08
-0.7692357897758484
5.551690578460693
-7.32453727722168
1.999999987845058e-08
-4.502663612365723
-0.10772871226072311
-11.618391036987305
-1.999999987845058e-08
-7.740780353546143
4.429736614227295
-7.293034553527832
1.999999987845058e-08
-3.997340679168701
7.521965980529785
-4.272459983825684
-1.999999987845058e-08
5.545295715332031
1.9602872133255005
-6.499191761016846
1.999999987845058e-08
13.930387496948242
-7.873247146606445
-9.980206489562988
-1.999999987845058e-08
17.50453758239746
-13.619524002075195
-11.223257064819336
1.999999987845058e-08
15.883299827575684
-12.054180145263672
-10.479329109191895
-1.999999987845058e-08
8.234315872192383
-6.503317356109619
-9.320582389831543
1.999999987845058e-08
13.930387496948242
-7.873247146606445
-9.980206489562988
-1.999999987845058e-08
17.50453758239746
-13.619524002075195
-11.223257064819336
1.999999987845058e-08
15.883299827575684
-12.054180145263672
-10.479329109191895
-1.999999987845058e-08
8.234315872192383
-6.503317356109619
-9.320582389831543
1.999999987845058e-08
-3.3314151763916016
0.5164721012115479
-7.221963405609131
-1.999999987845058e-08
-12.567841529846191
10.60359001159668
-2.1900086402893066
1.999999987845058e-08
-13.963229179382324
17.960594177246094
1.0827999114990234
-1.999999987845058e-08
-6.344466686248779
8.520730018615723
-7.706820011138916
1.999999987845058e-08
6.0313720703125
-14.986740112304688
-25.769119262695312
-1.999999987845058e-08
16.034988403320312
-28.301876068115234
-34.51018142700195
1.999999987845058e-08
-5.368879318237305
5.167793273925781
1.6546002626419067
-1.999999987845058e-08
-8.995981216430664
18.961030960083008
10.862831115722656
1.999999987845058e-08
-7.663811683654785
24.227937698364258
10.591577529907227
-1.999999987845058e-08
-2.7505526542663574
16.692228317260742
-0.15880736708641052
1.999999987845058e-08
1.8271509408950806
9.852019309997559
-6.819375038146973
-1.999999987845058e-08
2.3702809810638428
10.833634376525879
-3.1262993812561035
1.999999987845058e-08
-0.6239929795265198
13.707412719726562
1.5661702156066895
-1.999999987845058e-08
-4.83896541595459
15.773636817932129
0.5511587858200073
1.999999987845058e-08
-9.106191635131836
18.32159996032715
-4.182888031005859
-1.999999987845058e-08
-12.941994667053223
20.35552978515625
-8.643051147460938
1.999999987845058e-08
-9.106191635131836
18.32159996032715
-4.182888031005859
-1.999999987845058e-08
-12.941994667053223
20.35552978515625
-8.643051147460938
1.999999987845058e-08
-16.16901206970215
23.734315872192383
-8.344890594482422
-1.999999987845058e-08
-17.30377197265625
28.879064559936523
-3.920944929122925
1.999999987845058e-08
-12.277060508728027
25.82598114013672
-5.371518611907959
-1.999999987845058e-08
-0.8812892436981201
11.078632354736328
-15.743366241455078
1.999999987845058e-08
7.766724586486816
2.1794381141662598
-20.825111389160156
-1.999999987845058e-08
5.329991817474365
11.927992820739746
-11.599967002868652
1.999999987845058e-08
-4.274078845977783
26.540271759033203
0.202053964138031
-1.999999987845058e-08
-11.797876358032227
30.502164840698242
3.5364327430725098
1.999999987845058e-08
-10.186861038208008
25.758848190307617
3.142652988433838
-1.999999987845058e-08
-2.324781894683838
19.763887405395508
-0.5156862735748291
1.999999987845058e-08
7.01659631729126
9.97690486907959
-8.091782569885254
-1.999999987845058e-08
13.006669998168945
1.320083498954773
-14.331027030944824
1.999999987845058e-08
11.737242698669434
-2.6234703063964844
-15.938089370727539
-1.999999987845058e-08
4.409117221832275
-0.971368134021759
-13.684845924377441
1.999999987845058e-08
-1.8169012069702148
1.5134786367416382
-11.845439910888672
-1.999999987845058e-08
-1.8104125261306763
-2.388375997543335
-14.221396446228027
1.999999987845058e-08
1.214919090270996
-9.760204315185547
-17.707992553710938
-1.999999987845058e-08
0.9800148010253906
-9.187047004699707
-15.309486389160156
1.999999987845058e-08
-3.9524593353271484
-0.38973188400268555
-8.21484661102295
-1.999999987845058e-08
-9.369828224182129
4.034366130828857
-5.172089099884033
1.999999987845058e-08
-10.84566879272461
2.2845699787139893
-6.182285785675049
-1.999999987845058e-08
-8.092307090759277
4.486416816711426
-3.4121809005737305
1.999999987845058e-08
-3.760118007659912
8.23045825958252
0.7050331830978394
-1.999999987845058e-08
-0.7607300281524658
3.6035964488983154
-1.5398184061050415
1.999999987845058e-08
0.23593305051326752
-2.1830058097839355
-4.454995155334473
-1.999999987845058e-08
1.6534233093261719
4.123703479766846
1.9687473773956299
1.999999987845058e-08
4.276118755340576
15.261932373046875
11.806205749511719
-1.999999987845058e-08
5.014585494995117
14.32675838470459
11.561981201171875
1.999999987845058e-08
2.066873788833618
-6.763641834259033
-12.229700088500977
-1.999999987845058e-08
5.356208324432373
-8.672855377197266
-16.299259185791016
1.999999987845058e-08
8.356390953063965
-13.324613571166992
-20.229520797729492
-1.999999987845058e-08
9.950865745544434
-19.100893020629883
-22.182695388793945
1.999999987845058e-08
10.138587951660156
-25.13503646850586
-22.522645950317383
-1.999999987845058e-08
9.072205543518066
-28.55275535583496
-21.51232147216797
1.999999987845058e-08
6.86126708984375
-29.582754135131836
-21.190425872802734
-1.999999987845058e-08
2.9337077140808105
-31.448152542114258
-23.72599220275879
1.999999987845058e-08
-3.301123857498169
-29.43085479736328
-24.05591583251953
-1.999999987845058e-08
-10.907949447631836
-16.719932556152344
-16.083166122436523
1.999999987845058e-08
6.86126708984375
-29.582754135131836
-21.190425872802734
-1.999999987845058e-08
2.9337077140808105
-31.448152542114258
-23.72599220275879
1.999999987845058e-08
-3.301123857498169
-29.43085479736328
-24.05591583251953
-1.999999987845058e-08
-10.907949447631836
-16.719932556152344
-16.083166122436523
1.999999987845058e-08
-17.234525680541992
0.053018469363451004
-4.744181156158447
-1.999999987845058e-08
-18.322633743286133
8.680004119873047
0.570013701915741
1.999999987845058e-08
-11.73214340209961
8.724534034729004
-0.1527654379606247
-1.999999987845058e-08
-0.9157631993293762
6.5703020095825195
-1.2943230867385864
1.999999987845058e-08
6.035830497741699
3.979125499725342
-1.0817477703094482
-1.999999987845058e-08
5.446123123168945
1.3280653953552246
0.184958353638649
1.999999987845058e-08
20.293411254882812
-20.654190063476562
-6.173810005187988
-1.999999987845058e-08
12.70461368560791
-22.3481502532959
-5.231324672698975
1.999999987845058e-08
-1.5661168098449707
-11.4948091506958
7.043364524841309
-1.999999987845058e-08
-10.907506942749023
9.537620544433594
25.984712600708008
1.999999987845058e-08
-6.525515556335449
25.392242431640625
38.054595947265625
-1.999999987845058e-08
7.281346797943115
23.545276641845703
34.7020378112793
1.999999987845058e-08
18.739805221557617
9.34974193572998
21.773971557617188
-1.999999987845058e-08
21.216136932373047
-6.687216758728027
8.205464363098145
1.999999987845058e-08
16.158124923706055
-21.44227409362793
-3.384474754333496
-1.999999987845058e-08
7.5965495109558105
-29.64031410217285
-8.966766357421875
1.999999987845058e-08
21.216136932373047
-6.6872172355651855
8.205464363098145
-1.999999987845058e-08
16.158124923706055
-21.44227409362793
-3.384474754333496
1.999999987845058e-08
7.5965495109558105
-29.64031410217285
-8.966766357421875
-1.999999987845058e-08
-1.0020134449005127
-23.231706619262695
-2.965604782104492
1.999999987845058e-08
-6.445083141326904
-8.535515785217285
8.601669311523438
-1.999999987845058e-08
-7.764472961425781
-2.0388994216918945
12.865066528320312
1.999999987845058e-08
-7.362833023071289
-7.027591228485107
8.786091804504395
-1.999999987845058e-08
-6.238619327545166
-15.75313949584961
3.6139259338378906
1.999999987845058e-08
-2.7923691272735596
-25.14581298828125
-0.5177885890007019
-1.999999987845058e-08
0.8807815909385681
-30.255550384521484
-0.7797598242759705
1.999999987845058e-08
-7.29209041595459
-3.958179235458374
23.142013549804688
-1.999999987845058e-08
-14.100855827331543
8.056977272033691
31.400346755981445
1.999999987845058e-08
-15.519469261169434
8.150506019592285
29.68593406677246
-1.999999987845058e-08
-11.448145866394043
4.654398441314697
25.10619354248047
1.999999987845058e-08
-6.2653913497924805
5.165713787078857
24.049434661865234
-1.999999987845058e-08
-2.8619375228881836
7.6983137130737305
25.077503204345703
1.999999987845058e-08
-1.7699090242385864
8.861689567565918
25.33989715576172
-1.999999987845058e-08
-4.923847198486328
11.64135456085205
27.375219345092773
1.999999987845058e-08
-12.33466911315918
19.4454345703125
33.5455207824707
-1.999999987845058e-08
-17.71120834350586
31.013853073120117
41.5017204284668
1.999999987845058e-08
-17.71120834350586
31.013853073120117
41.5017204284668
-1.999999987845058e-08
-14.890827178955078
42.92223358154297
48.46278381347656
1.999999987845058e-08
-5.700979709625244
48.717384338378906
51.29518508911133
-1.999999987845058e-08
2.8298733234405518
42.574825286865234
46.476348876953125
1.999999987845058e-08
6.359431743621826
28.877832412719727
36.39431381225586
-1.999999987845058e-08
5.702200889587402
15.488066673278809
26.0086727142334
1.999999987845058e-08
3.01585054397583
2.385591745376587
14.779275894165039
-1.999999987845058e-08
-1.3238074779510498
-9.231274604797363
3.0755152702331543
1.999999987845058e-08
-6.69277286529541
-11.242291450500488
-2.880930185317993
-1.999999987845058e-08
-9.932990074157715
-4.978957653045654
-2.736788511276245
1.999999987845058e-08
-8.361039161682129
-3.8835983276367188
-5.361826419830322
-1.999999987845058e-08
-2.7554144859313965
-13.210695266723633
-15.07217788696289
1.999999987845058e-08
3.362994909286499
-25.885507583618164
-26.906349182128906
-1.999999987845058e-08
5.020321846008301
-34.991676330566406
-34.53181838989258
1.999999987845058e-08
0.11801760643720627
-36.19186782836914
-34.87739944458008
-1.999999987845058e-08
-6.598859786987305
-27.14404296875
-29.163835525512695
1.999999987845058e-08
-9.36073112487793
-11.612404823303223
-21.784297943115234
-1.999999987845058e-08
-8.70224666595459
4.032899856567383
-14.810224533081055
1.999999987845058e-08
-7.39595890045166
17.86838150024414
-6.180457592010498
-1.999999987845058e-08
-3.9439077377319336
26.42268180847168
1.8177661895751953
1.999999987845058e-08
-7.39595890045166
17.86838150024414
-6.180457592010498
-1.999999987845058e-08
-3.9439077377319336
26.42268180847168
1.8177661895751953
1.999999987845058e-08
3.9708707332611084
18.498991012573242
-1.034336805343628
-1.999999987845058e-08
12.355111122131348
-7.187170505523682
-16.909809112548828
1.999999987845058e-08
12.480021476745605
-28.59383773803711
-29.707809448242188
-1.999999987845058e-08
2.123061180114746
-27.77808952331543
-26.617551803588867
1.999999987845058e-08
-9.22974681854248
-14.87440013885498
-16.030376434326172
-1.999999987845058e-08
-12.193557739257812
-3.597522735595703
-8.372560501098633
1.999999987845058e-08
-8.253686904907227
8.360795974731445
-1.1098586320877075
-1.999999987845058e-08
-3.4419007301330566
18.566810607910156
5.21563720703125
1.999999987845058e-08
3.406440496444702
13.685312271118164
10.265412330627441
-1.999999987845058e-08
7.279610633850098
11.680039405822754
11.19422721862793
1.999999987845058e-08
10.855501174926758
2.7053720951080322
6.244022369384766
-1.999999987845058e-08
10.94017219543457
-5.384847640991211
1.4652099609375
1.999999987845058e-08
7.275811195373535
-12.769967079162598
-2.956679105758667
-1.999999987845058e-08
1.964095950126648
-17.180116653442383
-4.656503200531006
1.999999987845058e-08
-1.242587685585022
-15.31506633758545
-1.9761512279510498
-1.999999987845058e-08
-0.35272926092147827
-14.483809471130371
-2.4073402881622314
1.999999987845058e-08
0.3945641815662384
-17.050745010375977
-7.026615142822266
-1.999999987845058e-08
-4.547832012176514
-11.673890113830566
-4.015252590179443
1.999999987845058e-08
-4.547832012176514
-11.673890113830566
-4.015252590179443
-1.999999987845058e-08
-13.009557723999023
0.8752730488777161
6.574779987335205
1.999999987845058e-08
-17.428279876708984
3.5438642501831055
8.300172805786133
-1.999999987845058e-08
-13.509478569030762
-6.617672920227051
-3.373850107192993
1.999999987845058e-08
-3.28290057182312
-16.42658042907715
-15.523255348205566
-1.999999987845058e-08
5.585574626922607
-20.681745529174805
-19.274654388427734
1.999999987845058e-08
5.812621116638184
-21.424907684326172
-15.525036811828613
-1.999999987845058e-08
0.1420430690050125
-17.818782806396484
-7.811458110809326
1.999999987845058e-08
-1.8264882564544678
-13.943497657775879
-2.4966137409210205
-1.999999987845058e-08
2.3628029823303223
-17.201692581176758
-4.472140789031982
1.999999987845058e-08
6.026169300079346
-21.770057678222656
-7.509325981140137
-1.999999987845058e-08
3.7231695652008057
-13.993274688720703
-0.841162919998169
1.999999987845058e-08
-3.6880455017089844
4.281644821166992
13.571311950683594
-1.999999987845058e-08
-10.808243751525879
16.510128021240234
22.024595260620117
1.999999987845058e-08
-11.721501350402832
15.090425491333008
18.021076202392578
-1.999999987845058e-08
-5.21638822555542
5.759769916534424
7.648792266845703
1.999999987845058e-08
4.51213264465332
-6.399464130401611
-1.7850202322006226
-1.999999987845058e-08
11.403303146362305
-15.905757904052734
-4.796326160430908
1.999999987845058e-08
11.20814037322998
-14.077317237854004
2.4873578548431396
-1.999999987845058e-08
4.932655334472656
-3.737835645675659
13.73680591583252
1.999999987845058e-08
-1.402416467666626
0.19763599336147308
15.683076858520508
-1.999999987845058e-08
-2.961904287338257
-5.429062366485596
7.53203010559082
1.999999987845058e-08
-1.86892831325531
-4.966857433319092
4.958734512329102
-1.999999987845058e-08
-3.0538978576660156
11.61257553100586
18.146041870117188
1.999999987845058e-08
-4.169928073883057
30.94485855102539
35.26169204711914
-1.999999987845058e-08
2.117159605026245
32.36776351928711
36.75660705566406
1.999999987845058e-08
16.120403289794922
12.639244079589844
19.690706253051758
-1.999999987845058e-08
31.069412231445312
-15.217378616333008
-2.460082530975342
1.999999987845058e-08
40.341087341308594
-36.549774169921875
-15.852481842041016
-1.999999987845058e-08
38.970611572265625
-40.7564811706543
-14.040797233581543
1.999999987845058e-08
38.970611572265625
-40.7564811706543
-14.040797233581543
-1.999999987845058e-08
26.822853088378906
-26.523771286010742
-0.44142866134643555
1.999999987845058e-08
11.344759941101074
-5.322581768035889
13.280076026916504
-1.999999987845058e-08
0.6178920269012451
7.945377349853516
16.708908081054688
1.999999987845058e-08
-3.49768328666687
6.1090192794799805
7.936385154724121
-1.999999987845058e-08
-3.219155788421631
-6.262305736541748
-6.2578301429748535
1.999999987845058e-08
-1.0961039066314697
-16.34477996826172
-15.391278266906738
-1.999999987845058e-08
0.011625583283603191
-16.378969192504883
-14.891579627990723
1.999999987845058e-08
-2.0526986122131348
-11.955414772033691
-10.550677299499512
-1.999999987845058e-08
-5.15116548538208
-11.921259880065918
-10.863569259643555
1.999999987845058e-08
-4.4471821784973145
-26.712940216064453
-28.948530197143555
-1.999999987845058e-08
-10.088468551635742
-18.214757919311523
-22.04411506652832
1.999999987845058e-08
-13.834955215454102
-2.7753756046295166
-10.710897445678711
-1.999999987845058e-08
-12.981738090515137
3.1545777320861816
-8.185693740844727
1.999999987845058e-08
-10.504059791564941
-5.6156158447265625
-17.40546989440918
-1.999999987845058e-08
-9.471439361572266
-11.726113319396973
-24.53924560546875
1.999999987845058e-08
-9.208589553833008
-2.4469106197357178
-19.635173797607422
-1.999999987845058e-08
-6.3377461433410645
11.70596694946289
-9.530595779418945
1.999999987845058e-08
1.8397797346115112
15.570510864257812
-4.673943996429443
-1.999999987845058e-08
12.811758995056152
8.331080436706543
-5.644277572631836
1.999999987845058e-08
19.419649124145508
-1.8708115816116333
-6.804758071899414
-1.999999987845058e-08
18.967735290527344
-10.481834411621094
-6.857588291168213
1.999999987845058e-08
15.475290298461914
-15.968164443969727
-8.020674705505371
-1.999999987845058e-08
10.885096549987793
-15.209235191345215
-8.687921524047852
1.999999987845058e-08
3.689915180206299
-9.271408081054688
-6.87165641784668
-1.999999987845058e-08
-4.092458724975586
-5.978466510772705
-5.809150218963623
1.999999987845058e-08
-7.56143856048584
-11.03989315032959
-9.840158462524414
-1.999999987845058e-08
-7.12306547164917
-21.550079345703125
-18.36890983581543
1.999999987845058e-08
-9.675983428955078
-26.876249313354492
-23.93840980529785
-1.999999987845058e-08
-18.18275260925293
-15.789813041687012
-17.116220474243164
1.999999987845058e-08
-18.18275260925293
-15.789813041687012
-17.116220474243164
-1.999999987845058e-08
-25.60308265686035
10.149382591247559
1.8172647953033447
1.999999987845058e-08
-24.787864685058594
33.97944641113281
20.160615921020508
-1.999999987845058e-08
-16.579578399658203
41.135986328125
26.304521560668945
1.999999987845058e-08
-4.765665054321289
32.45820617675781
19.841012954711914
-1.999999987845058e-08
5.477987766265869
17.19933319091797
7.442696571350098
1.999999987845058e-08
7.1809258460998535
4.236193656921387
-3.5411083698272705
-1.999999987845058e-08
0.7501992583274841
-2.026996374130249
-9.194424629211426
1.999999987845058e-08
-4.729389667510986
-4.810747146606445
-11.340888023376465
-1.999999987845058e-08
-4.115565299987793
-9.136800765991211
-13.189035415649414
1.999999987845058e-08
-4.115565776824951
-9.136800765991211
-13.189035415649414
-1.999999987845058e-08
-0.002540209563449025
-13.084765434265137
-14.305243492126465
1.999999987845058e-08
4.7478837966918945
-11.59235954284668
-12.822122573852539
-1.999999987845058e-08
8.662460327148438
-4.991021633148193
-8.53997802734375
1.999999987845058e-08
8.083998680114746
5.545398712158203
0.44478052854537964
-1.999999987845058e-08
0.8985278010368347
24.543169021606445
18.444854736328125
1.999999987845058e-08
-7.095393657684326
47.46006393432617
39.5612907409668
-1.999999987845058e-08
-7.862273693084717
53.8373908996582
46.02013397216797
1.999999987845058e-08
-2.024268388748169
37.710506439208984
33.61550521850586
-1.999999987845058e-08
1.8894996643066406
23.52733612060547
22.249767303466797
1.999999987845058e-08
-16.232425689697266
58.05282211303711
44.30058288574219
-1.999999987845058e-08
-16.617551803588867
55.303951263427734
38.98343276977539
1.999999987845058e-08
-14.369093894958496
48.016666412353516
30.099332809448242
-1.999999987845058e-08
-13.273332595825195
38.82483673095703
20.0463809967041
1.999999987845058e-08
-12.966435432434082
28.961183547973633
10.570059776306152
-1.999999987845058e-08
-10.886961936950684
19.748571395874023
3.014063835144043
1.999999987845058e-08
-8.184709548950195
12.81261157989502
-2.634946823120117
-1.999999987845058e-08
-7.871038436889648
11.208882331848145
-4.987485885620117
1.999999987845058e-08
-9.629960060119629
15.487824440002441
-2.6770222187042236
-1.999999987845058e-08
-9.888602256774902
20.064672470092773
1.1221717596054077
1.999999987845058e-08
-3.2826850414276123
16.186830520629883
-0.942148745059967
-1.999999987845058e-08
11.329475402832031
2.9776971340179443
-10.614416122436523
1.999999987845058e-08
24.857826232910156
-8.862793922424316
-19.349544525146484
-1.999999987845058e-08
27.300312042236328
-12.571334838867188
-21.51591682434082
1.999999987845058e-08
18.998083114624023
-9.917305946350098
-19.079275131225586
-1.999999987845058e-08
6.92954158782959
-0.3015601933002472
-11.862215995788574
1.999999987845058e-08
-2.3824822902679443
13.501019477844238
-1.3616292476654053
-1.999999987845058e-08
-4.715528964996338
18.390853881835938
3.0195510387420654
1.999999987845058e-08
0.6536121964454651
6.691610336303711
-4.444616794586182
-1.999999987845058e-08
8.62861156463623
-12.108266830444336
-16.867277145385742
1.999999987845058e-08
8.62861156463623
-12.108266830444336
-16.867277145385742
-1.999999987845058e-08
10.314403533935547
-23.27899742126465
-24.224048614501953
1.999999987845058e-08
1.9737545251846313
-20.94708251953125
-23.626218795776367
-1.999999987845058e-08
-9.292734146118164
-9.442554473876953
-18.06925392150879
1.999999987845058e-08
-12.194416999816895
-0.5441882610321045
-13.858832359313965
-1.999999987845058e-08
-4.393409252166748
-3.8283514976501465
-16.434629440307617
1.999999987845058e-08
4.014871597290039
-12.406307220458984
-21.539758682250977
-1.999999987845058e-08
3.5832388401031494
-11.389827728271484
-19.520448684692383
1.999999987845058e-08
-2.5337331295013428
-1.5161703824996948
-10.804394721984863
-1.999999987845058e-08
-4.8778462409973145
4.471590518951416
-4.504426956176758
1.999999987845058e-08
-4.8778462409973145
4.471590518951416
-4.504426956176758
-1.999999987845058e-08
-1.194743275642395
4.512028694152832
-3.4189741611480713
1.999999987845058e-08
3.139065742492676
4.806037425994873
-4.130605220794678
-1.999999987845058e-08
5.156630039215088
3.142458915710449
-7.164032459259033
1.999999987845058e-08
6.920910358428955
-4.434731483459473
-13.531407356262207
-1.999999987845058e-08
9.888532638549805
-12.141694068908691
-18.80800437927246
1.999999987845058e-08
12.276571273803711
-15.883099555969238
-21.164749145507812
-1.999999987845058e-08
10.685807228088379
-19.08200454711914
-23.170202255249023
1.999999987845058e-08
3.38873291015625
-19.66242790222168
-21.67337989807129
-1.999999987845058e-08
-6.234866619110107
-12.93049430847168
-12.433075904846191
1.999999987845058e-08
-10.871173858642578
-2.1717610359191895
5.418968677520752
-1.999999987845058e-08
-5.11652135848999
-3.4337472915649414
7.6928558349609375
1.999999987845058e-08
1.005104660987854
-4.58089017868042
8.96197509765625
-1.999999987845058e-08
3.8278377056121826
-2.8190276622772217
12.002174377441406
1.999999987845058e-08
5.020639896392822
4.132373332977295
18.178800582885742
-1.999999987845058e-08
9.151588439941406
11.683772087097168
23.156185150146484
1.999999987845058e-08
15.798651695251465
9.571467399597168
20.082597732543945
-1.999999987845058e-08
21.148771286010742
-4.765015125274658
8.7944974899292
1.999999987845058e-08
22.5562801361084
-19.421266555786133
-1.8564144372940063
-1.999999987845058e-08
17.713775634765625
-20.615346908569336
-2.5168755054473877
1.999999987845058e-08
5.678555965423584
-3.77398419380188
12.008965492248535
-1.999999987845058e-08
12.784326553344727
-9.115898132324219
9.088419914245605
1.999999987845058e-08
21.545291900634766
-21.102882385253906
-0.1712946742773056
-1.999999987845058e-08
22.68668556213379
-29.608524322509766
-7.416187763214111
1.999999987845058e-08
17.014663696289062
-27.464689254760742
-5.480961799621582
-1.999999987845058e-08
8.919615745544434
-12.377079010009766
8.13187313079834
1.999999987845058e-08
0.7201088666915894
9.800673484802246
27.270214080810547
-1.999999987845058e-08
-4.860450744628906
25.937746047973633
38.8110237121582
1.999999987845058e-08
-4.580584526062012
25.196073532104492
33.69477081298828
-1.999999987845058e-08
0.649563729763031
9.23751449584961
16.689083099365234
1.999999987845058e-08
4.8626790046691895
-6.736279487609863
3.171572685241699
-1.999999987845058e-08
3.040541172027588
-7.727588176727295
3.7182605266571045
1.999999987845058e-08
-4.8264288902282715
5.866516590118408
14.526408195495605
-1.999999987845058e-08
-13.650447845458984
20.097780227661133
23.722917556762695
1.999999987845058e-08
-15.129678726196289
22.147441864013672
22.797252655029297
-1.999999987845058e-08
-6.059900283813477
10.41394329071045
12.384897232055664
1.999999987845058e-08
6.9168548583984375
-9.03792667388916
-1.1869968175888062
-1.999999987845058e-08
15.371821403503418
-28.829683303833008
-12.153388023376465
1.999999987845058e-08
15.317838668823242
-40.214332580566406
-16.22457504272461
-1.999999987845058e-08
6.860628128051758
-38.816715240478516
-12.928159713745117
1.999999987845058e-08
-4.009976387023926
-32.01079177856445
-8.338692665100098
-1.999999987845058e-08
-7.75415563583374
-30.135961532592773
-8.210604667663574
1.999999987845058e-08
-2.337280035018921
-33.799137115478516
-10.653660774230957
-1.999999987845058e-08
2.9298415184020996
-34.69244384765625
-9.069058418273926
1.999999987845058e-08
0.7799100875854492
-24.957290649414062
0.20965582132339478
-1.999999987845058e-08
-4.296539783477783
-4.8034186363220215
14.678683280944824
1.999999987845058e-08
-4.803514003753662
14.459115982055664
26.7476749420166
-1.999999987845058e-08
0.9905076622962952
17.570785522460938
28.034263610839844
1.999999987845058e-08
8.983577728271484
6.627458572387695
21.12133026123047
-1.999999987845058e-08
11.634651184082031
3.902709722518921
20.55982780456543
1.999999987845058e-08
-0.26075905561447144
28.43951416015625
36.198421478271484
-1.999999987845058e-08
1.7802751064300537
22.64075469970703
29.506305694580078
1.999999987845058e-08
10.386497497558594
9.869355201721191
18.063640594482422
-1.999999987845058e-08
16.15433692932129
0.7044591307640076
9.782125473022461
1.999999987845058e-08
13.284268379211426
-4.521988868713379
5.269799709320068
-1.999999987845058e-08
4.340267181396484
-4.447718620300293
5.212672710418701
1.999999987845058e-08
-4.053223133087158
0.8756144642829895
7.652431011199951
-1.999999987845058e-08
-7.903835296630859
2.233065128326416
4.773527145385742
1.999999987845058e-08
-6.696231842041016
-7.013144493103027
-5.913683891296387
-1.999999987845058e-08
-1.5296909809112549
-20.953901290893555
-16.77786636352539
1.999999987845058e-08
1.8884027004241943
-25.15623664855957
-14.1736421585083
-1.999999987845058e-08
-3.2682130336761475
-8.380014419555664
-0.44226330518722534
1.999999987845058e-08
-4.189085483551025
8.297059059143066
11.92902660369873
-1.999999987845058e-08
1.4245235919952393
10.23736572265625
12.67934799194336
1.999999987845058e-08
8.079289436340332
0.45011046528816223
3.397047281265259
-1.999999987845058e-08
10.507198333740234
-6.3287353515625
-4.6237993240356445
1.999999987845058e-08
6.832231044769287
-4.449308395385742
-4.596631050109863
-1.999999987845058e-08
-0.7937295436859131
0.34667038917541504
0.3820868134498596
1.999999987845058e-08
-6.893953323364258
4.602943420410156
5.103599548339844
-1.999999987845058e-08
-7.702451705932617
9.874342918395996
7.942771911621094
1.999999987845058e-08
-0.7937295436859131
0.34667032957077026
0.38208678364753723
-1.999999987845058e-08
-6.893953323364258
4.602943420410156
5.103599548339844
1.999999987845058e-08
-7.702451705932617
9.874342918395996
7.942771911621094
-1.999999987845058e-08
-3.7101805210113525
12.449234008789062
6.595775604248047
1.999999987845058e-08
1.9337068796157837
6.422471523284912
-1.103530764579773
-1.999999987845058e-08
6.489262580871582
-5.44043493270874
-11.605443954467773
1.999999987845058e-08
9.220739364624023
-16.435714721679688
-19.494300842285156
-1.999999987845058e-08
9.389368057250977
-21.43465232849121
-21.044742584228516
1.999999987845058e-08
6.664757251739502
-16.355010986328125
-14.096850395202637
-1.999999987845058e-08
2.7271506786346436
-4.3651909828186035
-2.6223247051239014
1.999999987845058e-08
-6.953018665313721
21.385414123535156
17.032609939575195
-1.999999987845058e-08
-5.221005916595459
29.406490325927734
23.649538040161133
1.999999987845058e-08
-1.7006728649139404
28.00409507751465
24.40480613708496
-1.999999987845058e-08
0.9697885513305664
16.003070831298828
17.200456619262695
1.999999987845058e-08
1.6144970655441284
1.3170433044433594
7.316110610961914
-1.999999987845058e-08
-0.029275288805365562
-9.521573066711426
0.812747061252594
1.999999987845058e-08
-2.7218971252441406
-14.799717903137207
-0.6938915252685547
-1.999999987845058e-08
-4.232968330383301
-11.735533714294434
2.770918607711792
1.999999987845058e-08
-4.536336898803711
1.056077003479004
10.114577293395996
-1.999999987845058e-08
-5.331465244293213
14.684122085571289
15.266510963439941
1.999999987845058e-08
-6.751692771911621
17.56978988647461
12.819059371948242
-1.999999987845058e-08
-7.719365119934082
11.46108627319336
6.97307825088501
1.999999987845058e-08
-8.516336441040039
8.741657257080078
6.766719818115234
-1.999999987845058e-08
-9.952034950256348
16.286468505859375
14.986178398132324
1.999999987845058e-08
-11.459370613098145
29.696945190429688
26.363536834716797
-1.999999987845058e-08
-11.96094799041748
39.38370132446289
32.760704040527344
1.999999987845058e-08
-9.337272644042969
35.92485809326172
27.127111434936523
-1.999999987845058e-08
-0.8456612825393677
17.388473510742188
10.10827350616455
1.999999987845058e-08
12.136597633361816
-6.136091232299805
-7.1837286949157715
-1.999999987845058e-08
23.018491744995117
-22.9891357421875
-14.909064292907715
1.999999987845058e-08
23.018491744995117
-22.989137649536133
-14.909064292907715
-1.999999987845058e-08
25.571422576904297
-28.486347198486328
-12.693795204162598
1.999999987845058e-08
19.701313018798828
-22.75703239440918
-4.063854694366455
-1.999999987845058e-08
10.554768562316895
-11.208005905151367
7.535691261291504
1.999999987845058e-08
2.3153676986694336
-2.6823904514312744
17.713010787963867
-1.999999987845058e-08
-4.166975975036621
1.0815428495407104
23.853046417236328
1.999999987845058e-08
-9.329504013061523
6.369348526000977
27.615957260131836
-1.999999987845058e-08
-14.029168128967285
14.308136940002441
30.42869758605957
1.999999987845058e-08
-18.80840492248535
19.252182006835938
31.043777465820312
-1.999999987845058e-08
-22.238710403442383
21.445737838745117
30.260963439941406
1.999999987845058e-08
-11.300890922546387
26.276134490966797
21.092647552490234
-1.999999987845058e-08
-5.17669153213501
12.11788558959961
6.10966157913208
1.999999987845058e-08
-2.751943826675415
-5.806733131408691
-10.6912260055542
-1.999999987845058e-08
-5.799385070800781
-18.349279403686523
-21.86353302001953
1.999999987845058e-08
-12.439126014709473
-19.521860122680664
-22.984228134155273
-1.999999987845058e-08
-19.44483184814453
-11.124147415161133
-16.512222290039062
1.999999987845058e-08
-24.077850341796875
-2.2584245204925537
-10.220274925231934
-1.999999987845058e-08
-23.952421188354492
-0.2649568021297455
-9.071135520935059
1.999999987845058e-08
-18.797870635986328
-3.9955544471740723
-10.595599174499512
-1.999999987845058e-08
-11.482820510864258
-10.023755073547363
-11.31894588470459
1.999999987845058e-08
-24.077850341796875
-2.2584245204925537
-10.220274925231934
-1.999999987845058e-08
-23.952421188354492
-0.2649568021297455
-9.071135520935059
1.999999987845058e-08
-18.797870635986328
-3.9955544471740723
-10.595599174499512
-1.999999987845058e-08
-11.482820510864258
-10.023755073547363
-11.31894588470459
1.999999987845058e-08
-5.0272932052612305
-17.495338439941406
-11.74038028717041
-1.999999987845058e-08
-0.7841055989265442
-20.7633113861084
-10.242228507995605
1.999999987845058e-08
