0
1.8765743970870972
21.291271209716797
26.443723678588867
1.999999987845058e-08
1.1057218313217163
18.08241844177246
25.158092498779297
-1.999999987845058e-08
7.392387390136719
16.892900466918945
25.0524845123291
1.999999987845058e-08
15.890341758728027
18.564834594726562
27.049468994140625
-1.999999987845058e-08
19.93950843811035
9.823182106018066
17.6115665435791
1.999999987845058e-08
16.563386917114258
-6.798844814300537
0.3159199059009552
-1.999999987845058e-08
10.423970222473145
-9.479385375976562
-1.9985333681106567
1.999999987845058e-08
7.656064987182617
2.6108920574188232
10.573187828063965
-1.999999987845058e-08
6.870143413543701
3.767209768295288
11.4414644241333
1.999999987845058e-08
6.870143413543701
3.767209768295288
11.4414644241333
-1.999999987845058e-08
3.170905351638794
-11.469587326049805
-4.230648040771484
1.999999987845058e-08
-2.359285831451416
-16.82698631286621
-9.282846450805664
-1.999999987845058e-08
-3.8420448303222656
0.25105753540992737
9.508206367492676
1.999999987845058e-08
0.38835352659225464
17.87488555908203
30.56392478942871
-1.999999987845058e-08
6.002376079559326
12.265299797058105
27.894336700439453
1.999999987845058e-08
10.340776443481445
-10.034258842468262
3.834850311279297
-1.999999987845058e-08
14.462678909301758
-19.808317184448242
-12.265581130981445
1.999999987845058e-08
16.862777709960938
-4.868277549743652
-2.3489468097686768
-1.999999987845058e-08
13.776235580444336
10.960112571716309
12.91325855255127
1.999999987845058e-08
10.077223777770996
41.50910949707031
46.615318298339844
-1.999999987845058e-08
15.645956993103027
28.608158111572266
33.16948318481445
1.999999987845058e-08
19.740339279174805
4.736200332641602
8.737899780273438
-1.999999987845058e-08
21.99318504333496
2.4950907230377197
6.651395797729492
1.999999987845058e-08
20.79477882385254
9.99396800994873
14.430936813354492
-1.999999987845058e-08
14.244311332702637
3.260091781616211
8.711295127868652
1.999999987845058e-08
6.271617412567139
-5.504462242126465
1.7596205472946167
-1.999999987845058e-08
2.174839735031128
6.419958114624023
13.37668228149414
1.999999987845058e-08
1.21639883518219
27.164113998413086
31.00330924987793
-1.999999987845058e-08
1.0513755083084106
28.44193458557129
30.993762969970703
1.999999987845058e-08
2.174839735031128
6.419958114624023
13.37668228149414
-1.999999987845058e-08
1.21639883518219
27.164113998413086
31.00330924987793
1.999999987845058e-08
1.0513755083084106
28.44193458557129
30.993762969970703
-1.999999987845058e-08
1.6985353231430054
11.879398345947266
16.765623092651367
1.999999987845058e-08
2.2235381603240967
0.5663958787918091
6.796183109283447
-1.999999987845058e-08
0.7091240286827087
-0.6023529767990112
4.9067816734313965
1.999999987845058e-08
-2.2538843154907227
-4.100622177124023
3.3278801441192627
-1.999999987845058e-08
-4.0906081199646
-12.73166561126709
-1.5764820575714111
1.999999987845058e-08
-4.0440263748168945
-14.074731826782227
-3.8636245727539062
-1.999999987845058e-08
-4.118447780609131
-0.6150611639022827
4.4356794357299805
1.999999987845058e-08
-5.417720794677734
13.395370483398438
16.004810333251953
-1.999999987845058e-08
-5.604740142822266
9.129354476928711
13.574121475219727
1.999999987845058e-08
-1.914624810218811
-8.45815658569336
-2.1279795169830322
-1.999999987845058e-08
4.035959243774414
-19.90642547607422
-13.709341049194336
1.999999987845058e-08
6.6794939041137695
-19.457334518432617
-14.739615440368652
-1.999999987845058e-08
3.6858489513397217
-14.137641906738281
-11.254395484924316
1.999999987845058e-08
-0.6384284496307373
-4.912990093231201
-2.2888615131378174
-1.999999987845058e-08
-2.164252281188965
9.950448036193848
14.58193588256836
1.999999987845058e-08
-1.5974500179290771
20.110271453857422
26.251693725585938
-1.999999987845058e-08
-0.507843554019928
15.998111724853516
21.895341873168945
1.999999987845058e-08
2.0640993118286133
5.022037982940674
12.389102935791016
-1.999999987845058e-08
6.5247015953063965
-4.940425395965576
6.69200325012207
1.999999987845058e-08
8.658882141113281
-15.190974235534668
-1.7490824460983276
-1.999999987845058e-08
4.363038063049316
-21.6621150970459
-11.071715354919434
1.999999987845058e-08
-3.0621659755706787
-18.01313591003418
-8.858238220214844
-1.999999987845058e-08
-7.147531032562256
-10.165743827819824
2.550539255142212
1.999999987845058e-08
-6.895470142364502
-6.252714157104492
9.385564804077148
-1.999999987845058e-08
-5.5102434158325195
-5.034769535064697
8.129898071289062
1.999999987845058e-08
-4.400325775146484
-6.915947437286377
1.9672311544418335
-1.999999987845058e-08
-3.1873550415039062
-13.751697540283203
-6.240723609924316
1.999999987845058e-08
5.519704341888428
-5.621354579925537
4.672550201416016
-1.999999987845058e-08
5.512868404388428
-19.946136474609375
-9.363414764404297
1.999999987845058e-08
3.47941517829895
-37.40122604370117
-26.848176956176758
-1.999999987845058e-08
2.7302682399749756
-32.69717025756836
-23.916658401489258
1.999999987845058e-08
2.7609713077545166
-9.217430114746094
-4.7967400550842285
-1.999999987845058e-08
1.7063868045806885
4.07121467590332
4.825137138366699
1.999999987845058e-08
1.6182045936584473
-2.761214256286621
-1.0448442697525024
-1.999999987845058e-08
5.046261787414551
-10.268430709838867
-5.272480487823486
1.999999987845058e-08
8.271172523498535
-7.187733173370361
-1.376987099647522
-1.999999987845058e-08
5.875470161437988
-5.151422023773193
0.43956318497657776
1.999999987845058e-08
0.43320682644844055
-12.348128318786621
-4.172770977020264
-1.999999987845058e-08
-1.1963748931884766
-18.383304595947266
-6.938304424285889
1.999999987845058e-08
1.8458458185195923
-13.399213790893555
-1.8358261585235596
-1.999999987845058e-08
5.178102970123291
-6.865041255950928
3.13081693649292
1.999999987845058e-08
6.567373752593994
-12.615377426147461
-3.4355781078338623
-1.999999987845058e-08
7.682729721069336
-24.203502655029297
-16.264814376831055
1.999999987845058e-08
9.71981430053711
-25.27765655517578
-19.410240173339844
-1.999999987845058e-08
10.446688652038574
-19.104230880737305
-14.351988792419434
1.999999987845058e-08
7.9247965812683105
-22.90726089477539
-18.990360260009766
-1.999999987845058e-08
4.273648738861084
-32.21481704711914
-30.201663970947266
1.999999987845058e-08
-6.019983291625977
-2.491673469543457
5.6234130859375
-1.999999987845058e-08
-8.655987739562988
-22.790115356445312
-13.868624687194824
1.999999987845058e-08
-4.501217365264893
-33.4022216796875
-24.25115394592285
-1.999999987845058e-08
2.6346700191497803
-23.173381805419922
-13.784422874450684
1.999999987845058e-08
4.302454471588135
-14.935200691223145
-7.780215740203857
-1.999999987845058e-08
0.00175977882463485
-20.314912796020508
-16.805492401123047
1.999999987845058e-08
-2.634209632873535
-24.212646484375
-21.693614959716797
-1.999999987845058e-08
-0.21758101880550385
-18.157161712646484
-14.275971412658691
1.999999987845058e-08
2.296731472015381
-11.574127197265625
-7.297372341156006
-1.999999987845058e-08
1.9403384923934937
-10.591236114501953
-6.228819370269775
1.999999987845058e-08
2.296731472015381
-11.574127197265625
-7.297372341156006
-1.999999987845058e-08
1.9403384923934937
-10.591236114501953
-6.228819370269775
1.999999987845058e-08
2.694992780685425
-13.1047945022583
-6.03190803527832
-1.999999987845058e-08
6.27933931350708
-17.685895919799805
-6.214622497558594
1.999999987845058e-08
8.55798053741455
-23.562877655029297
-9.370485305786133
-1.999999987845058e-08
7.408020496368408
-28.483295440673828
-14.120806694030762
1.999999987845058e-08
4.748038291931152
-28.962894439697266
-15.591204643249512
-1.999999987845058e-08
2.0122134685516357
-23.522724151611328
-11.002406120300293
1.999999987845058e-08
-0.9024572968482971
-16.371538162231445
-3.8410346508026123
-1.999999987845058e-08
-4.283339977264404
-13.024601936340332
-0.11328070610761642
1.999999987845058e-08
-6.840710163116455
-11.98784065246582
0.2582702338695526
-1.999999987845058e-08
-6.154653549194336
-5.013256072998047
5.564872741699219
1.999999987845058e-08
-2.871795415878296
9.282458305358887
18.515689849853516
-1.999999987845058e-08
-0.3937912881374359
17.65202522277832
26.05752182006836
1.999999987845058e-08
1.0368009805679321
10.48522663116455
18.92377471923828
-1.999999987845058e-08
4.4749016761779785
-2.34295392036438
8.808208465576172
1.999999987845058e-08
10.475263595581055
-8.490379333496094
7.522432327270508
-1.999999987845058e-08
15.410058975219727
-10.830748558044434
8.048452377319336
1.999999987845058e-08
15.268643379211426
-13.737890243530273
3.5805721282958984
-1.999999987845058e-08
9.892378807067871
-11.916315078735352
1.2060186862945557
1.999999987845058e-08
1.6508492231369019
-2.520414113998413
3.889371395111084
-1.999999987845058e-08
3.1901919841766357
-4.273861885070801
0.5672683715820312
1.999999987845058e-08
4.046270847320557
-5.785262584686279
-3.7767996788024902
-1.999999987845058e-08
2.3568499088287354
-8.78347396850586
-11.976652145385742
1.999999987845058e-08
0.17644402384757996
-13.481826782226562
-20.578472137451172
-1.999999987845058e-08
-1.4795289039611816
-12.015104293823242
-17.8137264251709
1.999999987845058e-08
-4.114130020141602
-2.8531367778778076
-5.011763095855713
-1.999999987845058e-08
-8.134627342224121
4.891716003417969
3.070450782775879
1.999999987845058e-08
-11.99783992767334
9.405826568603516
5.233007907867432
-1.999999987845058e-08
-13.92459774017334
17.25660514831543
13.231280326843262
1.999999987845058e-08
-13.92459774017334
17.25660514831543
13.231280326843262
-1.999999987845058e-08
-12.356571197509766
23.253992080688477
23.39473533630371
1.999999987845058e-08
-7.472906112670898
16.177587509155273
21.800188064575195
-1.999999987845058e-08
-2.0681610107421875
1.6053413152694702
11.592706680297852
1.999999987845058e-08
0.5513150095939636
-6.5226898193359375
4.935637950897217
-1.999999987845058e-08
-1.7143229246139526
-4.729668140411377
4.446664810180664
1.999999987845058e-08
-8.14271354675293
3.3196184635162354
8.935964584350586
-1.999999987845058e-08
-14.483060836791992
11.917612075805664
15.791821479797363
1.999999987845058e-08
-16.984416961669922
14.89143180847168
18.774293899536133
-1.999999987845058e-08
-16.184667587280273
12.437649726867676
18.029348373413086
1.999999987845058e-08
-10.661847114562988
5.767136096954346
16.624570846557617
-1.999999987845058e-08
-9.60204792022705
17.831857681274414
24.209505081176758
1.999999987845058e-08
-8.86690902709961
29.760353088378906
35.38163375854492
-1.999999987845058e-08
-8.264063835144043
30.272977828979492
37.335323333740234
1.999999987845058e-08
-7.051608085632324
23.462284088134766
29.235559463500977
-1.999999987845058e-08
-4.975259304046631
17.73027992248535
20.689868927001953
1.999999987845058e-08
-4.603682994842529
12.194698333740234
14.371410369873047
-1.999999987845058e-08
-7.315607070922852
6.197119235992432
8.558464050292969
1.999999987845058e-08
-10.008355140686035
8.763385772705078
9.633062362670898
-1.999999987845058e-08
-9.962040901184082
21.012157440185547
18.37435531616211
1.999999987845058e-08
-10.008355140686035
8.763385772705078
9.633062362670898
-1.999999987845058e-08
-9.962040901184082
21.012157440185547
18.37435531616211
1.999999987845058e-08
-8.282083511352539
25.70856285095215
18.384737014770508
-1.999999987845058e-08
-6.178751468658447
16.54334259033203
5.6713714599609375
1.999999987845058e-08
-2.701312780380249
12.100482940673828
1.667486310005188
-1.999999987845058e-08
0.28833523392677307
19.40241050720215
11.248017311096191
1.999999987845058e-08
-3.060713052749634
19.809064865112305
10.019700050354004
-1.999999987845058e-08
-12.187231063842773
9.198944091796875
-5.706054210662842
1.999999987845058e-08
-16.646276473999023
10.990959167480469
-5.979338645935059
-1.999999987845058e-08
-10.273360252380371
31.714632034301758
16.989627838134766
1.999999987845058e-08
0.9253787994384766
43.73695755004883
30.21019744873047
-1.999999987845058e-08
9.064151763916016
32.06201934814453
16.930997848510742
1.999999987845058e-08
12.71837043762207
19.2923641204834
3.4413857460021973
-1.999999987845058e-08
12.81005573272705
22.64293670654297
8.423794746398926
1.999999987845058e-08
8.022600173950195
26.74397087097168
13.932218551635742
-1.999999987845058e-08
-0.5796980857849121
16.71858787536621
3.2791907787323
1.999999987845058e-08
-6.131083011627197
2.956573963165283
-11.876087188720703
-1.999999987845058e-08
-5.013309478759766
0.9239332675933838
-13.529930114746094
1.999999987845058e-08
-2.5350258350372314
6.887777805328369
-4.790214538574219
-1.999999987845058e-08
-3.266958236694336
5.241402626037598
-4.250799179077148
1.999999987845058e-08
-5.126866340637207
-8.037583351135254
-21.74146270751953
-1.999999987845058e-08
-3.615022659301758
6.144374847412109
-7.431679725646973
1.999999987845058e-08
0.1370500773191452
19.31796646118164
7.468749046325684
-1.999999987845058e-08
4.525391101837158
13.454328536987305
0.32715946435928345
1.999999987845058e-08
5.265307903289795
-0.9784851670265198
-17.781158447265625
-1.999999987845058e-08
2.2860984802246094
-5.334268569946289
-24.322351455688477
1.999999987845058e-08
-1.5093538761138916
-1.0820811986923218
-21.76601791381836
-1.999999987845058e-08
-5.928529739379883
0.30749574303627014
-24.441240310668945
1.999999987845058e-08
-9.369796752929688
-6.1615986824035645
-33.81948471069336
-1.999999987845058e-08
-7.390212059020996
-17.065290451049805
-41.53483963012695
1.999999987845058e-08
-5.928529739379883
0.30749571323394775
-24.441240310668945
-1.999999987845058e-08
-9.369796752929688
-6.1615986824035645
-33.81948471069336
1.999999987845058e-08
-7.390212059020996
-17.065290451049805
-41.53483963012695
-1.999999987845058e-08
-0.19761890172958374
-21.622520446777344
-39.27428436279297
1.999999987845058e-08
5.877171039581299
-11.979255676269531
-24.236595153808594
-1.999999987845058e-08
5.13452672958374
4.548961639404297
-4.193198204040527
1.999999987845058e-08
-1.4710930585861206
14.742681503295898
8.682662010192871
-1.999999987845058e-08
-7.093311309814453
18.322708129882812
13.535805702209473
1.999999987845058e-08
-7.276063919067383
23.455305099487305
18.550094604492188
-1.999999987845058e-08
-4.695553302764893
26.962472915649414
21.305341720581055
1.999999987845058e-08
-4.4272847175598145
10.417613983154297
6.166603088378906
-1.999999987845058e-08
-5.516741752624512
12.30668830871582
11.180377006530762
1.999999987845058e-08
-7.234719753265381
-3.0034432411193848
-3.993711233139038
-1.999999987845058e-08
-9.095346450805664
-21.558425903320312
-24.51304054260254
1.999999987845058e-08
-10.586219787597656
-16.944198608398438
-20.419002532958984
-1.999999987845058e-08
-11.479116439819336
2.4014744758605957
-0.39410093426704407
1.999999987845058e-08
-11.494772911071777
6.926727294921875
3.5957906246185303
-1.999999987845058e-08
-9.283287048339844
-7.236137866973877
-11.44727897644043
1.999999987845058e-08
-3.5731868743896484
-20.550142288208008
-23.97821044921875
-1.999999987845058e-08
2.9845547676086426
-23.44675064086914
-25.65127944946289
1.999999987845058e-08
4.730113506317139
-20.1245174407959
-22.745386123657227
-1.999999987845058e-08
0.2038288712501526
-14.602484703063965
-18.65166664123535
1.999999987845058e-08
-5.761877059936523
-8.864129066467285
-13.46528148651123
-1.999999987845058e-08
-8.270936965942383
-4.756597995758057
-8.424407005310059
1.999999987845058e-08
-6.394437789916992
-2.8566384315490723
-5.176703453063965
-1.999999987845058e-08
-1.212768793106079
-2.159837484359741
-4.38527774810791
1.999999987845058e-08
6.432522773742676
-1.5957545042037964
-4.829135894775391
-1.999999987845058e-08
14.705733299255371
-1.5891238451004028
-4.889254570007324
1.999999987845058e-08
19.904428482055664
-3.8802525997161865
-6.480900764465332
-1.999999987845058e-08
19.049072265625
-9.046281814575195
-12.961109161376953
1.999999987845058e-08
12.214118003845215
-12.718145370483398
-19.219329833984375
-1.999999987845058e-08
2.8377156257629395
-10.38646125793457
-15.801828384399414
1.999999987845058e-08
-4.041377544403076
-7.6030683517456055
-7.804946422576904
-1.999999987845058e-08
-5.085611820220947
-15.088249206542969
-12.15537166595459
1.999999987845058e-08
-0.9553467035293579
-31.482158660888672
-30.28719139099121
-1.999999987845058e-08
3.616332769393921
-42.3118782043457
-43.13188552856445
1.999999987845058e-08
3.435290813446045
-39.0690803527832
-39.01932144165039
-1.999999987845058e-08
-1.9224604368209839
-26.320524215698242
-25.108104705810547
1.999999987845058e-08
-6.780595779418945
-11.21684455871582
-10.481266021728516
-1.999999987845058e-08
-4.9962286949157715
-0.464019238948822
-0.21487443149089813
1.999999987845058e-08
4.809892654418945
-15.367753028869629
-16.187564849853516
-1.999999987845058e-08
-1.012917399406433
-14.48062515258789
-15.794939994812012
1.999999987845058e-08
-6.162121295928955
-4.849150657653809
-7.098970413208008
-1.999999987845058e-08
-7.298925876617432
6.129072189331055
3.2635767459869385
1.999999987845058e-08
-4.451725482940674
9.392324447631836
7.645179271697998
-1.999999987845058e-08
-0.20496273040771484
2.732067346572876
1.9057291746139526
1.999999987845058e-08
3.281134843826294
-6.78006649017334
-8.929741859436035
-1.999999987845058e-08
5.120306491851807
-8.169151306152344
-11.264318466186523
1.999999987845058e-08
4.61114501953125
1.41840398311615
-0.21121855080127716
-1.999999987845058e-08
1.8035459518432617
12.07250690460205
11.253344535827637
1.999999987845058e-08
4.61114501953125
1.41840398311615
-0.21121855080127716
-1.999999987845058e-08
1.8035459518432617
12.07250690460205
11.253344535827637
1.999999987845058e-08
-0.5583682060241699
13.650689125061035
11.005054473876953
-1.999999987845058e-08
0.7652875185012817
6.501651287078857
1.574826955795288
1.999999987845058e-08
4.600797653198242
-4.8316850662231445
-11.81379508972168
-1.999999987845058e-08
6.237480640411377
-16.757789611816406
-26.58342170715332
1.999999987845058e-08
2.6121182441711426
-21.15460777282715
-32.42156982421875
-1.999999987845058e-08
-4.411398410797119
-11.619292259216309
-20.774755477905273
1.999999987845058e-08
-10.370339393615723
3.961862802505493
-2.5554587841033936
-1.999999987845058e-08
-13.8172607421875
13.269598007202148
6.996888637542725
1.999999987845058e-08
-15.406834602355957
19.37553596496582
17.04514503479004
-1.999999987845058e-08
-14.118576049804688
28.681638717651367
28.215579986572266
1.999999987845058e-08
-9.743110656738281
32.351627349853516
34.701786041259766
-1.999999987845058e-08
-1.1717939376831055
21.280811309814453
25.554309844970703
1.999999987845058e-08
7.1567864418029785
1.7607080936431885
5.094118118286133
-1.999999987845058e-08
9.122943878173828
-12.419806480407715
-11.296141624450684
1.999999987845058e-08
2.983792304992676
-14.588374137878418
-15.106905937194824
-1.999999987845058e-08
-5.513002872467041
-6.056851387023926
-7.966963768005371
1.999999987845058e-08
-7.508916854858398
6.941535472869873
4.152368545532227
-1.999999987845058e-08
-1.001521348953247
15.4228515625
13.403520584106445
1.999999987845058e-08
2.983792304992676
-14.588374137878418
-15.106905937194824
-1.999999987845058e-08
-5.513002872467041
-6.056851387023926
-7.966963768005371
1.999999987845058e-08
-7.508916854858398
6.941535472869873
4.152368545532227
-1.999999987845058e-08
-1.001521348953247
15.4228515625
13.403520584106445
1.999999987845058e-08
7.692312240600586
13.85036563873291
13.998359680175781
-1.999999987845058e-08
12.146677017211914
5.510504245758057
8.40711784362793
1.999999987845058e-08
10.873103141784668
-0.23870635032653809
5.626570701599121
-1.999999987845058e-08
6.567147254943848
0.4609081745147705
8.171221733093262
1.999999987845058e-08
3.0197927951812744
1.9424084424972534
8.729998588562012
-1.999999987845058e-08
1.5362894535064697
1.9060466289520264
6.131379127502441
1.999999987845058e-08
0.9175962209701538
5.098210334777832
8.152532577514648
-1.999999987845058e-08
0.6169632077217102
10.838035583496094
14.280898094177246
1.999999987845058e-08
2.0564017295837402
13.183797836303711
16.163360595703125
-1.999999987845058e-08
6.0713276863098145
12.278429985046387
13.964798927307129
1.999999987845058e-08
10.30276107788086
13.46174430847168
14.703659057617188
-1.999999987845058e-08
11.934401512145996
17.319875717163086
18.385568618774414
1.999999987845058e-08
11.779687881469727
18.995960235595703
19.421140670776367
-1.999999987845058e-08
12.68414306640625
14.961499214172363
15.453400611877441
1.999999987845058e-08
15.614253997802734
5.344640254974365
6.621758937835693
-1.999999987845058e-08
18.74724578857422
-5.555415153503418
-4.216521263122559
1.999999987845058e-08
13.72070598602295
-7.404529571533203
-7.642963886260986
-1.999999987845058e-08
5.282802581787109
-0.2272636890411377
-2.7120656967163086
1.999999987845058e-08
-0.29838815331459045
7.741851329803467
2.5792477130889893
-1.999999987845058e-08
1.3373641967773438
16.167932510375977
10.652097702026367
1.999999987845058e-08
6.9491705894470215
20.15672492980957
16.01811981201172
-1.999999987845058e-08
9.105231285095215
14.644378662109375
9.873725891113281
1.999999987845058e-08
6.1506242752075195
4.445218086242676
-3.218233346939087
-1.999999987845058e-08
3.7720584869384766
-3.4576773643493652
-12.611055374145508
1.999999987845058e-08
4.916807651519775
-9.867161750793457
-18.014118194580078
-1.999999987845058e-08
6.123498916625977
-16.155427932739258
-23.075895309448242
1.999999987845058e-08
-0.5250765085220337
-9.508671760559082
-16.157094955444336
-1.999999987845058e-08
-6.236033916473389
3.6311376094818115
-4.421297550201416
1.999999987845058e-08
-9.295440673828125
14.512495040893555
4.354191303253174
-1.999999987845058e-08
-8.347291946411133
20.65066146850586
9.662322998046875
1.999999987845058e-08
-6.706057071685791
25.64636993408203
15.863414764404297
-1.999999987845058e-08
-6.0951619148254395
31.734832763671875
24.66806411743164
1.999999987845058e-08
-3.653806447982788
36.096866607666016
32.2442741394043
-1.999999987845058e-08
2.3336257934570312
32.75086212158203
30.917522430419922
1.999999987845058e-08
10.342047691345215
16.03342056274414
14.99895191192627
-1.999999987845058e-08
16.383621215820312
-7.189740180969238
-5.869460105895996
1.999999987845058e-08
14.79443645477295
-16.683433532714844
-10.6722412109375
-1.999999987845058e-08
4.404860973358154
-5.114251613616943
4.083881378173828
1.999999987845058e-08
-7.5252580642700195
11.182272911071777
19.705581665039062
-1.999999987845058e-08
-11.937477111816406
15.539546012878418
23.273900985717773
1.999999987845058e-08
-7.388629913330078
6.416482448577881
16.68901252746582
-1.999999987845058e-08
-1.2541745901107788
-8.862257957458496
4.3480753898620605
1.999999987845058e-08
-1.2222565412521362
-19.724899291992188
-6.9261369705200195
-1.999999987845058e-08
-6.889840126037598
-18.085830688476562
-8.074370384216309
1.999999987845058e-08
-11.857004165649414
-7.125861167907715
-0.3196312487125397
-1.999999987845058e-08
-12.313508033752441
3.5080881118774414
7.075140953063965
1.999999987845058e-08
-8.313010215759277
19.366992950439453
22.856523513793945
-1.999999987845058e-08
-6.5609660148620605
23.925230026245117
29.879749298095703
1.999999987845058e-08
-2.652733087539673
16.92707061767578
23.763822555541992
-1.999999987845058e-08
2.41756534576416
0.3095211088657379
8.21420669555664
1.999999987845058e-08
4.284331321716309
-14.900444030761719
-4.2588605880737305
-1.999999987845058e-08
0.7593291401863098
-19.32408332824707
-6.585653305053711
1.999999987845058e-08
-4.937041282653809
-11.326979637145996
1.8333754539489746
-1.999999987845058e-08
-7.669658660888672
0.0522480383515358
13.588329315185547
1.999999987845058e-08
-6.147258281707764
3.8491764068603516
17.064477920532227
-1.999999987845058e-08
-3.473968267440796
0.2715074121952057
10.716092109680176
1.999999987845058e-08
-6.147258281707764
3.8491764068603516
17.064477920532227
-1.999999987845058e-08
-3.473968267440796
0.2715074121952057
10.716092109680176
1.999999987845058e-08
-2.3969228267669678
-5.051356792449951
1.6568992137908936
-1.999999987845058e-08
-2.584414482116699
-11.447806358337402
-7.238890647888184
1.999999987845058e-08
-3.002800226211548
-17.661602020263672
-15.03586483001709
-1.999999987845058e-08
-4.077988624572754
-17.80721664428711
-16.318666458129883
1.999999987845058e-08
-6.272549152374268
-11.080192565917969
-9.365306854248047
-1.999999987845058e-08
-8.774345397949219
-5.0885910987854
-1.8003737926483154
1.999999987845058e-08
-10.1550931930542
-3.7322981357574463
1.2405362129211426
-1.999999987845058e-08
-9.437938690185547
-1.5906859636306763
5.026012897491455
1.999999987845058e-08
-6.964211940765381
3.3591127395629883
11.881451606750488
-1.999999987845058e-08
-3.541193723678589
2.3941586017608643
12.169848442077637
1.999999987845058e-08
0.12226712703704834
-8.815834999084473
1.0265390872955322
-1.999999987845058e-08
1.194893717765808
-18.841501235961914
-9.58927059173584
1.999999987845058e-08
-3.1207897663116455
-16.106014251708984
-8.426634788513184
-1.999999987845058e-08
-8.954621315002441
-6.386783599853516
-1.375296711921692
1.999999987845058e-08
-8.643658638000488
-3.5919251441955566
0.0005601962911896408
-1.999999987845058e-08
-1.3098666667938232
-11.67846965789795
-6.922850608825684
1.999999987845058e-08
6.212172508239746
-23.035829544067383
-17.633459091186523
-1.999999987845058e-08
8.081232070922852
-25.74394416809082
-22.57869529724121
1.999999987845058e-08
4.642356872558594
-12.786054611206055
-12.015149116516113
-1.999999987845058e-08
1.2198199033737183
5.449491024017334
5.892738342285156
1.999999987845058e-08
2.796907901763916
8.894610404968262
9.308954238891602
-1.999999987845058e-08
7.876961708068848
-2.585172653198242
-2.2884349822998047
1.999999987845058e-08
10.736560821533203
-9.105904579162598
-7.129244327545166
-1.999999987845058e-08
9.983296394348145
-3.2963063716888428
0.9364305734634399
1.999999987845058e-08
9.307332992553711
5.124234199523926
9.67199993133545
-1.999999987845058e-08
11.111770629882812
10.51438045501709
14.900433540344238
1.999999987845058e-08
14.087934494018555
11.999767303466797
17.84380531311035
-1.999999987845058e-08
15.581778526306152
6.206075668334961
13.57121467590332
1.999999987845058e-08
13.299161911010742
-12.515362739562988
-4.686343669891357
-1.999999987845058e-08
12.58099365234375
-13.349902153015137
-4.427073955535889
1.999999987845058e-08
10.795573234558105
-9.476835250854492
0.18490111827850342
-1.999999987845058e-08
6.173730850219727
-0.41644737124443054
9.08707046508789
1.999999987845058e-08
-0.2533653676509857
13.98767375946045
22.536428451538086
-1.999999987845058e-08
-6.086021900177002
27.314964294433594
33.70988845825195
1.999999987845058e-08
-9.230469703674316
32.85775375366211
37.12821578979492
-1.999999987845058e-08
-8.110930442810059
31.377735137939453
36.6125373840332
1.999999987845058e-08
-2.8378684520721436
26.235992431640625
35.30372619628906
-1.999999987845058e-08
4.3324456214904785
18.650835037231445
29.786508560180664
1.999999987845058e-08
11.103311538696289
9.969489097595215
18.56527328491211
-1.999999987845058e-08
15.508452415466309
0.47833216190338135
3.76208233833313
1.999999987845058e-08
15.537521362304688
-10.223928451538086
-11.972993850708008
-1.999999987845058e-08
12.822007179260254
-19.144489288330078
-23.46149253845215
1.999999987845058e-08
11.973138809204102
-21.04583740234375
-24.5749568939209
-1.999999987845058e-08
13.951150894165039
-14.339655876159668
-15.593846321105957
1.999999987845058e-08
16.946044921875
-5.229363441467285
-5.422652721405029
-1.999999987845058e-08
19.92222023010254
-0.23723554611206055
-0.34127289056777954
1.999999987845058e-08
21.006006240844727
1.78530752658844
2.5033819675445557
-1.999999987845058e-08
19.116344451904297
0.5372623205184937
2.825944185256958
1.999999987845058e-08
15.813908576965332
-8.047496795654297
-3.9357218742370605
-1.999999987845058e-08
11.880176544189453
-19.714353561401367
-13.362942695617676
1.999999987845058e-08
6.888538837432861
-26.186981201171875
-17.944650650024414
-1.999999987845058e-08
1.9526565074920654
-27.579164505004883
-19.1322021484375
1.999999987845058e-08
-1.1834810972213745
-27.611074447631836
-20.288530349731445
-1.999999987845058e-08
-2.4257359504699707
-26.21259307861328
-20.002328872680664
1.999999987845058e-08
-3.7535595893859863
-20.781719207763672
-15.400278091430664
-1.999999987845058e-08
-7.022878170013428
-7.499186038970947
-2.6819818019866943
1.999999987845058e-08
-9.528013229370117
12.233809471130371
17.46612548828125
-1.999999987845058e-08
-5.963011264801025
25.987316131591797
32.449546813964844
1.999999987845058e-08
-5.963011264801025
25.987316131591797
32.449546813964844
-1.999999987845058e-08
3.261096715927124
23.536273956298828
30.94923973083496
1.999999987845058e-08
11.68609619140625
10.42608642578125
19.074766159057617
-1.999999987845058e-08
13.767287254333496
-1.9116615056991577
9.219367980957031
1.999999987845058e-08
8.389952659606934
-8.698135375976562
4.055131912231445
-1.999999987845058e-08
-1.0012075901031494
-8.287190437316895
2.437635660171509
1.999999987845058e-08
-8.873625755310059
1.3887442350387573
7.414144039154053
-1.999999987845058e-08
-11.862232208251953
15.807610511779785
17.62018585205078
1.999999987845058e-08
-9.744327545166016
22.76902961730957
22.530363082885742
-1.999999987845058e-08
-4.271675109863281
15.236018180847168
15.362975120544434
1.999999987845058e-08
1.4442564249038696
-1.0184416770935059
1.0358399152755737
-1.999999987845058e-08
4.0781636238098145
-13.893397331237793
-10.893170356750488
1.999999987845058e-08
1.7939507961273193
-12.726224899291992
-11.27021598815918
-1.999999987845058e-08
-3.837850570678711
3.633535623550415
2.54581880569458
1.999999987845058e-08
-8.787219047546387
20.083818435668945
16.586477279663086
-1.999999987845058e-08
-11.029425621032715
19.577333450317383
13.592679977416992
1.999999987845058e-08
-11.171722412109375
6.248715400695801
-0.30231979489326477
-1.999999987845058e-08
-8.970870971679688
-3.8684816360473633
-6.996088027954102
1.999999987845058e-08
-3.548128366470337
-9.611665725708008
-8.560070037841797
-1.999999987845058e-08
3.0289571285247803
-20.38876724243164
-19.257770538330078
1.999999987845058e-08
3.028956890106201
-20.38876724243164
-19.257770538330078
-1.999999987845058e-08
5.687377452850342
-33.26372528076172
-35.54367446899414
1.999999987845058e-08
1.768800139427185
-35.53921890258789
-40.91094207763672
-1.999999987845058e-08
-4.997771739959717
-25.251937866210938
-32.495174407958984
1.999999987845058e-08
-8.749934196472168
-12.557024002075195
-21.91451072692871
-1.999999987845058e-08
-8.477388381958008
-5.2773847579956055
-16.720157623291016
1.999999987845058e-08
-7.459370136260986
-6.02854585647583
-17.20458221435547
-1.999999987845058e-08
-7.496029853820801
-15.117820739746094
-22.54310417175293
1.999999987845058e-08
-8.058357238769531
-25.34490394592285
-27.497819900512695
-1.999999987845058e-08
-9.049360275268555
-26.399686813354492
-25.403711318969727
1.999999987845058e-08
-6.49541711807251
-5.834970951080322
-9.62520980834961
-1.999999987845058e-08
-3.177647352218628
-1.5078153610229492
-3.546877145767212
1.999999987845058e-08
0.6332493424415588
-6.9694719314575195
-6.887259006500244
-1.999999987845058e-08
4.38477087020874
-21.030864715576172
-18.567012786865234
1.999999987845058e-08
4.949097156524658
-26.166505813598633
-19.994470596313477
-1.999999987845058e-08
0.7984562516212463
-12.354711532592773
-3.1679790019989014
1.999999987845058e-08
-4.951400279998779
11.053300857543945
19.860868453979492
-1.999999987845058e-08
-8.169666290283203
30.667421340942383
36.63229751586914
1.999999987845058e-08
-8.022486686706543
39.107913970947266
41.63555145263672
-1.999999987845058e-08
-6.19758939743042
33.508544921875
31.877201080322266
1.999999987845058e-08
-6.223166465759277
10.726851463317871
4.403576374053955
-1.999999987845058e-08
-8.615519523620605
15.125203132629395
7.725546836853027
1.999999987845058e-08
-7.9842987060546875
18.26043701171875
9.207571983337402
-1.999999987845058e-08
-3.7588653564453125
18.86257553100586
9.69442367553711
1.999999987845058e-08
0.8333777785301208
12.502074241638184
3.134815216064453
-1.999999987845058e-08
3.012404203414917
-0.007784298621118069
-10.927685737609863
1.999999987845058e-08
4.336310863494873
-8.847090721130371
-19.8238582611084
-1.999999987845058e-08
7.663601875305176
-11.617193222045898
-19.875885009765625
1.999999987845058e-08
11.282489776611328
-16.599071502685547
-22.910343170166016
-1.999999987845058e-08
10.858716011047363
-24.891250610351562
-32.1583137512207
1.999999987845058e-08
4.336310863494873
-8.847090721130371
-19.8238582611084
-1.999999987845058e-08
7.663601875305176
-11.617193222045898
-19.875885009765625
1.999999987845058e-08
11.282489776611328
-16.599071502685547
-22.910343170166016
-1.999999987845058e-08
10.858716011047363
-24.891250610351562
-32.1583137512207
1.999999987845058e-08
6.6748433113098145
-29.795774459838867
-38.57502746582031
-1.999999987845058e-08
1.8063677549362183
-29.144384384155273
-38.397247314453125
1.999999987845058e-08
-3.757908821105957
-22.52161407470703
-32.19551086425781
-1.999999987845058e-08
-8.818767547607422
-9.87292194366455
-20.034000396728516
1.999999987845058e-08
-8.64377212524414
1.0278515815734863
-9.401573181152344
-1.999999987845058e-08
-3.0584611892700195
2.163991928100586
-9.393301010131836
1.999999987845058e-08
-0.8157387971878052
8.607795715332031
-2.203448534011841
-1.999999987845058e-08
-3.519808053970337
9.739612579345703
2.682300090789795
1.999999987845058e-08
-2.4811301231384277
5.407358646392822
1.9868710041046143
-1.999999987845058e-08
1.9682412147521973
2.8717737197875977
2.4391262531280518
1.999999987845058e-08
5.488864898681641
3.744596481323242
4.612707138061523
-1.999999987845058e-08
4.414732933044434
3.6183724403381348
2.969996213912964
1.999999987845058e-08
0.6427239775657654
-1.077504277229309
-5.876126766204834
-1.999999987845058e-08
-1.666062831878662
-8.898844718933105
-18.243762969970703
1.999999987845058e-08
-1.1928925514221191
-12.82880973815918
-24.15169334411621
-1.999999987845058e-08
1.1123682260513306
-7.785187721252441
-18.03719711303711
1.999999987845058e-08
1.112368106842041
-7.785187721252441
-18.03719711303711
-1.999999987845058e-08
3.19925594329834
0.6286176443099976
-8.282905578613281
1.999999987845058e-08
2.476436138153076
3.4869511127471924
-5.6837077140808105
-1.999999987845058e-08
-0.40277907252311707
-0.12441808730363846
-8.72700023651123
1.999999987845058e-08
-1.6832959651947021
-5.172714710235596
-9.620343208312988
-1.999999987845058e-08
-1.5828487873077393
-5.933028697967529
-5.014733791351318
1.999999987845058e-08
-3.7567620277404785
-1.4981142282485962
1.7442071437835693
-1.999999987845058e-08
-7.945940017700195
2.502936363220215
4.971219539642334
1.999999987845058e-08
-12.21387767791748
3.770103693008423
4.403599262237549
-1.999999987845058e-08
-17.183795928955078
5.258556842803955
3.0952577590942383
1.999999987845058e-08
-17.183795928955078
5.258556842803955
3.0952577590942383
-1.999999987845058e-08
-20.8902530670166
6.052611827850342
0.538811981678009
1.999999987845058e-08
-17.969898223876953
3.8645565509796143
-3.4036622047424316
-1.999999987845058e-08
-8.111934661865234
-0.1309768110513687
-7.420354843139648
1.999999987845058e-08
2.341986656188965
-5.692992210388184
-13.414241790771484
-1.999999987845058e-08
8.318025588989258
-11.589107513427734
-20.002016067504883
1.999999987845058e-08
9.779540061950684
-12.633095741271973
-20.05855941772461
-1.999999987845058e-08
7.883556842803955
-7.966400146484375
-13.582565307617188
1.999999987845058e-08
2.8315367698669434
-2.1883130073547363
-7.223324775695801
-1.999999987845058e-08
-3.202948570251465
3.1579837799072266
-1.3557806015014648
1.999999987845058e-08
0.268934041261673
12.069643020629883
12.984967231750488
-1.999999987845058e-08
3.6248326301574707
12.165770530700684
12.503005981445312
1.999999987845058e-08
4.9338154792785645
13.342887878417969
12.8148193359375
-1.999999987845058e-08
3.778496742248535
14.316522598266602
11.862510681152344
1.999999987845058e-08
1.374361515045166
11.779232025146484
6.059652328491211
-1.999999987845058e-08
-1.0753343105316162
6.510983467102051
-2.797888994216919
1.999999987845058e-08
-3.261592149734497
4.762378215789795
-6.61224365234375
-1.999999987845058e-08
-3.8809800148010254
8.805195808410645
-1.1341270208358765
1.999999987845058e-08
-1.9569612741470337
12.433536529541016
6.563339710235596
-1.999999987845058e-08
0.32753992080688477
10.183002471923828
6.753229141235352
1.999999987845058e-08
0.02976386435329914
4.381515979766846
-0.21136818826198578
-1.999999987845058e-08
-3.626394510269165
1.536329746246338
-4.608525276184082
1.999999987845058e-08
-10.057199478149414
6.327054977416992
0.9198275804519653
-1.999999987845058e-08
-16.34788703918457
16.110544204711914
11.884836196899414
1.999999987845058e-08
-17.20728874206543
21.336769104003906
16.815628051757812
-1.999999987845058e-08
-11.11877155303955
16.693950653076172
11.521821975708008
1.999999987845058e-08
-3.3854594230651855
6.286921501159668
0.949856698513031
-1.999999987845058e-08
0.6182068586349487
-4.095461368560791
-9.858526229858398
1.999999987845058e-08
1.6386970281600952
-10.789392471313477
-17.025461196899414
-1.999999987845058e-08
3.365724563598633
-12.768662452697754
-18.585126876831055
1.999999987845058e-08
6.66048526763916
-14.504027366638184
-19.474512100219727
-1.999999987845058e-08
8.58708381652832
-16.39691734313965
-20.857084274291992
1.999999987845058e-08
5.827957630157471
-9.124923706054688
-13.119397163391113
-1.999999987845058e-08
-0.488631010055542
6.335136413574219
2.3085031509399414
1.999999987845058e-08
-5.39179801940918
15.23922348022461
9.930793762207031
-1.999999987845058e-08
-5.37891960144043
15.588068008422852
9.71697998046875
1.999999987845058e-08
-0.2205175906419754
16.95177459716797
13.451213836669922
-1.999999987845058e-08
6.694063663482666
17.510814666748047
17.276161193847656
1.999999987845058e-08
8.967536926269531
11.573540687561035
12.2661771774292
-1.999999987845058e-08
3.437227725982666
4.3819661140441895
4.360825538635254
1.999999987845058e-08
3.437227725982666
4.3819661140441895
4.360825538635254
-1.999999987845058e-08
-5.844828128814697
2.2686445713043213
2.2810144424438477
1.999999987845058e-08
-12.731467247009277
4.959897994995117
5.551812171936035
-1.999999987845058e-08
-15.45975399017334
12.40198040008545
12.673696517944336
1.999999987845058e-08
-15.747725486755371
23.873458862304688
22.75924301147461
-1.999999987845058e-08
-13.533058166503906
29.71036720275879
26.92864418029785
1.999999987845058e-08
-7.7337751388549805
20.661699295043945
17.211936950683594
-1.999999987845058e-08
-0.793159544467926
4.339675426483154
2.0567688941955566
1.999999987845058e-08
2.9635698795318604
-4.345430374145508
-4.717483997344971
-1.999999987845058e-08
1.9450573921203613
-1.9764299392700195
-1.1642509698867798
1.999999987845058e-08
1.9450573921203613
-1.9764299392700195
-1.1642509698867798
-1.999999987845058e-08
-1.5818133354187012
5.5030198097229
7.097945213317871
1.999999987845058e-08
-3.3100006580352783
11.619132995605469
13.874102592468262
-1.999999987845058e-08
-1.144612193107605
11.958760261535645
13.162467002868652
1.999999987845058e-08
1.840717077255249
9.222067832946777
7.266882419586182
-1.999999987845058e-08
1.0195955038070679
11.50558090209961
7.093246936798096
1.999999987845058e-08
