0
0.6042948365211487
10.799769401550293
-19.85176658630371
1.999999987845058e-08
1.6623607873916626
3.2427902221679688
-25.805021286010742
-1.999999987845058e-08
2.4610695838928223
-12.996199607849121
-38.68354034423828
1.999999987845058e-08
3.4371700286865234
-22.471712112426758
-45.72736740112305
-1.999999987845058e-08
2.9163992404937744
-20.998722076416016
-42.521881103515625
1.999999987845058e-08
0.3325321674346924
-14.558212280273438
-33.70698165893555
-1.999999987845058e-08
-4.427733421325684
-5.5891947746276855
-23.75042152404785
1.999999987845058e-08
-11.257607460021973
5.36931848526001
-14.956650733947754
-1.999999987845058e-08
-17.48342514038086
11.811837196350098
-10.628543853759766
1.999999987845058e-08
-24.842878341674805
4.163235664367676
-11.823036193847656
-1.999999987845058e-08
-25.38179588317871
2.655190944671631
-9.137724876403809
1.999999987845058e-08
-18.06712532043457
1.700077772140503
-6.932939529418945
-1.999999987845058e-08
-5.006515026092529
-3.468473196029663
-8.513118743896484
1.999999987845058e-08
4.204555511474609
-12.148483276367188
-12.544780731201172
-1.999999987845058e-08
2.1636884212493896
-19.40523910522461
-15.398194313049316
1.999999987845058e-08
-9.785320281982422
-19.332260131835938
-13.474079132080078
-1.999999987845058e-08
-22.795631408691406
-11.093267440795898
-6.344848155975342
1.999999987845058e-08
-27.69029426574707
-3.392371654510498
0.07560504972934723
-1.999999987845058e-08
-23.606719970703125
-3.0530848503112793
0.8685541749000549
1.999999987845058e-08
-19.43080711364746
-2.4338347911834717
1.245490312576294
-1.999999987845058e-08
-22.2352294921875
6.505007266998291
6.740993022918701
1.999999987845058e-08
-27.364540100097656
18.19915199279785
13.394447326660156
-1.999999987845058e-08
-25.614429473876953
24.94664764404297
16.072057723999023
1.999999987845058e-08
-14.994754791259766
23.664743423461914
13.017173767089844
-1.999999987845058e-08
-1.824698805809021
13.472392082214355
4.612938404083252
1.999999987845058e-08
6.294948101043701
1.6223955154418945
-2.7563576698303223
-1.999999987845058e-08
7.576335430145264
-2.6973347663879395
-3.2114317417144775
1.999999987845058e-08
5.779569149017334
-3.3297536373138428
-1.5839483737945557
-1.999999987845058e-08
4.50429630279541
-7.1502766609191895
-3.2049267292022705
1.999999987845058e-08
5.389665126800537
-9.308891296386719
-3.1141695976257324
-1.999999987845058e-08
7.844333171844482
-4.483373165130615
3.0554659366607666
1.999999987845058e-08
8.159136772155762
1.4697716236114502
9.25992202758789
-1.999999987845058e-08
4.90407657623291
0.9628363251686096
8.102688789367676
1.999999987845058e-08
2.7286624908447266
-5.929555416107178
0.7291588187217712
-1.999999987845058e-08
5.39772891998291
-17.323148727416992
-8.590214729309082
1.999999987845058e-08
9.986727714538574
-29.358108520507812
-15.742910385131836
-1.999999987845058e-08
10.518552780151367
-28.643884658813477
-11.557709693908691
1.999999987845058e-08
3.4936020374298096
-6.611217021942139
9.43531322479248
-1.999999987845058e-08
-8.581642150878906
23.33363151550293
36.856285095214844
1.999999987845058e-08
-12.72316837310791
42.23347473144531
57.43916320800781
-1.999999987845058e-08
-1.6919224262237549
32.24676513671875
48.73624801635742
1.999999987845058e-08
5.698653221130371
16.72372055053711
34.19462585449219
-1.999999987845058e-08
3.7825191020965576
2.8731184005737305
21.456737518310547
1.999999987845058e-08
-4.388850212097168
-1.5055354833602905
17.176483154296875
-1.999999987845058e-08
-12.239588737487793
1.5972188711166382
19.552719116210938
1.999999987845058e-08
-15.584665298461914
5.048792362213135
23.376338958740234
-1.999999987845058e-08
-12.479000091552734
6.662987232208252
26.73469352722168
1.999999987845058e-08
-2.976611852645874
4.55276346206665
27.04116439819336
-1.999999987845058e-08
7.61776876449585
-3.598363161087036
22.3613338470459
1.999999987845058e-08
14.087573051452637
-22.3634033203125
10.721723556518555
-1.999999987845058e-08
13.977380752563477
-25.335603713989258
8.97127914428711
1.999999987845058e-08
14.262951850891113
-23.859025955200195
10.259870529174805
-1.999999987845058e-08
15.644506454467773
-21.20594024658203
11.811570167541504
1.999999987845058e-08
18.279329299926758
-20.43117332458496
11.476903915405273
-1.999999987845058e-08
20.97637176513672
-21.50294303894043
10.458036422729492
1.999999987845058e-08
23.419918060302734
-22.70721435546875
10.776336669921875
-1.999999987845058e-08
25.498130798339844
-21.74073028564453
13.6572847366333
1.999999987845058e-08
24.91693878173828
-17.72519302368164
18.631967544555664
-1.999999987845058e-08
18.896278381347656
-10.360002517700195
25.126392364501953
1.999999987845058e-08
23.419918060302734
-22.70721435546875
10.776336669921875
-1.999999987845058e-08
25.498130798339844
-21.74073028564453
13.6572847366333
1.999999987845058e-08
24.91693878173828
-17.72519302368164
18.631967544555664
-1.999999987845058e-08
18.896278381347656
-10.360002517700195
25.126392364501953
1.999999987845058e-08
8.384438514709473
1.9748905897140503
34.08336639404297
-1.999999987845058e-08
-0.7375181317329407
15.406691551208496
42.28892135620117
1.999999987845058e-08
-4.085781574249268
20.57282829284668
42.76087188720703
-1.999999987845058e-08
-3.4671645164489746
16.120214462280273
35.628047943115234
1.999999987845058e-08
-1.3853095769882202
9.413514137268066
27.779647827148438
-1.999999987845058e-08
2.1326911449432373
5.297056674957275
22.876054763793945
1.999999987845058e-08
10.92582893371582
12.092717170715332
24.472370147705078
-1.999999987845058e-08
18.58097267150879
13.616924285888672
26.008405685424805
1.999999987845058e-08
27.68506622314453
2.6439425945281982
21.220195770263672
-1.999999987845058e-08
32.92094421386719
-11.206501007080078
14.692355155944824
1.999999987845058e-08
31.732929229736328
-13.89663314819336
13.671131134033203
-1.999999987845058e-08
25.065723419189453
-7.852337837219238
16.747535705566406
1.999999987845058e-08
16.76905632019043
-3.7413604259490967
18.181825637817383
-1.999999987845058e-08
13.224302291870117
-2.2093513011932373
17.909683227539062
1.999999987845058e-08
16.634004592895508
0.21942709386348724
18.69801139831543
-1.999999987845058e-08
21.94713020324707
-0.6986461281776428
18.91811180114746
1.999999987845058e-08
23.688772201538086
-5.327229976654053
17.997642517089844
-1.999999987845058e-08
19.800188064575195
-2.464031934738159
20.895700454711914
1.999999987845058e-08
10.844491958618164
9.863931655883789
27.241256713867188
-1.999999987845058e-08
1.5341129302978516
15.679424285888672
27.706787109375
1.999999987845058e-08
-1.7404875755310059
7.129671096801758
19.258319854736328
-1.999999987845058e-08
2.0845587253570557
-2.6180741786956787
10.723499298095703
1.999999987845058e-08
8.957864761352539
-3.11250638961792
8.279021263122559
-1.999999987845058e-08
16.263978958129883
-0.47066566348075867
8.98601245880127
1.999999987845058e-08
23.584125518798828
-1.2033005952835083
10.10113525390625
-1.999999987845058e-08
29.004194259643555
-3.8994998931884766
11.503583908081055
1.999999987845058e-08
29.706953048706055
-7.289727687835693
10.917104721069336
-1.999999987845058e-08
24.80880355834961
-9.100876808166504
8.018328666687012
1.999999987845058e-08
16.753807067871094
-5.578670024871826
6.2925567626953125
-1.999999987845058e-08
10.162428855895996
-0.07982645183801651
5.766025066375732
1.999999987845058e-08
8.078251838684082
2.040806293487549
4.609658718109131
-1.999999987845058e-08
10.274038314819336
4.014387607574463
5.739902496337891
1.999999987845058e-08
14.752102851867676
9.790492057800293
11.227377891540527
-1.999999987845058e-08
20.81298828125
12.708791732788086
14.560011863708496
1.999999987845058e-08
29.512792587280273
3.3592824935913086
7.647286415100098
-1.999999987845058e-08
37.33475112915039
-14.449583053588867
-6.237284183502197
1.999999987845058e-08
24.566059112548828
-19.78081703186035
-10.090323448181152
-1.999999987845058e-08
12.323837280273438
-5.229817867279053
0.24639682471752167
1.999999987845058e-08
6.238625526428223
3.568909168243408
4.798730373382568
-1.999999987845058e-08
4.11177921295166
-0.2612716555595398
-0.7635000348091125
1.999999987845058e-08
1.4645440578460693
-8.847014427185059
-9.248151779174805
-1.999999987845058e-08
-2.9371836185455322
-9.979883193969727
-11.121516227722168
1.999999987845058e-08
-8.995206832885742
-1.4299107789993286
-5.844671249389648
-1.999999987845058e-08
-15.80007266998291
11.286934852600098
0.4787999987602234
1.999999987845058e-08
-20.47313690185547
24.815292358398438
4.313102722167969
-1.999999987845058e-08
-20.635652542114258
35.1314811706543
4.235727310180664
1.999999987845058e-08
-20.635652542114258
35.1314811706543
4.235726833343506
-1.999999987845058e-08
-15.282950401306152
33.59980773925781
-2.265760660171509
1.999999987845058e-08
-3.3712711334228516
19.631160736083984
-13.091995239257812
-1.999999987845058e-08
12.342978477478027
6.982242107391357
-19.845294952392578
1.999999987845058e-08
24.061206817626953
3.7465662956237793
-19.687339782714844
-1.999999987845058e-08
26.942607879638672
1.7855414152145386
-19.07196807861328
1.999999987845058e-08
22.511810302734375
-2.9275693893432617
-20.135251998901367
-1.999999987845058e-08
13.853724479675293
-2.3863205909729004
-17.698081970214844
1.999999987845058e-08
3.5582401752471924
4.711201190948486
-11.65000057220459
-1.999999987845058e-08
-4.819085597991943
9.22701358795166
-8.033714294433594
1.999999987845058e-08
-7.638499736785889
7.982970714569092
-8.814735412597656
-1.999999987845058e-08
-5.331803798675537
7.037651538848877
-10.472158432006836
1.999999987845058e-08
-3.787045955657959
11.000711441040039
-9.688523292541504
-1.999999987845058e-08
-8.063895225524902
19.83683967590332
-4.597290515899658
1.999999987845058e-08
-15.721972465515137
30.88655662536621
4.124922752380371
-1.999999987845058e-08
-19.40066146850586
37.286903381347656
9.730563163757324
1.999999987845058e-08
-15.327691078186035
31.48122787475586
4.233767509460449
-1.999999987845058e-08
-7.373345375061035
16.16826820373535
-9.727185249328613
1.999999987845058e-08
-1.7610877752304077
3.2075090408325195
-21.07135772705078
-1.999999987845058e-08
1.1142361164093018
-2.64898943901062
-26.506805419921875
1.999999987845058e-08
11.591062545776367
-14.975672721862793
-37.67634963989258
-1.999999987845058e-08
15.89493465423584
-23.303930282592773
-40.322998046875
1.999999987845058e-08
15.8782377243042
-28.896499633789062
-38.82819366455078
-1.999999987845058e-08
12.786909103393555
-28.130800247192383
-34.19816589355469
1.999999987845058e-08
10.278223991394043
-22.356176376342773
-28.111373901367188
-1.999999987845058e-08
10.97891902923584
-19.708635330200195
-25.32138442993164
1.999999987845058e-08
12.808173179626465
-22.796772003173828
-27.584020614624023
-1.999999987845058e-08
11.71153736114502
-24.688739776611328
-29.51146125793457
1.999999987845058e-08
7.567506313323975
-22.218250274658203
-26.7689151763916
-1.999999987845058e-08
3.2176833152770996
-17.638412475585938
-19.630294799804688
1.999999987845058e-08
3.2176830768585205
-17.638412475585938
-19.630294799804688
-1.999999987845058e-08
0.7694534063339233
-11.674670219421387
-10.678252220153809
1.999999987845058e-08
0.7588115334510803
-8.754225730895996
-6.523972034454346
-1.999999987845058e-08
1.7036391496658325
-14.617670059204102
-11.465653419494629
1.999999987845058e-08
1.7746244668960571
-23.95136833190918
-19.262619018554688
-1.999999987845058e-08
0.16851729154586792
-24.86029052734375
-20.473188400268555
1.999999987845058e-08
-4.313808917999268
-13.64706802368164
-12.508696556091309
-1.999999987845058e-08
-11.529617309570312
1.0338413715362549
-1.2884973287582397
1.999999987845058e-08
-17.514253616333008
7.634570121765137
3.1149091720581055
-1.999999987845058e-08
-17.958341598510742
3.4728763103485107
-3.3889520168304443
1.999999987845058e-08
-10.808472633361816
-11.63183307647705
-17.656749725341797
-1.999999987845058e-08
-13.848600387573242
-7.056157112121582
-10.879178047180176
1.999999987845058e-08
-19.052894592285156
11.138357162475586
3.1077709197998047
-1.999999987845058e-08
-18.36175537109375
29.733671188354492
13.510415077209473
1.999999987845058e-08
-10.49770450592041
31.842618942260742
12.06561279296875
-1.999999987845058e-08
-1.9590153694152832
20.141414642333984
2.4242091178894043
1.999999987845058e-08
1.9204994440078735
7.374612331390381
-8.540141105651855
-1.999999987845058e-08
0.17010091245174408
-2.3543035984039307
-17.883649826049805
1.999999987845058e-08
-5.872796058654785
-7.914976119995117
-22.16221046447754
-1.999999987845058e-08
-12.195408821105957
-8.200307846069336
-22.581052780151367
1.999999987845058e-08
-14.603872299194336
-8.253373146057129
-27.767465591430664
-1.999999987845058e-08
-14.232338905334473
-11.083304405212402
-37.79836654663086
1.999999987845058e-08
-15.570815086364746
-11.666685104370117
-41.42350387573242
-1.999999987845058e-08
-19.83155632019043
-6.2816925048828125
-35.55573272705078
1.999999987845058e-08
-24.0252628326416
2.567046880722046
-30.114086151123047
-1.999999987845058e-08
-23.490373611450195
6.6829915046691895
-34.63656997680664
1.999999987845058e-08
-15.167424201965332
-4.776057243347168
-50.444549560546875
-1.999999987845058e-08
-2.8428895473480225
-28.171995162963867
-67.8544692993164
1.999999987845058e-08
3.692528009414673
-38.22753143310547
-69.72148895263672
-1.999999987845058e-08
-0.4096051752567291
-20.69304084777832
-51.51835632324219
1.999999987845058e-08
3.692528009414673
-38.22753143310547
-69.72148895263672
-1.999999987845058e-08
-0.4096051752567291
-20.69304084777832
-51.51835632324219
1.999999987845058e-08
-7.583588123321533
1.1817654371261597
-33.196205139160156
-1.999999987845058e-08
-5.774626731872559
1.1258065700531006
-33.1854133605957
1.999999987845058e-08
6.425477981567383
-9.268316268920898
-41.35099411010742
-1.999999987845058e-08
16.387685775756836
-7.981118202209473
-40.60160827636719
1.999999987845058e-08
11.94095230102539
-1.8541791439056396
-36.411102294921875
-1.999999987845058e-08
-3.945744276046753
-2.2818567752838135
-38.08551025390625
1.999999987845058e-08
-17.78554916381836
2.506633758544922
-35.96022033691406
-1.999999987845058e-08
-21.303997039794922
18.069869995117188
-24.14868927001953
1.999999987845058e-08
6.528768539428711
-7.447124481201172
-39.80241012573242
-1.999999987845058e-08
2.595304012298584
-3.8909225463867188
-30.69080924987793
1.999999987845058e-08
-8.518844604492188
-1.1679201126098633
-25.66592788696289
-1.999999987845058e-08
-20.179576873779297
6.7111101150512695
-20.097511291503906
1.999999987845058e-08
-26.81398582458496
22.969894409179688
-6.115718841552734
-1.999999987845058e-08
-27.64643096923828
41.17267990112305
11.510522842407227
1.999999987845058e-08
-22.80830955505371
50.83379364013672
18.608112335205078
-1.999999987845058e-08
-11.33297348022461
41.05182647705078
6.242417812347412
1.999999987845058e-08
4.431868076324463
10.185633659362793
-18.603744506835938
-1.999999987845058e-08
14.993354797363281
-21.46855926513672
-36.03030014038086
1.999999987845058e-08
-11.33297348022461
41.05182647705078
6.242417335510254
-1.999999987845058e-08
4.431868076324463
10.185633659362793
-18.603744506835938
1.999999987845058e-08
14.993354797363281
-21.46855926513672
-36.03030014038086
-1.999999987845058e-08
11.623589515686035
-29.176849365234375
-33.52680206298828
1.999999987845058e-08
-1.8074886798858643
-16.062528610229492
-19.92441177368164
-1.999999987845058e-08
-13.166762351989746
-4.14309549331665
-9.215810775756836
1.999999987845058e-08
-16.21238899230957
-2.9712846279144287
-3.6043269634246826
-1.999999987845058e-08
-14.325048446655273
-7.831658840179443
-1.615596055984497
1.999999987845058e-08
-13.109525680541992
-14.052833557128906
-5.271608352661133
-1.999999987845058e-08
-14.03453254699707
-20.33104133605957
-12.958523750305176
1.999999987845058e-08
-36.24282455444336
5.121922016143799
10.496445655822754
-1.999999987845058e-08
-36.68893814086914
14.259523391723633
16.828948974609375
1.999999987845058e-08
-25.693504333496094
7.792414665222168
15.3818941116333
-1.999999987845058e-08
-5.650139808654785
-2.436919689178467
12.567533493041992
1.999999987845058e-08
12.330766677856445
-8.474650382995605
11.625070571899414
-1.999999987845058e-08
17.954681396484375
-16.921966552734375
8.166130065917969
1.999999987845058e-08
11.526229858398438
-25.531923294067383
4.350505352020264
-1.999999987845058e-08
0.11405453085899353
-16.494617462158203
12.710485458374023
1.999999987845058e-08
-10.13513469696045
8.133130073547363
31.54804801940918
-1.999999987845058e-08
-15.829328536987305
21.896350860595703
41.32085418701172
1.999999987845058e-08
-15.829328536987305
21.896350860595703
41.32085418701172
-1.999999987845058e-08
-15.257767677307129
14.766007423400879
34.42639923095703
1.999999987845058e-08
-9.965356826782227
0.9740550518035889
22.418556213378906
-1.999999987845058e-08
-6.810160160064697
-9.012356758117676
14.924551010131836
1.999999987845058e-08
-10.716127395629883
-14.341065406799316
12.935405731201172
-1.999999987845058e-08
-15.33961296081543
-12.174764633178711
17.640682220458984
1.999999987845058e-08
-11.037128448486328
-2.8842406272888184
28.060962677001953
-1.999999987845058e-08
0.08657988905906677
1.703004240989685
34.3309326171875
1.999999987845058e-08
8.612969398498535
-8.336997985839844
27.800518035888672
-1.999999987845058e-08
11.991188049316406
-25.540109634399414
14.845170974731445
1.999999987845058e-08
11.991188049316406
-25.540109634399414
14.845170974731445
-1.999999987845058e-08
12.827828407287598
-34.101341247558594
10.276575088500977
1.999999987845058e-08
10.808664321899414
-29.656091690063477
18.23307228088379
-1.999999987845058e-08
5.194407939910889
-18.89934730529785
29.89893341064453
1.999999987845058e-08
-1.7593320608139038
-5.039815425872803
39.51126480102539
-1.999999987845058e-08
-7.4513349533081055
10.198254585266113
47.466651916503906
1.999999987845058e-08
-11.123636245727539
18.916011810302734
51.01038360595703
-1.999999987845058e-08
-13.067978858947754
17.543556213378906
47.65242004394531
1.999999987845058e-08
-12.938318252563477
11.898092269897461
40.479549407958984
-1.999999987845058e-08
-10.632885932922363
7.3875226974487305
34.550559997558594
1.999999987845058e-08
-7.828311920166016
5.386626243591309
33.54401779174805
-1.999999987845058e-08
-6.065023899078369
3.0723681449890137
35.37638473510742
1.999999987845058e-08
-5.3308424949646
-3.550469398498535
34.062416076660156
-1.999999987845058e-08
-5.171422958374023
-8.983752250671387
31.783885955810547
1.999999987845058e-08
-5.349100589752197
-3.4993510246276855
36.51592254638672
-1.999999987845058e-08
-5.14989709854126
7.31607723236084
45.045753479003906
1.999999987845058e-08
-2.7026422023773193
9.269256591796875
46.6832160949707
-1.999999987845058e-08
3.3970916271209717
3.1897683143615723
42.413177490234375
1.999999987845058e-08
9.920761108398438
0.37320005893707275
42.153629302978516
-1.999999987845058e-08
9.516679763793945
4.366394996643066
48.33643341064453
1.999999987845058e-08
9.516679763793945
4.366394996643066
48.33643341064453
-1.999999987845058e-08
0.9989558458328247
12.54819107055664
55.351566314697266
1.999999987845058e-08
-6.676877498626709
22.926504135131836
59.28279495239258
-1.999999987845058e-08
-6.783533096313477
29.880556106567383
59.04936981201172
1.999999987845058e-08
-2.0688047409057617
25.328760147094727
52.95096206665039
-1.999999987845058e-08
2.8764326572418213
10.944669723510742
41.816497802734375
1.999999987845058e-08
6.47988748550415
-2.6315841674804688
30.5064697265625
-1.999999987845058e-08
7.739400386810303
-9.65585994720459
22.935354232788086
1.999999987845058e-08
6.670770645141602
-10.911792755126953
20.359817504882812
-1.999999987845058e-08
5.60794734954834
-7.834321975708008
22.06635093688965
1.999999987845058e-08
3.1300389766693115
-1.152048110961914
27.442991256713867
-1.999999987845058e-08
-1.412639856338501
4.0245208740234375
32.375946044921875
1.999999987845058e-08
-3.2935070991516113
11.60877799987793
37.1351318359375
-1.999999987845058e-08
0.028091249987483025
12.061692237854004
33.98281478881836
1.999999987845058e-08
5.146088600158691
3.744377374649048
25.080963134765625
-1.999999987845058e-08
9.019353866577148
-0.9879597425460815
22.31951904296875
1.999999987845058e-08
9.821950912475586
4.352531433105469
29.00238800048828
-1.999999987845058e-08
4.567337989807129
12.481011390686035
37.231651306152344
1.999999987845058e-08
-4.2623443603515625
15.763362884521484
40.916343688964844
-1.999999987845058e-08
-6.760994911193848
12.87468147277832
39.1773796081543
1.999999987845058e-08
1.3976420164108276
5.799351692199707
33.22862243652344
-1.999999987845058e-08
12.155384063720703
-0.9189883470535278
26.929166793823242
1.999999987845058e-08
15.20003604888916
-1.5902373790740967
25.77764320373535
-1.999999987845058e-08
9.28206729888916
3.9154038429260254
30.742448806762695
1.999999987845058e-08
3.037672281265259
6.856219291687012
34.25840377807617
-1.999999987845058e-08
4.729461193084717
0.7485372424125671
29.21665382385254
1.999999987845058e-08
10.950568199157715
-8.052226066589355
20.41594123840332
-1.999999987845058e-08
11.28501033782959
-10.263717651367188
17.577417373657227
1.999999987845058e-08
3.9277381896972656
-4.437139511108398
23.197969436645508
-1.999999987845058e-08
-2.771401882171631
7.607996940612793
34.44227981567383
1.999999987845058e-08
-2.771401882171631
7.607996940612793
34.44227981567383
-1.999999987845058e-08
-2.737987518310547
18.800384521484375
44.59788513183594
1.999999987845058e-08
2.4150257110595703
15.413910865783691
44.17469787597656
-1.999999987845058e-08
6.859417915344238
-0.8281500935554504
36.00444793701172
1.999999987845058e-08
5.540719032287598
-6.667956829071045
36.5157470703125
-1.999999987845058e-08
-0.612593412399292
6.034942626953125
47.979801177978516
1.999999987845058e-08
-4.499904155731201
14.659401893615723
51.08723449707031
-1.999999987845058e-08
-0.09364844113588333
3.5894358158111572
36.54119110107422
1.999999987845058e-08
10.72851848602295
-12.649916648864746
20.024845123291016
-1.999999987845058e-08
19.138835906982422
-16.83164405822754
16.091331481933594
1.999999987845058e-08
-0.940788745880127
-2.431971788406372
19.68048667907715
-1.999999987845058e-08
3.355848789215088
4.509678840637207
25.193004608154297
1.999999987845058e-08
8.989690780639648
8.828961372375488
28.91959571838379
-1.999999987845058e-08
9.941780090332031
12.993412017822266
32.746978759765625
1.999999987845058e-08
5.63091516494751
25.148672103881836
41.990379333496094
-1.999999987845058e-08
4.3935136795043945
41.628868103027344
51.969215393066406
1.999999987845058e-08
14.049562454223633
41.74250793457031
47.06150436401367
-1.999999987845058e-08
29.192609786987305
18.127769470214844
23.98734474182129
1.999999987845058e-08
36.66852951049805
-7.030571937561035
0.8766850233078003
-1.999999987845058e-08
30.87668228149414
-14.30207633972168
-7.887538433074951
1.999999987845058e-08
30.87668228149414
-14.30207633972168
-7.887538909912109
-1.999999987845058e-08
17.66728401184082
-10.72563648223877
-7.328649520874023
1.999999987845058e-08
7.684584140777588
-8.27136516571045
-5.864738941192627
-1.999999987845058e-08
6.749721527099609
-5.503327369689941
-3.719352960586548
1.999999987845058e-08
10.216760635375977
-1.1265369653701782
-2.1630067825317383
-1.999999987845058e-08
8.490808486938477
-0.43835100531578064
-5.611440181732178
1.999999987845058e-08
-0.8071262240409851
-3.4176552295684814
-13.226123809814453
-1.999999987845058e-08
-10.018327713012695
-4.562208652496338
-20.354673385620117
1.999999987845058e-08
-12.641681671142578
-2.68766450881958
-24.881114959716797
-1.999999987845058e-08
-10.158170700073242
-0.2288239300251007
-26.999244689941406
1.999999987845058e-08
-6.512629985809326
2.831763505935669
-26.873708724975586
-1.999999987845058e-08
-4.203351974487305
5.577425479888916
-26.59081268310547
1.999999987845058e-08
-4.928224563598633
3.152569532394409
-30.14187240600586
-1.999999987845058e-08
-7.628748893737793
-1.9343029260635376
-34.853492736816406
1.999999987845058e-08
-8.2169189453125
0.325543612241745
-32.90500259399414
-1.999999987845058e-08
-4.816381454467773
6.611030578613281
-27.961101531982422
1.999999987845058e-08
-0.40278828144073486
4.38209867477417
-31.15102767944336
-1.999999987845058e-08
1.7461144924163818
-1.4979579448699951
-39.14822769165039
1.999999987845058e-08
2.404778003692627
1.259727120399475
-40.5727653503418
-1.999999987845058e-08
4.424191951751709
5.78244686126709
-37.26194381713867
1.999999987845058e-08
10.634848594665527
-7.635621070861816
-38.78834915161133
-1.999999987845058e-08
6.578474044799805
-4.43397331237793
-35.589149475097656
1.999999987845058e-08
-3.232100486755371
6.131043434143066
-30.932098388671875
-1.999999987845058e-08
-10.611612319946289
8.91994857788086
-32.82931137084961
1.999999987845058e-08
-8.057645797729492
-1.1915603876113892
-42.27993392944336
-1.999999987845058e-08
1.3060094118118286
-13.41686725616455
-51.362998962402344
1.999999987845058e-08
6.939360618591309
-15.739517211914062
-51.986236572265625
-1.999999987845058e-08
3.4809274673461914
-8.278910636901855
-43.35939407348633
1.999999987845058e-08
-4.241427421569824
1.24479079246521
-31.046785354614258
-1.999999987845058e-08
-7.624672889709473
8.977763175964355
-21.432048797607422
1.999999987845058e-08
-3.94313383102417
16.45867347717285
-16.653879165649414
-1.999999987845058e-08
1.6427233219146729
20.298871994018555
-16.895471572875977
1.999999987845058e-08
3.8038086891174316
11.050355911254883
-24.44648551940918
-1.999999987845058e-08
2.2760844230651855
-6.563234806060791
-35.4743766784668
1.999999987845058e-08
0.44064733386039734
-14.129392623901367
-39.45695495605469
-1.999999987845058e-08
2.30784010887146
-12.645661354064941
-37.40172576904297
1.999999987845058e-08
7.155063629150391
-19.466821670532227
-38.96268844604492
-1.999999987845058e-08
8.077577590942383
-28.428979873657227
-39.257904052734375
1.999999987845058e-08
0.8457832336425781
-18.54691505432129
-27.23674774169922
-1.999999987845058e-08
-9.819376945495605
3.1712262630462646
-10.426250457763672
1.999999987845058e-08
0.8457832336425781
-18.54691505432129
-27.23674774169922
-1.999999987845058e-08
-9.819376945495605
3.1712262630462646
-10.426250457763672
1.999999987845058e-08
-15.264862060546875
11.250814437866211
-4.258463382720947
-1.999999987845058e-08
-11.057596206665039
3.034886121749878
-7.709408760070801
1.999999987845058e-08
-1.5686228275299072
-5.060546398162842
-10.399212837219238
-1.999999987845058e-08
3.8101253509521484
-8.457284927368164
-10.970094680786133
1.999999987845058e-08
1.5695573091506958
-12.272284507751465
-12.155909538269043
-1.999999987845058e-08
-2.7237918376922607
-14.493706703186035
-11.954252243041992
1.999999987845058e-08
-3.553454637527466
-13.099160194396973
-10.871801376342773
-1.999999987845058e-08
-2.044750690460205
-13.011931419372559
-13.396937370300293
1.999999987845058e-08
-2.46915340423584
-14.318711280822754
-17.65288734436035
-1.999999987845058e-08
-6.136560916900635
-11.230644226074219
-17.456674575805664
1.999999987845058e-08
-9.775891304016113
-7.0672760009765625
-14.929205894470215
-1.999999987845058e-08
-9.777588844299316
-10.559111595153809
-16.889362335205078
1.999999987845058e-08
-7.614583969116211
-14.470038414001465
-18.389436721801758
-1.999999987845058e-08
-5.9807586669921875
-4.614495277404785
-9.182578086853027
1.999999987845058e-08
-1.2380857467651367
9.272549629211426
3.6775829792022705
-1.999999987845058e-08
9.786133766174316
7.668435096740723
6.0194268226623535
1.999999987845058e-08
22.087020874023438
-4.525744915008545
0.49110284447669983
-1.999999987845058e-08
29.492006301879883
-13.322322845458984
-4.333531856536865
1.999999987845058e-08
-2.0977096557617188
-3.5314924716949463
4.514499664306641
-1.999999987845058e-08
-14.917884826660156
15.76498031616211
17.276453018188477
1.999999987845058e-08
-13.563924789428711
23.018888473510742
19.75571632385254
-1.999999987845058e-08
-2.964630603790283
10.179035186767578
9.789682388305664
1.999999987845058e-08
4.45166540145874
-11.186880111694336
-2.7916741371154785
-1.999999987845058e-08
3.251723289489746
-22.158302307128906
-7.508364200592041
1.999999987845058e-08
-1.646406888961792
-15.601056098937988
-2.428302526473999
-1.999999987845058e-08
-4.283684730529785
-2.6448328495025635
4.805145263671875
1.999999987845058e-08
-3.5351438522338867
2.3358922004699707
5.43844747543335
-1.999999987845058e-08
-2.0379550457000732
1.8787448406219482
1.607779622077942
1.999999987845058e-08
-3.095327377319336
7.255804061889648
1.4684935808181763
-1.999999987845058e-08
-6.548320293426514
14.739469528198242
3.1794581413269043
1.999999987845058e-08
-8.039271354675293
13.753013610839844
-0.43995344638824463
-1.999999987845058e-08
-5.359574317932129
11.145766258239746
-4.866735458374023
1.999999987845058e-08
-2.482759714126587
20.38359260559082
0.20445488393306732
-1.999999987845058e-08
-2.8220038414001465
34.7617301940918
11.220715522766113
1.999999987845058e-08
-3.902406692504883
38.618404388427734
15.993280410766602
-1.999999987845058e-08
-2.00283145904541
32.38862228393555
11.975741386413574
1.999999987845058e-08
2.4925262928009033
22.236589431762695
2.3867604732513428
-1.999999987845058e-08
4.231861114501953
9.390400886535645
-9.861878395080566
1.999999987845058e-08
-1.8380402326583862
2.998749017715454
-16.058439254760742
-1.999999987845058e-08
-12.67911148071289
12.253154754638672
-10.475276947021484
1.999999987845058e-08
-19.526588439941406
25.920459747314453
-2.824176788330078
-1.999999987845058e-08
-17.723491668701172
27.53681755065918
-4.439326286315918
1.999999987845058e-08
-10.13331413269043
20.143390655517578
-12.241677284240723
-1.999999987845058e-08
-3.933688163757324
15.772361755371094
-18.01018714904785
1.999999987845058e-08
-4.635599613189697
17.177146911621094
-20.012527465820312
-1.999999987845058e-08
-8.8757963180542
21.498355865478516
-19.855743408203125
1.999999987845058e-08
-7.212305068969727
23.98672866821289
-20.839563369750977
-1.999999987845058e-08
2.586022138595581
17.503604888916016
-27.72610855102539
1.999999987845058e-08
12.229315757751465
3.85371470451355
-38.29044723510742
-1.999999987845058e-08
12.859333992004395
-2.5688986778259277
-42.107723236083984
1.999999987845058e-08
3.368743658065796
5.648265838623047
-34.93135070800781
-1.999999987845058e-08
-8.84149169921875
17.489511489868164
-25.877355575561523
1.999999987845058e-08
-15.76568603515625
20.502721786499023
-24.377607345581055
-1.999999987845058e-08
-16.524049758911133
14.198418617248535
-30.02198028564453
1.999999987845058e-08
-13.471780776977539
4.174442768096924
-36.759315490722656
-1.999999987845058e-08
-6.947226047515869
-0.5833165049552917
-36.85147476196289
1.999999987845058e-08
1.9623181819915771
4.848613262176514
-29.185094833374023
-1.999999987845058e-08
9.46619987487793
8.838852882385254
-25.722732543945312
1.999999987845058e-08
12.191060066223145
1.9098910093307495
-31.903915405273438
-1.999999987845058e-08
9.356599807739258
-2.0293796062469482
-33.57402420043945
1.999999987845058e-08
1.7797907590866089
8.56767463684082
-22.81425666809082
-1.999999987845058e-08
-6.9928693771362305
19.574575424194336
-13.093757629394531
1.999999987845058e-08
-8.663047790527344
18.323455810546875
-13.90793228149414
-1.999999987845058e-08
1.7861108779907227
13.327713966369629
-17.713014602661133
1.999999987845058e-08
15.952997207641602
9.386476516723633
-20.51898956298828
-1.999999987845058e-08
19.528120040893555
-0.6109318137168884
-26.32251739501953
1.999999987845058e-08
8.72932243347168
-9.237101554870605
-28.909696578979492
-1.999999987845058e-08
-7.255969047546387
-0.302978515625
-19.294504165649414
1.999999987845058e-08
-7.255969047546387
-0.3029785454273224
-19.294504165649414
-1.999999987845058e-08
-18.711172103881836
18.119327545166016
-6.474235534667969
1.999999987845058e-08
-24.130006790161133
23.474002838134766
-5.046040058135986
-1.999999987845058e-08
-24.82464599609375
14.159473419189453
-12.561653137207031
1.999999987845058e-08
-18.96099281311035
5.715851306915283
-17.56282615661621
-1.999999987845058e-08
-7.087347984313965
4.120348930358887
-16.406339645385742
1.999999987845058e-08
3.8642451763153076
4.475344657897949
-11.011088371276855
-1.999999987845058e-08
7.371530532836914
3.5523808002471924
-3.9163339138031006
1.999999987845058e-08
3.0840156078338623
1.6731364727020264
0.576106071472168
-1.999999987845058e-08
-3.4720139503479004
0.0562097430229187
0.4292309284210205
1.999999987845058e-08
-4.62479305267334
-1.6091132164001465
-1.7064145803451538
-1.999999987845058e-08
0.6858928203582764
-7.380974769592285
-4.968734264373779
1.999999987845058e-08
4.567840576171875
-18.866209030151367
-10.670278549194336
-1.999999987845058e-08
2.953289747238159
-26.948286056518555
-13.755149841308594
1.999999987845058e-08
1.1777173280715942
-20.634361267089844
-5.931661128997803
-1.999999987845058e-08
1.5627524852752686
-5.350003719329834
8.622759819030762
1.999999987845058e-08
-0.7178175449371338
1.861651062965393
14.704511642456055
-1.999999987845058e-08
-5.295838832855225
-3.5345165729522705
8.181906700134277
1.999999987845058e-08
-4.059802532196045
-11.451016426086426
0.8570137619972229
-1.999999987845058e-08
3.6994104385375977
-16.21877098083496
0.5699977278709412
1.999999987845058e-08
7.29601526260376
-20.749086380004883
1.5803629159927368
-1.999999987845058e-08
2.2081634998321533
-25.619972229003906
-2.349475860595703
1.999999987845058e-08
-3.180070400238037
-24.12404441833496
-5.199859619140625
-1.999999987845058e-08
-3.169149398803711
-10.742789268493652
2.3358097076416016
1.999999987845058e-08
-2.4406347274780273
5.865237236022949
14.816858291625977
-1.999999987845058e-08
-4.728234767913818
7.727113723754883
16.869770050048828
1.999999987845058e-08
-4.900340557098389
-8.031949996948242
6.395148277282715
-1.999999987845058e-08
2.904798746109009
-24.800046920776367
-4.157652854919434
1.999999987845058e-08
13.647257804870605
-34.223236083984375
-10.379979133605957
-1.999999987845058e-08
14.817296028137207
-45.7341423034668
-19.13770294189453
1.999999987845058e-08
3.84627103805542
-59.92963790893555
-28.538951873779297
-1.999999987845058e-08
-6.729359149932861
-57.980247497558594
-25.036117553710938
1.999999987845058e-08
-7.096401691436768
-30.659950256347656
-4.230520725250244
-1.999999987845058e-08
-2.718482255935669
2.1324398517608643
19.295490264892578
1.999999987845058e-08
-3.01112699508667
18.401626586914062
30.5023193359375
-1.999999987845058e-08
-6.914172172546387
24.608699798583984
33.2202033996582
1.999999987845058e-08
-5.1768693923950195
34.445743560791016
36.57521057128906
-1.999999987845058e-08
7.798518657684326
34.54291915893555
32.023136138916016
1.999999987845058e-08
26.634056091308594
8.213436126708984
9.584187507629395
-1.999999987845058e-08
39.90511703491211
-26.103193283081055
-15.871088981628418
1.999999987845058e-08
36.903743743896484
-36.68276596069336
-17.416791915893555
-1.999999987845058e-08
26.6888427734375
-28.52254867553711
-5.833083629608154
1.999999987845058e-08
14.995718002319336
-22.010866165161133
3.857603073120117
-1.999999987845058e-08
8.01716423034668
-20.304344177246094
6.539928913116455
1.999999987845058e-08
8.555715560913086
-22.92567253112793
4.228018760681152
-1.999999987845058e-08
11.18982219696045
-24.34858512878418
4.970705509185791
1.999999987845058e-08
8.393671989440918
-26.133445739746094
7.445358753204346
-1.999999987845058e-08
-0.9586119651794434
-29.238258361816406
7.9488525390625
1.999999987845058e-08
-9.392353057861328
-20.97730255126953
15.508707046508789
-1.999999987845058e-08
-9.57641315460205
1.6336939334869385
33.80182647705078
1.999999987845058e-08
-9.392353057861328
-20.97730255126953
15.508707046508789
-1.999999987845058e-08
-9.57641315460205
1.6336939334869385
33.80182647705078
1.999999987845058e-08
-3.889723062515259
14.146785736083984
43.885169982910156
-1.999999987845058e-08
1.9145750999450684
-1.9976330995559692
29.928434371948242
1.999999987845058e-08
7.566553115844727
-28.619436264038086
6.359426021575928
-1.999999987845058e-08
12.54431438446045
-37.08219909667969
-2.0690789222717285
1.999999987845058e-08
11.239450454711914
-25.18962287902832
7.400514125823975
-1.999999987845058e-08
0.9872310161590576
-7.158716201782227
21.133525848388672
1.999999987845058e-08
-12.259782791137695
10.801407814025879
31.560199737548828
-1.999999987845058e-08
-20.383296966552734
24.129610061645508
36.10050582885742
1.999999987845058e-08
-20.383296966552734
24.129610061645508
36.10050582885742
-1.999999987845058e-08
-21.260986328125
22.304738998413086
29.63633918762207
1.999999987845058e-08
-18.12696075439453
6.2638840675354
14.895277976989746
-1.999999987845058e-08
-13.247942924499512
-8.45156478881836
4.180643558502197
1.999999987845058e-08
-6.980410099029541
-12.907902717590332
2.8392770290374756
-1.999999987845058e-08
-1.9422240257263184
-9.669689178466797
6.074646472930908
1.999999987845058e-08
-1.5855631828308105
-2.7333240509033203
9.164999961853027
-1.999999987845058e-08
-5.270698547363281
2.8102641105651855
9.512788772583008
1.999999987845058e-08
-9.758840560913086
3.865602493286133
7.540626525878906
-1.999999987845058e-08
-13.746522903442383
6.113362789154053
8.66583251953125
1.999999987845058e-08
-8.34265422821045
-2.64699649810791
-2.9487905502319336
-1.999999987845058e-08
2.162343740463257
-14.779515266418457
-13.366796493530273
1.999999987845058e-08
8.261003494262695
-20.249361038208008
-15.321769714355469
-1.999999987845058e-08
5.495547294616699
-23.620845794677734
-13.137447357177734
1.999999987845058e-08
-1.0550976991653442
-25.270822525024414
-9.835349082946777
-1.999999987845058e-08
-3.392977714538574
-23.155900955200195
-5.511486530303955
1.999999987845058e-08
-1.4600845575332642
-20.32381820678711
-1.7451242208480835
-1.999999987845058e-08
-0.210898756980896
-18.563556671142578
0.6086308360099792
1.999999987845058e-08
-1.375610589981079
-13.58155345916748
4.114326000213623
-1.999999987845058e-08
-3.9984242916107178
-3.539849042892456
10.690253257751465
1.999999987845058e-08
-1.375610589981079
-13.58155345916748
4.114326000213623
-1.999999987845058e-08
-3.9984242916107178
-3.539849042892456
10.690253257751465
1.999999987845058e-08
-7.6228132247924805
5.6114301681518555
17.22239875793457
-1.999999987845058e-08
-11.464757919311523
8.475052833557129
19.51813316345215
1.999999987845058e-08
-13.388731956481934
6.660765171051025
18.393672943115234
-1.999999987845058e-08
-11.524113655090332
4.175409317016602
17.7460880279541
1.999999987845058e-08
-6.701536178588867
3.3493144512176514
19.338197708129883
-1.999999987845058e-08
-2.401465654373169
6.577719688415527
23.063692092895508
1.999999987845058e-08
0.0699167251586914
13.199480056762695
27.586523056030273
-1.999999987845058e-08
4.968987464904785
15.115482330322266
28.608142852783203
1.999999987845058e-08
17.6796817779541
-5.920504093170166
18.083690643310547
-1.999999987845058e-08
6.710888385772705
13.655279159545898
30.458097457885742
1.999999987845058e-08
1.5662614107131958
25.801361083984375
34.97938537597656
-1.999999987845058e-08
2.0842833518981934
22.886789321899414
27.947641372680664
1.999999987845058e-08
6.802947998046875
17.4550838470459
19.667251586914062
-1.999999987845058e-08
13.810270309448242
14.522825241088867
13.364175796508789
1.999999987845058e-08
