0
9.896224975585938
11.945063591003418
10.671150207519531
1.999999987845058e-08
11.280534744262695
13.900032043457031
12.892117500305176
-1.999999987845058e-08
10.381876945495605
13.620110511779785
12.721710205078125
1.999999987845058e-08
8.305253982543945
10.839934349060059
11.235197067260742
-1.999999987845058e-08
5.735913276672363
7.550027847290039
8.224997520446777
1.999999987845058e-08
3.2105374336242676
5.8241190910339355
3.579040050506592
-1.999999987845058e-08
1.431775450706482
5.528135776519775
-0.7398754358291626
1.999999987845058e-08
0.7252184748649597
5.721323490142822
-2.7271971702575684
-1.999999987845058e-08
0.6054369211196899
5.363555431365967
-3.1780853271484375
1.999999987845058e-08
1.4317753314971924
5.528135776519775
-0.7398754954338074
-1.999999987845058e-08
0.7252184748649597
5.721323490142822
-2.7271969318389893
1.999999987845058e-08
0.6054369211196899
5.363555431365967
-3.1780853271484375
-1.999999987845058e-08
0.715172290802002
3.446305751800537
-3.8932127952575684
1.999999987845058e-08
0.9587238430976868
0.022218143567442894
-5.262636661529541
-1.999999987845058e-08
0.6858908534049988
-3.428380012512207
-7.046182155609131
1.999999987845058e-08
0.39881983399391174
-4.025522232055664
-8.423859596252441
-1.999999987845058e-08
1.9542323350906372
-0.19545474648475647
-8.101397514343262
1.999999987845058e-08
4.917704105377197
5.209447860717773
-6.427325248718262
-1.999999987845058e-08
6.369198799133301
7.532804489135742
-5.146073341369629
1.999999987845058e-08
4.611781120300293
4.785859107971191
-4.813543796539307
-1.999999987845058e-08
0.8883962631225586
-0.9959926605224609
-3.9657270908355713
1.999999987845058e-08
-1.865364670753479
-5.017725944519043
-0.7080821990966797
-1.999999987845058e-08
-2.0142438411712646
-4.388411998748779
3.994823694229126
1.999999987845058e-08
-0.3593478798866272
-1.0844188928604126
6.1725850105285645
-1.999999987845058e-08
1.9111791849136353
2.0167629718780518
4.120288848876953
1.999999987845058e-08
3.56215238571167
4.019989013671875
0.49528563022613525
-1.999999987845058e-08
2.8834476470947266
4.013208389282227
-1.9821301698684692
1.999999987845058e-08
0.4792112410068512
2.2823143005371094
-2.900568962097168
-1.999999987845058e-08
-0.39948582649230957
2.0973398685455322
-2.423673629760742
1.999999987845058e-08
1.3736602067947388
5.926492691040039
-2.2842843532562256
-1.999999987845058e-08
-1.6284477710723877
2.63965106010437
-6.460906028747559
1.999999987845058e-08
-6.496870517730713
-3.218430519104004
-11.491158485412598
-1.999999987845058e-08
-11.506119728088379
-8.840531349182129
-15.126594543457031
1.999999987845058e-08
-16.46809959411621
-14.229280471801758
-17.983257293701172
-1.999999987845058e-08
-19.766658782958984
-18.80542755126953
-19.886489868164062
1.999999987845058e-08
-19.04796600341797
-20.409997940063477
-18.733484268188477
-1.999999987845058e-08
-15.282304763793945
-19.019441604614258
-14.859795570373535
1.999999987845058e-08
-10.979928016662598
-15.815173149108887
-11.23349666595459
-1.999999987845058e-08
-6.754629135131836
-10.620940208435059
-9.066001892089844
1.999999987845058e-08
-3.6993508338928223
-5.1943888664245605
-7.794930458068848
-1.999999987845058e-08
-4.336180686950684
-4.140740394592285
-7.6555633544921875
1.999999987845058e-08
-8.300431251525879
-8.061150550842285
-8.26634693145752
-1.999999987845058e-08
-11.587902069091797
-11.236066818237305
-7.426685810089111
1.999999987845058e-08
-11.847695350646973
-9.686332702636719
-4.773143291473389
-1.999999987845058e-08
-10.983482360839844
-6.588171482086182
-3.1358230113983154
1.999999987845058e-08
-11.089138984680176
-6.750192165374756
-3.5919642448425293
-1.999999987845058e-08
-11.317582130432129
-9.934959411621094
-3.8105380535125732
1.999999987845058e-08
-10.256086349487305
-12.096054077148438
-2.3621647357940674
-1.999999987845058e-08
-8.459776878356934
-11.021476745605469
-0.41596347093582153
1.999999987845058e-08
-7.340094566345215
-8.858163833618164
0.23804575204849243
-1.999999987845058e-08
-7.173527240753174
-8.493496894836426
-1.3419197797775269
1.999999987845058e-08
-7.309170722961426
-9.072766304016113
-4.300769329071045
-1.999999987845058e-08
-6.785464763641357
-7.52478551864624
-5.2918381690979
1.999999987845058e-08
-4.595443248748779
-3.4666080474853516
-1.2052533626556396
-1.999999987845058e-08
-1.1131166219711304
0.25503867864608765
6.2213592529296875
1.999999987845058e-08
1.6287789344787598
1.9180747270584106
11.803502082824707
-1.999999987845058e-08
1.3802357912063599
2.2950735092163086
11.822789192199707
1.999999987845058e-08
-3.010215997695923
0.8809692859649658
5.155066013336182
-1.999999987845058e-08
-10.435956001281738
-4.229622840881348
-6.217615127563477
1.999999987845058e-08
-10.435956954956055
-4.229622840881348
-6.217615127563477
-1.999999987845058e-08
-17.293739318847656
-11.286197662353516
-16.468215942382812
1.999999987845058e-08
-19.119943618774414
-14.812496185302734
-19.735877990722656
-1.999999987845058e-08
-13.811070442199707
-12.053764343261719
-15.307969093322754
1.999999987845058e-08
-4.133544921875
-5.545758247375488
-7.431054592132568
-1.999999987845058e-08
4.009103775024414
1.0598996877670288
-0.8634625673294067
1.999999987845058e-08
6.812475681304932
5.633969783782959
2.2902987003326416
-1.999999987845058e-08
4.993142604827881
6.442757606506348
2.319668769836426
1.999999987845058e-08
1.149651050567627
3.095662832260132
0.39469847083091736
-1.999999987845058e-08
-2.4975717067718506
-1.4732781648635864
-1.703593134880066
1.999999987845058e-08
-2.4975717067718506
-1.473278284072876
-1.7035932540893555
-1.999999987845058e-08
-3.827315092086792
-3.057313919067383
-1.8034166097640991
1.999999987845058e-08
-1.5212528705596924
0.35402002930641174
1.0901591777801514
-1.999999987845058e-08
3.0614452362060547
7.336898326873779
6.283953666687012
1.999999987845058e-08
6.125667095184326
12.6871976852417
12.125199317932129
-1.999999987845058e-08
5.038959980010986
10.911463737487793
16.32965660095215
1.999999987845058e-08
1.6788620948791504
3.859694719314575
17.142383575439453
-1.999999987845058e-08
0.17694373428821564
-0.08671027421951294
14.517549514770508
1.999999987845058e-08
1.4002406597137451
2.4390950202941895
9.594779968261719
-1.999999987845058e-08
2.705730438232422
6.304718494415283
4.654569149017334
1.999999987845058e-08
1.843032717704773
6.710996627807617
5.980050563812256
-1.999999987845058e-08
0.720192551612854
4.356510639190674
4.818922519683838
1.999999987845058e-08
-0.35201773047447205
1.8490769863128662
2.6986305713653564
-1.999999987845058e-08
-2.549001932144165
0.4694758355617523
0.12753808498382568
1.999999987845058e-08
-6.999341011047363
-0.9954533576965332
-4.250985145568848
-1.999999987845058e-08
-11.246688842773438
-3.584596633911133
-9.498865127563477
1.999999987845058e-08
-12.032049179077148
-6.616095542907715
-13.168557167053223
-1.999999987845058e-08
-9.579523086547852
-8.981179237365723
-14.867522239685059
1.999999987845058e-08
-5.652103424072266
-9.092975616455078
-14.70828914642334
-1.999999987845058e-08
-0.478549599647522
-5.490612030029297
-11.554926872253418
1.999999987845058e-08
4.767677307128906
-0.15567447245121002
-6.733083724975586
-1.999999987845058e-08
6.748856067657471
3.0764832496643066
-4.572816371917725
1.999999987845058e-08
4.838322162628174
4.508688449859619
-6.204989433288574
-1.999999987845058e-08
2.165827512741089
6.589682579040527
-8.054675102233887
1.999999987845058e-08
0.3974865972995758
8.00722885131836
-7.622661590576172
-1.999999987845058e-08
-0.7294214367866516
7.1009087562561035
-5.125583648681641
1.999999987845058e-08
-0.41534143686294556
6.862168312072754
-0.6991904973983765
-1.999999987845058e-08
1.0845831632614136
9.248522758483887
3.789642810821533
1.999999987845058e-08
1.392773151397705
10.00749683380127
4.325904846191406
-1.999999987845058e-08
0.3505449593067169
6.075375080108643
1.5035178661346436
1.999999987845058e-08
0.35054489970207214
6.075375080108643
1.503517746925354
-1.999999987845058e-08
1.096724271774292
2.3421390056610107
1.4653618335723877
1.999999987845058e-08
5.826079368591309
4.690033912658691
7.035773277282715
-1.999999987845058e-08
13.005998611450195
11.578010559082031
14.407180786132812
1.999999987845058e-08
18.928035736083984
17.4062557220459
19.482784271240234
-1.999999987845058e-08
20.855907440185547
19.102785110473633
21.666667938232422
1.999999987845058e-08
18.110525131225586
16.383241653442383
21.310321807861328
-1.999999987845058e-08
12.004660606384277
10.453611373901367
18.454126358032227
1.999999987845058e-08
5.70772647857666
3.7619261741638184
14.105947494506836
-1.999999987845058e-08
1.1519290208816528
-2.050997495651245
9.175765037536621
1.999999987845058e-08
-20.987581253051758
-17.151775360107422
-9.975290298461914
-1.999999987845058e-08
-25.985097885131836
-19.64234733581543
-13.471559524536133
1.999999987845058e-08
-21.434045791625977
-16.119121551513672
-11.761094093322754
-1.999999987845058e-08
-8.698883056640625
-5.0724287033081055
-5.208218574523926
1.999999987845058e-08
4.825080394744873
8.367975234985352
2.0530264377593994
-1.999999987845058e-08
12.313611030578613
15.26221752166748
5.607544898986816
1.999999987845058e-08
12.52364730834961
12.568694114685059
5.16477108001709
-1.999999987845058e-08
9.991207122802734
7.735935211181641
4.784355163574219
1.999999987845058e-08
10.2443208694458
8.371103286743164
7.7414469718933105
-1.999999987845058e-08
13.731512069702148
11.802482604980469
12.298768043518066
1.999999987845058e-08
9.991207122802734
7.735935211181641
4.7843546867370605
-1.999999987845058e-08
10.2443208694458
8.371103286743164
7.7414469718933105
1.999999987845058e-08
13.731512069702148
11.802482604980469
12.298768043518066
-1.999999987845058e-08
16.93926239013672
12.55376148223877
15.507522583007812
1.999999987845058e-08
17.69038200378418
11.712191581726074
17.350936889648438
-1.999999987845058e-08
15.518280982971191
11.201176643371582
17.385326385498047
1.999999987845058e-08
10.696359634399414
8.58513355255127
13.729877471923828
-1.999999987845058e-08
5.793794631958008
3.2893166542053223
7.844132423400879
1.999999987845058e-08
4.353097438812256
-0.007068299222737551
4.016623497009277
-1.999999987845058e-08
6.919389247894287
1.9090297222137451
3.999159574508667
1.999999987845058e-08
14.575626373291016
6.397486686706543
5.846142292022705
-1.999999987845058e-08
11.667919158935547
7.68614387512207
3.759315013885498
1.999999987845058e-08
3.517458915710449
3.253225564956665
-0.6642862558364868
-1.999999987845058e-08
-5.254623889923096
-8.093690872192383
-5.174433708190918
1.999999987845058e-08
-7.322501182556152
-18.162303924560547
-6.105653762817383
-1.999999987845058e-08
-1.8445202112197876
-18.406173706054688
-3.3284952640533447
1.999999987845058e-08
5.374228477478027
-10.386495590209961
-0.6039118766784668
-1.999999987845058e-08
9.800532341003418
-2.8312079906463623
-0.9964346289634705
1.999999987845058e-08
11.144203186035156
-1.3761754035949707
-4.083644866943359
-1.999999987845058e-08
10.379058837890625
-4.334450721740723
-7.199827671051025
1.999999987845058e-08
10.379058837890625
-4.334450721740723
-7.199827671051025
-1.999999987845058e-08
8.787108421325684
-6.215164661407471
-7.568055629730225
1.999999987845058e-08
7.990267276763916
-4.516397476196289
-4.641937255859375
-1.999999987845058e-08
7.578922748565674
-3.141662120819092
-1.4205970764160156
1.999999987845058e-08
5.694026470184326
-5.4621381759643555
-0.7271246314048767
-1.999999987845058e-08
2.735846757888794
-6.755481243133545
-1.0085550546646118
1.999999987845058e-08
0.28872811794281006
-2.504944086074829
0.22104059159755707
-1.999999987845058e-08
-2.0486936569213867
1.046107530593872
1.3646595478057861
1.999999987845058e-08
-4.323548793792725
-2.9285309314727783
0.11578840762376785
-1.999999987845058e-08
-3.9636452198028564
-8.039623260498047
-1.6523058414459229
1.999999987845058e-08
-0.5456079840660095
-4.984696388244629
-2.302578926086426
-1.999999987845058e-08
0.7473685145378113
1.0512362718582153
-5.289809226989746
1.999999987845058e-08
-3.795839786529541
-1.140014886856079
-12.187949180603027
-1.999999987845058e-08
-9.110285758972168
-8.124780654907227
-16.44811248779297
1.999999987845058e-08
-8.303897857666016
-7.509701251983643
-12.499166488647461
-1.999999987845058e-08
-3.546555757522583
-0.06689828634262085
-5.413571357727051
1.999999987845058e-08
-1.8261672258377075
2.9526360034942627
-3.769272565841675
-1.999999987845058e-08
-4.013147354125977
-0.1693519949913025
-7.913259029388428
1.999999987845058e-08
-6.484454154968262
-2.3674142360687256
-12.105746269226074
-1.999999987845058e-08
-8.6879243850708
-2.56656551361084
-13.720603942871094
1.999999987845058e-08
-11.437149047851562
-4.972698211669922
-13.937562942504883
-1.999999987845058e-08
-12.317742347717285
-9.063733100891113
-13.25864315032959
1.999999987845058e-08
-8.732328414916992
-9.935114860534668
-11.103477478027344
-1.999999987845058e-08
-2.3628249168395996
-5.286784648895264
-7.683963298797607
1.999999987845058e-08
2.376816987991333
1.7023996114730835
-5.1327385902404785
-1.999999987845058e-08
2.8207554817199707
4.970890045166016
-6.2495646476745605
1.999999987845058e-08
0.6462559700012207
2.2714858055114746
-10.207763671875
-1.999999987845058e-08
-0.21435236930847168
-0.9268328547477722
-12.366905212402344
1.999999987845058e-08
0.6832648515701294
0.679385781288147
-11.007433891296387
-1.999999987845058e-08
-0.18235239386558533
3.5753283500671387
-9.203048706054688
1.999999987845058e-08
0.6832648515701294
0.679385781288147
-11.007433891296387
-1.999999987845058e-08
-0.18235239386558533
3.5753283500671387
-9.203048706054688
1.999999987845058e-08
-3.0745298862457275
2.0369930267333984
-7.980092525482178
-1.999999987845058e-08
-3.3324131965637207
-2.085411787033081
-5.0254034996032715
1.999999987845058e-08
0.9006820321083069
-3.300931930541992
-1.3575063943862915
-1.999999987845058e-08
5.726013660430908
-0.6709875464439392
-1.1460602283477783
1.999999987845058e-08
7.073737144470215
2.2153732776641846
-5.225944995880127
-1.999999987845058e-08
4.284036159515381
1.0977387428283691
-10.461915969848633
1.999999987845058e-08
-0.7430649995803833
-5.501129150390625
-13.545576095581055
-1.999999987845058e-08
-4.769498825073242
-13.346322059631348
-12.906874656677246
1.999999987845058e-08
-5.491356372833252
-15.996147155761719
-9.181090354919434
-1.999999987845058e-08
-3.9763641357421875
-13.02095890045166
-4.956216812133789
1.999999987845058e-08
-2.923177719116211
-9.56496524810791
-2.5955235958099365
-1.999999987845058e-08
-2.7825748920440674
-7.913982391357422
-1.9516751766204834
1.999999987845058e-08
-2.8235623836517334
-6.593029975891113
-1.969651699066162
-1.999999987845058e-08
-4.693133354187012
-6.751031875610352
-3.5749411582946777
1.999999987845058e-08
-9.28118896484375
-10.236480712890625
-6.986256122589111
-1.999999987845058e-08
-12.36839771270752
-12.562639236450195
-8.306737899780273
1.999999987845058e-08
-10.286245346069336
-8.66378116607666
-4.994594097137451
-1.999999987845058e-08
-5.735721588134766
-2.5749094486236572
-1.0885744094848633
1.999999987845058e-08
2.101975917816162
1.0168182849884033
-1.4088106155395508
-1.999999987845058e-08
6.012191295623779
2.4761884212493896
-1.1665065288543701
1.999999987845058e-08
6.497140884399414
0.8889369964599609
-1.3243943452835083
-1.999999987845058e-08
3.97344970703125
-3.5807454586029053
-2.0446338653564453
1.999999987845058e-08
2.69962739944458
-5.411681175231934
-0.5157309174537659
-1.999999987845058e-08
3.7138891220092773
-3.527628183364868
3.181488275527954
1.999999987845058e-08
3.7873764038085938
-2.3025877475738525
5.118133544921875
-1.999999987845058e-08
0.962285578250885
-3.8393115997314453
3.5345003604888916
1.999999987845058e-08
-2.4999279975891113
-5.977405548095703
1.371611475944519
-1.999999987845058e-08
-2.9499123096466064
-5.924221038818359
1.8258330821990967
1.999999987845058e-08
2.024862766265869
-4.803747653961182
-3.9454870223999023
-1.999999987845058e-08
-1.2900663614273071
-7.809278964996338
-9.364119529724121
1.999999987845058e-08
-3.1431987285614014
-6.914455413818359
-9.952445030212402
-1.999999987845058e-08
-2.0688159465789795
-2.2058794498443604
-6.110709190368652
1.999999987845058e-08
0.5017731189727783
2.415435791015625
-0.28686609864234924
-1.999999987845058e-08
3.1495120525360107
5.247960090637207
6.504180908203125
1.999999987845058e-08
4.33933687210083
6.196124076843262
12.545445442199707
-1.999999987845058e-08
1.3969327211380005
2.934020757675171
13.934226989746094
1.999999987845058e-08
-6.317468166351318
-4.515161991119385
9.02360725402832
-1.999999987845058e-08
-14.213247299194336
-9.937769889831543
2.299492597579956
1.999999987845058e-08
-16.50027084350586
-9.5088472366333
0.03910023346543312
-1.999999987845058e-08
-12.32552719116211
-7.167740821838379
3.160611629486084
1.999999987845058e-08
-5.14103364944458
-5.850048542022705
7.635171890258789
-1.999999987845058e-08
1.252671241760254
-2.9539480209350586
9.692490577697754
1.999999987845058e-08
5.053667068481445
2.40502667427063
8.513632774353027
-1.999999987845058e-08
7.180787563323975
7.055390357971191
6.453757286071777
1.999999987845058e-08
8.850159645080566
9.080220222473145
6.4864606857299805
-1.999999987845058e-08
9.136611938476562
8.365469932556152
8.299777030944824
1.999999987845058e-08
7.058347225189209
4.896450042724609
9.2284574508667
-1.999999987845058e-08
3.7061069011688232
1.5914888381958008
8.236845016479492
1.999999987845058e-08
9.136611938476562
8.365469932556152
8.299777030944824
-1.999999987845058e-08
7.058347225189209
4.896450042724609
9.2284574508667
1.999999987845058e-08
3.7061069011688232
1.5914888381958008
8.236845016479492
-1.999999987845058e-08
0.5104687213897705
2.5551493167877197
5.811808109283447
1.999999987845058e-08
-2.418555736541748
5.70341157913208
1.959485411643982
-1.999999987845058e-08
-5.138723373413086
5.675175666809082
-2.453197956085205
1.999999987845058e-08
-6.695468902587891
3.0436017513275146
-4.802156925201416
-1.999999987845058e-08
-5.777425289154053
2.158601760864258
-3.619314193725586
1.999999987845058e-08
-1.9245918989181519
4.301151752471924
0.009872249327600002
-1.999999987845058e-08
3.7063140869140625
8.808935165405273
5.131771564483643
1.999999987845058e-08
12.405878067016602
20.6992130279541
20.32303237915039
-1.999999987845058e-08
13.24614429473877
21.992490768432617
25.87425422668457
1.999999987845058e-08
11.154600143432617
19.353309631347656
25.460752487182617
-1.999999987845058e-08
6.45405912399292
15.346352577209473
18.947378158569336
1.999999987845058e-08
0.28304579854011536
10.034195899963379
9.0738525390625
-1.999999987845058e-08
-5.388626575469971
3.226576566696167
0.34498122334480286
1.999999987845058e-08
-8.396483421325684
-1.9098436832427979
-3.1531853675842285
-1.999999987845058e-08
-8.455479621887207
-3.2209482192993164
-1.489501714706421
1.999999987845058e-08
-7.513888835906982
-3.4427490234375
1.1062939167022705
-1.999999987845058e-08
-6.971987724304199
-4.98985481262207
1.2915416955947876
1.999999987845058e-08
-6.451523780822754
-6.346097946166992
-0.571022093296051
-1.999999987845058e-08
-6.209947109222412
-6.9206061363220215
-3.530208110809326
1.999999987845058e-08
-7.6626739501953125
-8.459587097167969
-7.868315696716309
-1.999999987845058e-08
-10.1634521484375
-10.204094886779785
-12.026229858398438
1.999999987845058e-08
-11.001798629760742
-10.133957862854004
-12.701614379882812
-1.999999987845058e-08
-8.832409858703613
-9.295319557189941
-9.019824028015137
1.999999987845058e-08
-4.835207462310791
-9.091829299926758
-3.3378021717071533
-1.999999987845058e-08
-2.4979355335235596
-9.136699676513672
0.5376688241958618
1.999999987845058e-08
-4.737392902374268
-9.86619758605957
0.03238978981971741
-1.999999987845058e-08
-8.568892478942871
-10.87241268157959
-2.409809112548828
1.999999987845058e-08
-7.955742835998535
-9.018301010131836
-1.7306181192398071
-1.999999987845058e-08
-2.5880637168884277
-3.8844707012176514
2.339681386947632
1.999999987845058e-08
2.466402292251587
0.80411696434021
5.8219428062438965
-1.999999987845058e-08
3.6236329078674316
3.337798595428467
6.845066070556641
1.999999987845058e-08
0.9158347845077515
4.18319034576416
6.2306671142578125
-1.999999987845058e-08
-3.4200308322906494
2.3160057067871094
5.08992862701416
1.999999987845058e-08
-6.2653093338012695
-1.8170642852783203
5.160006999969482
-1.999999987845058e-08
-6.044989585876465
-4.167973041534424
7.537685394287109
1.999999987845058e-08
-4.851390361785889
-2.864290237426758
9.594560623168945
-1.999999987845058e-08
-5.993696212768555
-1.359488606452942
7.487168788909912
1.999999987845058e-08
-9.17691707611084
-2.1747982501983643
2.1453726291656494
-1.999999987845058e-08
-10.862833023071289
-2.905501127243042
-1.8479810953140259
1.999999987845058e-08
-9.343329429626465
-1.6981121301651
-2.557621717453003
-1.999999987845058e-08
-6.202968120574951
-0.2906683385372162
-1.052851676940918
1.999999987845058e-08
-2.7584424018859863
0.8497388362884521
2.3884339332580566
-1.999999987845058e-08
1.4513133764266968
3.484116315841675
7.786559104919434
1.999999987845058e-08
6.332150459289551
7.074349880218506
13.2518892288208
-1.999999987845058e-08
10.988678932189941
9.90757942199707
16.946630477905273
1.999999987845058e-08
15.612089157104492
13.28937816619873
19.68134117126465
-1.999999987845058e-08
18.594839096069336
17.25420570373535
21.404142379760742
1.999999987845058e-08
1.737766981124878
6.793288707733154
7.88230037689209
-1.999999987845058e-08
-12.508503913879395
-4.4900054931640625
-3.2112224102020264
1.999999987845058e-08
-22.103364944458008
-12.170350074768066
-10.302529335021973
-1.999999987845058e-08
-28.23465347290039
-17.827518463134766
-15.520831108093262
1.999999987845058e-08
-32.64988327026367
-22.730588912963867
-20.94847297668457
-1.999999987845058e-08
-33.00508117675781
-23.769968032836914
-23.05139923095703
1.999999987845058e-08
-27.568849563598633
-19.362228393554688
-18.689510345458984
-1.999999987845058e-08
-18.426210403442383
-11.429864883422852
-10.44614028930664
1.999999987845058e-08
-9.259204864501953
-1.9375371932983398
-3.0711963176727295
-1.999999987845058e-08
-2.6022121906280518
7.151115894317627
1.6324992179870605
1.999999987845058e-08
0.9274631142616272
12.965877532958984
4.60358190536499
-1.999999987845058e-08
1.9137883186340332
14.066947937011719
6.780351161956787
1.999999987845058e-08
1.4197849035263062
11.709900856018066
8.34584903717041
-1.999999987845058e-08
0.5847477316856384
8.216340065002441
9.05309009552002
1.999999987845058e-08
0.08057526499032974
5.437572002410889
8.576338768005371
-1.999999987845058e-08
-0.3680592477321625
3.5678412914276123
7.158934593200684
1.999999987845058e-08
-1.107889175415039
1.5134960412979126
5.60904598236084
-1.999999987845058e-08
-0.8243518471717834
-0.049382369965314865
4.95690393447876
1.999999987845058e-08
2.056678533554077
1.289754867553711
5.644038677215576
-1.999999987845058e-08
6.510316371917725
5.482967853546143
6.839725971221924
1.999999987845058e-08
6.510316371917725
5.482967853546143
6.839725971221924
-1.999999987845058e-08
10.710373878479004
9.99096965789795
8.352799415588379
1.999999987845058e-08
14.556778907775879
13.520169258117676
11.458165168762207
-1.999999987845058e-08
17.654508590698242
15.716521263122559
15.636009216308594
1.999999987845058e-08
18.514751434326172
15.022415161132812
18.14221954345703
-1.999999987845058e-08
17.647794723510742
11.689372062683105
18.51153564453125
1.999999987845058e-08
17.438310623168945
10.343470573425293
19.2183895111084
-1.999999987845058e-08
17.795438766479492
13.57676887512207
20.830366134643555
1.999999987845058e-08
16.366823196411133
16.793434143066406
20.981843948364258
-1.999999987845058e-08
13.522544860839844
15.942026138305664
18.873781204223633
1.999999987845058e-08
13.522544860839844
15.942026138305664
18.873781204223633
-1.999999987845058e-08
11.645564079284668
14.128213882446289
16.15178108215332
1.999999987845058e-08
10.445642471313477
14.378973960876465
13.176331520080566
-1.999999987845058e-08
8.421836853027344
13.967447280883789
8.728363990783691
1.999999987845058e-08
6.699202537536621
11.020812034606934
3.6892898082733154
-1.999999987845058e-08
7.497897624969482
9.025354385375977
1.7290246486663818
1.999999987845058e-08
10.354020118713379
10.529040336608887
4.3483686447143555
-1.999999987845058e-08
12.161492347717285
12.504804611206055
7.629162788391113
1.999999987845058e-08
10.896306991577148
11.343486785888672
7.314175605773926
-1.999999987845058e-08
7.681262969970703
7.3026814460754395
4.487616539001465
1.999999987845058e-08
2.9083023071289062
-2.398193597793579
2.54732608795166
-1.999999987845058e-08
0.288080632686615
-6.758225440979004
0.6415606737136841
1.999999987845058e-08
-3.246403694152832
-10.97934627532959
-4.0044660568237305
-1.999999987845058e-08
-4.393059730529785
-13.42612361907959
-7.653997421264648
1.999999987845058e-08
-0.17499765753746033
-11.060223579406738
-6.0175089836120605
-1.999999987845058e-08
7.764576435089111
-3.983487367630005
0.7250782251358032
1.999999987845058e-08
14.617081642150879
3.3140268325805664
8.29686164855957
-1.999999987845058e-08
17.09039878845215
7.201595306396484
12.669089317321777
1.999999987845058e-08
16.307140350341797
8.801953315734863
13.758116722106934
-1.999999987845058e-08
15.709290504455566
10.707345008850098
13.9481201171875
1.999999987845058e-08
16.503660202026367
13.029336929321289
14.24752426147461
-1.999999987845058e-08
17.53179168701172
14.744474411010742
14.692261695861816
1.999999987845058e-08
17.931438446044922
15.574586868286133
15.528265953063965
-1.999999987845058e-08
16.789236068725586
14.927334785461426
15.401899337768555
1.999999987845058e-08
12.591068267822266
11.545635223388672
11.946621894836426
-1.999999987845058e-08
5.411105632781982
5.5391526222229
4.784289360046387
1.999999987845058e-08
-1.8506503105163574
-0.8870183229446411
-3.905609369277954
-1.999999987845058e-08
-5.59631872177124
-5.400167942047119
-10.518033027648926
1.999999987845058e-08
-4.8951640129089355
-7.024463653564453
-11.984492301940918
-1.999999987845058e-08
-2.2494547367095947
-6.647091388702393
-8.409683227539062
1.999999987845058e-08
-0.5000508427619934
-6.6184515953063965
-3.3052077293395996
-1.999999987845058e-08
-0.09364292025566101
-7.729058265686035
-0.7277306914329529
1.999999987845058e-08
-0.2375337928533554
-8.189435005187988
-2.160696506500244
-1.999999987845058e-08
-0.68415367603302
-7.785566806793213
-5.780111312866211
1.999999987845058e-08
-1.2213385105133057
-8.942953109741211
-8.868997573852539
-1.999999987845058e-08
-1.4609653949737549
-12.106401443481445
-10.053679466247559
1.999999987845058e-08
-1.4235637187957764
-14.877392768859863
-8.95726490020752
-1.999999987845058e-08
-1.3178921937942505
-16.16356658935547
-6.652630805969238
1.999999987845058e-08
-1.4622447490692139
-16.6224422454834
-6.261832237243652
-1.999999987845058e-08
-1.5538755655288696
-15.141107559204102
-9.105576515197754
1.999999987845058e-08
0.10095607489347458
-10.224629402160645
-11.87664794921875
-1.999999987845058e-08
4.383304119110107
-4.37346076965332
-11.112031936645508
1.999999987845058e-08
8.845605850219727
-1.6291347742080688
-8.124993324279785
-1.999999987845058e-08
9.470549583435059
-2.5139095783233643
-6.869906425476074
1.999999987845058e-08
5.421484470367432
-4.918012619018555
-8.466751098632812
-1.999999987845058e-08
0.5983582735061646
-6.571639060974121
-10.547272682189941
1.999999987845058e-08
-1.4683300256729126
-6.03525447845459
-11.658432960510254
-1.999999987845058e-08
-2.0620675086975098
-4.812276840209961
-12.665046691894531
1.999999987845058e-08
-3.6612765789031982
-6.2622504234313965
-14.032668113708496
-1.999999987845058e-08
-5.471911907196045
-9.97657299041748
-15.476365089416504
1.999999987845058e-08
-6.4238433837890625
-11.074318885803223
-20.554967880249023
-1.999999987845058e-08
-7.560636043548584
-9.644454956054688
-23.98775291442871
1.999999987845058e-08
-6.922845840454102
-7.167325973510742
-24.556278228759766
-1.999999987845058e-08
-2.442857027053833
-2.2089853286743164
-19.889728546142578
1.999999987845058e-08
3.063870906829834
2.64314341545105
-12.464686393737793
-1.999999987845058e-08
5.2901611328125
3.976149082183838
-7.158375263214111
1.999999987845058e-08
3.6712560653686523
3.0588769912719727
-5.771595001220703
-1.999999987845058e-08
-0.37987416982650757
2.374143362045288
-7.787105560302734
1.999999987845058e-08
-6.16621208190918
0.569672703742981
-12.8961820602417
-1.999999987845058e-08
-11.314709663391113
-3.1132407188415527
-18.431568145751953
1.999999987845058e-08
-10.75665283203125
-5.090104579925537
-18.62141227722168
-1.999999987845058e-08
-9.599212646484375
-5.045403957366943
-18.97987174987793
1.999999987845058e-08
-10.120323181152344
-6.335226058959961
-23.013134002685547
-1.999999987845058e-08
-11.971582412719727
-8.44345760345459
-28.547082901000977
1.999999987845058e-08
-15.283919334411621
-11.823212623596191
-33.030757904052734
-1.999999987845058e-08
-17.920486450195312
-14.103940963745117
-33.426334381103516
1.999999987845058e-08
-16.852991104125977
-11.12819766998291
-27.616735458374023
-1.999999987845058e-08
-13.071256637573242
-4.245086669921875
-18.39319610595703
1.999999987845058e-08
-9.741377830505371
1.4060781002044678
-10.666955947875977
-1.999999987845058e-08
-7.137736797332764
4.772017478942871
-5.013031959533691
1.999999987845058e-08
-13.071256637573242
-4.245086669921875
-18.39319610595703
-1.999999987845058e-08
-9.741377830505371
1.4060781002044678
-10.666955947875977
1.999999987845058e-08
-7.137736797332764
4.772017478942871
-5.013031959533691
-1.999999987845058e-08
-3.9427149295806885
8.069681167602539
0.7923842668533325
1.999999987845058e-08
-1.1218422651290894
10.97012996673584
6.05116081237793
-1.999999987845058e-08
-0.534286379814148
11.712885856628418
7.967511177062988
1.999999987845058e-08
-1.755458116531372
10.673070907592773
5.934920787811279
-1.999999987845058e-08
-3.107774019241333
8.69754409790039
1.6311542987823486
1.999999987845058e-08
-3.4097766876220703
6.177548408508301
-2.464843988418579
-1.999999987845058e-08
-1.2806143760681152
5.183874130249023
-2.956406354904175
1.999999987845058e-08
3.6580355167388916
7.6110453605651855
1.707772135734558
-1.999999987845058e-08
8.691132545471191
11.756038665771484
7.60954475402832
1.999999987845058e-08
10.297325134277344
14.694076538085938
9.104313850402832
-1.999999987845058e-08
7.619338035583496
15.67129898071289
5.330393314361572
1.999999987845058e-08
2.422804594039917
14.1834077835083
-0.15686802566051483
-1.999999987845058e-08
-2.836620569229126
8.875954627990723
-3.807884454727173
1.999999987845058e-08
-6.124851226806641
1.6463629007339478
-4.088901519775391
-1.999999987845058e-08
-6.142460346221924
-2.0935237407684326
-1.5838441848754883
1.999999987845058e-08
-2.9138920307159424
-0.07352976500988007
1.4476525783538818
-1.999999987845058e-08
1.5979441404342651
4.310819625854492
2.718447208404541
1.999999987845058e-08
4.128289699554443
6.371964454650879
-0.8887622952461243
-1.999999987845058e-08
1.750299096107483
3.5681395530700684
-3.380903959274292
1.999999987845058e-08
-0.6102784276008606
0.4404301047325134
-4.9117350578308105
-1.999999987845058e-08
-1.9387354850769043
-1.4973154067993164
-5.161684513092041
1.999999987845058e-08
-2.469259738922119
-1.9145898818969727
-4.569518566131592
-1.999999987845058e-08
-2.8401432037353516
-1.1995372772216797
-3.8060624599456787
1.999999987845058e-08
-4.050986289978027
-1.309391975402832
-3.452270269393921
-1.999999987845058e-08
-6.9258713722229
-5.351486682891846
-3.9835643768310547
1.999999987845058e-08
-10.775984764099121
-12.873802185058594
-5.10415506362915
-1.999999987845058e-08
-14.214092254638672
-18.588443756103516
-6.438210964202881
1.999999987845058e-08
-14.901540756225586
-15.5955228805542
-6.851061820983887
-1.999999987845058e-08
-9.046399116516113
-11.436785697937012
-1.9162689447402954
1.999999987845058e-08
-1.28913414478302
-6.1196675300598145
4.245905876159668
-1.999999987845058e-08
2.915316104888916
-0.5671600103378296
5.660120010375977
1.999999987845058e-08
1.4121025800704956
0.9455388188362122
0.3783266842365265
-1.999999987845058e-08
-2.1603689193725586
-2.6488945484161377
-6.42726469039917
1.999999987845058e-08
-3.633901834487915
-6.472356796264648
-8.868070602416992
-1.999999987845058e-08
-3.2098114490509033
-7.335291862487793
-7.389215469360352
1.999999987845058e-08
-2.701667070388794
-6.600995063781738
-5.635683536529541
-1.999999987845058e-08
-2.2869598865509033
-5.144754409790039
-4.720727920532227
1.999999987845058e-08
-2.4323065280914307
-3.486269950866699
-4.7213239669799805
-1.999999987845058e-08
-3.9737236499786377
-3.4569661617279053
-6.619241237640381
1.999999987845058e-08
-5.6337361335754395
-4.737744331359863
-9.938870429992676
-1.999999987845058e-08
-5.511824131011963
-4.894272327423096
-11.972458839416504
1.999999987845058e-08
-3.9987032413482666
-4.154601097106934
-10.66463851928711
-1.999999987845058e-08
-2.7573060989379883
-4.7009100914001465
-6.5407633781433105
1.999999987845058e-08
-2.4360239505767822
-5.480531215667725
-1.6842622756958008
-1.999999987845058e-08
-2.560392379760742
-3.593127965927124
1.715899109840393
1.999999987845058e-08
-2.238637685775757
-0.19638746976852417
2.537285566329956
-1.999999987845058e-08
-0.9654670357704163
1.565295696258545
1.941960096359253
1.999999987845058e-08
2.1067562103271484
5.942366600036621
6.393983840942383
-1.999999987845058e-08
1.467298150062561
7.578919887542725
9.497886657714844
1.999999987845058e-08
-2.2191596031188965
3.8274435997009277
7.7533464431762695
-1.999999987845058e-08
-7.673304080963135
-2.6561176776885986
1.6839920282363892
1.999999987845058e-08
-12.868896484375
-7.369217395782471
-5.239324569702148
-1.999999987845058e-08
-18.04596710205078
-10.651824951171875
-12.273042678833008
1.999999987845058e-08
-22.623868942260742
-13.508070945739746
-18.661672592163086
-1.999999987845058e-08
-23.18108558654785
-14.572737693786621
-20.67428207397461
1.999999987845058e-08
-19.926002502441406
-16.34646987915039
-18.498149871826172
-1.999999987845058e-08
-16.853513717651367
-21.23530387878418
-16.2818546295166
1.999999987845058e-08
-22.623868942260742
-13.508070945739746
-18.661672592163086
-1.999999987845058e-08
-23.18108558654785
-14.572737693786621
-20.67428207397461
1.999999987845058e-08
-19.926002502441406
-16.34646987915039
-18.498149871826172
-1.999999987845058e-08
-16.853513717651367
-21.23530387878418
-16.2818546295166
1.999999987845058e-08
-12.563908576965332
-19.425952911376953
-11.473788261413574
-1.999999987845058e-08
-3.854689121246338
-2.270153284072876
0.3435937464237213
1.999999987845058e-08
4.03286600112915
16.70606803894043
12.444656372070312
-1.999999987845058e-08
5.164407730102539
20.547794342041016
16.228919982910156
1.999999987845058e-08
3.401362180709839
14.3829345703125
14.643534660339355
-1.999999987845058e-08
3.6861727237701416
8.739980697631836
12.651215553283691
1.999999987845058e-08
3.5392186641693115
1.278171181678772
8.104222297668457
-1.999999987845058e-08
1.328311562538147
-7.315896034240723
1.9125739336013794
1.999999987845058e-08
1.3880691528320312
-6.2160868644714355
1.4603195190429688
-1.999999987845058e-08
4.953956127166748
5.105762481689453
6.750548362731934
1.999999987845058e-08
6.57956600189209
12.183862686157227
8.321333885192871
-1.999999987845058e-08
4.018374443054199
7.800679683685303
3.6804699897766113
1.999999987845058e-08
2.389486074447632
1.4638868570327759
1.611578345298767
-1.999999987845058e-08
5.187295913696289
3.2248950004577637
7.077334403991699
1.999999987845058e-08
9.32536506652832
11.281083106994629
14.496073722839355
-1.999999987845058e-08
10.914304733276367
17.425071716308594
17.233470916748047
1.999999987845058e-08
23.599430084228516
22.874860763549805
30.45915412902832
-1.999999987845058e-08
29.920286178588867
35.02861404418945
36.77191162109375
1.999999987845058e-08
27.126075744628906
31.86834144592285
31.094356536865234
-1.999999987845058e-08
17.19562339782715
16.803665161132812
19.665746688842773
1.999999987845058e-08
10.928492546081543
10.9373140335083
15.3987398147583
-1.999999987845058e-08
13.658093452453613
21.289514541625977
20.03425407409668
1.999999987845058e-08
17.29811668395996
28.953834533691406
22.646568298339844
-1.999999987845058e-08
13.592971801757812
20.04216194152832
17.622526168823242
1.999999987845058e-08
6.236773490905762
7.7245635986328125
12.366556167602539
-1.999999987845058e-08
1.431144118309021
6.995628833770752
11.926074981689453
1.999999987845058e-08
-2.616318702697754
8.466922760009766
9.822900772094727
-1.999999987845058e-08
-7.21533203125
-0.9151344895362854
3.273958921432495
1.999999987845058e-08
-6.388400077819824
-10.133907318115234
1.6424074172973633
-1.999999987845058e-08
1.7459101676940918
-3.1315269470214844
8.620805740356445
1.999999987845058e-08
8.071112632751465
9.763365745544434
12.325517654418945
-1.999999987845058e-08
5.893365859985352
7.917164325714111
5.0906524658203125
1.999999987845058e-08
2.0673699378967285
-3.239229440689087
-1.6616265773773193
-1.999999987845058e-08
5.820761203765869
-1.6494972705841064
4.654141902923584
1.999999987845058e-08
13.64595890045166
12.500320434570312
16.92361068725586
-1.999999987845058e-08
15.67578125
18.070148468017578
20.128995895385742
1.999999987845058e-08
12.036105155944824
10.75351333618164
15.307000160217285
-1.999999987845058e-08
11.427362442016602
8.851917266845703
15.582003593444824
1.999999987845058e-08
16.20756721496582
19.59236717224121
23.230205535888672
-1.999999987845058e-08
19.475980758666992
27.614286422729492
26.271162033081055
1.999999987845058e-08
16.773948669433594
21.52625274658203
17.9256591796875
-1.999999987845058e-08
12.23707389831543
10.391702651977539
6.546249866485596
1.999999987845058e-08
11.097963333129883
7.392317295074463
2.314330577850342
-1.999999987845058e-08
12.683016777038574
10.867535591125488
4.583338737487793
1.999999987845058e-08
13.743877410888672
9.807877540588379
7.0723347663879395
-1.999999987845058e-08
13.31878662109375
1.0834554433822632
7.0080389976501465
1.999999987845058e-08
5.3077898025512695
-6.926962852478027
1.0714043378829956
-1.999999987845058e-08
1.7577672004699707
-5.815118789672852
-0.8010271787643433
1.999999987845058e-08
-1.8099720478057861
-9.440003395080566
-2.623955249786377
-1.999999987845058e-08
-5.89249849319458
-15.107425689697266
-4.879300117492676
1.999999987845058e-08
-9.40259075164795
-18.333595275878906
-7.774252414703369
-1.999999987845058e-08
-9.562305450439453
-17.337575912475586
-10.259919166564941
1.999999987845058e-08
-5.436736106872559
-14.080950736999512
-10.56861686706543
-1.999999987845058e-08
-0.6245324015617371
-12.044540405273438
-8.703356742858887
1.999999987845058e-08
0.9680152535438538
-12.126047134399414
-6.68675422668457
-1.999999987845058e-08
0.2142009288072586
-12.001105308532715
-6.153478622436523
1.999999987845058e-08
-0.6245324611663818
-12.044540405273438
-8.703356742858887
-1.999999987845058e-08
0.9680153131484985
-12.126047134399414
-6.68675422668457
1.999999987845058e-08
0.21420088410377502
-12.001105308532715
-6.153479099273682
-1.999999987845058e-08
0.24662840366363525
-10.546957969665527
-6.991386890411377
1.999999987845058e-08
1.8770241737365723
-8.845479965209961
-7.242108345031738
-1.999999987845058e-08
3.6173818111419678
-6.7939772605896
-4.9254231452941895
1.999999987845058e-08
