0
-13.980386734008789
-15.01279354095459
-17.919912338256836
1.999999987845058e-08
-15.943292617797852
-15.566853523254395
-14.639328956604004
-1.999999987845058e-08
-12.893221855163574
-13.416240692138672
-6.239219665527344
1.999999987845058e-08
-5.34005069732666
-7.4180426597595215
4.281008720397949
-1.999999987845058e-08
-0.3901998996734619
-4.421802043914795
8.77380084991455
1.999999987845058e-08
-0.8699795603752136
-7.878060817718506
5.505440711975098
-1.999999987845058e-08
-3.2635676860809326
-12.456418991088867
-0.012322464026510715
1.999999987845058e-08
-6.335489273071289
-13.549346923828125
-5.97761344909668
-1.999999987845058e-08
-11.48279857635498
-12.44935131072998
-14.292619705200195
1.999999987845058e-08
-15.100743293762207
-6.028149127960205
-20.008819580078125
-1.999999987845058e-08
-11.376845359802246
-2.6878483295440674
-13.132219314575195
1.999999987845058e-08
-10.506443977355957
-4.4976067543029785
-8.41995906829834
-1.999999987845058e-08
-12.814325332641602
-10.263856887817383
-7.709262371063232
1.999999987845058e-08
-13.510239601135254
-14.626102447509766
-6.906769752502441
-1.999999987845058e-08
-10.808381080627441
-14.540207862854004
-4.777395248413086
1.999999987845058e-08
-7.44536828994751
-10.797158241271973
-3.0736935138702393
-1.999999987845058e-08
-5.574542045593262
-5.992073059082031
-1.5694994926452637
1.999999987845058e-08
-4.8189897537231445
-2.2125418186187744
0.7811245918273926
-1.999999987845058e-08
-3.7798891067504883
1.0020716190338135
3.324582815170288
1.999999987845058e-08
-1.5440921783447266
4.664161682128906
5.240802764892578
-1.999999987845058e-08
1.3742225170135498
7.045886516571045
6.5609517097473145
1.999999987845058e-08
3.6574249267578125
6.349252700805664
7.501749515533447
-1.999999987845058e-08
4.472410202026367
4.448141098022461
8.381878852844238
1.999999987845058e-08
3.519035577774048
3.6111819744110107
8.608120918273926
-1.999999987845058e-08
0.46249380707740784
2.223036050796509
6.128744602203369
1.999999987845058e-08
-4.720525741577148
-1.7202930450439453
0.3779905140399933
-1.999999987845058e-08
-10.239919662475586
-5.920376300811768
-5.348050117492676
1.999999987845058e-08
-12.682488441467285
-7.236308574676514
-7.009116172790527
-1.999999987845058e-08
-10.533595085144043
-5.912292003631592
-4.580370903015137
1.999999987845058e-08
-10.533595085144043
-5.912292003631592
-4.580370903015137
-1.999999987845058e-08
-6.403822422027588
-3.120748519897461
-1.3198975324630737
1.999999987845058e-08
-4.4967498779296875
0.5281294584274292
0.20522992312908173
-1.999999987845058e-08
-5.9513959884643555
3.084599018096924
-0.503726601600647
1.999999987845058e-08
-7.0594892501831055
3.40297532081604
-1.7252941131591797
-1.999999987845058e-08
-4.6371846199035645
3.2672388553619385
-1.4244520664215088
1.999999987845058e-08
-1.613236904144287
3.528400421142578
-0.7653419375419617
-1.999999987845058e-08
-1.5645997524261475
3.1880202293395996
-1.285935878753662
1.999999987845058e-08
-2.53469181060791
2.9372096061706543
-0.6478896737098694
-1.999999987845058e-08
-2.8198676109313965
3.0810728073120117
2.659353494644165
1.999999987845058e-08
-12.88464069366455
-3.8667120933532715
1.124696969985962
-1.999999987845058e-08
-11.580449104309082
-1.4047080278396606
0.08071833848953247
1.999999987845058e-08
-7.883930683135986
0.7698652148246765
1.066542148590088
-1.999999987845058e-08
-5.05463981628418
0.7266340851783752
2.3569447994232178
1.999999987845058e-08
-4.126812934875488
0.948202908039093
3.0969104766845703
-1.999999987845058e-08
-3.6541810035705566
2.3527424335479736
3.0825870037078857
1.999999987845058e-08
-1.892370343208313
3.223734140396118
1.8121975660324097
-1.999999987845058e-08
1.011836051940918
3.6032228469848633
-0.11924845725297928
1.999999987845058e-08
3.518369436264038
4.202249526977539
-0.5838756561279297
-1.999999987845058e-08
4.5592427253723145
3.3558924198150635
0.8267478346824646
1.999999987845058e-08
4.5592427253723145
3.3558924198150635
0.8267478346824646
-1.999999987845058e-08
3.4140233993530273
0.07975050061941147
1.030152440071106
1.999999987845058e-08
-0.7598773241043091
-3.5445539951324463
-2.459033489227295
-1.999999987845058e-08
-6.875328063964844
-5.256327152252197
-7.133700370788574
1.999999987845058e-08
-11.21800708770752
-4.020820617675781
-8.16112995147705
-1.999999987845058e-08
-11.313334465026855
-0.019761087372899055
-4.563249111175537
1.999999987845058e-08
-8.565628051757812
3.7756309509277344
0.3182811737060547
-1.999999987845058e-08
-5.584291458129883
4.033782005310059
3.4969160556793213
1.999999987845058e-08
-3.1111013889312744
2.420027017593384
4.87576961517334
-1.999999987845058e-08
-0.3558647930622101
3.2846150398254395
6.159422397613525
1.999999987845058e-08
-5.584291458129883
4.033782005310059
3.4969160556793213
-1.999999987845058e-08
-3.1111013889312744
2.420027256011963
4.87576961517334
1.999999987845058e-08
-0.35586482286453247
3.2846150398254395
6.159422397613525
-1.999999987845058e-08
3.354682683944702
6.641912460327148
8.826330184936523
1.999999987845058e-08
7.773529052734375
9.199239730834961
12.726762771606445
-1.999999987845058e-08
11.52263069152832
9.929076194763184
15.731148719787598
1.999999987845058e-08
12.09006404876709
9.206676483154297
14.378390312194824
-1.999999987845058e-08
7.610031604766846
5.874407768249512
6.737247943878174
1.999999987845058e-08
0.42537975311279297
0.32202523946762085
-3.233888864517212
-1.999999987845058e-08
-3.5823402404785156
-3.0063533782958984
-7.331263542175293
1.999999987845058e-08
-8.744451522827148
-9.606451034545898
-1.869697093963623
-1.999999987845058e-08
-10.321202278137207
-14.43482780456543
-3.6879096031188965
1.999999987845058e-08
-9.186295509338379
-16.644315719604492
-2.8418824672698975
-1.999999987845058e-08
-5.726568222045898
-15.655006408691406
-1.4245193004608154
1.999999987845058e-08
-2.599961757659912
-13.673065185546875
-2.4816346168518066
-1.999999987845058e-08
-0.6680507659912109
-11.70767879486084
-4.699180603027344
1.999999987845058e-08
2.9565956592559814
-7.763420104980469
-3.171654224395752
-1.999999987845058e-08
9.195353507995605
-1.661091685295105
2.330777406692505
1.999999987845058e-08
14.335763931274414
3.798053026199341
6.7820725440979
-1.999999987845058e-08
15.736043930053711
7.230374813079834
8.007007598876953
1.999999987845058e-08
14.52208137512207
8.465968132019043
7.895099639892578
-1.999999987845058e-08
11.158515930175781
6.079972267150879
6.323090553283691
1.999999987845058e-08
4.520376205444336
0.3033313453197479
0.9236167669296265
-1.999999987845058e-08
-4.723433494567871
-6.020781993865967
-8.65647029876709
1.999999987845058e-08
-13.747800827026367
-11.797216415405273
-19.785011291503906
-1.999999987845058e-08
-19.4327335357666
-17.08011817932129
-27.43869400024414
1.999999987845058e-08
-20.34299659729004
-18.934412002563477
-26.90821075439453
-1.999999987845058e-08
-17.631052017211914
-14.695157051086426
-18.844297409057617
1.999999987845058e-08
-13.402486801147461
-7.486806392669678
-8.996465682983398
-1.999999987845058e-08
-9.02495288848877
-2.728637456893921
-2.102083921432495
1.999999987845058e-08
-5.2773919105529785
-1.7186564207077026
0.8273256421089172
-1.999999987845058e-08
-2.682375192642212
-2.3381824493408203
0.6157004833221436
1.999999987845058e-08
-0.1671992987394333
-2.3903515338897705
0.19595246016979218
-1.999999987845058e-08
4.724768161773682
-0.24841569364070892
3.874082565307617
1.999999987845058e-08
11.45120906829834
3.8037662506103516
11.303308486938477
-1.999999987845058e-08
16.011173248291016
6.965483665466309
16.647708892822266
1.999999987845058e-08
16.635009765625
7.763086318969727
16.394617080688477
-1.999999987845058e-08
14.898355484008789
7.929018497467041
13.114238739013672
1.999999987845058e-08
11.830507278442383
8.611398696899414
10.878097534179688
-1.999999987845058e-08
8.35390567779541
9.726218223571777
11.361412048339844
1.999999987845058e-08
9.238548278808594
16.222448348999023
15.795512199401855
-1.999999987845058e-08
9.81917953491211
15.397802352905273
12.694183349609375
1.999999987845058e-08
8.182289123535156
9.511510848999023
7.356098651885986
-1.999999987845058e-08
10.111191749572754
6.420365333557129
7.826057434082031
1.999999987845058e-08
17.74082374572754
10.947208404541016
14.993292808532715
-1.999999987845058e-08
24.759607315063477
17.691768646240234
20.187519073486328
1.999999987845058e-08
25.32005500793457
19.251310348510742
17.575725555419922
-1.999999987845058e-08
20.820932388305664
15.684955596923828
10.69891357421875
1.999999987845058e-08
15.749654769897461
11.566890716552734
5.735389232635498
-1.999999987845058e-08
11.759068489074707
7.934422969818115
4.488351345062256
1.999999987845058e-08
20.820932388305664
15.684955596923828
10.69891357421875
-1.999999987845058e-08
15.749654769897461
11.566890716552734
5.735389232635498
1.999999987845058e-08
11.759068489074707
7.934422969818115
4.488351345062256
-1.999999987845058e-08
8.987793922424316
3.901960849761963
6.042201519012451
1.999999987845058e-08
8.993379592895508
1.6157318353652954
10.257067680358887
-1.999999987845058e-08
12.181840896606445
2.861382484436035
15.799891471862793
1.999999987845058e-08
15.231965065002441
5.7086710929870605
18.278562545776367
-1.999999987845058e-08
14.661029815673828
7.582942962646484
14.674727439880371
1.999999987845058e-08
11.904105186462402
7.922922611236572
8.642827987670898
-1.999999987845058e-08
12.081496238708496
7.992832183837891
7.590795040130615
1.999999987845058e-08
16.921289443969727
9.613929748535156
13.300098419189453
-1.999999987845058e-08
21.567819595336914
12.476289749145508
19.284446716308594
1.999999987845058e-08
20.98587989807129
14.106825828552246
19.961637496948242
-1.999999987845058e-08
16.70328712463379
14.125049591064453
17.73744773864746
1.999999987845058e-08
13.960497856140137
14.484906196594238
17.77204132080078
-1.999999987845058e-08
14.722314834594727
14.819432258605957
20.43808364868164
1.999999987845058e-08
16.709911346435547
13.142303466796875
22.400299072265625
-1.999999987845058e-08
16.847640991210938
10.243941307067871
20.826955795288086
1.999999987845058e-08
13.062979698181152
7.590037822723389
14.293664932250977
-1.999999987845058e-08
6.2699666023254395
4.062771320343018
4.333714485168457
1.999999987845058e-08
0.9552918672561646
-0.5363563895225525
-3.9165499210357666
-1.999999987845058e-08
-0.9411450028419495
-4.432010650634766
-7.36380672454834
1.999999987845058e-08
-2.829345226287842
-7.824367046356201
-8.28921890258789
-1.999999987845058e-08
-5.386689186096191
-10.724386215209961
-8.385193824768066
1.999999987845058e-08
-4.0752949714660645
-10.205676078796387
-5.826746940612793
-1.999999987845058e-08
1.7785874605178833
-6.585481643676758
-1.152580738067627
1.999999987845058e-08
7.305108070373535
-4.6276655197143555
1.8181736469268799
-1.999999987845058e-08
10.82919979095459
-3.906780958175659
3.0207221508026123
1.999999987845058e-08
14.92369556427002
1.2582776546478271
6.071197032928467
-1.999999987845058e-08
17.764480590820312
9.242620468139648
9.2916898727417
1.999999987845058e-08
13.735201835632324
11.042935371398926
6.669129371643066
-1.999999987845058e-08
4.941768169403076
6.012079238891602
0.06694476306438446
1.999999987845058e-08
-0.09105005115270615
3.244894504547119
-2.6856822967529297
-1.999999987845058e-08
-0.1209329292178154
4.251806735992432
-2.1712636947631836
1.999999987845058e-08
-0.25997060537338257
2.304835081100464
-4.59452486038208
-1.999999987845058e-08
-0.7362873554229736
-1.5614591836929321
-9.050246238708496
1.999999987845058e-08
0.9894933104515076
-1.954244613647461
-10.99960994720459
-1.999999987845058e-08
3.133939266204834
-1.2610872983932495
-10.751566886901855
1.999999987845058e-08
2.996469736099243
-2.678812026977539
-10.479240417480469
-1.999999987845058e-08
1.8709672689437866
-2.7407901287078857
-9.14275074005127
1.999999987845058e-08
5.846432685852051
6.271245956420898
1.4784877300262451
-1.999999987845058e-08
9.297985076904297
10.203667640686035
5.647409439086914
1.999999987845058e-08
11.481242179870605
12.552672386169434
6.497267723083496
-1.999999987845058e-08
11.819632530212402
13.359806060791016
4.551374912261963
1.999999987845058e-08
9.717782974243164
12.835785865783691
0.5823178887367249
-1.999999987845058e-08
5.637550354003906
11.24894905090332
-3.362515449523926
1.999999987845058e-08
1.6154305934906006
7.638612747192383
-4.946401119232178
-1.999999987845058e-08
-0.8697676062583923
1.5039993524551392
-3.9857606887817383
1.999999987845058e-08
-2.0525825023651123
-4.1483330726623535
-1.768522024154663
-1.999999987845058e-08
-3.2967453002929688
-6.07339334487915
0.0677110031247139
1.999999987845058e-08
-10.394529342651367
-6.826226234436035
-4.740640640258789
-1.999999987845058e-08
-12.51978874206543
-8.324310302734375
-7.7424139976501465
1.999999987845058e-08
-10.375992774963379
-8.58962631225586
-6.861589431762695
-1.999999987845058e-08
-5.4286603927612305
-7.414693832397461
-3.7973718643188477
1.999999987845058e-08
-0.9661678075790405
-4.703474044799805
-1.9647095203399658
-1.999999987845058e-08
0.6529616117477417
-1.2450963258743286
-3.1165835857391357
1.999999987845058e-08
-0.45772984623908997
0.16726256906986237
-5.990973949432373
-1.999999987845058e-08
-1.557661771774292
-0.12707456946372986
-6.846654891967773
1.999999987845058e-08
0.30861741304397583
2.877457618713379
-3.0545763969421387
-1.999999987845058e-08
4.555105686187744
9.668196678161621
3.2609035968780518
1.999999987845058e-08
6.334035396575928
11.506967544555664
7.136175632476807
-1.999999987845058e-08
1.4107452630996704
6.914949417114258
3.77940034866333
1.999999987845058e-08
-6.138652801513672
2.346078634262085
-2.130444288253784
-1.999999987845058e-08
-13.365408897399902
-2.3084616661071777
-8.80666446685791
1.999999987845058e-08
-16.56287956237793
-5.1089348793029785
-11.879838943481445
-1.999999987845058e-08
-15.165067672729492
-3.5232958793640137
-9.01456069946289
1.999999987845058e-08
-12.359427452087402
1.0886991024017334
-3.8451321125030518
-1.999999987845058e-08
-10.907240867614746
5.3638916015625
-1.5805269479751587
1.999999987845058e-08
-10.133649826049805
8.083553314208984
-2.236905574798584
-1.999999987845058e-08
-8.51262092590332
8.921183586120605
-2.6665358543395996
1.999999987845058e-08
-15.165067672729492
-3.5232958793640137
-9.01456069946289
-1.999999987845058e-08
-12.359427452087402
1.0886991024017334
-3.8451318740844727
1.999999987845058e-08
-10.907240867614746
5.3638916015625
-1.5805269479751587
-1.999999987845058e-08
-10.133649826049805
8.083553314208984
-2.236905336380005
1.999999987845058e-08
-8.51262092590332
8.921183586120605
-2.6665360927581787
-1.999999987845058e-08
-7.28727388381958
6.99721097946167
-2.881345510482788
1.999999987845058e-08
-8.293756484985352
3.528846502304077
-4.543817043304443
-1.999999987845058e-08
-10.153635025024414
1.254076361656189
-6.064277172088623
1.999999987845058e-08
-10.560588836669922
0.32338032126426697
-4.863619804382324
-1.999999987845058e-08
-9.91007137298584
-0.5481974482536316
-1.5967906713485718
1.999999987845058e-08
-10.637482643127441
-10.083121299743652
-5.821956157684326
-1.999999987845058e-08
-9.248455047607422
-10.44034194946289
-6.586507797241211
1.999999987845058e-08
-5.18332052230835
-7.224217891693115
-3.7124338150024414
-1.999999987845058e-08
-0.5010453462600708
-3.347296714782715
-0.14912928640842438
1.999999987845058e-08
2.3673884868621826
-0.9222128391265869
2.4922902584075928
-1.999999987845058e-08
3.4232115745544434
-0.5635573267936707
5.250668048858643
1.999999987845058e-08
3.2079553604125977
-1.2394646406173706
6.662912368774414
-1.999999987845058e-08
2.4001264572143555
-0.09884998947381973
4.100597381591797
1.999999987845058e-08
2.5638327598571777
3.6131861209869385
-0.43957164883613586
-1.999999987845058e-08
3.1176047325134277
6.084412097930908
-3.664428949356079
1.999999987845058e-08
1.9619895219802856
5.363704681396484
-5.431387901306152
-1.999999987845058e-08
0.6779236793518066
5.420217990875244
-5.140934944152832
1.999999987845058e-08
2.37214994430542
8.608479499816895
-1.2087724208831787
-1.999999987845058e-08
5.5721964836120605
11.382417678833008
4.448877811431885
1.999999987845058e-08
6.330169677734375
11.164237976074219
7.611250400543213
-1.999999987845058e-08
3.967416524887085
9.936824798583984
6.509491920471191
1.999999987845058e-08
0.7296949028968811
9.008933067321777
2.507587432861328
-1.999999987845058e-08
-1.7634501457214355
6.682770729064941
-2.0674009323120117
1.999999987845058e-08
-2.970651865005493
2.8555455207824707
-5.171504497528076
-1.999999987845058e-08
-2.744020700454712
0.4603387415409088
-5.647562026977539
1.999999987845058e-08
-1.2138886451721191
2.0433077812194824
-2.210845470428467
-1.999999987845058e-08
-1.2454783916473389
2.596256971359253
-0.10023839771747589
1.999999987845058e-08
-2.4185988903045654
1.2920618057250977
1.8314911127090454
-1.999999987845058e-08
-4.943907260894775
-2.3377113342285156
1.6711748838424683
1.999999987845058e-08
-8.259857177734375
-6.692561149597168
-2.1440553665161133
-1.999999987845058e-08
-11.827729225158691
-9.482722282409668
-8.321587562561035
1.999999987845058e-08
-14.915484428405762
-9.86837100982666
-13.270160675048828
-1.999999987845058e-08
-16.1398868560791
-8.13451862335205
-14.479935646057129
1.999999987845058e-08
-14.78471565246582
-5.704112529754639
-13.001778602600098
-1.999999987845058e-08
-11.965653419494629
-5.102112770080566
-11.786263465881348
1.999999987845058e-08
-9.85329532623291
-7.085277557373047
-12.15444278717041
-1.999999987845058e-08
-9.977051734924316
-9.211013793945312
-13.378722190856934
1.999999987845058e-08
-12.224442481994629
-9.737099647521973
-14.879066467285156
-1.999999987845058e-08
-14.499128341674805
-9.831075668334961
-15.845812797546387
1.999999987845058e-08
-13.914936065673828
-9.666204452514648
-14.092033386230469
-1.999999987845058e-08
-10.54970932006836
-7.6023945808410645
-9.746737480163574
1.999999987845058e-08
-7.79658842086792
-4.536128997802734
-6.997910499572754
-1.999999987845058e-08
-6.723748207092285
-2.718769073486328
-7.514993190765381
1.999999987845058e-08
-4.326216697692871
-1.1296930313110352
-6.859996318817139
-1.999999987845058e-08
0.60700923204422
1.6372178792953491
-1.718029260635376
1.999999987845058e-08
-2.7754974365234375
-0.6551218628883362
0.47386613488197327
-1.999999987845058e-08
-7.4804606437683105
-1.25419020652771
-2.1845767498016357
1.999999987845058e-08
-10.38560962677002
-3.678365707397461
-3.8082642555236816
-1.999999987845058e-08
-12.146617889404297
-8.307134628295898
-6.568183898925781
1.999999987845058e-08
-12.317119598388672
-11.176064491271973
-9.704431533813477
-1.999999987845058e-08
-11.682100296020508
-11.887691497802734
-12.927962303161621
1.999999987845058e-08
-13.08541202545166
-13.650096893310547
-18.1881046295166
-1.999999987845058e-08
-16.367570877075195
-16.024324417114258
-23.840242385864258
1.999999987845058e-08
-18.12964630126953
-16.628582000732422
-25.506088256835938
-1.999999987845058e-08
-17.353422164916992
-16.619625091552734
-23.230785369873047
1.999999987845058e-08
-13.08541202545166
-13.650096893310547
-18.1881046295166
-1.999999987845058e-08
-16.367570877075195
-16.024324417114258
-23.840242385864258
1.999999987845058e-08
-18.12964630126953
-16.628582000732422
-25.506088256835938
-1.999999987845058e-08
-17.353422164916992
-16.619625091552734
-23.230785369873047
1.999999987845058e-08
-15.284402847290039
-17.251724243164062
-19.489788055419922
-1.999999987845058e-08
-11.972139358520508
-16.230831146240234
-14.003401756286621
1.999999987845058e-08
-7.976298809051514
-12.804377555847168
-7.248007774353027
-1.999999987845058e-08
-5.673414707183838
-10.420219421386719
-3.040834426879883
1.999999987845058e-08
-5.385320663452148
-10.66818618774414
-3.1804049015045166
-1.999999987845058e-08
-4.779097557067871
-11.234625816345215
-5.296661853790283
1.999999987845058e-08
2.2758901119232178
-6.256784439086914
-5.590959072113037
-1.999999987845058e-08
9.897529602050781
-1.2072235345840454
1.7518837451934814
1.999999987845058e-08
16.802026748657227
2.6673195362091064
8.125754356384277
-1.999999987845058e-08
19.227054595947266
4.485151290893555
9.666484832763672
1.999999987845058e-08
17.97861099243164
5.326735019683838
8.811572074890137
-1.999999987845058e-08
15.018921852111816
5.425715446472168
8.555327415466309
1.999999987845058e-08
12.6553316116333
6.098854064941406
10.371129989624023
-1.999999987845058e-08
13.107574462890625
9.755078315734863
14.90953540802002
1.999999987845058e-08
14.889542579650879
15.032907485961914
19.297780990600586
-1.999999987845058e-08
14.661081314086914
17.88764762878418
19.751976013183594
1.999999987845058e-08
14.661081314086914
17.88764762878418
19.751976013183594
-1.999999987845058e-08
12.4264554977417
17.47083854675293
16.925729751586914
1.999999987845058e-08
9.993555068969727
15.225517272949219
13.199065208435059
-1.999999987845058e-08
7.108071327209473
11.243002891540527
8.671905517578125
1.999999987845058e-08
2.740410804748535
6.19658899307251
3.42447566986084
-1.999999987845058e-08
-2.508521795272827
2.3740878105163574
-1.0468742847442627
1.999999987845058e-08
-7.332495212554932
-0.24459275603294373
-4.477909088134766
-1.999999987845058e-08
-10.771354675292969
-3.6211469173431396
-7.249348163604736
1.999999987845058e-08
-11.077494621276855
-6.174577236175537
-6.904381275177002
-1.999999987845058e-08
-6.710029602050781
-4.190309524536133
-1.3463807106018066
1.999999987845058e-08
0.3143191337585449
1.1795969009399414
5.5669732093811035
-1.999999987845058e-08
5.472530364990234
4.940457344055176
8.63175106048584
1.999999987845058e-08
6.491887092590332
4.7878594398498535
8.505517959594727
-1.999999987845058e-08
4.694239616394043
1.7093374729156494
8.33617115020752
1.999999987845058e-08
2.1614787578582764
-2.377040386199951
7.9863080978393555
-1.999999987845058e-08
-0.37975263595581055
-4.694544315338135
6.224351406097412
1.999999987845058e-08
-2.7503771781921387
-3.607919931411743
4.049475193023682
-1.999999987845058e-08
-4.249711990356445
-1.6905701160430908
3.0993881225585938
1.999999987845058e-08
-3.8255743980407715
-2.1914703845977783
3.9851136207580566
-1.999999987845058e-08
-0.9736014604568481
-3.5505266189575195
5.965421199798584
1.999999987845058e-08
2.8206136226654053
-2.95944881439209
6.564085483551025
-1.999999987845058e-08
4.707229137420654
-1.8699480295181274
4.089964866638184
1.999999987845058e-08
3.8283698558807373
-2.427095651626587
0.5077046155929565
-1.999999987845058e-08
2.3932600021362305
-3.323490858078003
-1.254064679145813
1.999999987845058e-08
2.570080518722534
-3.052311658859253
-1.2148127555847168
-1.999999987845058e-08
3.9079983234405518
-2.2716331481933594
-0.8818214535713196
1.999999987845058e-08
4.74657678604126
-0.9507930874824524
-0.24445189535617828
-1.999999987845058e-08
4.71594762802124
1.857941746711731
1.3543622493743896
1.999999987845058e-08
3.9152212142944336
4.675691604614258
2.5106468200683594
-1.999999987845058e-08
1.590933918952942
4.547400951385498
0.4748985171318054
1.999999987845058e-08
-3.6395161151885986
-2.062187671661377
-8.280728340148926
-1.999999987845058e-08
-3.9844720363616943
-3.8957839012145996
-10.022161483764648
1.999999987845058e-08
-2.7618372440338135
-3.36651873588562
-9.990389823913574
-1.999999987845058e-08
-0.12886054813861847
-1.3584327697753906
-8.344414710998535
1.999999987845058e-08
1.4242467880249023
-1.044095754623413
-6.583166599273682
-1.999999987845058e-08
0.5226176977157593
-3.837275981903076
-6.029897212982178
1.999999987845058e-08
0.6284942626953125
-6.009573936462402
-5.020070552825928
-1.999999987845058e-08
3.9598138332366943
-4.31730318069458
-2.6574597358703613
1.999999987845058e-08
7.075085163116455
-1.047749638557434
-1.1570097208023071
-1.999999987845058e-08
7.513427257537842
0.7694262266159058
-1.1964935064315796
1.999999987845058e-08
0.6284942626953125
-6.009573936462402
-5.020070552825928
-1.999999987845058e-08
3.9598138332366943
-4.31730318069458
-2.6574597358703613
1.999999987845058e-08
7.075085163116455
-1.047749638557434
-1.1570097208023071
-1.999999987845058e-08
7.513427257537842
0.7694262266159058
-1.1964935064315796
1.999999987845058e-08
7.564067840576172
1.3435379266738892
-1.053274154663086
-1.999999987845058e-08
8.18824291229248
1.0156863927841187
-0.9616424441337585
1.999999987845058e-08
6.797791004180908
-0.8370683789253235
-2.148665189743042
-1.999999987845058e-08
2.451322555541992
-3.798764228820801
-3.511164426803589
1.999999987845058e-08
-2.407226800918579
-7.089366912841797
-3.5545711517333984
-1.999999987845058e-08
-5.401412010192871
-10.173789024353027
-3.079608678817749
1.999999987845058e-08
-5.466876029968262
-9.971392631530762
-7.358320713043213
-1.999999987845058e-08
-1.8816910982131958
-7.762143611907959
-4.966704368591309
1.999999987845058e-08
3.260344982147217
-4.326651096343994
-1.466331958770752
-1.999999987845058e-08
7.723444938659668
-1.1067991256713867
0.7789109945297241
1.999999987845058e-08
8.086895942687988
-1.4888646602630615
0.21369172632694244
-1.999999987845058e-08
3.315899133682251
-5.742652893066406
-3.212456703186035
1.999999987845058e-08
-2.445966958999634
-9.582898139953613
-6.556051731109619
-1.999999987845058e-08
-4.835320472717285
-9.64794635772705
-7.672447204589844
1.999999987845058e-08
-4.538112163543701
-6.732652187347412
-8.068046569824219
-1.999999987845058e-08
-4.685242652893066
-3.6159284114837646
-8.802177429199219
1.999999987845058e-08
-7.990509510040283
-7.448001384735107
-4.200114727020264
-1.999999987845058e-08
-4.89415168762207
-5.98103141784668
-0.29217517375946045
1.999999987845058e-08
-0.5080317258834839
-2.0127224922180176
3.351649045944214
-1.999999987845058e-08
2.764803886413574
0.9464285969734192
4.569810390472412
1.999999987845058e-08
4.604121685028076
2.456068277359009
3.7922372817993164
-1.999999987845058e-08
6.30511999130249
4.354959011077881
3.7683420181274414
1.999999987845058e-08
7.670934677124023
6.108252048492432
4.883835315704346
-1.999999987845058e-08
8.075019836425781
6.272927284240723
5.732491493225098
1.999999987845058e-08
9.393511772155762
6.389458656311035
7.311957359313965
-1.999999987845058e-08
12.418644905090332
8.168975830078125
10.21640396118164
1.999999987845058e-08
13.859038352966309
10.036540031433105
11.835515022277832
-1.999999987845058e-08
11.230071067810059
10.127924919128418
10.613615036010742
1.999999987845058e-08
6.172061920166016
8.802623748779297
7.752548694610596
-1.999999987845058e-08
1.3387532234191895
6.458009719848633
4.2234883308410645
1.999999987845058e-08
-2.1189489364624023
3.061367988586426
0.2881898581981659
-1.999999987845058e-08
-3.633021354675293
0.11175159364938736
-3.045977830886841
1.999999987845058e-08
-3.198552370071411
-1.1554735898971558
-5.235336780548096
-1.999999987845058e-08
-1.9291691780090332
-1.3352630138397217
-6.922510623931885
1.999999987845058e-08
0.16649658977985382
0.25162938237190247
-7.151597023010254
-1.999999987845058e-08
4.22772216796875
4.680419445037842
-4.042959213256836
1.999999987845058e-08
9.181612014770508
9.276588439941406
1.308451533317566
-1.999999987845058e-08
12.143536567687988
11.175225257873535
5.781393051147461
1.999999987845058e-08
11.556346893310547
11.638851165771484
7.2776031494140625
-1.999999987845058e-08
8.501263618469238
12.09587287902832
6.219733238220215
1.999999987845058e-08
5.35865592956543
11.537147521972656
5.5528717041015625
-1.999999987845058e-08
2.9600319862365723
9.639535903930664
7.373385906219482
1.999999987845058e-08
1.2590831518173218
7.885611057281494
10.641098022460938
-1.999999987845058e-08
1.9257279634475708
7.577860355377197
13.292051315307617
1.999999987845058e-08
5.6140923500061035
8.861474990844727
13.922898292541504
-1.999999987845058e-08
8.92681884765625
10.575383186340332
12.185405731201172
1.999999987845058e-08
8.92681884765625
10.575383186340332
12.185405731201172
-1.999999987845058e-08
8.075581550598145
10.159647941589355
9.161492347717285
1.999999987845058e-08
3.5404744148254395
6.174567699432373
6.618287086486816
-1.999999987845058e-08
-0.49278584122657776
1.708542823791504
6.251614093780518
1.999999987845058e-08
-1.2241612672805786
1.1637440919876099
7.801352024078369
-1.999999987845058e-08
-0.2859741151332855
3.6337342262268066
7.803963661193848
1.999999987845058e-08
0.1960509568452835
5.093355178833008
4.603709697723389
-1.999999987845058e-08
0.8969625234603882
5.300730228424072
1.7273814678192139
1.999999987845058e-08
1.9328854084014893
5.95052433013916
1.471161127090454
-1.999999987845058e-08
0.9572013020515442
5.661208152770996
0.759651780128479
1.999999987845058e-08
-3.4270615577697754
2.482971429824829
-3.270151138305664
-1.999999987845058e-08
-9.326396942138672
-2.351996660232544
-8.37161922454834
1.999999987845058e-08
-13.231972694396973
-6.543688774108887
-9.620285034179688
-1.999999987845058e-08
-13.47727108001709
-9.288671493530273
-5.308351993560791
1.999999987845058e-08
-11.255693435668945
-10.168941497802734
1.4164142608642578
-1.999999987845058e-08
-8.05434799194336
-8.93104362487793
6.879079341888428
1.999999987845058e-08
-4.382573127746582
-6.941636562347412
9.263601303100586
-1.999999987845058e-08
-0.5475351810455322
-5.339168071746826
8.029333114624023
1.999999987845058e-08
2.9760754108428955
-3.4464221000671387
4.597572326660156
-1.999999987845058e-08
4.9054718017578125
-2.205894947052002
1.3858554363250732
1.999999987845058e-08
4.9054718017578125
-2.205894947052002
1.3858553171157837
-1.999999987845058e-08
4.293167591094971
-3.8966689109802246
-0.30811169743537903
1.999999987845058e-08
2.867185115814209
-6.584497451782227
-0.25482437014579773
-1.999999987845058e-08
2.850059747695923
-6.384912967681885
0.6399580240249634
1.999999987845058e-08
3.450444221496582
-4.091134071350098
0.4847506582736969
-1.999999987845058e-08
3.2051708698272705
-2.175971031188965
-0.9933781027793884
1.999999987845058e-08
3.58260178565979
0.43581151962280273
-0.9473101496696472
-1.999999987845058e-08
6.661428928375244
4.659765243530273
3.458939790725708
1.999999987845058e-08
11.513910293579102
8.016307830810547
10.917922019958496
-1.999999987845058e-08
15.671744346618652
9.185667991638184
16.98638343811035
1.999999987845058e-08
17.37190055847168
9.558564186096191
18.784576416015625
-1.999999987845058e-08
14.456681251525879
8.401121139526367
15.763190269470215
1.999999987845058e-08
4.967036247253418
3.3609845638275146
7.043113708496094
-1.999999987845058e-08
-8.936646461486816
-4.421598434448242
-6.941508769989014
1.999999987845058e-08
-20.926647186279297
-11.830689430236816
-21.390033721923828
-1.999999987845058e-08
-25.80712127685547
-17.442092895507812
-30.079309463500977
1.999999987845058e-08
-23.520442962646484
-20.077333450317383
-30.41801643371582
-1.999999987845058e-08
-18.710018157958984
-19.026412963867188
-25.058584213256836
1.999999987845058e-08
-16.16524887084961
-16.54343605041504
-19.378074645996094
-1.999999987845058e-08
-15.599363327026367
-14.65596866607666
-15.604657173156738
1.999999987845058e-08
-13.347881317138672
-11.741663932800293
-11.345746040344238
-1.999999987845058e-08
-9.323470115661621
-6.825905799865723
-6.251887798309326
1.999999987845058e-08
-7.047168731689453
-2.821763515472412
-3.594627857208252
-1.999999987845058e-08
-6.719003677368164
-1.918483853340149
-2.9220123291015625
1.999999987845058e-08
-5.062226295471191
-2.5598318576812744
0.11425591260194778
-1.999999987845058e-08
-1.1512295007705688
-2.6707098484039307
6.392420291900635
1.999999987845058e-08
3.962778091430664
-1.254120111465454
12.896800994873047
-1.999999987845058e-08
10.072834968566895
2.6008100509643555
16.954713821411133
1.999999987845058e-08
16.336952209472656
8.277214050292969
17.501575469970703
-1.999999987845058e-08
20.99424171447754
13.269571304321289
15.652190208435059
1.999999987845058e-08
23.406347274780273
16.147254943847656
14.129844665527344
-1.999999987845058e-08
23.922508239746094
16.92290687561035
13.824054718017578
1.999999987845058e-08
22.616146087646484
15.236169815063477
12.629573822021484
-1.999999987845058e-08
19.645366668701172
11.500859260559082
9.178865432739258
1.999999987845058e-08
16.04887580871582
8.27958869934082
5.396207332611084
-1.999999987845058e-08
12.969221115112305
7.613674640655518
3.603745698928833
1.999999987845058e-08
10.595843315124512
8.50876522064209
3.4396140575408936
-1.999999987845058e-08
7.845395565032959
8.855769157409668
2.673893928527832
1.999999987845058e-08
3.0367190837860107
7.655567646026611
-0.30650240182876587
-1.999999987845058e-08
-3.4747018814086914
4.365691661834717
-4.249289512634277
1.999999987845058e-08
-0.7369202375411987
2.9936881065368652
5.590437412261963
-1.999999987845058e-08
5.561007499694824
7.738822937011719
10.69581127166748
1.999999987845058e-08
4.261929512023926
6.139123439788818
8.143401145935059
-1.999999987845058e-08
-3.09857439994812
0.46877211332321167
1.2243852615356445
1.999999987845058e-08
-8.171714782714844
-2.8092410564422607
-2.140998125076294
-1.999999987845058e-08
-6.666528224945068
-2.120957612991333
0.8041223883628845
1.999999987845058e-08
-0.733517587184906
1.2153069972991943
7.215448379516602
-1.999999987845058e-08
5.878894329071045
6.443454265594482
13.314632415771484
1.999999987845058e-08
10.057411193847656
10.836698532104492
15.840474128723145
-1.999999987845058e-08
9.491934776306152
10.721733093261719
13.020610809326172
1.999999987845058e-08
-0.733517587184906
1.2153069972991943
7.215448379516602
-1.999999987845058e-08
5.878894329071045
6.443454265594482
13.314632415771484
1.999999987845058e-08
10.057411193847656
10.836698532104492
15.840474128723145
-1.999999987845058e-08
9.491934776306152
10.721733093261719
13.020610809326172
1.999999987845058e-08
4.816404342651367
6.857165813446045
7.43168830871582
-1.999999987845058e-08
0.12820753455162048
3.4765639305114746
4.639059543609619
1.999999987845058e-08
-1.6997660398483276
2.287203311920166
6.010417461395264
-1.999999987845058e-08
-2.1276440620422363
1.93778395652771
6.83873987197876
1.999999987845058e-08
-3.0872347354888916
1.9378025531768799
4.026248931884766
-1.999999987845058e-08
-2.7845492362976074
3.2797844409942627
1.0263910293579102
1.999999987845058e-08
8.7288179397583
9.235335350036621
7.122270107269287
-1.999999987845058e-08
2.3908255100250244
2.860208034515381
1.4241265058517456
1.999999987845058e-08
-2.8317079544067383
-1.5885684490203857
-2.196162223815918
-1.999999987845058e-08
-5.978582859039307
-2.973752975463867
-2.987854242324829
1.999999987845058e-08
-8.712884902954102
-4.247466564178467
-3.7408196926116943
-1.999999987845058e-08
-10.767004013061523
-6.1339030265808105
-5.432897090911865
1.999999987845058e-08
-10.106327056884766
-6.3285722732543945
-5.9490156173706055
-1.999999987845058e-08
-6.992522716522217
-4.30100154876709
-3.9791457653045654
1.999999987845058e-08
-5.187542915344238
-2.7291595935821533
-2.0826356410980225
-1.999999987845058e-08
-7.056288242340088
-3.853360176086426
-3.327611207962036
1.999999987845058e-08
-9.987359046936035
-6.982858180999756
-6.612942218780518
-1.999999987845058e-08
-9.82765007019043
-9.496847152709961
-8.01417350769043
1.999999987845058e-08
-5.571654796600342
-9.013626098632812
-5.221104145050049
-1.999999987845058e-08
-0.6641581058502197
-6.283667087554932
-0.7328296303749084
1.999999987845058e-08
-0.2555627226829529
-5.39190149307251
-0.4697430431842804
-1.999999987845058e-08
-5.438231468200684
-8.381030082702637
-6.802596569061279
1.999999987845058e-08
-11.3363618850708
-12.347407341003418
-14.915233612060547
-1.999999987845058e-08
-12.967233657836914
-14.137938499450684
-18.72273063659668
1.999999987845058e-08
-10.57265853881836
-13.704647064208984
-17.367389678955078
-1.999999987845058e-08
-7.2584357261657715
-11.462625503540039
-13.477460861206055
1.999999987845058e-08
-10.362865447998047
-7.484839916229248
-11.802212715148926
-1.999999987845058e-08
-20.35317039489746
-12.922245025634766
-19.373727798461914
1.999999987845058e-08
-28.133909225463867
-20.061079025268555
-25.59444236755371
-1.999999987845058e-08
-25.42978286743164
-21.90753936767578
-22.413137435913086
1.999999987845058e-08
-14.331836700439453
-17.836387634277344
-12.103113174438477
-1.999999987845058e-08
-3.803056240081787
-11.792627334594727
-3.3988914489746094
1.999999987845058e-08
1.6009185314178467
-6.144983768463135
-0.0003381642745807767
-1.999999987845058e-08
3.978649854660034
-1.1206239461898804
0.5692458152770996
1.999999987845058e-08
5.863296985626221
3.1781270503997803
0.5784069895744324
-1.999999987845058e-08
7.099918365478516
6.125030517578125
0.9369108080863953
1.999999987845058e-08
7.036675930023193
5.835061550140381
6.502894401550293
-1.999999987845058e-08
7.329997539520264
5.612606525421143
9.918111801147461
1.999999987845058e-08
7.134755611419678
7.080162048339844
11.80037784576416
-1.999999987845058e-08
4.9009809494018555
7.510664463043213
12.045137405395508
1.999999987845058e-08
0.7066954374313354
5.8327717781066895
10.24196720123291
-1.999999987845058e-08
-3.335055351257324
4.685643196105957
6.095354080200195
1.999999987845058e-08
-4.901153087615967
5.162619113922119
1.4646772146224976
-1.999999987845058e-08
-4.023336887359619
4.913022041320801
-1.0169469118118286
1.999999987845058e-08
-2.6630606651306152
2.715695858001709
-0.4406461715698242
-1.999999987845058e-08
-1.3213671445846558
0.9378439784049988
2.757687568664551
1.999999987845058e-08
-2.6630606651306152
2.715695858001709
-0.4406461715698242
-1.999999987845058e-08
-1.3213671445846558
0.9378439784049988
2.757687568664551
1.999999987845058e-08
0.37313929200172424
1.4243009090423584
6.398641109466553
-1.999999987845058e-08
1.0066590309143066
2.66141414642334
7.032002925872803
1.999999987845058e-08
0.10301728546619415
3.9887654781341553
4.7532734870910645
-1.999999987845058e-08
-0.3917596638202667
6.568437099456787
3.1236491203308105
1.999999987845058e-08
-0.3385121822357178
8.178427696228027
2.892711877822876
-1.999999987845058e-08
-1.5774955749511719
5.79753303527832
2.414520025253296
1.999999987845058e-08
-3.9724392890930176
2.1337618827819824
2.5166940689086914
-1.999999987845058e-08
-6.328769207000732
0.9702150821685791
4.385303020477295
1.999999987845058e-08
-6.328769683837891
0.9702150225639343
4.385303020477295
-1.999999987845058e-08
-8.895161628723145
1.2259339094161987
5.87648868560791
1.999999987845058e-08
-11.924763679504395
0.7946447134017944
4.590447425842285
-1.999999987845058e-08
-14.163079261779785
-0.21738837659358978
1.8037757873535156
1.999999987845058e-08
-13.823461532592773
-1.2241286039352417
0.5278065204620361
-1.999999987845058e-08
-9.674323081970215
-1.0007809400558472
1.789644479751587
1.999999987845058e-08
-1.9538240432739258
2.5446345806121826
4.427647590637207
-1.999999987845058e-08
5.910158634185791
8.287979125976562
6.122775077819824
1.999999987845058e-08
8.507380485534668
10.976285934448242
4.4270853996276855
-1.999999987845058e-08
4.2452216148376465
8.189081192016602
-0.3906124234199524
1.999999987845058e-08
0.9128092527389526
-2.556939125061035
0.07811849564313889
-1.999999987845058e-08
2.1222500801086426
-3.438455581665039
1.8992278575897217
1.999999987845058e-08
1.0502121448516846
-3.7803189754486084
3.0876972675323486
-1.999999987845058e-08
-0.580739438533783
-3.1297824382781982
4.1230573654174805
1.999999987845058e-08
-0.15058976411819458
0.010099981911480427
6.412065505981445
-1.999999987845058e-08
3.077054738998413
3.9766228199005127
9.97608757019043
1.999999987845058e-08
