0
-17.49827766418457
125.58839416503906
-59.4288444519043
1.999999987845058e-08
-22.25943374633789
-304.0924072265625
-129.12794494628906
-1.999999987845058e-08
-0.16041293740272522
-482.4765319824219
-113.32061004638672
1.999999987845058e-08
18.918758392333984
-247.52281188964844
-49.92308044433594
-1.999999987845058e-08
23.908493041992188
-61.93086624145508
-13.999079704284668
1.999999987845058e-08
37.8276252746582
20.309907913208008
36.1690559387207
-1.999999987845058e-08
48.54178237915039
278.4788513183594
107.7582778930664
1.999999987845058e-08
24.786209106445312
439.66497802734375
97.81135559082031
-1.999999987845058e-08
-13.377922058105469
158.43145751953125
-0.04478004574775696
1.999999987845058e-08
-25.05830955505371
-183.00216674804688
-53.63941955566406
-1.999999987845058e-08
-16.62420082092285
-113.31553649902344
-14.645580291748047
1.999999987845058e-08
-17.498897552490234
135.6651611328125
24.76784896850586
-1.999999987845058e-08
-26.580663681030273
143.76498413085938
9.490185737609863
1.999999987845058e-08
-26.561098098754883
-18.3082275390625
-16.813020706176758
-1.999999987845058e-08
-16.980993270874023
-99.00153350830078
-20.559545516967773
1.999999987845058e-08
-5.586306095123291
-96.12830352783203
-12.994451522827148
-1.999999987845058e-08
4.142453193664551
-67.30282592773438
4.248723030090332
1.999999987845058e-08
4.86759090423584
10.342390060424805
29.25733184814453
-1.999999987845058e-08
-8.814033508300781
48.391868591308594
32.60919189453125
1.999999987845058e-08
-8.814033508300781
48.391868591308594
32.60919189453125
-1.999999987845058e-08
-24.84025764465332
-52.9124755859375
8.972931861877441
1.999999987845058e-08
-26.49070930480957
-128.6865692138672
-0.2959766387939453
-1.999999987845058e-08
-16.76181983947754
-4.711258411407471
14.95777416229248
1.999999987845058e-08
-9.129096031188965
118.2728271484375
9.499336242675781
-1.999999987845058e-08
-1.3847256898880005
4.559716701507568
-21.835420608520508
1.999999987845058e-08
15.143699645996094
-131.63363647460938
-19.4046688079834
-1.999999987845058e-08
27.464784622192383
-6.486820220947266
24.79439926147461
1.999999987845058e-08
15.264223098754883
159.91465759277344
33.891300201416016
-1.999999987845058e-08
-9.004179000854492
37.31480407714844
-15.353324890136719
1.999999987845058e-08
9.554828643798828
172.4484405517578
36.276676177978516
-1.999999987845058e-08
-1.1383217573165894
66.39857482910156
0.5635440945625305
1.999999987845058e-08
1.8065083026885986
-198.77757263183594
-22.133453369140625
-1.999999987845058e-08
19.49468994140625
-141.51449584960938
25.067472457885742
1.999999987845058e-08
18.0398006439209
144.16490173339844
62.79756546020508
-1.999999987845058e-08
-7.927334785461426
153.21920776367188
20.097558975219727
1.999999987845058e-08
-20.501686096191406
-106.80033111572266
-30.978607177734375
-1.999999987845058e-08
-1.4253491163253784
-141.5133819580078
-2.326937675476074
1.999999987845058e-08
19.2530460357666
122.83024597167969
54.922821044921875
-1.999999987845058e-08
16.521259307861328
221.11300659179688
45.23690414428711
1.999999987845058e-08
16.521259307861328
221.11300659179688
45.23690414428711
-1.999999987845058e-08
8.460333824157715
-6.469803810119629
-6.536337375640869
1.999999987845058e-08
15.711030960083008
-165.01620483398438
-12.049186706542969
-1.999999987845058e-08
22.651174545288086
-38.44205856323242
23.93575668334961
1.999999987845058e-08
9.281858444213867
71.3927001953125
28.439228057861328
-1.999999987845058e-08
-10.462991714477539
-60.167266845703125
-3.8095126152038574
1.999999987845058e-08
-12.274648666381836
-205.17816162109375
-13.69205379486084
-1.999999987845058e-08
0.7633882164955139
-137.26126098632812
10.13083553314209
1.999999987845058e-08
9.532814025878906
-0.03679002448916435
21.149356842041016
-1.999999987845058e-08
8.94314193725586
9.888866424560547
3.7971787452697754
1.999999987845058e-08
5.186125755310059
-41.918025970458984
-10.528961181640625
-1.999999987845058e-08
-0.8363121747970581
-30.890884399414062
-9.211523056030273
1.999999987845058e-08
-8.193877220153809
3.8600497245788574
-10.897254943847656
-1.999999987845058e-08
-9.2064208984375
-1.5800058841705322
-18.837614059448242
1.999999987845058e-08
-3.7554244995117188
-6.024665832519531
-18.4783992767334
-1.999999987845058e-08
-2.9744350910186768
21.78215789794922
-12.231932640075684
1.999999987845058e-08
-8.14200210571289
41.000762939453125
-12.369806289672852
-1.999999987845058e-08
-6.72716760635376
42.34777069091797
-13.400941848754883
1.999999987845058e-08
2.7452340126037598
60.6524658203125
-7.456612586975098
-1.999999987845058e-08
3.5444231033325195
81.238037109375
-8.391095161437988
1.999999987845058e-08
-11.693458557128906
70.74248504638672
-27.13844871520996
-1.999999987845058e-08
-25.470348358154297
62.56341552734375
-45.36578369140625
1.999999987845058e-08
-20.695068359375
84.74049377441406
-43.097328186035156
-1.999999987845058e-08
-3.3896543979644775
82.09425354003906
-25.347389221191406
1.999999987845058e-08
12.37427043914795
33.423343658447266
-1.3420798778533936
-1.999999987845058e-08
21.141738891601562
25.371397018432617
27.24354362487793
1.999999987845058e-08
19.415542602539062
81.39826965332031
45.54063034057617
-1.999999987845058e-08
5.613872528076172
77.31868743896484
34.39311599731445
1.999999987845058e-08
-8.904568672180176
-28.689027786254883
8.2850980758667
-1.999999987845058e-08
-9.56347370147705
-75.69999694824219
1.7749460935592651
1.999999987845058e-08
5.022562503814697
86.42546081542969
6.157776832580566
-1.999999987845058e-08
1.5515657663345337
-4.939878940582275
-18.0682373046875
1.999999987845058e-08
-4.276546001434326
-89.96131134033203
-20.62343406677246
-1.999999987845058e-08
-12.045226097106934
-10.23184585571289
4.768354892730713
1.999999987845058e-08
-21.290597915649414
85.2135009765625
16.008832931518555
-1.999999987845058e-08
-22.215713500976562
12.993510246276855
-1.6993682384490967
1.999999987845058e-08
-10.277955055236816
-96.66677856445312
-11.18679428100586
-1.999999987845058e-08
1.5056560039520264
-38.60352325439453
2.592456579208374
1.999999987845058e-08
0.5025498867034912
80.7608871459961
3.2268497943878174
-1.999999987845058e-08
-5.600414752960205
40.96942901611328
-22.2679443359375
1.999999987845058e-08
9.396286964416504
-36.937522888183594
2.3186662197113037
-1.999999987845058e-08
12.483717918395996
86.3386001586914
27.597379684448242
1.999999987845058e-08
10.312899589538574
46.39194869995117
12.570560455322266
-1.999999987845058e-08
18.180389404296875
-114.97932434082031
-3.5589842796325684
1.999999987845058e-08
30.90781021118164
-129.23544311523438
16.778823852539062
-1.999999987845058e-08
24.859294891357422
10.15443229675293
36.417030334472656
1.999999987845058e-08
-1.1558295488357544
40.509090423583984
9.777129173278809
-1.999999987845058e-08
-16.8018741607666
-87.09416961669922
-29.61919593811035
1.999999987845058e-08
-7.06982421875
-128.32496643066406
-23.62767219543457
-1.999999987845058e-08
4.468276500701904
1.2827231884002686
10.061793327331543
1.999999987845058e-08
-16.8018741607666
-87.09416961669922
-29.61919593811035
-1.999999987845058e-08
-7.069823741912842
-128.32496643066406
-23.62767219543457
1.999999987845058e-08
4.468276500701904
1.2827231884002686
10.061793327331543
-1.999999987845058e-08
-1.6595864295959473
84.1176528930664
12.69433879852295
1.999999987845058e-08
-11.58056926727295
4.750072479248047
-13.612977027893066
-1.999999987845058e-08
-8.5235013961792
-59.60957336425781
-18.8768310546875
1.999999987845058e-08
0.6086599826812744
17.822357177734375
4.150369167327881
-1.999999987845058e-08
3.8026034832000732
94.74418640136719
17.71141242980957
1.999999987845058e-08
4.168732166290283
40.81522750854492
12.656780242919922
-1.999999987845058e-08
6.267114639282227
-33.83205795288086
15.670104026794434
1.999999987845058e-08
2.722928047180176
-2.8871877193450928
29.561870574951172
-1.999999987845058e-08
-9.090412139892578
51.722808837890625
27.603309631347656
1.999999987845058e-08
-15.746126174926758
15.864977836608887
7.552491664886475
-1.999999987845058e-08
-8.30916690826416
-45.226280212402344
-1.156711220741272
1.999999987845058e-08
0.6509363651275635
-27.62865447998047
9.687904357910156
-1.999999987845058e-08
-3.878565549850464
14.926602363586426
13.198287963867188
1.999999987845058e-08
-12.733264923095703
-11.556493759155273
-2.306548595428467
-1.999999987845058e-08
-5.900292873382568
-58.03507995605469
-13.696690559387207
1.999999987845058e-08
14.111495018005371
-32.01469802856445
-7.639897346496582
-1.999999987845058e-08
26.60512924194336
26.395681381225586
-2.7817020416259766
1.999999987845058e-08
26.60512924194336
26.395681381225586
-2.7817022800445557
-1.999999987845058e-08
22.227737426757812
20.2570743560791
-13.824522018432617
1.999999987845058e-08
7.449070930480957
-34.262142181396484
-29.076435089111328
-1.999999987845058e-08
-8.899998664855957
-49.32712173461914
-35.871246337890625
1.999999987845058e-08
-18.69152069091797
-16.763803482055664
-38.69896697998047
-1.999999987845058e-08
-15.65700912475586
0.12042360007762909
-41.10457229614258
1.999999987845058e-08
-1.662748098373413
-14.687487602233887
-33.798675537109375
-1.999999987845058e-08
13.246094703674316
-18.031909942626953
-13.308917045593262
1.999999987845058e-08
17.345535278320312
7.237066268920898
4.4903645515441895
-1.999999987845058e-08
7.335967540740967
30.283435821533203
4.941744804382324
1.999999987845058e-08
-0.8276431560516357
-10.651877403259277
2.5555620193481445
-1.999999987845058e-08
8.895261764526367
-6.2875213623046875
13.700295448303223
1.999999987845058e-08
9.819743156433105
9.719719886779785
20.364057540893555
-1.999999987845058e-08
1.4757089614868164
8.954141616821289
17.537132263183594
1.999999987845058e-08
-5.080118179321289
-15.71020221710205
9.213653564453125
-1.999999987845058e-08
-2.1934666633605957
-28.118745803833008
6.597092628479004
1.999999987845058e-08
3.986348867416382
-2.6863834857940674
11.585590362548828
-1.999999987845058e-08
6.93062162399292
24.302261352539062
14.34798526763916
1.999999987845058e-08
10.218337059020996
8.315463066101074
10.658567428588867
-1.999999987845058e-08
16.46216583251953
-23.485557556152344
6.737295150756836
1.999999987845058e-08
16.46216583251953
-23.485557556152344
6.737294673919678
-1.999999987845058e-08
17.984268188476562
-16.404953002929688
4.60969352722168
1.999999987845058e-08
6.679203987121582
10.798324584960938
-2.093297243118286
-1.999999987845058e-08
-11.67835521697998
-1.525840401649475
-12.91987419128418
1.999999987845058e-08
-21.970823287963867
-37.06767654418945
-15.794801712036133
-1.999999987845058e-08
-19.288997650146484
-24.72446060180664
-6.294955253601074
1.999999987845058e-08
-13.73648738861084
27.500913619995117
2.2500290870666504
-1.999999987845058e-08
-12.27838134765625
38.60693359375
0.3347334861755371
1.999999987845058e-08
-9.450161933898926
3.3674371242523193
-0.6179096698760986
-1.999999987845058e-08
-3.0026156902313232
4.558821678161621
11.015312194824219
1.999999987845058e-08
-19.972524642944336
25.922910690307617
12.592273712158203
-1.999999987845058e-08
-19.184234619140625
0.37794360518455505
14.832701683044434
1.999999987845058e-08
-11.598325729370117
35.07916259765625
26.61661148071289
-1.999999987845058e-08
-6.1213297843933105
52.87483215332031
29.009517669677734
1.999999987845058e-08
-5.13297176361084
6.3524250984191895
19.8413143157959
-1.999999987845058e-08
-6.758169174194336
-32.99989700317383
14.965060234069824
1.999999987845058e-08
-10.771040916442871
-8.438867568969727
16.762361526489258
-1.999999987845058e-08
-13.925068855285645
17.8729190826416
10.519898414611816
1.999999987845058e-08
-10.253625869750977
-16.571617126464844
-5.906289100646973
-1.999999987845058e-08
0.1771136373281479
-57.0700798034668
-15.541768074035645
1.999999987845058e-08
13.029922485351562
-34.111351013183594
-10.978469848632812
-1.999999987845058e-08
25.00127601623535
7.270386219024658
-7.325623035430908
1.999999987845058e-08
31.454849243164062
-6.553142070770264
-15.968184471130371
-1.999999987845058e-08
29.09221076965332
-39.29654312133789
-25.363359451293945
1.999999987845058e-08
20.711475372314453
-15.326972007751465
-23.448076248168945
-1.999999987845058e-08
10.223654747009277
34.4588737487793
-18.451765060424805
1.999999987845058e-08
-0.334700345993042
28.091163635253906
-19.43651580810547
-1.999999987845058e-08
-7.757557392120361
-15.45087718963623
-18.41074562072754
1.999999987845058e-08
-9.493285179138184
-14.603038787841797
-9.314427375793457
-1.999999987845058e-08
-4.810385704040527
22.13224220275879
-2.613398313522339
1.999999987845058e-08
6.729609489440918
17.768951416015625
-5.595058441162109
-1.999999987845058e-08
20.4291934967041
-24.091678619384766
-7.782668590545654
1.999999987845058e-08
25.325607299804688
-25.347915649414062
-0.3504950702190399
-1.999999987845058e-08
15.18328857421875
20.152484893798828
5.9267401695251465
1.999999987845058e-08
-3.564089298248291
33.466392517089844
-2.2522730827331543
-1.999999987845058e-08
-16.938079833984375
-8.381790161132812
-17.578371047973633
1.999999987845058e-08
-16.319595336914062
-35.30066680908203
-23.170717239379883
-1.999999987845058e-08
-7.301988124847412
-8.885855674743652
-18.60999298095703
1.999999987845058e-08
-1.372692346572876
19.689096450805664
-16.00786590576172
-1.999999987845058e-08
-0.11872077733278275
6.817112445831299
-15.88733196258545
1.999999987845058e-08
2.7949273586273193
-16.883403778076172
-8.950196266174316
-1.999999987845058e-08
7.793338298797607
-14.351941108703613
1.394794225692749
1.999999987845058e-08
9.641364097595215
-3.915393352508545
1.4687013626098633
-1.999999987845058e-08
8.50749397277832
-12.136619567871094
-8.038034439086914
1.999999987845058e-08
9.891290664672852
-22.677379608154297
-11.21340560913086
-1.999999987845058e-08
15.111101150512695
-12.849055290222168
-1.925525188446045
1.999999987845058e-08
19.3560791015625
2.776029586791992
9.126687049865723
-1.999999987845058e-08
17.876726150512695
0.36282840371131897
14.075458526611328
1.999999987845058e-08
11.835027694702148
-12.937758445739746
18.3897647857666
-1.999999987845058e-08
5.965276718139648
-16.477752685546875
26.658842086791992
1.999999987845058e-08
5.965276718139648
-16.477752685546875
26.658842086791992
-1.999999987845058e-08
-0.6508780717849731
-11.873433113098145
30.16900062561035
1.999999987845058e-08
-11.773969650268555
-13.69820785522461
20.360031127929688
-1.999999987845058e-08
-22.672483444213867
-20.485502243041992
6.471107006072998
1.999999987845058e-08
-25.396665573120117
-20.371963500976562
3.0785939693450928
-1.999999987845058e-08
-20.68085479736328
-13.198307991027832
8.29760456085205
1.999999987845058e-08
-13.386832237243652
-7.5312042236328125
11.961973190307617
-1.999999987845058e-08
-3.3842413425445557
-4.989380836486816
14.538455963134766
1.999999987845058e-08
9.76396656036377
0.0633813887834549
21.372617721557617
-1.999999987845058e-08
18.72181510925293
10.93656063079834
27.549396514892578
1.999999987845058e-08
-0.6750626564025879
39.0731315612793
8.944219589233398
-1.999999987845058e-08
-17.763216018676758
43.95067596435547
-3.5418460369110107
1.999999987845058e-08
-28.025146484375
38.381568908691406
-6.255985260009766
-1.999999987845058e-08
-27.20779037475586
31.622133255004883
0.5156723260879517
1.999999987845058e-08
-17.418792724609375
31.957008361816406
11.888358116149902
-1.999999987845058e-08
-7.5917863845825195
31.706363677978516
20.901803970336914
1.999999987845058e-08
-5.07685661315918
20.2803955078125
21.236055374145508
-1.999999987845058e-08
-6.741901874542236
6.115393161773682
12.308464050292969
1.999999987845058e-08
-4.458009243011475
3.1529722213745117
-1.0247344970703125
-1.999999987845058e-08
2.0898983478546143
3.750709295272827
-15.14908218383789
1.999999987845058e-08
5.133093357086182
-7.097160816192627
-27.81391716003418
-1.999999987845058e-08
0.798112690448761
-20.915124893188477
-33.2457275390625
1.999999987845058e-08
-3.947435140609741
-20.321609497070312
-28.464628219604492
-1.999999987845058e-08
-0.8419361114501953
-13.398215293884277
-22.373271942138672
1.999999987845058e-08
6.668580055236816
-19.589080810546875
-26.171178817749023
-1.999999987845058e-08
8.797467231750488
-30.84180450439453
-36.797637939453125
1.999999987845058e-08
4.211187839508057
-24.019756317138672
-41.0999641418457
-1.999999987845058e-08
0.30109676718711853
-4.722604274749756
-34.258140563964844
1.999999987845058e-08
2.0157406330108643
0.5844654440879822
-22.614742279052734
-1.999999987845058e-08
8.45153522491455
-7.55449914932251
-10.093356132507324
1.999999987845058e-08
2.0157406330108643
0.5844654440879822
-22.614742279052734
-1.999999987845058e-08
8.45153522491455
-7.55449914932251
-10.093356132507324
1.999999987845058e-08
15.733163833618164
-2.8644466400146484
2.445253372192383
-1.999999987845058e-08
18.507858276367188
15.476680755615234
6.530431747436523
1.999999987845058e-08
15.917622566223145
18.038572311401367
-3.6991026401519775
-1.999999987845058e-08
14.652650833129883
-0.20729292929172516
-15.407525062561035
1.999999987845058e-08
18.987913131713867
-9.002265930175781
-13.559722900390625
-1.999999987845058e-08
22.34358787536621
0.580600917339325
-5.294615268707275
1.999999987845058e-08
14.938766479492188
-0.5911538600921631
-7.57375955581665
-1.999999987845058e-08
-0.8565387725830078
-22.45220184326172
-17.432056427001953
1.999999987845058e-08
-11.620370864868164
-33.292930603027344
-15.4736967086792
-1.999999987845058e-08
-12.484746932983398
-16.89346694946289
2.5604705810546875
1.999999987845058e-08
-9.691265106201172
-1.0510090589523315
21.228496551513672
-1.999999987845058e-08
-4.328363418579102
-4.112839698791504
32.818359375
1.999999987845058e-08
3.999629259109497
-2.95870041847229
44.16450119018555
-1.999999987845058e-08
5.846374034881592
18.5954647064209
56.095611572265625
1.999999987845058e-08
-4.716736793518066
36.0493049621582
59.39943313598633
-1.999999987845058e-08
-16.228759765625
27.608352661132812
52.3619499206543
1.999999987845058e-08
-13.603530883789062
11.201870918273926
44.15221405029297
-1.999999987845058e-08
-0.26276856660842896
9.58853530883789
38.06965637207031
1.999999987845058e-08
-0.26276859641075134
9.58853530883789
38.06965637207031
-1.999999987845058e-08
5.772458076477051
12.54269790649414
27.15306282043457
1.999999987845058e-08
-1.3815219402313232
2.164381980895996
11.254894256591797
-1.999999987845058e-08
-8.49429988861084
-11.834716796875
2.8073740005493164
1.999999987845058e-08
-6.527643203735352
-11.374643325805664
7.615280628204346
-1.999999987845058e-08
-3.3800551891326904
-4.693541526794434
12.942065238952637
1.999999987845058e-08
-6.848312854766846
-11.1465482711792
5.31337308883667
-1.999999987845058e-08
-10.432487487792969
-23.639972686767578
-9.300454139709473
1.999999987845058e-08
-6.797983646392822
-18.78089141845703
-15.57894515991211
-1.999999987845058e-08
-1.8689814805984497
2.4109413623809814
-11.636551856994629
1.999999987845058e-08
-35.931827545166016
-3.0051636695861816
-33.7266960144043
-1.999999987845058e-08
-41.10414505004883
-5.943944931030273
-39.863548278808594
1.999999987845058e-08
-28.259273529052734
-2.2580666542053223
-31.313203811645508
-1.999999987845058e-08
-11.533740043640137
1.1601818799972534
-17.594470977783203
1.999999987845058e-08
-8.511526107788086
3.9951133728027344
-10.78201961517334
-1.999999987845058e-08
-14.596048355102539
9.394604682922363
-12.306395530700684
1.999999987845058e-08
-13.21995735168457
16.714157104492188
-16.615020751953125
-1.999999987845058e-08
-2.0746006965637207
21.158111572265625
-19.571535110473633
1.999999987845058e-08
9.044625282287598
20.977121353149414
-20.068885803222656
-1.999999987845058e-08
15.049384117126465
20.25913429260254
-19.135164260864258
1.999999987845058e-08
14.321540832519531
20.968915939331055
-18.413606643676758
-1.999999987845058e-08
3.2946929931640625
18.583688735961914
-18.671375274658203
1.999999987845058e-08
-14.625199317932129
10.45961856842041
-20.947465896606445
-1.999999987845058e-08
-25.516834259033203
2.607805013656616
-24.891780853271484
1.999999987845058e-08
-18.987712860107422
2.89194393157959
-24.506887435913086
-1.999999987845058e-08
0.9503570199012756
10.168218612670898
-13.288402557373047
1.999999987845058e-08
19.679729461669922
14.608064651489258
5.118547439575195
-1.999999987845058e-08
24.949583053588867
10.006284713745117
19.86005401611328
1.999999987845058e-08
20.887731552124023
2.4329769611358643
26.907516479492188
-1.999999987845058e-08
22.229482650756836
1.0259058475494385
30.247690200805664
1.999999987845058e-08
40.91017532348633
-0.32991909980773926
20.59214973449707
-1.999999987845058e-08
39.321128845214844
-8.89197826385498
7.527903079986572
1.999999987845058e-08
29.7843074798584
-12.00361156463623
3.718644618988037
-1.999999987845058e-08
20.488723754882812
-7.972205638885498
13.037027359008789
1.999999987845058e-08
15.115071296691895
-8.044593811035156
23.64348793029785
-1.999999987845058e-08
11.028375625610352
-16.43490219116211
24.763391494750977
1.999999987845058e-08
9.305546760559082
-19.9706974029541
19.578264236450195
-1.999999987845058e-08
13.979159355163574
-9.92062759399414
15.903565406799316
1.999999987845058e-08
20.547321319580078
0.7695643901824951
14.034842491149902
-1.999999987845058e-08
19.323598861694336
-2.355593204498291
10.460830688476562
1.999999987845058e-08
9.393463134765625
-13.521690368652344
5.054234027862549
-1.999999987845058e-08
0.044740039855241776
-20.604639053344727
-1.2932825088500977
1.999999987845058e-08
-0.8776461482048035
-24.58734130859375
-9.012307167053223
-1.999999987845058e-08
3.7542710304260254
-29.307662963867188
-15.526200294494629
1.999999987845058e-08
4.844980716705322
-26.26108741760254
-14.427712440490723
-1.999999987845058e-08
-0.5200069546699524
-8.63961410522461
-3.200662851333618
1.999999987845058e-08
-6.099882125854492
9.978316307067871
12.08631420135498
-1.999999987845058e-08
-4.556027412414551
11.469974517822266
23.68218421936035
1.999999987845058e-08
4.89716911315918
0.8261311650276184
30.021263122558594
-1.999999987845058e-08
14.120633125305176
-2.1456451416015625
32.08799743652344
1.999999987845058e-08
14.120633125305176
-2.1456451416015625
32.08799743652344
-1.999999987845058e-08
11.693920135498047
4.936975479125977
26.76802635192871
1.999999987845058e-08
-4.696102619171143
5.263432502746582
11.530760765075684
-1.999999987845058e-08
-24.289915084838867
-6.017086982727051
-8.07595157623291
1.999999987845058e-08
-34.61946105957031
-13.579401016235352
-23.42786407470703
-1.999999987845058e-08
-30.40836524963379
-7.5878496170043945
-30.952606201171875
1.999999987845058e-08
-13.78222942352295
4.1349873542785645
-30.42881965637207
-1.999999987845058e-08
4.105542182922363
9.474747657775879
-22.395959854125977
1.999999987845058e-08
8.954345703125
3.9465553760528564
-11.655683517456055
-1.999999987845058e-08
-1.638895034790039
-8.107231140136719
-8.182394981384277
1.999999987845058e-08
-21.081430435180664
-17.331777572631836
-39.59927749633789
-1.999999987845058e-08
-16.507436752319336
-6.487003803253174
-53.9953498840332
1.999999987845058e-08
-14.140506744384766
5.382849216461182
-52.16945266723633
-1.999999987845058e-08
-23.156112670898438
5.482442378997803
-37.215091705322266
1.999999987845058e-08
-35.209716796875
-7.765202045440674
-19.038532257080078
-1.999999987845058e-08
-33.60353088378906
-20.18878746032715
-5.845273971557617
1.999999987845058e-08
-15.207600593566895
-16.741085052490234
0.19727718830108643
-1.999999987845058e-08
4.948946952819824
1.2346562147140503
3.693720817565918
1.999999987845058e-08
10.860832214355469
17.953889846801758
10.027217864990234
-1.999999987845058e-08
0.8048909902572632
20.002796173095703
18.162601470947266
1.999999987845058e-08
-18.071754455566406
-3.071018695831299
25.652362823486328
-1.999999987845058e-08
-8.130051612854004
0.7314236164093018
28.43173599243164
1.999999987845058e-08
6.61198091506958
17.051795959472656
30.862943649291992
-1.999999987845058e-08
13.038100242614746
27.718429565429688
29.13962745666504
1.999999987845058e-08
7.349303245544434
20.436119079589844
23.446308135986328
-1.999999987845058e-08
-2.3363232612609863
1.9140276908874512
17.504940032958984
1.999999987845058e-08
-5.377972602844238
-11.718032836914062
12.61121940612793
-1.999999987845058e-08
0.7226734161376953
-12.15772533416748
7.063547611236572
1.999999987845058e-08
10.53060245513916
-3.3731889724731445
0.8254845142364502
-1.999999987845058e-08
16.837657928466797
6.289284706115723
-4.804215431213379
1.999999987845058e-08
0.7226734161376953
-12.157726287841797
7.063547611236572
-1.999999987845058e-08
10.53060245513916
-3.3731889724731445
0.825484573841095
1.999999987845058e-08
16.837657928466797
6.2892842292785645
-4.804215431213379
-1.999999987845058e-08
16.808578491210938
10.58174991607666
-9.88498306274414
1.999999987845058e-08
14.076947212219238
7.835821628570557
-13.220636367797852
-1.999999987845058e-08
12.57729721069336
1.6311668157577515
-10.925311088562012
1.999999987845058e-08
11.46289348602295
-2.3379030227661133
-1.9534852504730225
-1.999999987845058e-08
6.486781120300293
-2.0236976146698
6.02168607711792
1.999999987845058e-08
-3.972438335418701
0.024924207478761673
2.0495994091033936
-1.999999987845058e-08
-12.42125129699707
2.356936454772949
-12.628311157226562
1.999999987845058e-08
4.522170066833496
15.856180191040039
-9.68149185180664
-1.999999987845058e-08
13.646564483642578
20.423486709594727
14.684690475463867
1.999999987845058e-08
9.952919960021973
13.684504508972168
32.17950439453125
-1.999999987845058e-08
2.282601833343506
1.3947728872299194
32.55534362792969
1.999999987845058e-08
3.728822946548462
-2.742478132247925
22.727012634277344
-1.999999987845058e-08
13.446317672729492
4.762341022491455
14.503677368164062
1.999999987845058e-08
21.195331573486328
15.731532096862793
12.711420059204102
-1.999999987845058e-08
20.304643630981445
22.061250686645508
13.93613338470459
1.999999987845058e-08
11.038044929504395
19.757530212402344
11.235554695129395
-1.999999987845058e-08
0.23717708885669708
8.064178466796875
1.6043039560317993
1.999999987845058e-08
0.2371770441532135
8.064178466796875
1.6043039560317993
-1.999999987845058e-08
-3.2665209770202637
-8.292579650878906
-9.357558250427246
1.999999987845058e-08
0.9069901704788208
-19.830406188964844
-12.137062072753906
-1.999999987845058e-08
3.59736704826355
-20.579647064208984
-3.4982430934906006
1.999999987845058e-08
-0.1793220043182373
-14.830098152160645
8.839205741882324
-1.999999987845058e-08
-4.572415351867676
-11.716825485229492
13.026108741760254
1.999999987845058e-08
-4.2653632164001465
-13.816755294799805
4.699012756347656
-1.999999987845058e-08
-0.9155840873718262
-14.953758239746094
-8.24112606048584
1.999999987845058e-08
3.4289629459381104
-10.531961441040039
-13.727335929870605
-1.999999987845058e-08
6.104842662811279
-6.073304653167725
-9.859790802001953
1.999999987845058e-08
-5.806501388549805
-16.11050796508789
-10.248038291931152
-1.999999987845058e-08
-10.669283866882324
-16.986433029174805
-18.420536041259766
1.999999987845058e-08
-8.702327728271484
-8.853105545043945
-23.9404296875
-1.999999987845058e-08
-2.786351442337036
2.586962938308716
-22.156574249267578
1.999999987845058e-08
1.7200706005096436
11.03105640411377
-13.219666481018066
-1.999999987845058e-08
0.875874936580658
13.56849479675293
-3.8949100971221924
1.999999987845058e-08
-3.9102213382720947
9.155426025390625
-1.6591005325317383
-1.999999987845058e-08
-7.354787349700928
-0.5727152228355408
-5.6715521812438965
1.999999987845058e-08
-5.868282318115234
-8.8207368850708
-9.221083641052246
-1.999999987845058e-08
-1.6425659656524658
-9.992627143859863
-9.541899681091309
1.999999987845058e-08
-1.6425660848617554
-9.992627143859863
-9.541899681091309
-1.999999987845058e-08
0.04359747841954231
-6.317529201507568
-8.64890193939209
1.999999987845058e-08
-1.4803929328918457
-1.0317870378494263
-7.128067970275879
-1.999999987845058e-08
-3.5595781803131104
6.276579856872559
-4.2423505783081055
1.999999987845058e-08
-5.415013313293457
14.061023712158203
-0.688657283782959
-1.999999987845058e-08
-4.879363059997559
19.704370498657227
2.5351052284240723
1.999999987845058e-08
-0.24794889986515045
22.72343635559082
3.211146593093872
-1.999999987845058e-08
4.380622386932373
20.147750854492188
-2.5833282470703125
1.999999987845058e-08
5.670192241668701
9.430870056152344
-14.331802368164062
-1.999999987845058e-08
2.682595729827881
-3.3702101707458496
-24.22393798828125
1.999999987845058e-08
-6.69829797744751
-7.471627712249756
8.139710426330566
-1.999999987845058e-08
5.227710247039795
-7.533969879150391
20.565982818603516
1.999999987845058e-08
8.398223876953125
-9.03398609161377
18.53798484802246
-1.999999987845058e-08
2.375206470489502
-6.248815059661865
6.996999263763428
1.999999987845058e-08
-4.4009904861450195
0.6085220575332642
-4.301443576812744
-1.999999987845058e-08
-5.272980213165283
4.799379348754883
-9.796401023864746
1.999999987845058e-08
4.030251502990723
6.002485275268555
-7.706904411315918
-1.999999987845058e-08
19.227510452270508
9.549005508422852
-1.023688554763794
1.999999987845058e-08
26.892322540283203
12.75196647644043
2.2554373741149902
-1.999999987845058e-08
21.30211639404297
8.22225570678711
-0.10013183206319809
1.999999987845058e-08
11.154254913330078
-1.4220209121704102
1.5278652906417847
-1.999999987845058e-08
4.563998699188232
-7.231944561004639
14.58918285369873
1.999999987845058e-08
-0.018078237771987915
-8.154753684997559
30.292333602905273
-1.999999987845058e-08
-4.292697429656982
-8.85916805267334
33.188446044921875
1.999999987845058e-08
-2.834628105163574
-8.810614585876465
22.17923355102539
-1.999999987845058e-08
7.638024806976318
-5.308950901031494
11.94571590423584
1.999999987845058e-08
17.933547973632812
-3.028627872467041
11.7479887008667
-1.999999987845058e-08
12.390741348266602
-9.36875057220459
14.415925025939941
1.999999987845058e-08
-14.56963062286377
-21.06151008605957
11.26606273651123
-1.999999987845058e-08
-49.817596435546875
-24.616546630859375
5.286667346954346
1.999999987845058e-08
-49.817596435546875
-24.616546630859375
5.286667346954346
-1.999999987845058e-08
-72.429931640625
-12.820489883422852
3.3320467472076416
1.999999987845058e-08
-73.1991195678711
5.667502403259277
5.670810699462891
-1.999999987845058e-08
-58.91279220581055
17.1783447265625
9.09627914428711
1.999999987845058e-08
-42.13057327270508
17.80827522277832
12.627325057983398
-1.999999987845058e-08
-32.853729248046875
13.053309440612793
14.875776290893555
1.999999987845058e-08
-33.13614273071289
9.152020454406738
12.161709785461426
-1.999999987845058e-08
-36.62501525878906
7.9461565017700195
3.3061163425445557
1.999999987845058e-08
-35.37749481201172
6.384389877319336
-7.814614772796631
-1.999999987845058e-08
-25.639347076416016
1.3346338272094727
-15.549509048461914
1.999999987845058e-08
-9.713550567626953
-4.89117956161499
-15.788393020629883
-1.999999987845058e-08
6.265516757965088
-7.2301154136657715
-7.944625377655029
1.999999987845058e-08
17.113168716430664
-4.902592658996582
3.202073574066162
-1.999999987845058e-08
21.7664737701416
-1.8537877798080444
10.300527572631836
1.999999987845058e-08
24.207773208618164
-1.0622833967208862
10.282018661499023
-1.999999987845058e-08
27.427331924438477
-2.6050643920898438
4.693630695343018
1.999999987845058e-08
27.84345817565918
-6.42842960357666
-5.715994358062744
-1.999999987845058e-08
24.695131301879883
-11.562727928161621
-19.359418869018555
1.999999987845058e-08
26.92450523376465
-13.674992561340332
-28.458539962768555
-1.999999987845058e-08
39.73881912231445
-9.421290397644043
-25.444494247436523
1.999999987845058e-08
53.00121307373047
-1.6472468376159668
-15.208077430725098
-1.999999987845058e-08
52.044097900390625
4.334733009338379
-11.729856491088867
1.999999987845058e-08
37.62351989746094
8.529914855957031
-20.017276763916016
-1.999999987845058e-08
27.923460006713867
16.776138305664062
-28.930334091186523
1.999999987845058e-08
36.311466217041016
30.51091957092285
-26.446523666381836
-1.999999987845058e-08
53.50954818725586
40.124168395996094
-15.372554779052734
1.999999987845058e-08
58.801570892333984
35.95344543457031
-6.910976886749268
-1.999999987845058e-08
45.85350799560547
21.681047439575195
-3.5469164848327637
1.999999987845058e-08
28.899261474609375
8.681093215942383
1.166980266571045
-1.999999987845058e-08
20.823501586914062
1.3002501726150513
7.7733683586120605
1.999999987845058e-08
17.919843673706055
-3.8230807781219482
9.85851764678955
-1.999999987845058e-08
12.240118980407715
-7.3934006690979
7.794252395629883
1.999999987845058e-08
4.120345115661621
-7.061952590942383
8.761516571044922
-1.999999987845058e-08
-2.2758750915527344
-4.753483295440674
14.053574562072754
1.999999987845058e-08
-5.8595709800720215
-4.629379749298096
18.90285301208496
-1.999999987845058e-08
-9.192256927490234
-6.883785724639893
20.738683700561523
1.999999987845058e-08
-15.111632347106934
-9.719084739685059
18.12217903137207
-1.999999987845058e-08
-23.263797760009766
-13.420620918273926
8.970802307128906
1.999999987845058e-08
-29.349788665771484
-18.61760711669922
-2.6868224143981934
-1.999999987845058e-08
-29.401155471801758
-22.88315773010254
-7.455409526824951
1.999999987845058e-08
-25.54730224609375
-22.779870986938477
-3.5893452167510986
-1.999999987845058e-08
-22.425134658813477
-18.260196685791016
0.9734361171722412
1.999999987845058e-08
-20.576627731323242
-11.203688621520996
0.9304090142250061
-1.999999987845058e-08
-19.7735538482666
-2.495187759399414
-2.573817491531372
1.999999987845058e-08
-22.55076789855957
5.209990978240967
-7.9365644454956055
-1.999999987845058e-08
-29.03534507751465
6.646934986114502
-13.674325942993164
1.999999987845058e-08
-32.96371078491211
0.5457324981689453
-15.556187629699707
-1.999999987845058e-08
-28.936203002929688
-6.42403507232666
-10.33499526977539
1.999999987845058e-08
-21.048015594482422
-6.480620384216309
-0.7740140557289124
-1.999999987845058e-08
-16.441118240356445
0.575925350189209
8.018828392028809
1.999999987845058e-08
-14.528295516967773
9.206110000610352
14.133291244506836
-1.999999987845058e-08
-9.610004425048828
15.03542423248291
17.909791946411133
1.999999987845058e-08
0.3551900386810303
16.418317794799805
20.037572860717773
-1.999999987845058e-08
10.43770694732666
13.450989723205566
21.26228141784668
1.999999987845058e-08
12.165414810180664
7.055046558380127
19.466676712036133
-1.999999987845058e-08
3.826812982559204
-1.4723011255264282
9.669371604919434
1.999999987845058e-08
-2.8452563285827637
-7.414239406585693
-7.305152893066406
-1.999999987845058e-08
2.6749863624572754
-5.042105197906494
-21.7215576171875
1.999999987845058e-08
12.3638334274292
3.262571334838867
-25.404827117919922
-1.999999987845058e-08
11.158980369567871
8.694822311401367
-19.27155113220215
1.999999987845058e-08
11.158980369567871
8.694822311401367
-19.27155113220215
-1.999999987845058e-08
-2.6007258892059326
6.567473411560059
-10.022936820983887
1.999999987845058e-08
-18.35472869873047
-0.7381399869918823
-4.0547027587890625
-1.999999987845058e-08
-26.04728889465332
-7.573716163635254
-3.098708152770996
1.999999987845058e-08
-21.698577880859375
-9.374116897583008
-3.8028006553649902
-1.999999987845058e-08
-5.910752773284912
-5.421390533447266
-1.7383220195770264
1.999999987845058e-08
17.178611755371094
1.891453504562378
4.823858737945557
-1.999999987845058e-08
38.46156311035156
8.518840789794922
13.816393852233887
1.999999987845058e-08
46.56526184082031
10.178499221801758
19.4488468170166
-1.999999987845058e-08
38.268165588378906
6.4392194747924805
14.95574951171875
1.999999987845058e-08
13.361127853393555
5.707681655883789
-29.84273338317871
-1.999999987845058e-08
16.03314971923828
7.850811958312988
-24.711694717407227
1.999999987845058e-08
10.261042594909668
1.4236271381378174
-13.438430786132812
-1.999999987845058e-08
0.2748432159423828
-9.00467300415039
-2.4769957065582275
1.999999987845058e-08
-1.301612138748169
-10.966058731079102
9.883689880371094
-1.999999987845058e-08
3.2254092693328857
-3.1029787063598633
22.29381561279297
1.999999987845058e-08
-0.37427544593811035
0.4789569079875946
26.83043670654297
-1.999999987845058e-08
-13.836236000061035
-9.246750831604004
20.36836051940918
1.999999987845058e-08
-25.047765731811523
-22.136268615722656
9.592451095581055
-1.999999987845058e-08
-27.925153732299805
-24.446887969970703
2.6349196434020996
1.999999987845058e-08
-27.925153732299805
-24.446887969970703
2.6349196434020996
-1.999999987845058e-08
-28.186445236206055
-19.056137084960938
1.3247873783111572
1.999999987845058e-08
-31.581222534179688
-17.369121551513672
2.746415615081787
-1.999999987845058e-08
-34.290977478027344
-18.742155075073242
4.847283363342285
1.999999987845058e-08
-27.86469078063965
-13.406822204589844
8.004955291748047
-1.999999987845058e-08
-13.256415367126465
-0.9939067363739014
11.93603515625
1.999999987845058e-08
-1.8065142631530762
8.511293411254883
14.025751113891602
-1.999999987845058e-08
-0.40585625171661377
10.446165084838867
12.396977424621582
1.999999987845058e-08
-5.259497165679932
10.024005889892578
8.9000883102417
-1.999999987845058e-08
-10.13609504699707
11.366046905517578
6.89536714553833
1.999999987845058e-08
-10.13609504699707
11.366046905517578
6.89536714553833
-1.999999987845058e-08
-12.605576515197754
12.341105461120605
7.145412445068359
1.999999987845058e-08
-12.162302017211914
11.593156814575195
7.074018478393555
-1.999999987845058e-08
-8.068840980529785
11.80540657043457
2.226266860961914
1.999999987845058e-08
-1.8250787258148193
13.898526191711426
-10.012005805969238
-1.999999987845058e-08
1.2961779832839966
14.64886474609375
-24.99689483642578
1.999999987845058e-08
-1.212530255317688
11.854904174804688
-33.02482223510742
-1.999999987845058e-08
-2.838123321533203
8.425577163696289
-29.085765838623047
1.999999987845058e-08
2.9200925827026367
8.677734375
-17.528139114379883
-1.999999987845058e-08
11.601758003234863
11.048194885253906
-7.782660961151123
1.999999987845058e-08
13.84694766998291
-5.967783451080322
-20.15163230895996
-1.999999987845058e-08
18.901142120361328
-5.813166618347168
-21.678190231323242
1.999999987845058e-08
26.865001678466797
2.398104190826416
-15.997645378112793
-1.999999987845058e-08
27.492143630981445
8.200411796569824
-7.156979084014893
1.999999987845058e-08
18.17087173461914
3.2703845500946045
2.3048062324523926
-1.999999987845058e-08
9.536157608032227
-6.335127353668213
12.7915678024292
1.999999987845058e-08
8.66121768951416
-10.229859352111816
21.682178497314453
-1.999999987845058e-08
8.751564979553223
-9.413651466369629
22.086984634399414
1.999999987845058e-08
2.6249537467956543
-11.229588508605957
10.874258041381836
-1.999999987845058e-08
-4.507237911224365
-14.27111530303955
-4.049619197845459
1.999999987845058e-08
-4.892029762268066
-10.402186393737793
-9.865626335144043
-1.999999987845058e-08
-0.28942498564720154
0.24977949261665344
-1.6808384656906128
1.999999987845058e-08
5.292238712310791
8.12517261505127
15.775208473205566
-1.999999987845058e-08
12.547337532043457
8.031838417053223
34.007728576660156
1.999999987845058e-08
18.473554611206055
4.029062271118164
42.939361572265625
-1.999999987845058e-08
15.552980422973633
0.7244986295700073
35.466156005859375
1.999999987845058e-08
