0
-13.214548110961914
-9.2258882522583
-3.1973459720611572
1.999999987845058e-08
-12.063883781433105
-14.780165672302246
-4.71748685836792
-1.999999987845058e-08
-15.974736213684082
-10.68660831451416
-4.778561115264893
1.999999987845058e-08
-19.225887298583984
-1.3469297885894775
-1.2551349401474
-1.999999987845058e-08
-11.591949462890625
7.0085320472717285
4.815273284912109
1.999999987845058e-08
5.4030938148498535
10.82395076751709
8.852704048156738
-1.999999987845058e-08
20.416149139404297
9.720919609069824
8.661588668823242
1.999999987845058e-08
26.09977149963379
5.737491607666016
6.476838111877441
-1.999999987845058e-08
22.198904037475586
2.0946245193481445
4.505824089050293
1.999999987845058e-08
22.198904037475586
2.0946245193481445
4.505824089050293
-1.999999987845058e-08
12.28607177734375
0.08988866209983826
2.3862996101379395
1.999999987845058e-08
3.2097718715667725
-2.0645864009857178
-1.1853556632995605
-1.999999987845058e-08
1.460159420967102
-5.229084491729736
-6.078857898712158
1.999999987845058e-08
9.267587661743164
-5.386829853057861
-8.648053169250488
-1.999999987845058e-08
22.521493911743164
1.8394709825515747
-4.387315273284912
1.999999987845058e-08
29.181821823120117
11.991137504577637
4.112375736236572
-1.999999987845058e-08
20.728012084960938
13.965127944946289
8.079379081726074
1.999999987845058e-08
6.015797138214111
3.4686622619628906
4.558259963989258
-1.999999987845058e-08
-0.7739296555519104
-12.043298721313477
-0.8414198756217957
1.999999987845058e-08
-0.7739297151565552
-12.043298721313477
-0.8414199352264404
-1.999999987845058e-08
0.39482957124710083
-22.60647201538086
-4.006592750549316
1.999999987845058e-08
0.3804839253425598
-24.06612777709961
-5.9843316078186035
-1.999999987845058e-08
-4.855185031890869
-18.418926239013672
-7.6233811378479
1.999999987845058e-08
-12.962541580200195
-11.524001121520996
-8.767438888549805
-1.999999987845058e-08
-19.008241653442383
-8.70856761932373
-9.961387634277344
1.999999987845058e-08
-17.420368194580078
-8.736473083496094
-9.516289710998535
-1.999999987845058e-08
-8.962021827697754
-5.877073764801025
-5.505215644836426
1.999999987845058e-08
-3.4708750247955322
0.2269902527332306
-2.4024648666381836
-1.999999987845058e-08
-5.596099853515625
4.035979270935059
-5.382111072540283
1.999999987845058e-08
4.387906551361084
-3.257904291152954
-2.856790781021118
-1.999999987845058e-08
7.4436140060424805
-3.177915573120117
6.485437393188477
1.999999987845058e-08
7.8406081199646
3.87764573097229
13.513643264770508
-1.999999987845058e-08
6.884154319763184
15.49621295928955
15.292234420776367
1.999999987845058e-08
6.121833324432373
23.070592880249023
12.551257133483887
-1.999999987845058e-08
5.915849685668945
20.505558013916016
9.573319435119629
1.999999987845058e-08
3.3628077507019043
10.468626976013184
8.526604652404785
-1.999999987845058e-08
-4.442291736602783
-1.2415671348571777
5.20040225982666
1.999999987845058e-08
-15.443022727966309
-11.10611343383789
-4.384672164916992
-1.999999987845058e-08
-22.29412841796875
-15.506110191345215
-15.392489433288574
1.999999987845058e-08
2.695842981338501
12.287636756896973
-2.412604808807373
-1.999999987845058e-08
5.247269153594971
17.615686416625977
-0.20736099779605865
1.999999987845058e-08
0.449174165725708
12.004353523254395
-9.881007194519043
-1.999999987845058e-08
-5.39509391784668
1.6483300924301147
-24.19904136657715
1.999999987845058e-08
-4.91090202331543
-3.8172903060913086
-29.961620330810547
-1.999999987845058e-08
2.8937489986419678
-2.38571834564209
-21.968782424926758
1.999999987845058e-08
8.785002708435059
2.1040761470794678
-7.753958702087402
-1.999999987845058e-08
3.311204671859741
7.156068801879883
2.6987907886505127
1.999999987845058e-08
-7.654824733734131
10.940680503845215
7.853673458099365
-1.999999987845058e-08
-7.2860565185546875
11.13489818572998
13.261960983276367
1.999999987845058e-08
3.311204671859741
7.156068801879883
2.6987907886505127
-1.999999987845058e-08
-7.654824733734131
10.940680503845215
7.853673458099365
1.999999987845058e-08
-7.2860565185546875
11.13489818572998
13.261960983276367
-1.999999987845058e-08
8.783201217651367
7.8897552490234375
21.63016128540039
1.999999987845058e-08
26.379487991333008
4.399119853973389
29.92241096496582
-1.999999987845058e-08
32.41883850097656
3.4009389877319336
35.40895080566406
1.999999987845058e-08
25.673919677734375
3.5576558113098145
36.395259857177734
-1.999999987845058e-08
10.79782772064209
1.5473989248275757
31.0283145904541
1.999999987845058e-08
-3.2580337524414062
-1.6282120943069458
23.499269485473633
-1.999999987845058e-08
-7.35552453994751
-2.0681345462799072
22.267314910888672
1.999999987845058e-08
-10.597260475158691
-4.261233329772949
15.311877250671387
-1.999999987845058e-08
-17.15253257751465
-5.646276473999023
4.912632942199707
1.999999987845058e-08
-17.32590675354004
-4.3911590576171875
3.5303847789764404
-1.999999987845058e-08
-8.082528114318848
-2.730034351348877
12.166547775268555
1.999999987845058e-08
6.670707702636719
-2.425137996673584
24.537612915039062
-1.999999987845058e-08
16.099994659423828
-3.8315675258636475
31.520753860473633
1.999999987845058e-08
10.013416290283203
-6.966536998748779
25.57004737854004
-1.999999987845058e-08
-7.3569655418396
-10.702160835266113
8.697430610656738
1.999999987845058e-08
-17.803741455078125
-11.202264785766602
-7.346838474273682
-1.999999987845058e-08
-11.703958511352539
-6.052440643310547
-15.267068862915039
1.999999987845058e-08
-17.803741455078125
-11.202264785766602
-7.346838474273682
-1.999999987845058e-08
-11.703958511352539
-6.052440643310547
-15.267068862915039
1.999999987845058e-08
1.1298376321792603
0.2744220197200775
-18.36061668395996
-1.999999987845058e-08
7.178389549255371
1.8633918762207031
-20.66901397705078
1.999999987845058e-08
3.153475046157837
-0.9804216027259827
-22.317304611206055
-1.999999987845058e-08
-5.198707580566406
-4.189052104949951
-23.74839973449707
1.999999987845058e-08
-9.419085502624512
-5.013780117034912
-25.918777465820312
-1.999999987845058e-08
-4.334561824798584
-3.2294247150421143
-26.9522705078125
1.999999987845058e-08
8.083600997924805
-0.15288354456424713
-23.585840225219727
-1.999999987845058e-08
18.769336700439453
2.7013421058654785
-17.468229293823242
1.999999987845058e-08
-3.3331079483032227
-2.2080278396606445
-23.784088134765625
-1.999999987845058e-08
-26.310590744018555
-9.94436264038086
-33.85261535644531
1.999999987845058e-08
-31.57075309753418
-15.212530136108398
-37.37861633300781
-1.999999987845058e-08
-14.679525375366211
-16.23145294189453
-33.415611267089844
1.999999987845058e-08
6.280920505523682
-14.196120262145996
-26.46544075012207
-1.999999987845058e-08
13.744009017944336
-9.277810096740723
-18.84745979309082
1.999999987845058e-08
7.801908016204834
-2.5615410804748535
-11.490398406982422
-1.999999987845058e-08
-2.839322805404663
1.6509697437286377
-7.480825424194336
1.999999987845058e-08
-11.882184982299805
1.2937732934951782
-8.975090980529785
-1.999999987845058e-08
-13.262551307678223
0.051878079771995544
-12.0185546875
1.999999987845058e-08
16.417287826538086
9.317850112915039
11.653675079345703
-1.999999987845058e-08
13.521108627319336
9.67719841003418
15.282661437988281
1.999999987845058e-08
9.345978736877441
5.072508811950684
11.758459091186523
-1.999999987845058e-08
7.234809875488281
-1.044887661933899
4.64456844329834
1.999999987845058e-08
3.704763412475586
-2.0816216468811035
-2.8321897983551025
-1.999999987845058e-08
-0.9664254188537598
3.7686097621917725
-7.0260701179504395
1.999999987845058e-08
-1.415534257888794
10.244758605957031
-4.4486403465271
-1.999999987845058e-08
1.6181449890136719
11.074491500854492
4.737332344055176
1.999999987845058e-08
2.5350780487060547
6.7945661544799805
16.572336196899414
-1.999999987845058e-08
1.945213794708252
2.2489304542541504
26.61396026611328
1.999999987845058e-08
1.6181448698043823
11.074491500854492
4.737332344055176
-1.999999987845058e-08
2.5350780487060547
6.7945661544799805
16.572336196899414
1.999999987845058e-08
1.9452136754989624
2.2489304542541504
26.61396026611328
-1.999999987845058e-08
3.1480355262756348
1.686773419380188
31.500869750976562
1.999999987845058e-08
5.48916482925415
6.040236473083496
30.05088233947754
-1.999999987845058e-08
8.224360466003418
12.383747100830078
24.778240203857422
1.999999987845058e-08
10.394980430603027
15.867094039916992
19.241043090820312
-1.999999987845058e-08
8.177765846252441
13.934521675109863
13.744820594787598
1.999999987845058e-08
0.17275653779506683
8.171217918395996
6.628990650177002
-1.999999987845058e-08
-7.983710289001465
1.78925621509552
-0.6010015606880188
1.999999987845058e-08
-5.293331146240234
-1.343050241470337
-3.7498767375946045
-1.999999987845058e-08
-2.7544641494750977
1.3096299171447754
-4.1678924560546875
1.999999987845058e-08
-3.278808832168579
1.4814906120300293
-4.809798717498779
-1.999999987845058e-08
-1.9977920055389404
-1.9572484493255615
-1.2384583950042725
1.999999987845058e-08
1.5169073343276978
-5.806905746459961
5.833206653594971
-1.999999987845058e-08
1.9753187894821167
-7.265691757202148
9.849717140197754
1.999999987845058e-08
-0.7334631085395813
-6.13163948059082
8.295849800109863
-1.999999987845058e-08
-1.6725164651870728
-2.2573585510253906
5.648412227630615
1.999999987845058e-08
-1.6273828744888306
3.82498836517334
4.677845478057861
-1.999999987845058e-08
-4.344357967376709
8.217663764953613
3.1481659412384033
1.999999987845058e-08
-6.340197563171387
7.313051223754883
0.43041539192199707
-1.999999987845058e-08
-1.4295310974121094
3.39363169670105
-0.47066575288772583
1.999999987845058e-08
7.4530792236328125
2.597360849380493
1.385083794593811
-1.999999987845058e-08
9.149636268615723
6.1355109214782715
2.0133416652679443
1.999999987845058e-08
-0.39224928617477417
7.84594202041626
-2.2176365852355957
-1.999999987845058e-08
-9.11632251739502
3.435483455657959
-8.339706420898438
1.999999987845058e-08
-5.117527484893799
-4.108983993530273
-10.084814071655273
-1.999999987845058e-08
4.10031795501709
-10.6718168258667
-6.685998439788818
1.999999987845058e-08
3.939220666885376
-14.68029499053955
-3.1562061309814453
-1.999999987845058e-08
-5.043832302093506
-14.543045043945312
-3.4748380184173584
1.999999987845058e-08
-12.215900421142578
-9.966293334960938
-7.870072364807129
-1.999999987845058e-08
-12.011698722839355
-4.722518444061279
-13.596536636352539
1.999999987845058e-08
-5.700820446014404
-2.835571050643921
-16.566328048706055
-1.999999987845058e-08
0.6793045401573181
-3.5224318504333496
-15.164641380310059
1.999999987845058e-08
-0.5071570873260498
-3.8421590328216553
-11.604596138000488
-1.999999987845058e-08
-9.56074047088623
-4.354915142059326
-8.06466007232666
1.999999987845058e-08
-16.859411239624023
-7.360617637634277
-3.980211019515991
-1.999999987845058e-08
-13.756356239318848
-11.204682350158691
1.0917786359786987
1.999999987845058e-08
-1.4601467847824097
-11.961385726928711
4.993321895599365
-1.999999987845058e-08
12.365060806274414
-8.905441284179688
6.20357084274292
1.999999987845058e-08
19.896150588989258
-3.960951089859009
6.573422908782959
-1.999999987845058e-08
16.940208435058594
1.2671819925308228
8.414216995239258
1.999999987845058e-08
7.237252712249756
5.55717658996582
11.770008087158203
-1.999999987845058e-08
1.3301162719726562
8.536883354187012
15.58675479888916
1.999999987845058e-08
5.833298683166504
11.22779369354248
18.47467803955078
-1.999999987845058e-08
16.601938247680664
13.944186210632324
18.786855697631836
1.999999987845058e-08
23.641639709472656
14.330078125
16.423099517822266
-1.999999987845058e-08
19.630382537841797
10.398140907287598
13.414336204528809
1.999999987845058e-08
7.186962604522705
4.80162239074707
11.881866455078125
-1.999999987845058e-08
-1.9723721742630005
2.5843279361724854
12.129561424255371
1.999999987845058e-08
-1.6292821168899536
5.262287616729736
11.213509559631348
-1.999999987845058e-08
0.5662572383880615
8.914473533630371
4.232706546783447
1.999999987845058e-08
-3.547518253326416
7.890838623046875
-8.350028991699219
-1.999999987845058e-08
-10.925877571105957
0.3804917633533478
-17.124610900878906
1.999999987845058e-08
-13.906603813171387
-10.089512825012207
-13.963912963867188
-1.999999987845058e-08
-9.749908447265625
-17.893512725830078
-2.8862056732177734
1.999999987845058e-08
-2.5285799503326416
-19.2653865814209
4.744940280914307
-1.999999987845058e-08
0.6453006267547607
-15.031827926635742
2.1822803020477295
1.999999987845058e-08
-3.8504600524902344
-10.359782218933105
-8.745039939880371
-1.999999987845058e-08
-12.293028831481934
-9.632909774780273
-19.811405181884766
1.999999987845058e-08
-16.223047256469727
-10.957508087158203
-20.922710418701172
-1.999999987845058e-08
-11.137214660644531
-9.223241806030273
-9.676247596740723
1.999999987845058e-08
-3.482278823852539
-4.095219612121582
3.306718349456787
-1.999999987845058e-08
-2.9951934814453125
0.2536882162094116
5.254256248474121
1.999999987845058e-08
-9.11887264251709
2.5802488327026367
-3.742971897125244
-1.999999987845058e-08
-13.127914428710938
5.737987518310547
-12.349000930786133
1.999999987845058e-08
-9.250788688659668
9.913187980651855
-12.048341751098633
-1.999999987845058e-08
3.2277259826660156
11.063348770141602
-3.5562620162963867
1.999999987845058e-08
20.577116012573242
8.923206329345703
6.9823102951049805
-1.999999987845058e-08
30.428770065307617
8.375694274902344
11.374917030334473
1.999999987845058e-08
30.428770065307617
8.375694274902344
11.374917030334473
-1.999999987845058e-08
20.89951515197754
10.75414752960205
4.828232288360596
1.999999987845058e-08
0.7239988446235657
12.626500129699707
-6.805335521697998
-1.999999987845058e-08
-8.129533767700195
12.265329360961914
-12.15305233001709
1.999999987845058e-08
-0.43645042181015015
9.99605655670166
-7.786671161651611
-1.999999987845058e-08
7.487632751464844
5.80044412612915
-0.9039461612701416
1.999999987845058e-08
2.4257123470306396
1.5627057552337646
0.7603601217269897
-1.999999987845058e-08
-10.310446739196777
0.62850421667099
-2.3041112422943115
1.999999987845058e-08
-17.97178840637207
2.3987722396850586
-4.898654460906982
-1.999999987845058e-08
-14.467894554138184
2.817516803741455
-4.441234588623047
1.999999987845058e-08
-1.302077293395996
0.17052599787712097
-0.2372196763753891
-1.999999987845058e-08
12.190942764282227
-4.706145763397217
6.326841354370117
1.999999987845058e-08
13.962008476257324
-10.786221504211426
8.850488662719727
-1.999999987845058e-08
4.438321590423584
-15.270673751831055
2.927475929260254
1.999999987845058e-08
-5.366656303405762
-14.937080383300781
-6.610446929931641
-1.999999987845058e-08
-10.765917778015137
-11.425711631774902
-12.666224479675293
1.999999987845058e-08
-13.1199369430542
-9.413419723510742
-14.174537658691406
-1.999999987845058e-08
-11.732283592224121
-9.295303344726562
-13.58444881439209
1.999999987845058e-08
-7.980259418487549
-6.820479393005371
-11.584007263183594
-1.999999987845058e-08
-3.5635645389556885
-0.055766765028238297
-6.0861921310424805
1.999999987845058e-08
-3.5635645389556885
-0.05576680228114128
-6.0861921310424805
-1.999999987845058e-08
6.180764675140381
6.963320255279541
4.33756160736084
1.999999987845058e-08
21.00493049621582
8.399980545043945
15.221384048461914
-1.999999987845058e-08
28.84245491027832
4.215085983276367
18.33857536315918
1.999999987845058e-08
22.089092254638672
1.0792580842971802
11.399344444274902
-1.999999987845058e-08
7.7285990715026855
2.961272716522217
1.48342764377594
1.999999987845058e-08
-1.464410424232483
5.412684440612793
-1.9747244119644165
-1.999999987845058e-08
0.6721051335334778
3.554800271987915
4.073572158813477
1.999999987845058e-08
8.122947692871094
-0.5136699080467224
13.520544052124023
-1.999999987845058e-08
10.371663093566895
-2.6179749965667725
17.782609939575195
1.999999987845058e-08
-0.6470649242401123
-3.7464346885681152
10.489879608154297
-1.999999987845058e-08
-8.713542938232422
-5.413238525390625
8.389129638671875
1.999999987845058e-08
-17.98060417175293
-6.520484924316406
6.796212196350098
-1.999999987845058e-08
-18.039581298828125
-3.568431854248047
6.943009853363037
1.999999987845058e-08
-9.720433235168457
5.455240249633789
5.976105213165283
-1.999999987845058e-08
-5.291224956512451
16.272388458251953
0.6975823640823364
1.999999987845058e-08
-10.051414489746094
20.50874900817871
-7.241184234619141
-1.999999987845058e-08
-15.476119995117188
15.282018661499023
-12.961404800415039
1.999999987845058e-08
-12.828872680664062
7.028034210205078
-13.975624084472656
-1.999999987845058e-08
-4.571654796600342
2.3279387950897217
-12.505192756652832
1.999999987845058e-08
1.519927978515625
1.2948652505874634
-11.439724922180176
-1.999999987845058e-08
3.2407968044281006
2.5188097953796387
-10.088601112365723
1.999999987845058e-08
4.377847194671631
5.98354959487915
-6.04422664642334
-1.999999987845058e-08
7.284963607788086
10.011728286743164
-0.14826947450637817
1.999999987845058e-08
9.603257179260254
11.630064010620117
2.8501880168914795
-1.999999987845058e-08
9.224156379699707
9.36159896850586
0.6602227687835693
1.999999987845058e-08
7.957014560699463
3.817934989929199
-1.9560370445251465
-1.999999987845058e-08
6.477294921875
-3.225126028060913
-0.25112563371658325
1.999999987845058e-08
0.5774514079093933
-8.995481491088867
2.2408552169799805
-1.999999987845058e-08
-11.74660587310791
-10.137125968933105
-0.473920077085495
1.999999987845058e-08
-11.74660587310791
-10.137125968933105
-0.47392013669013977
-1.999999987845058e-08
-21.933998107910156
-6.259380340576172
-6.3342790603637695
1.999999987845058e-08
-17.678787231445312
-2.7675533294677734
-7.61476993560791
-1.999999987845058e-08
-0.3528173565864563
-5.002298355102539
-1.8667765855789185
1.999999987845058e-08
13.923111915588379
-10.010298728942871
5.63291597366333
-1.999999987845058e-08
14.68541431427002
-11.840119361877441
9.42446517944336
1.999999987845058e-08
9.479320526123047
-11.770166397094727
8.792367935180664
-1.999999987845058e-08
10.747037887573242
-12.612546920776367
6.166324615478516
1.999999987845058e-08
16.993629455566406
-10.904154777526855
3.6282215118408203
-1.999999987845058e-08
16.42241859436035
-5.462367057800293
1.3530693054199219
1.999999987845058e-08
-4.8264994621276855
1.3584853410720825
-3.2017791271209717
-1.999999987845058e-08
-6.804732322692871
6.23266077041626
-7.5156168937683105
1.999999987845058e-08
-11.077001571655273
7.1461358070373535
-10.565274238586426
-1.999999987845058e-08
-11.209698677062988
6.401718616485596
-8.298938751220703
1.999999987845058e-08
-5.921480655670166
5.5984416007995605
-1.6555768251419067
-1.999999987845058e-08
-3.106194496154785
1.9924229383468628
3.292349338531494
1.999999987845058e-08
-7.392692565917969
-5.277281761169434
1.7263425588607788
-1.999999987845058e-08
-11.170771598815918
-11.573452949523926
-3.6416656970977783
1.999999987845058e-08
-6.54688835144043
-11.518945693969727
-6.162943363189697
-1.999999987845058e-08
0.45193925499916077
-6.053623676300049
-5.384341239929199
1.999999987845058e-08
-11.170771598815918
-11.573452949523926
-3.6416659355163574
-1.999999987845058e-08
-6.54688835144043
-11.518945693969727
-6.162943363189697
1.999999987845058e-08
0.4519392251968384
-6.053623676300049
-5.384341239929199
-1.999999987845058e-08
-2.1544554233551025
-2.56174898147583
-8.057077407836914
1.999999987845058e-08
-13.08403205871582
-5.138347148895264
-16.336809158325195
-1.999999987845058e-08
-17.82423210144043
-8.461503982543945
-20.77769660949707
1.999999987845058e-08
-7.443633556365967
-5.524557113647461
-11.12594985961914
-1.999999987845058e-08
13.807649612426758
3.587920904159546
10.427729606628418
1.999999987845058e-08
35.46731185913086
13.167247772216797
31.33420753479004
-1.999999987845058e-08
45.69605255126953
17.135662078857422
39.44172286987305
1.999999987845058e-08
45.696048736572266
17.135662078857422
39.44171905517578
-1.999999987845058e-08
37.46712875366211
12.98291015625
30.849519729614258
1.999999987845058e-08
15.79109001159668
4.276684761047363
12.36792278289795
-1.999999987845058e-08
-6.118681907653809
-2.220383405685425
-3.1299703121185303
1.999999987845058e-08
-17.027008056640625
-3.604126453399658
-7.321810722351074
-1.999999987845058e-08
-14.357213020324707
-2.06205677986145
-2.600694179534912
1.999999987845058e-08
-5.86191987991333
0.6711323857307434
3.0836081504821777
-1.999999987845058e-08
-3.722559928894043
3.8138864040374756
3.75675106048584
1.999999987845058e-08
-11.677831649780273
3.8940699100494385
-1.475069522857666
-1.999999987845058e-08
-18.50837516784668
-0.7037162184715271
-7.188984394073486
1.999999987845058e-08
-11.84837818145752
-3.858459949493408
-6.119592189788818
-1.999999987845058e-08
3.2924797534942627
0.08045634627342224
1.1785063743591309
1.999999987845058e-08
10.162787437438965
6.606671333312988
5.500025749206543
-1.999999987845058e-08
1.961602807044983
8.915007591247559
0.46369123458862305
1.999999987845058e-08
-11.630426406860352
8.188112258911133
-9.486783027648926
-1.999999987845058e-08
-17.822473526000977
7.292570114135742
-14.728553771972656
1.999999987845058e-08
-12.439018249511719
4.2620344161987305
-10.615427017211914
-1.999999987845058e-08
-0.30956730246543884
-1.283892273902893
-0.9844107031822205
1.999999987845058e-08
10.94497299194336
-4.037672996520996
7.781040191650391
-1.999999987845058e-08
17.948158264160156
0.11260756105184555
14.462956428527832
1.999999987845058e-08
8.569661140441895
1.8377398252487183
17.591047286987305
-1.999999987845058e-08
1.534014105796814
-4.812896251678467
6.118134498596191
1.999999987845058e-08
-2.551623582839966
-3.6876564025878906
-3.340658664703369
-1.999999987845058e-08
-4.113205909729004
2.1654186248779297
-5.604422569274902
1.999999987845058e-08
-5.42271614074707
4.098154544830322
-4.907163619995117
-1.999999987845058e-08
-9.069324493408203
0.7071083188056946
-9.224165916442871
1.999999987845058e-08
-13.517160415649414
-2.378453493118286
-19.383819580078125
-1.999999987845058e-08
-14.538238525390625
-3.358999252319336
-28.14751625061035
1.999999987845058e-08
-12.315244674682617
-5.739862442016602
-30.102806091308594
-1.999999987845058e-08
-10.488849639892578
-10.085744857788086
-26.92486000061035
1.999999987845058e-08
-10.488849639892578
-10.085744857788086
-26.92486000061035
-1.999999987845058e-08
-8.561470031738281
-12.805241584777832
-21.551586151123047
1.999999987845058e-08
-4.8658599853515625
-13.3336763381958
-14.700798988342285
-1.999999987845058e-08
-2.408195734024048
-15.344961166381836
-8.028655052185059
1.999999987845058e-08
-1.0385444164276123
-18.717702865600586
-2.765868663787842
-1.999999987845058e-08
4.072092533111572
-17.354589462280273
2.288144111633301
1.999999987845058e-08
10.056756019592285
-8.246538162231445
6.865264892578125
-1.999999987845058e-08
8.817998886108398
2.7189738750457764
8.82621955871582
1.999999987845058e-08
1.1695047616958618
7.39175271987915
8.226799011230469
-1.999999987845058e-08
-5.693692684173584
4.470584869384766
6.277333736419678
1.999999987845058e-08
-8.40947151184082
-0.06990247964859009
2.6920008659362793
-1.999999987845058e-08
-5.91633939743042
0.24817907810211182
-1.2857497930526733
1.999999987845058e-08
1.563085913658142
4.923509120941162
-2.6112327575683594
-1.999999987845058e-08
8.420654296875
6.732908725738525
-1.7815355062484741
1.999999987845058e-08
9.129769325256348
3.3799734115600586
-0.9491910934448242
-1.999999987845058e-08
5.424216270446777
2.5606210231781006
1.5506055355072021
1.999999987845058e-08
1.578466534614563
8.697136878967285
7.07467794418335
-1.999999987845058e-08
1.2755497694015503
15.501948356628418
13.162766456604004
1.999999987845058e-08
9.851332664489746
17.577632904052734
19.045522689819336
-1.999999987845058e-08
25.25433349609375
16.688018798828125
25.163108825683594
1.999999987845058e-08
34.245277404785156
14.388043403625488
28.303707122802734
-1.999999987845058e-08
29.509889602661133
9.745989799499512
26.37485694885254
1.999999987845058e-08
16.192489624023438
3.5313150882720947
21.341081619262695
-1.999999987845058e-08
1.5048857927322388
-1.0128679275512695
14.5719575881958
1.999999987845058e-08
-8.191146850585938
-1.131614327430725
6.763282299041748
-1.999999987845058e-08
-7.7996649742126465
1.6045317649841309
-0.18415528535842896
1.999999987845058e-08
0.7110967636108398
2.4293787479400635
-5.346800804138184
-1.999999987845058e-08
7.686307430267334
0.5580031871795654
-10.27538013458252
1.999999987845058e-08
4.088511943817139
0.5258283019065857
-16.40731430053711
-1.999999987845058e-08
-10.192155838012695
4.108949661254883
-21.951171875
1.999999987845058e-08
-18.820541381835938
-0.9367509484291077
-11.507614135742188
-1.999999987845058e-08
-1.9773900508880615
-0.2070108950138092
-1.6267166137695312
1.999999987845058e-08
0.03747249022126198
-0.12493801862001419
1.4572809934616089
-1.999999987845058e-08
-16.83977508544922
-7.187244892120361
-5.315652847290039
1.999999987845058e-08
-32.14134216308594
-15.911346435546875
-12.902600288391113
-1.999999987845058e-08
-25.842403411865234
-15.628222465515137
-11.155219078063965
1.999999987845058e-08
-4.238269805908203
-7.507577419281006
-3.157965898513794
-1.999999987845058e-08
10.163968086242676
-2.637507915496826
0.5147285461425781
1.999999987845058e-08
8.478696823120117
-5.588858127593994
-1.9812763929367065
-1.999999987845058e-08
0.9021571278572083
-10.170462608337402
-2.7929489612579346
1.999999987845058e-08
0.3667885363101959
0.6416415572166443
9.62086009979248
-1.999999987845058e-08
2.968546152114868
10.682499885559082
12.707328796386719
1.999999987845058e-08
6.267911434173584
14.627798080444336
13.329771995544434
-1.999999987845058e-08
11.260488510131836
11.56511402130127
16.253662109375
1.999999987845058e-08
12.672201156616211
4.497717380523682
20.41008758544922
-1.999999987845058e-08
7.74118709564209
-3.907672166824341
19.875869750976562
1.999999987845058e-08
2.18438720703125
-11.621549606323242
12.50921630859375
-1.999999987845058e-08
2.2630395889282227
-15.54714298248291
3.5621373653411865
1.999999987845058e-08
7.614200592041016
-13.51564884185791
0.10386116057634354
-1.999999987845058e-08
11.168066024780273
-9.541597366333008
2.867668628692627
1.999999987845058e-08
2.2630395889282227
-15.54714298248291
3.5621373653411865
-1.999999987845058e-08
7.614200592041016
-13.51564884185791
0.10386120527982712
1.999999987845058e-08
11.168066024780273
-9.541597366333008
2.867668390274048
-1.999999987845058e-08
6.6742939949035645
-10.253719329833984
6.095341682434082
1.999999987845058e-08
-1.683366298675537
-13.506306648254395
5.76605224609375
-1.999999987845058e-08
-2.2380013465881348
-11.187923431396484
4.116683483123779
1.999999987845058e-08
7.658959865570068
-4.173220157623291
3.9204840660095215
-1.999999987845058e-08
14.93674373626709
-1.4232078790664673
2.306450843811035
1.999999987845058e-08
8.27711296081543
-4.522141933441162
-4.538507461547852
-1.999999987845058e-08
-5.143731594085693
-4.966347694396973
-13.410390853881836
1.999999987845058e-08
-11.5612154006958
1.767347812652588
-18.839752197265625
-1.999999987845058e-08
-11.036347389221191
7.203696250915527
-22.61014747619629
1.999999987845058e-08
-11.472975730895996
1.5279825925827026
-28.4038143157959
-1.999999987845058e-08
-10.681445121765137
-9.43299388885498
-31.226850509643555
1.999999987845058e-08
-1.1260533332824707
-10.810379028320312
-22.99481773376465
-1.999999987845058e-08
11.025547981262207
-0.5247719287872314
-7.27977180480957
1.999999987845058e-08
7.020317554473877
7.7041802406311035
0.7591192126274109
-1.999999987845058e-08
-17.37088394165039
3.344599723815918
-6.487453937530518
1.999999987845058e-08
-36.28031539916992
-6.214196681976318
-17.65380096435547
-1.999999987845058e-08
-21.865930557250977
-4.7360687255859375
-16.525279998779297
1.999999987845058e-08
44.408668518066406
24.30062484741211
18.784244537353516
-1.999999987845058e-08
36.26054763793945
22.629255294799805
26.194072723388672
1.999999987845058e-08
5.145851135253906
8.796014785766602
18.798521041870117
-1.999999987845058e-08
-20.887882232666016
-2.682755470275879
7.022881507873535
1.999999987845058e-08
-26.56622886657715
-2.947809934616089
1.7269744873046875
-1.999999987845058e-08
-17.207300186157227
5.34147834777832
3.296797513961792
1.999999987845058e-08
-5.726776123046875
15.390119552612305
5.190874099731445
-1.999999987845058e-08
2.0060276985168457
22.454734802246094
3.908712387084961
1.999999987845058e-08
6.480898857116699
23.169973373413086
0.329349160194397
-1.999999987845058e-08
6.853398323059082
16.15413475036621
-3.9407904148101807
1.999999987845058e-08
4.082404613494873
3.91542387008667
1.179345965385437
-1.999999987845058e-08
10.055383682250977
8.846081733703613
10.480087280273438
1.999999987845058e-08
15.244731903076172
12.274120330810547
13.521210670471191
-1.999999987845058e-08
11.772929191589355
8.661727905273438
7.262810707092285
1.999999987845058e-08
2.348318338394165
4.02565860748291
-1.2586132287979126
-1.999999987845058e-08
-2.3984391689300537
5.02014684677124
-3.543684959411621
1.999999987845058e-08
0.2917856276035309
7.816432476043701
0.7816631197929382
-1.999999987845058e-08
0.7436463832855225
5.0481462478637695
5.141152858734131
1.999999987845058e-08
-6.550558090209961
-2.291510820388794
5.192358016967773
-1.999999987845058e-08
-12.447431564331055
-7.327834129333496
3.3939626216888428
1.999999987845058e-08
0.7436463236808777
5.0481462478637695
5.141152858734131
-1.999999987845058e-08
-6.550558090209961
-2.291510820388794
5.192358016967773
1.999999987845058e-08
-12.447431564331055
-7.327834129333496
3.3939626216888428
-1.999999987845058e-08
-7.093821048736572
-6.602219104766846
4.469719409942627
1.999999987845058e-08
5.506938934326172
-2.4396421909332275
8.693548202514648
-1.999999987845058e-08
13.064740180969238
0.4486831724643707
11.58973217010498
1.999999987845058e-08
9.86606502532959
-0.2866775691509247
10.37297248840332
-1.999999987845058e-08
2.5608022212982178
-2.228607654571533
7.442208290100098
1.999999987845058e-08
0.4044492244720459
-2.772444248199463
6.254920482635498
-1.999999987845058e-08
2.9154670238494873
-4.273756980895996
6.954642295837402
1.999999987845058e-08
-6.140563011169434
-15.990455627441406
-14.471282958984375
-1.999999987845058e-08
-4.545956611633301
-14.014771461486816
-15.353888511657715
1.999999987845058e-08
-4.244784832000732
-14.798675537109375
-12.444209098815918
-1.999999987845058e-08
-7.90244722366333
-16.752370834350586
-10.857832908630371
1.999999987845058e-08
-13.644279479980469
-17.91796112060547
-12.72185230255127
-1.999999987845058e-08
-14.578287124633789
-16.81972885131836
-15.29905891418457
1.999999987845058e-08
-9.528549194335938
-12.628456115722656
-15.190925598144531
-1.999999987845058e-08
-4.686880588531494
-6.570920467376709
-11.593653678894043
1.999999987845058e-08
-3.406571865081787
-2.887448787689209
-7.040842056274414
-1.999999987845058e-08
-4.66614294052124
-5.6269612312316895
-6.097105979919434
1.999999987845058e-08
-4.686880588531494
-6.570920467376709
-11.593653678894043
-1.999999987845058e-08
-3.406571865081787
-2.887448787689209
-7.040842056274414
1.999999987845058e-08
-4.666143417358398
-5.6269612312316895
-6.097105979919434
-1.999999987845058e-08
-5.487142562866211
-11.397889137268066
-8.067550659179688
1.999999987845058e-08
-0.7501840591430664
-9.80729866027832
-4.9491167068481445
-1.999999987845058e-08
7.910634994506836
1.4332200288772583
4.123260498046875
1.999999987845058e-08
11.316712379455566
9.763232231140137
8.847103118896484
-1.999999987845058e-08
8.85523796081543
6.189341068267822
6.274077892303467
1.999999987845058e-08
7.889316558837891
-1.5654667615890503
4.843395709991455
-1.999999987845058e-08
9.775118827819824
-2.946197032928467
8.581585884094238
1.999999987845058e-08
-11.644732475280762
16.408618927001953
-1.4240657091140747
-1.999999987845058e-08
-14.240962028503418
13.793813705444336
-8.974517822265625
1.999999987845058e-08
-9.190251350402832
6.069174766540527
-7.765563011169434
-1.999999987845058e-08
-2.9603159427642822
-3.0178189277648926
-2.6218154430389404
1.999999987845058e-08
0.8818234801292419
-6.684847831726074
-1.6924102306365967
-1.999999987845058e-08
1.3031069040298462
-2.298051118850708
-6.562188148498535
1.999999987845058e-08
-2.404311180114746
4.6616997718811035
-11.786197662353516
-1.999999987845058e-08
-6.8494954109191895
7.6616950035095215
-11.52643871307373
1.999999987845058e-08
-6.845516204833984
6.16600227355957
-5.132038116455078
-1.999999987845058e-08
-1.9689730405807495
3.3874094486236572
3.2393264770507812
1.999999987845058e-08
-6.8494954109191895
7.661694526672363
-11.52643871307373
-1.999999987845058e-08
-6.845516204833984
6.16600227355957
-5.132038116455078
1.999999987845058e-08
-1.9689730405807495
3.3874094486236572
3.2393264770507812
-1.999999987845058e-08
4.114289283752441
1.4479091167449951
8.065558433532715
1.999999987845058e-08
9.2133207321167
0.6009026169776917
6.690400123596191
-1.999999987845058e-08
13.166589736938477
0.5144221186637878
2.4979193210601807
1.999999987845058e-08
14.295700073242188
0.7893431186676025
1.6009634733200073
-1.999999987845058e-08
11.721346855163574
2.2571489810943604
5.828967094421387
1.999999987845058e-08
9.41698169708252
6.075716972351074
11.236361503601074
-1.999999987845058e-08
9.865455627441406
9.174880027770996
13.29249382019043
1.999999987845058e-08
-3.3821754455566406
-13.648476600646973
6.015671730041504
-1.999999987845058e-08
-7.547994136810303
-18.053415298461914
3.5978639125823975
1.999999987845058e-08
-9.248147964477539
-16.938568115234375
3.0807342529296875
-1.999999987845058e-08
-8.688261985778809
-11.71692943572998
3.8891937732696533
1.999999987845058e-08
-1.524397850036621
-1.2964675426483154
5.6702141761779785
-1.999999987845058e-08
13.356362342834473
12.42805004119873
8.739013671875
1.999999987845058e-08
24.913496017456055
21.277725219726562
9.437932968139648
-1.999999987845058e-08
21.75745964050293
21.166337966918945
4.0699591636657715
1.999999987845058e-08
6.192123889923096
15.946598052978516
-4.067250728607178
-1.999999987845058e-08
-11.194167137145996
7.354220867156982
-9.480890274047852
1.999999987845058e-08
-11.194167137145996
7.354220867156982
-9.480890274047852
-1.999999987845058e-08
-21.792369842529297
-5.561111927032471
-11.94643783569336
1.999999987845058e-08
-22.16536521911621
-17.875455856323242
-14.041882514953613
-1.999999987845058e-08
-16.28656005859375
-21.96292495727539
-16.16619873046875
1.999999987845058e-08
-12.58645248413086
-18.18092918395996
-17.12089729309082
-1.999999987845058e-08
-11.885290145874023
-13.873490333557129
-14.886834144592285
1.999999987845058e-08
-7.253413200378418
-11.515353202819824
-7.293285369873047
-1.999999987845058e-08
-0.8055835962295532
-6.566812992095947
2.2465813159942627
1.999999987845058e-08
-2.475245714187622
1.9817811250686646
4.793221950531006
-1.999999987845058e-08
-9.255990028381348
9.976151466369629
-1.3333019018173218
1.999999987845058e-08
-8.013437271118164
17.03677749633789
-5.600399494171143
-1.999999987845058e-08
1.4263454675674438
24.956167221069336
-0.19124042987823486
1.999999987845058e-08
5.482926845550537
28.609285354614258
8.161330223083496
-1.999999987845058e-08
0.23840956389904022
22.555171966552734
9.956499099731445
1.999999987845058e-08
-1.2166435718536377
13.003999710083008
7.667784214019775
-1.999999987845058e-08
7.19741678237915
9.774141311645508
7.573912143707275
1.999999987845058e-08
13.591666221618652
13.137197494506836
8.397041320800781
-1.999999987845058e-08
10.523415565490723
16.401351928710938
7.548681259155273
1.999999987845058e-08
5.079312801361084
14.105618476867676
6.398036003112793
-1.999999987845058e-08
4.982146739959717
6.894560813903809
6.167933464050293
1.999999987845058e-08
11.102646827697754
0.6405149698257446
6.806771278381348
-1.999999987845058e-08
17.836156845092773
-0.3480774164199829
8.310336112976074
1.999999987845058e-08
16.615856170654297
2.937988519668579
9.219573974609375
-1.999999987845058e-08
5.503918170928955
5.73030948638916
5.735740661621094
1.999999987845058e-08
-8.177066802978516
4.04171085357666
-3.218322277069092
-1.999999987845058e-08
-18.084497451782227
0.11785637587308884
-11.644834518432617
1.999999987845058e-08
-23.957033157348633
-1.2443393468856812
-13.686223030090332
-1.999999987845058e-08
-23.53606414794922
-0.8626849055290222
-10.85037612915039
1.999999987845058e-08
-12.489486694335938
-3.0362203121185303
-7.174172401428223
-1.999999987845058e-08
3.4897072315216064
-8.746111869812012
-4.934573173522949
1.999999987845058e-08
12.998627662658691
-14.748930931091309
-5.7348246574401855
-1.999999987845058e-08
14.82772159576416
-17.401926040649414
-9.125821113586426
1.999999987845058e-08
14.089044570922852
-16.65703010559082
-12.273685455322266
-1.999999987845058e-08
10.943238258361816
-14.2883939743042
-12.762839317321777
1.999999987845058e-08
2.9497666358947754
-10.611695289611816
-11.736668586730957
-1.999999987845058e-08
-9.383332252502441
-8.518021583557129
-13.578030586242676
1.999999987845058e-08
-20.129453659057617
-13.223549842834473
-17.43037223815918
-1.999999987845058e-08
-21.825170516967773
-22.892934799194336
-15.570258140563965
1.999999987845058e-08
-15.85083293914795
-28.718643188476562
-7.148608207702637
-1.999999987845058e-08
-10.885323524475098
-25.958616256713867
-1.051587700843811
1.999999987845058e-08
-9.22893238067627
-17.871829986572266
-0.513690710067749
-1.999999987845058e-08
-5.381912708282471
-10.699363708496094
1.2242109775543213
1.999999987845058e-08
2.3025078773498535
-7.851874828338623
8.251167297363281
-1.999999987845058e-08
8.532547950744629
-6.964660167694092
16.202346801757812
1.999999987845058e-08
9.746726989746094
-3.650865077972412
19.372203826904297
-1.999999987845058e-08
9.097087860107422
1.9554252624511719
17.157466888427734
1.999999987845058e-08
11.799500465393066
6.050774097442627
13.287378311157227
-1.999999987845058e-08
17.849857330322266
7.311550140380859
10.782576560974121
1.999999987845058e-08
21.018413543701172
8.476758003234863
9.113783836364746
-1.999999987845058e-08
18.343673706054688
11.5285062789917
7.161118507385254
1.999999987845058e-08
13.03369426727295
13.397557258605957
4.063010215759277
-1.999999987845058e-08
5.502821445465088
6.211204528808594
1.262312889099121
1.999999987845058e-08
-4.781479358673096
-4.460233688354492
-1.1745684146881104
-1.999999987845058e-08
-8.696905136108398
-12.388351440429688
-2.530139684677124
1.999999987845058e-08
-7.810007572174072
-13.015727996826172
-6.01161527633667
-1.999999987845058e-08
-7.063711643218994
-6.7475175857543945
-10.858564376831055
1.999999987845058e-08
-3.1066088676452637
1.4700706005096436
-10.767464637756348
-1.999999987845058e-08
4.793045520782471
5.65470552444458
-4.1554388999938965
1.999999987845058e-08
9.135339736938477
4.52910041809082
3.7398040294647217
-1.999999987845058e-08
5.087347507476807
2.529252290725708
7.777038097381592
1.999999987845058e-08
5.087347507476807
2.529252290725708
7.777038097381592
-1.999999987845058e-08
-4.915374279022217
2.86454176902771
5.340555191040039
1.999999987845058e-08
-14.828934669494629
3.493652105331421
-1.8096294403076172
-1.999999987845058e-08
-18.436216354370117
2.7135727405548096
-5.505627155303955
1.999999987845058e-08
-14.690787315368652
2.2097177505493164
-0.17460666596889496
-1.999999987845058e-08
-9.421192169189453
3.104076385498047
8.3090181350708
1.999999987845058e-08
