0
6.271060466766357
237.64862060546875
37.93009567260742
1.999999987845058e-08
2.6994869709014893
-134.5903778076172
9.202759742736816
-1.999999987845058e-08
7.244837760925293
-296.2763671875
22.925443649291992
1.999999987845058e-08
2.0481903553009033
48.06332015991211
46.723262786865234
-1.999999987845058e-08
-14.586657524108887
228.9459991455078
13.472713470458984
1.999999987845058e-08
-12.290769577026367
-102.18352508544922
-28.471914291381836
-1.999999987845058e-08
18.694150924682617
-295.00537109375
10.635494232177734
1.999999987845058e-08
34.73784255981445
104.59003448486328
82.89200592041016
-1.999999987845058e-08
0.9994726777076721
451.04656982421875
58.422420501708984
1.999999987845058e-08
20.10546875
-159.1807403564453
34.202789306640625
-1.999999987845058e-08
37.30896759033203
478.02618408203125
106.5475845336914
1.999999987845058e-08
-1.191803216934204
479.4508972167969
25.007400512695312
-1.999999987845058e-08
-36.98630142211914
-170.18675231933594
-92.51219177246094
1.999999987845058e-08
-22.717906951904297
-426.1408386230469
-72.54502868652344
-1.999999987845058e-08
11.106358528137207
102.94564819335938
43.181556701660156
1.999999987845058e-08
9.084218978881836
546.7096557617188
71.25310516357422
-1.999999987845058e-08
-26.840364456176758
216.06793212890625
-26.324752807617188
1.999999987845058e-08
-46.1548957824707
-331.5803527832031
-98.30548858642578
-1.999999987845058e-08
-24.728775024414062
-262.27252197265625
-48.038108825683594
1.999999987845058e-08
6.765313625335693
234.54086303710938
33.86275863647461
-1.999999987845058e-08
13.33512020111084
360.48699951171875
31.57283592224121
1.999999987845058e-08
0.8133288025856018
-13.48568344116211
-26.194339752197266
-1.999999987845058e-08
-7.879819393157959
-262.9018859863281
-43.204795837402344
1.999999987845058e-08
-10.196399688720703
-59.68333435058594
-13.094056129455566
-1.999999987845058e-08
-11.7626953125
202.95108032226562
-0.15467903017997742
1.999999987845058e-08
-5.026356220245361
129.56207275390625
-16.53830909729004
-1.999999987845058e-08
13.191092491149902
-99.35651397705078
-17.78687286376953
1.999999987845058e-08
25.207481384277344
-121.86967468261719
2.8492982387542725
-1.999999987845058e-08
17.562206268310547
25.849102020263672
6.272872447967529
1.999999987845058e-08
8.599794387817383
-38.348907470703125
-10.232622146606445
-1.999999987845058e-08
19.65470314025879
-62.3519401550293
13.133099555969238
1.999999987845058e-08
14.382282257080078
23.03799819946289
12.108991622924805
-1.999999987845058e-08
-5.627895832061768
24.341386795043945
-25.12833023071289
1.999999987845058e-08
-13.205814361572266
-94.58004760742188
-43.532291412353516
-1.999999987845058e-08
-0.003900565207004547
-119.64578247070312
-9.966489791870117
1.999999987845058e-08
10.559828758239746
23.10250473022461
25.2742862701416
-1.999999987845058e-08
3.6558401584625244
95.4146499633789
7.785380840301514
1.999999987845058e-08
-4.434144973754883
-50.0699462890625
-28.295446395874023
-1.999999987845058e-08
2.9521446228027344
-177.2071075439453
-13.990411758422852
1.999999987845058e-08
3.6558401584625244
95.4146499633789
7.785380840301514
-1.999999987845058e-08
-4.434144973754883
-50.0699462890625
-28.295446395874023
1.999999987845058e-08
2.9521443843841553
-177.2071075439453
-13.990411758422852
-1.999999987845058e-08
14.636188507080078
-49.34654235839844
39.27425003051758
1.999999987845058e-08
10.233833312988281
136.38345336914062
54.79930114746094
-1.999999987845058e-08
-6.570093154907227
58.136898040771484
13.038933753967285
1.999999987845058e-08
-12.462016105651855
-165.1640625
-19.03137969970703
-1.999999987845058e-08
-0.024132326245307922
-152.75120544433594
3.0246572494506836
1.999999987845058e-08
12.504618644714355
83.1150131225586
34.831077575683594
-1.999999987845058e-08
11.43016529083252
148.61676025390625
23.76906394958496
1.999999987845058e-08
4.801747798919678
-49.90938186645508
-5.3322858810424805
-1.999999987845058e-08
1.14701509475708
-148.81028747558594
-1.8573436737060547
1.999999987845058e-08
-3.242851972579956
-11.00742244720459
17.638010025024414
-1.999999987845058e-08
-5.600211143493652
-7.215803623199463
2.904433012008667
1.999999987845058e-08
4.3778581619262695
-272.9759216308594
-28.242645263671875
-1.999999987845058e-08
19.470624923706055
-357.01629638671875
-15.794886589050293
1.999999987845058e-08
17.862241744995117
-13.046808242797852
29.233339309692383
-1.999999987845058e-08
-4.406276226043701
365.66131591796875
41.80039978027344
1.999999987845058e-08
-21.354768753051758
385.7506408691406
17.392623901367188
-1.999999987845058e-08
-7.883086204528809
181.69076538085938
12.792621612548828
1.999999987845058e-08
21.979442596435547
87.80906677246094
40.15911865234375
-1.999999987845058e-08
30.69672393798828
109.71485137939453
44.748634338378906
1.999999987845058e-08
11.73516845703125
23.961097717285156
3.154366970062256
-1.999999987845058e-08
-2.59283447265625
-134.9486083984375
-29.85196304321289
1.999999987845058e-08
8.162514686584473
-76.89885711669922
-7.456686973571777
-1.999999987845058e-08
22.805002212524414
204.85064697265625
31.727949142456055
1.999999987845058e-08
12.490161895751953
308.8716735839844
20.547941207885742
-1.999999987845058e-08
-14.692187309265137
49.5534553527832
-30.494958877563477
1.999999987845058e-08
-27.194271087646484
-184.74896240234375
-46.24873352050781
-1.999999987845058e-08
-18.801843643188477
-38.45552444458008
-7.235191822052002
1.999999987845058e-08
-15.460494041442871
5.551217079162598
-2.736588716506958
-1.999999987845058e-08
-31.813400268554688
107.81620025634766
-12.88209342956543
1.999999987845058e-08
-30.342941284179688
-79.1658706665039
-37.53960037231445
-1.999999987845058e-08
-18.85619354248047
-230.98947143554688
-40.557640075683594
1.999999987845058e-08
-20.190885543823242
-160.2310028076172
-28.747215270996094
-1.999999987845058e-08
-32.12909698486328
-48.772037506103516
-26.505340576171875
1.999999987845058e-08
-30.53546142578125
-51.92113494873047
-29.002395629882812
-1.999999987845058e-08
-8.119933128356934
-88.15383911132812
-21.295839309692383
1.999999987845058e-08
15.685372352600098
-81.66780090332031
-11.946354866027832
-1.999999987845058e-08
23.672325134277344
-79.48908233642578
-11.855363845825195
1.999999987845058e-08
-30.53546142578125
-51.92113494873047
-29.002395629882812
-1.999999987845058e-08
-8.119933128356934
-88.15383911132812
-21.295839309692383
1.999999987845058e-08
15.685372352600098
-81.66780090332031
-11.946354866027832
-1.999999987845058e-08
23.672325134277344
-79.48908233642578
-11.855363845825195
1.999999987845058e-08
19.47679328918457
-79.03656768798828
-8.545499801635742
-1.999999987845058e-08
13.843221664428711
-14.045549392700195
7.017784118652344
1.999999987845058e-08
9.05020809173584
65.42074584960938
16.370336532592773
-1.999999987845058e-08
4.125831127166748
41.616695404052734
5.8078131675720215
1.999999987845058e-08
2.5984885692596436
-42.135276794433594
-3.609856128692627
-1.999999987845058e-08
5.323836326599121
-29.10160255432129
10.674820899963379
1.999999987845058e-08
8.81644058227539
67.87451934814453
19.537128448486328
-1.999999987845058e-08
17.399215698242188
15.237071990966797
15.5906343460083
1.999999987845058e-08
20.794479370117188
57.05668258666992
23.989830017089844
-1.999999987845058e-08
15.838773727416992
131.2286834716797
27.26712417602539
1.999999987845058e-08
6.429265022277832
204.08441162109375
20.129981994628906
-1.999999987845058e-08
-1.0716922283172607
347.1510925292969
16.154396057128906
1.999999987845058e-08
-0.5311526656150818
474.7635192871094
20.22207260131836
-1.999999987845058e-08
6.649664878845215
361.5250549316406
19.911508560180664
1.999999987845058e-08
9.350948333740234
91.75064849853516
7.636710166931152
-1.999999987845058e-08
-6.186361789703369
-85.78797912597656
-27.461957931518555
1.999999987845058e-08
-6.186361789703369
-85.78797912597656
-27.461959838867188
-1.999999987845058e-08
-36.882930755615234
-346.9002990722656
-96.65007781982422
1.999999987845058e-08
-46.103633880615234
-815.3570556640625
-136.52175903320312
-1.999999987845058e-08
-6.76864767074585
-859.4663696289062
-50.29800033569336
1.999999987845058e-08
41.403778076171875
-157.9570770263672
101.81076049804688
-1.999999987845058e-08
44.71826171875
412.13946533203125
150.24923706054688
1.999999987845058e-08
17.429195404052734
218.82984924316406
81.18687438964844
-1.999999987845058e-08
-0.27354565262794495
-128.6363525390625
21.110130310058594
1.999999987845058e-08
-9.830389976501465
-95.8565673828125
5.732683181762695
-1.999999987845058e-08
-19.400434494018555
-36.41241455078125
-9.9613618850708
1.999999987845058e-08
-8.586833000183105
-152.42459106445312
-3.51340913772583
-1.999999987845058e-08
22.638628005981445
-62.98042678833008
52.23485565185547
1.999999987845058e-08
31.45133399963379
237.4876708984375
77.79435729980469
-1.999999987845058e-08
0.04128410667181015
233.8642120361328
8.084949493408203
1.999999987845058e-08
-28.571245193481445
-101.61055755615234
-72.89720153808594
-1.999999987845058e-08
-19.198955535888672
-219.83718872070312
-58.53557205200195
1.999999987845058e-08
4.00950813293457
29.57271957397461
14.014440536499023
-1.999999987845058e-08
5.819004535675049
234.2332305908203
38.162681579589844
1.999999987845058e-08
-11.590019226074219
177.1590118408203
-6.701871395111084
-1.999999987845058e-08
-25.05323028564453
23.71097183227539
-58.21845245361328
1.999999987845058e-08
-16.735931396484375
-91.12462615966797
-61.75292205810547
-1.999999987845058e-08
9.465043067932129
-97.62071990966797
-14.562302589416504
1.999999987845058e-08
21.714460372924805
95.5440673828125
30.158447265625
-1.999999987845058e-08
-2.6367528438568115
304.5065002441406
6.4695281982421875
1.999999987845058e-08
-35.00535202026367
150.4571533203125
-68.5599136352539
-1.999999987845058e-08
-28.591724395751953
-228.02784729003906
-87.03590393066406
1.999999987845058e-08
10.026647567749023
-203.63961791992188
-6.411441802978516
-1.999999987845058e-08
25.975494384765625
257.4718322753906
58.859092712402344
1.999999987845058e-08
-0.24580182135105133
386.4342041015625
6.3836669921875
-1.999999987845058e-08
-22.762178421020508
-80.14289093017578
-76.34017944335938
1.999999987845058e-08
-22.762178421020508
-80.14289093017578
-76.34017944335938
-1.999999987845058e-08
-8.207691192626953
-356.8085021972656
-49.98125457763672
1.999999987845058e-08
9.24688720703125
35.75853729248047
38.527984619140625
-1.999999987845058e-08
-6.574945449829102
394.8714599609375
39.55098342895508
1.999999987845058e-08
-25.68134117126465
81.28722381591797
-36.064720153808594
-1.999999987845058e-08
-5.231380462646484
-339.7027893066406
-43.82676696777344
1.999999987845058e-08
30.506122589111328
-133.41746520996094
30.992774963378906
-1.999999987845058e-08
26.506162643432617
290.0177917480469
51.88631057739258
1.999999987845058e-08
-9.726916313171387
155.92507934570312
-15.57292652130127
-1.999999987845058e-08
-20.68783187866211
-274.9432373046875
-42.972068786621094
1.999999987845058e-08
0.5746010541915894
206.671630859375
1.1811617612838745
-1.999999987845058e-08
6.6704020500183105
-191.33148193359375
-47.15874481201172
1.999999987845058e-08
43.67150115966797
-297.9427185058594
7.816189765930176
-1.999999987845058e-08
57.74732971191406
50.57902908325195
78.74909210205078
1.999999987845058e-08
16.321247100830078
238.1844940185547
47.22911071777344
-1.999999987845058e-08
-28.585956573486328
-27.337825775146484
-35.7044563293457
1.999999987845058e-08
-14.97231388092041
-270.4599609375
-38.011138916015625
-1.999999987845058e-08
33.166481018066406
-110.51344299316406
39.270050048828125
1.999999987845058e-08
45.71826934814453
155.68798828125
76.67078399658203
-1.999999987845058e-08
10.736615180969238
121.09036254882812
27.417055130004883
1.999999987845058e-08
-22.374067306518555
-109.6884536743164
-29.798568725585938
-1.999999987845058e-08
-23.503355026245117
-179.8466796875
-25.251094818115234
1.999999987845058e-08
-11.688593864440918
-29.152482986450195
11.679474830627441
-1.999999987845058e-08
-11.045100212097168
100.88321685791016
18.567508697509766
1.999999987845058e-08
-18.175735473632812
48.204559326171875
-10.065643310546875
-1.999999987845058e-08
-17.032453536987305
-88.34849548339844
-31.32935333251953
1.999999987845058e-08
-4.798214912414551
-115.4392318725586
-20.12339973449707
-1.999999987845058e-08
3.66196608543396
-1.3616347312927246
1.3249276876449585
1.999999987845058e-08
-3.0929501056671143
83.54839324951172
-0.4536769688129425
-1.999999987845058e-08
-15.417360305786133
13.67505168914795
-20.801979064941406
1.999999987845058e-08
-17.014202117919922
-91.62285614013672
-26.076139450073242
-1.999999987845058e-08
-7.652737140655518
-55.546348571777344
-8.610209465026855
1.999999987845058e-08
-0.08657435327768326
57.14305114746094
2.2536215782165527
-1.999999987845058e-08
-1.5973801612854004
55.5627555847168
-7.91952657699585
1.999999987845058e-08
-7.098383903503418
-33.046234130859375
-14.797199249267578
-1.999999987845058e-08
-9.438254356384277
-24.393291473388672
-2.2202446460723877
1.999999987845058e-08
-8.053085327148438
62.26698303222656
7.318448066711426
-1.999999987845058e-08
-2.2880918979644775
42.78526306152344
-1.2658593654632568
1.999999987845058e-08
10.71442985534668
-49.9084587097168
-2.290727376937866
-1.999999987845058e-08
22.667585372924805
-5.233492851257324
18.57598304748535
1.999999987845058e-08
16.823652267456055
131.71913146972656
26.21753692626953
-1.999999987845058e-08
-5.097115516662598
96.06952667236328
-1.260254144668579
1.999999987845058e-08
-17.915008544921875
-82.54004669189453
-21.73826789855957
-1.999999987845058e-08
-9.047975540161133
-78.50230407714844
0.8726533651351929
1.999999987845058e-08
1.328771710395813
127.7457275390625
27.028255462646484
-1.999999987845058e-08
-3.9035985469818115
166.62100219726562
10.725502014160156
1.999999987845058e-08
-9.329108238220215
-51.041358947753906
-13.267582893371582
-1.999999987845058e-08
0.03565128147602081
-135.9082794189453
6.964810371398926
1.999999987845058e-08
7.277184963226318
77.95445251464844
37.30171585083008
-1.999999987845058e-08
-3.9558627605438232
204.54580688476562
13.527438163757324
1.999999987845058e-08
-4.665796279907227
-179.15155029296875
-35.85688400268555
-1.999999987845058e-08
10.812583923339844
-16.27713966369629
8.103166580200195
1.999999987845058e-08
5.134218692779541
184.90760803222656
14.542646408081055
-1.999999987845058e-08
-7.87408971786499
55.25347137451172
-22.583751678466797
1.999999987845058e-08
1.420432448387146
-170.69114685058594
-26.070524215698242
-1.999999987845058e-08
24.660476684570312
-89.85006713867188
21.493005752563477
1.999999987845058e-08
29.57781982421875
138.4425506591797
44.64553451538086
-1.999999987845058e-08
13.41790771484375
96.0796890258789
8.584808349609375
1.999999987845058e-08
4.914156436920166
-132.34518432617188
-22.144420623779297
-1.999999987845058e-08
14.884871482849121
-130.35218811035156
-0.17649871110916138
1.999999987845058e-08
13.41790771484375
96.0796890258789
8.584808349609375
-1.999999987845058e-08
4.914156436920166
-132.34518432617188
-22.144420623779297
1.999999987845058e-08
14.884871482849121
-130.35218811035156
-0.17649875581264496
-1.999999987845058e-08
18.6037654876709
88.36771392822266
24.94734764099121
1.999999987845058e-08
1.8359589576721191
123.01213836669922
3.56846284866333
-1.999999987845058e-08
-10.990784645080566
-81.7183609008789
-23.378454208374023
1.999999987845058e-08
-0.7659803628921509
-158.66513061523438
-5.1570258140563965
-1.999999987845058e-08
12.108586311340332
10.515730857849121
23.576560974121094
1.999999987845058e-08
5.033125400543213
112.5522232055664
8.08659839630127
-1.999999987845058e-08
-9.578754425048828
-16.79546356201172
-29.20793914794922
1.999999987845058e-08
-9.385892868041992
-130.7376251220703
-32.89053726196289
-1.999999987845058e-08
0.7154986262321472
-43.83230972290039
-8.065160751342773
1.999999987845058e-08
2.1355063915252686
63.532527923583984
0.4088321626186371
-1.999999987845058e-08
-4.1258649826049805
7.460196018218994
-11.54326343536377
1.999999987845058e-08
-4.100579738616943
-87.7574691772461
-11.221273422241211
-1.999999987845058e-08
0.6702616214752197
-54.12697219848633
5.691211700439453
1.999999987845058e-08
-2.2690107822418213
27.241806030273438
10.618354797363281
-1.999999987845058e-08
-9.040851593017578
12.909773826599121
-3.317720890045166
1.999999987845058e-08
-6.247259140014648
-44.88758087158203
-12.741063117980957
-1.999999987845058e-08
1.3916370868682861
-30.191068649291992
-9.938409805297852
1.999999987845058e-08
-2.759269952774048
-32.703975677490234
-10.623724937438965
-1.999999987845058e-08
-6.083787441253662
-10.565250396728516
3.4756736755371094
1.999999987845058e-08
-14.020689964294434
44.54190444946289
10.8642578125
-1.999999987845058e-08
-16.585689544677734
41.888790130615234
9.31657600402832
1.999999987845058e-08
-7.431280612945557
-10.156377792358398
12.795748710632324
-1.999999987845058e-08
4.2753520011901855
-21.803791046142578
26.44680404663086
1.999999987845058e-08
6.472535133361816
28.735031127929688
36.7900276184082
-1.999999987845058e-08
-0.23183678090572357
66.24537658691406
31.294889450073242
1.999999987845058e-08
-5.703342914581299
39.091739654541016
17.47014808654785
-1.999999987845058e-08
-2.834646701812744
-5.958848476409912
13.922632217407227
1.999999987845058e-08
-1.8914374113082886
51.430267333984375
24.224578857421875
-1.999999987845058e-08
-17.715883255004883
61.199440002441406
3.7130355834960938
1.999999987845058e-08
-24.660722732543945
4.259932518005371
-19.001367568969727
-1.999999987845058e-08
-10.934320449829102
-39.038143157958984
-17.78031349182129
1.999999987845058e-08
7.009431838989258
6.186944961547852
-0.2861003577709198
-1.999999987845058e-08
8.300636291503906
81.3579330444336
3.4031224250793457
1.999999987845058e-08
-2.3843164443969727
69.10665130615234
-11.902239799499512
-1.999999987845058e-08
-6.039629936218262
-16.020084381103516
-18.892290115356445
1.999999987845058e-08
-0.4853771924972534
-37.56296157836914
-3.4641335010528564
-1.999999987845058e-08
-0.03840581327676773
37.99571990966797
10.540875434875488
1.999999987845058e-08
-6.039629936218262
-16.020084381103516
-18.892290115356445
-1.999999987845058e-08
-0.48537716269493103
-37.56296157836914
-3.4641335010528564
1.999999987845058e-08
-0.038405850529670715
37.99571990966797
10.540875434875488
-1.999999987845058e-08
-7.742473602294922
76.4850845336914
-0.31660228967666626
1.999999987845058e-08
-10.448037147521973
1.8773950338363647
-20.675493240356445
-1.999999987845058e-08
-2.0908772945404053
-68.3225326538086
-20.919883728027344
1.999999987845058e-08
7.126848220825195
-24.027807235717773
-4.244815826416016
-1.999999987845058e-08
6.516359329223633
44.04235076904297
-0.4983445703983307
1.999999987845058e-08
0.6749700903892517
5.2610344886779785
-16.207799911499023
-1.999999987845058e-08
4.7365403175354
-77.71124267578125
-23.532838821411133
1.999999987845058e-08
20.889619827270508
-64.38326263427734
-9.109914779663086
-1.999999987845058e-08
31.525169372558594
9.995406150817871
2.94820237159729
1.999999987845058e-08
27.100488662719727
6.311110496520996
-3.7673285007476807
-1.999999987845058e-08
19.916833877563477
-60.092567443847656
-10.036301612854004
1.999999987845058e-08
18.846426010131836
-55.473209381103516
-1.6651597023010254
-1.999999987845058e-08
16.10976791381836
15.7899751663208
3.0009331703186035
1.999999987845058e-08
7.75583553314209
19.765077590942383
-9.240347862243652
-1.999999987845058e-08
4.3149003982543945
-51.19650650024414
-18.401968002319336
1.999999987845058e-08
10.877169609069824
-61.747928619384766
-6.982924461364746
-1.999999987845058e-08
14.063020706176758
10.713024139404297
6.616082191467285
1.999999987845058e-08
-5.712125778198242
39.41170120239258
2.080409288406372
-1.999999987845058e-08
0.5576744079589844
-1.6220346689224243
3.0331814289093018
1.999999987845058e-08
11.88026237487793
-38.3656005859375
11.474602699279785
-1.999999987845058e-08
21.921630859375
9.298985481262207
22.00754165649414
1.999999987845058e-08
24.416309356689453
57.527896881103516
20.6182918548584
-1.999999987845058e-08
18.871156692504883
21.190214157104492
12.57019329071045
1.999999987845058e-08
9.887213706970215
-23.733482360839844
15.208179473876953
-1.999999987845058e-08
0.9075149893760681
16.335620880126953
26.13844108581543
1.999999987845058e-08
-11.058029174804688
73.16291046142578
23.73960304260254
-1.999999987845058e-08
-25.66762924194336
40.42289733886719
4.13254976272583
1.999999987845058e-08
9.887213706970215
-23.733482360839844
15.208179473876953
-1.999999987845058e-08
0.9075149893760681
16.335620880126953
26.13844108581543
1.999999987845058e-08
-11.058029174804688
73.16291046142578
23.73960304260254
-1.999999987845058e-08
-25.66762924194336
40.42289733886719
4.13254976272583
1.999999987845058e-08
-33.22402572631836
-28.909849166870117
-9.19794750213623
-1.999999987845058e-08
-31.296829223632812
-18.391864776611328
-3.5633695125579834
1.999999987845058e-08
-31.99637794494629
42.329463958740234
3.599296808242798
-1.999999987845058e-08
-41.13801193237305
36.818641662597656
-2.0136778354644775
1.999999987845058e-08
-48.944149017333984
-28.00800895690918
-8.398967742919922
-1.999999987845058e-08
-49.472618103027344
-42.10075759887695
-4.021363735198975
1.999999987845058e-08
-48.150142669677734
9.468387603759766
1.2815155982971191
-1.999999987845058e-08
-45.553306579589844
30.282926559448242
-0.3434949815273285
1.999999987845058e-08
-33.752708435058594
-11.115839958190918
3.5192224979400635
-1.999999987845058e-08
-13.951112747192383
-35.40993118286133
22.081205368041992
1.999999987845058e-08
-3.94637393951416
-1.5409209728240967
39.06428909301758
-1.999999987845058e-08
-16.746797561645508
27.41640281677246
33.44149398803711
1.999999987845058e-08
-39.028934478759766
2.968949556350708
10.417819023132324
-1.999999987845058e-08
-45.98427963256836
-31.37529182434082
-6.4109320640563965
1.999999987845058e-08
-30.522689819335938
-24.960939407348633
-6.704219818115234
-1.999999987845058e-08
-5.729109287261963
0.0014319249894469976
-1.5664803981781006
1.999999987845058e-08
18.517019271850586
-17.767070770263672
-14.540754318237305
-1.999999987845058e-08
23.234710693359375
-0.6613035798072815
-13.78348159790039
1.999999987845058e-08
34.073997497558594
6.8425421714782715
-11.107396125793457
-1.999999987845058e-08
45.92375946044922
1.8951445817947388
-6.95074462890625
1.999999987845058e-08
52.873199462890625
2.487056016921997
-2.0143120288848877
-1.999999987845058e-08
52.40050506591797
10.603899955749512
-2.050067663192749
1.999999987845058e-08
45.118656158447266
12.435315132141113
-11.292028427124023
-1.999999987845058e-08
34.10666275024414
4.9939093589782715
-24.08063507080078
1.999999987845058e-08
24.997657775878906
-1.1536508798599243
-29.4610595703125
-1.999999987845058e-08
22.665058135986328
-0.05288694426417351
-23.16069793701172
1.999999987845058e-08
22.665058135986328
-0.05288698524236679
-23.16069793701172
-1.999999987845058e-08
27.077287673950195
3.7120532989501953
-10.583547592163086
1.999999987845058e-08
34.16925048828125
5.1678147315979
0.9424589276313782
-1.999999987845058e-08
40.008392333984375
6.879268646240234
8.357762336730957
1.999999987845058e-08
42.819091796875
14.402933120727539
11.172093391418457
-1.999999987845058e-08
39.94352340698242
23.375200271606445
7.856420516967773
1.999999987845058e-08
27.8703670501709
18.900650024414062
-1.65496027469635
-1.999999987845058e-08
12.222071647644043
-0.9618434906005859
-10.256061553955078
1.999999987845058e-08
6.584235668182373
-12.693323135375977
-8.591087341308594
-1.999999987845058e-08
13.163495063781738
1.4051233530044556
1.5412254333496094
1.999999987845058e-08
22.448698043823242
12.565391540527344
8.650651931762695
-1.999999987845058e-08
17.467084884643555
-11.788328170776367
7.056957244873047
1.999999987845058e-08
3.7187817096710205
-11.10815143585205
7.005549430847168
-1.999999987845058e-08
-17.02410888671875
17.656084060668945
2.3977479934692383
1.999999987845058e-08
-35.313880920410156
28.946874618530273
-10.186485290527344
-1.999999987845058e-08
-44.488216400146484
3.186901807785034
-22.542713165283203
1.999999987845058e-08
-45.0632209777832
-19.18439292907715
-24.488513946533203
-1.999999987845058e-08
-38.69441604614258
-5.89084529876709
-16.343469619750977
1.999999987845058e-08
-28.07356071472168
14.986320495605469
-5.957829475402832
-1.999999987845058e-08
-16.70791244506836
9.345857620239258
2.9953486919403076
1.999999987845058e-08
-6.14910364151001
-3.211012125015259
12.426997184753418
-1.999999987845058e-08
-0.5292928814888
8.254691123962402
20.09796142578125
1.999999987845058e-08
-5.020148754119873
24.864431381225586
19.610456466674805
-1.999999987845058e-08
-13.422913551330566
14.26500129699707
13.973623275756836
1.999999987845058e-08
-12.553893089294434
-5.693411827087402
15.761502265930176
-1.999999987845058e-08
-2.937636613845825
1.4028018712997437
27.22795295715332
1.999999987845058e-08
1.550459384918213
21.566638946533203
34.459144592285156
-1.999999987845058e-08
-6.335778713226318
12.426275253295898
27.38482666015625
1.999999987845058e-08
-19.925678253173828
-21.221529006958008
13.630135536193848
-1.999999987845058e-08
-28.34990119934082
-32.41281509399414
6.979476451873779
1.999999987845058e-08
-28.34990119934082
-32.41281509399414
6.979476451873779
-1.999999987845058e-08
-28.798274993896484
-11.107890129089355
8.857869148254395
1.999999987845058e-08
-27.673351287841797
0.9686803817749023
8.570277214050293
-1.999999987845058e-08
-29.20156478881836
-15.242501258850098
-0.12433705478906631
1.999999987845058e-08
-29.253583908081055
-26.907451629638672
-11.868645668029785
-1.999999987845058e-08
-24.64604377746582
-14.38383674621582
-20.294654846191406
1.999999987845058e-08
-17.701147079467773
-5.633446216583252
-24.336824417114258
-1.999999987845058e-08
-5.640048503875732
-18.74812889099121
-21.03824234008789
1.999999987845058e-08
16.263574600219727
-27.344776153564453
-8.099120140075684
-1.999999987845058e-08
39.017982482910156
-11.570985794067383
3.9848861694335938
1.999999987845058e-08
16.263574600219727
-27.344776153564453
-8.099120140075684
-1.999999987845058e-08
39.017982482910156
-11.570985794067383
3.9848861694335938
1.999999987845058e-08
48.27591323852539
6.62619686126709
1.3442403078079224
-1.999999987845058e-08
43.52766799926758
4.6273674964904785
-11.874931335449219
1.999999987845058e-08
33.6467399597168
-4.517907619476318
-19.63224983215332
-1.999999987845058e-08
22.386693954467773
-2.324767589569092
-18.36189842224121
1.999999987845058e-08
10.472204208374023
0.1418093591928482
-17.280120849609375
-1.999999987845058e-08
3.32434344291687
-12.260963439941406
-18.879905700683594
1.999999987845058e-08
6.431245803833008
-23.802356719970703
-16.578569412231445
-1.999999987845058e-08
18.964601516723633
-12.040196418762207
-7.540907859802246
1.999999987845058e-08
-9.312891006469727
-4.95442533493042
2.291483163833618
-1.999999987845058e-08
-25.806678771972656
5.596946716308594
-5.5114617347717285
1.999999987845058e-08
-19.430444717407227
13.320277214050293
-4.076694965362549
-1.999999987845058e-08
-2.238478899002075
7.048400402069092
5.897825241088867
1.999999987845058e-08
6.8096771240234375
1.0452932119369507
14.871260643005371
-1.999999987845058e-08
-2.927987575531006
4.691910743713379
12.582648277282715
1.999999987845058e-08
-25.71778106689453
6.43568229675293
-1.2216545343399048
-1.999999987845058e-08
-39.06581115722656
-1.3783073425292969
-13.792804718017578
1.999999987845058e-08
-23.60515785217285
-6.335558891296387
-11.752376556396484
-1.999999987845058e-08
11.841649055480957
2.410861015319824
4.663018703460693
1.999999987845058e-08
11.841649055480957
2.410861015319824
4.663018703460693
-1.999999987845058e-08
37.1092643737793
15.349593162536621
22.04603385925293
1.999999987845058e-08
33.091793060302734
17.58078956604004
27.08207893371582
-1.999999987845058e-08
6.051259994506836
8.625691413879395
17.930509567260742
1.999999987845058e-08
-23.49887466430664
-0.6341754198074341
3.5895609855651855
-1.999999987845058e-08
-36.39971923828125
-2.8097193241119385
-5.462529182434082
1.999999987845058e-08
-27.16588592529297
-0.8350511789321899
-5.4001145362854
-1.999999987845058e-08
-7.26590633392334
-0.43096113204956055
0.9981132745742798
1.999999987845058e-08
6.561056613922119
-0.8734742999076843
9.491368293762207
-1.999999987845058e-08
7.707103729248047
1.5092291831970215
15.876998901367188
1.999999987845058e-08
0.051112689077854156
4.83199405670166
14.736549377441406
-1.999999987845058e-08
-8.725005149841309
3.865915060043335
5.040609359741211
1.999999987845058e-08
-9.026191711425781
-0.13837051391601562
-4.465198993682861
-1.999999987845058e-08
0.838651716709137
0.04042642563581467
-6.341594696044922
1.999999987845058e-08
7.57645845413208
4.8260393142700195
-6.011784553527832
-1.999999987845058e-08
-0.8053025603294373
4.507952690124512
-11.226698875427246
1.999999987845058e-08
-18.1544189453125
-4.966320514678955
-18.6115665435791
-1.999999987845058e-08
-28.52729034423828
-12.634248733520508
-20.68088150024414
1.999999987845058e-08
-25.50808334350586
-9.669988632202148
-18.138349533081055
-1.999999987845058e-08
-15.95949935913086
-4.23832893371582
-16.08268928527832
1.999999987845058e-08
-15.95949935913086
-4.23832893371582
-16.08268928527832
-1.999999987845058e-08
-6.807943820953369
-6.163713455200195
-13.658169746398926
1.999999987845058e-08
3.620363235473633
-9.860958099365234
-6.4570746421813965
-1.999999987845058e-08
18.097007751464844
-4.263974189758301
4.470803260803223
1.999999987845058e-08
30.68329620361328
9.247734069824219
13.334603309631348
-1.999999987845058e-08
30.879470825195312
17.131383895874023
16.44642448425293
1.999999987845058e-08
17.234167098999023
11.059530258178711
15.39355182647705
-1.999999987845058e-08
1.8240996599197388
-0.2010173201560974
16.32020378112793
1.999999987845058e-08
-2.9137401580810547
-3.5707178115844727
24.2111759185791
-1.999999987845058e-08
2.5257065296173096
-0.17619526386260986
36.38518142700195
1.999999987845058e-08
15.245903968811035
10.695196151733398
34.536441802978516
-1.999999987845058e-08
3.469059705734253
10.516862869262695
10.876667976379395
1.999999987845058e-08
-13.633262634277344
-1.5830438137054443
-13.514171600341797
-1.999999987845058e-08
-17.30975914001465
-9.860427856445312
-23.280235290527344
1.999999987845058e-08
0.0433669351041317
0.21981088817119598
-16.645139694213867
-1.999999987845058e-08
21.99026107788086
15.661484718322754
-8.188543319702148
1.999999987845058e-08
25.302669525146484
14.278447151184082
-12.473206520080566
-1.999999987845058e-08
3.084151268005371
-2.472599744796753
-29.742773056030273
1.999999987845058e-08
-27.818864822387695
-14.285558700561523
-47.12433624267578
-1.999999987845058e-08
-41.42299270629883
-12.30459213256836
-50.91404342651367
1.999999987845058e-08
-41.42299270629883
-12.30459213256836
-50.91404342651367
-1.999999987845058e-08
-28.200775146484375
-6.21358060836792
-39.228065490722656
1.999999987845058e-08
-3.195971727371216
-4.349640846252441
-23.389354705810547
-1.999999987845058e-08
13.270546913146973
-3.878471851348877
-14.879672050476074
1.999999987845058e-08
16.58342742919922
-0.8894628286361694
-14.001873970031738
-1.999999987845058e-08
14.784862518310547
2.5339038372039795
-15.005861282348633
1.999999987845058e-08
11.575333595275879
3.8315188884735107
-16.585956573486328
-1.999999987845058e-08
3.5808663368225098
4.640619277954102
-20.983680725097656
1.999999987845058e-08
-6.899454593658447
5.381231307983398
-26.570213317871094
-1.999999987845058e-08
-10.805281639099121
2.1342825889587402
-28.380149841308594
1.999999987845058e-08
-8.130820274353027
-5.100066184997559
-25.79808807373047
-1.999999987845058e-08
-9.019246101379395
-9.100414276123047
-23.086666107177734
1.999999987845058e-08
-14.836071968078613
-7.176615238189697
-21.3969783782959
-1.999999987845058e-08
-15.914560317993164
-7.072508811950684
-16.919010162353516
1.999999987845058e-08
-8.88302230834961
-14.003594398498535
-6.844754695892334
-1.999999987845058e-08
-0.410746693611145
-20.981164932250977
7.58151388168335
1.999999987845058e-08
3.657022476196289
-19.55928611755371
21.677370071411133
-1.999999987845058e-08
3.455127000808716
-12.34285831451416
29.872743606567383
1.999999987845058e-08
1.802469253540039
-7.06965970993042
31.178752899169922
-1.999999987845058e-08
0.38202619552612305
-4.628886699676514
30.737892150878906
1.999999987845058e-08
-0.014142782427370548
-0.8871561288833618
33.11517333984375
-1.999999987845058e-08
1.4853416681289673
4.707948684692383
36.40223693847656
1.999999987845058e-08
5.725834846496582
9.47459602355957
36.53607940673828
-1.999999987845058e-08
13.558135986328125
12.355083465576172
35.082218170166016
1.999999987845058e-08
22.336833953857422
13.354347229003906
36.2464599609375
-1.999999987845058e-08
24.38682746887207
10.966443061828613
38.88199234008789
1.999999987845058e-08
15.401386260986328
5.0769429206848145
39.09939956665039
-1.999999987845058e-08
0.5258891582489014
0.4155718684196472
36.09846115112305
1.999999987845058e-08
-12.22945785522461
0.7900453805923462
29.43440818786621
-1.999999987845058e-08
-19.285675048828125
2.8192245960235596
17.92375946044922
1.999999987845058e-08
-19.68964385986328
2.4126617908477783
5.485901355743408
-1.999999987845058e-08
-13.050663948059082
1.6645253896713257
-0.1301242858171463
1.999999987845058e-08
-2.3789212703704834
3.6460649967193604
3.202969551086426
-1.999999987845058e-08
5.350541591644287
7.382874965667725
9.427180290222168
1.999999987845058e-08
3.397429943084717
10.980055809020996
10.47608757019043
-1.999999987845058e-08
-6.963372707366943
13.053837776184082
3.752333879470825
1.999999987845058e-08
-14.913620948791504
11.045133590698242
-4.796506404876709
-1.999999987845058e-08
-14.057291984558105
3.719776153564453
-8.754453659057617
1.999999987845058e-08
-9.636933326721191
-4.759519577026367
-10.60931396484375
-1.999999987845058e-08
-5.596834182739258
-7.211004734039307
-15.257538795471191
1.999999987845058e-08
-5.596834659576416
-7.211004734039307
-15.257538795471191
-1.999999987845058e-08
1.1864416599273682
-1.8723740577697754
-19.459169387817383
1.999999987845058e-08
10.45162296295166
5.132486820220947
-16.771209716796875
-1.999999987845058e-08
15.322187423706055
8.753183364868164
-8.568944931030273
1.999999987845058e-08
11.928183555603027
10.275839805603027
-2.606017827987671
-1.999999987845058e-08
4.42202091217041
10.817572593688965
-3.241354465484619
1.999999987845058e-08
-2.0539519786834717
7.997386932373047
-8.987919807434082
-1.999999987845058e-08
-7.798611640930176
1.135599136352539
-16.257165908813477
1.999999987845058e-08
-15.472953796386719
-7.65847635269165
-21.62396812438965
-1.999999987845058e-08
-24.633438110351562
-16.430160522460938
-24.399866104125977
1.999999987845058e-08
-1.0578622817993164
-6.418143272399902
-21.70545768737793
-1.999999987845058e-08
23.82828140258789
2.0480589866638184
-10.590791702270508
1.999999987845058e-08
37.63861846923828
3.5009052753448486
1.7228798866271973
-1.999999987845058e-08
28.937572479248047
0.9740226864814758
6.767894268035889
1.999999987845058e-08
4.688485622406006
-1.6927971839904785
1.0406570434570312
-1.999999987845058e-08
-9.811819076538086
-2.428964376449585
-8.543869018554688
1.999999987845058e-08
0.3631630539894104
0.7052609920501709
-11.876328468322754
-1.999999987845058e-08
22.381439208984375
7.859194755554199
-5.598598003387451
1.999999987845058e-08
33.80588912963867
13.822211265563965
5.175340175628662
-1.999999987845058e-08
25.2721004486084
10.270350456237793
11.418074607849121
1.999999987845058e-08
4.1116862297058105
-3.439016819000244
7.683542251586914
-1.999999987845058e-08
-13.953654289245605
-15.285613059997559
-2.8525965213775635
1.999999987845058e-08
-16.64305305480957
-15.12608814239502
-11.686293601989746
-1.999999987845058e-08
-7.659107685089111
-9.432354927062988
-14.12094497680664
1.999999987845058e-08
-4.369081020355225
-10.501747131347656
-13.206716537475586
-1.999999987845058e-08
-13.177963256835938
-17.41630744934082
-12.037010192871094
1.999999987845058e-08
-18.219820022583008
-19.29888916015625
-8.041322708129883
-1.999999987845058e-08
-5.870863914489746
-12.164511680603027
-0.4348194897174835
1.999999987845058e-08
15.589619636535645
-2.928640842437744
5.5129923820495605
-1.999999987845058e-08
29.58555793762207
2.066969156265259
6.230100631713867
1.999999987845058e-08
29.58555793762207
2.066969156265259
6.230100631713867
-1.999999987845058e-08
28.230802536010742
4.340813636779785
3.553032636642456
1.999999987845058e-08
13.43026351928711
6.554065704345703
1.029775619506836
-1.999999987845058e-08
-3.5060126781463623
7.05954122543335
2.1957075595855713
1.999999987845058e-08
-6.842766284942627
5.390774726867676
9.109172821044922
-1.999999987845058e-08
6.41724967956543
5.407397747039795
19.586978912353516
1.999999987845058e-08
21.444305419921875
9.323497772216797
28.065174102783203
-1.999999987845058e-08
23.543317794799805
13.93268871307373
30.167640686035156
1.999999987845058e-08
12.830041885375977
15.078470230102539
25.897411346435547
-1.999999987845058e-08
-0.6902182102203369
11.968733787536621
18.010839462280273
1.999999987845058e-08
-9.676870346069336
6.673910140991211
8.88648509979248
-1.999999987845058e-08
-13.134926795959473
1.6822023391723633
0.5850608348846436
1.999999987845058e-08
-12.808691024780273
-1.6987477540969849
-4.918821334838867
-1.999999987845058e-08
-11.519561767578125
-2.8449525833129883
-7.583318710327148
1.999999987845058e-08
-11.497698783874512
-1.3168630599975586
-8.658299446105957
-1.999999987845058e-08
-13.989761352539062
2.240830421447754
-8.940070152282715
1.999999987845058e-08
-21.19214630126953
5.629969120025635
-9.822553634643555
-1.999999987845058e-08
-30.667835235595703
5.707718849182129
-12.082405090332031
1.999999987845058e-08
-30.310670852661133
1.1981487274169922
-12.078573226928711
-1.999999987845058e-08
-12.388514518737793
-3.7081856727600098
-4.859374046325684
1.999999987845058e-08
23.246623992919922
2.7482051849365234
18.250869750976562
-1.999999987845058e-08
14.490523338317871
6.049705982208252
20.353443145751953
1.999999987845058e-08
-8.456512451171875
3.9963507652282715
13.059805870056152
-1.999999987845058e-08
-30.554180145263672
-0.2729488015174866
0.7645372748374939
1.999999987845058e-08
-34.57980728149414
-2.992842197418213
-6.884317874908447
-1.999999987845058e-08
-14.877281188964844
-1.379844307899475
-2.9851715564727783
1.999999987845058e-08
14.589932441711426
5.63511848449707
8.361082077026367
-1.999999987845058e-08
32.12299346923828
13.707403182983398
17.034440994262695
1.999999987845058e-08
27.851625442504883
15.454679489135742
17.41158103942871
-1.999999987845058e-08
10.101336479187012
8.83672046661377
10.740330696105957
1.999999987845058e-08
3.6404616832733154
-8.930255889892578
-4.585389137268066
-1.999999987845058e-08
24.08205795288086
-12.046687126159668
-7.011772155761719
1.999999987845058e-08
40.548126220703125
-11.566645622253418
-7.7021894454956055
-1.999999987845058e-08
39.88822555541992
-9.750645637512207
-9.762765884399414
1.999999987845058e-08
23.742616653442383
-8.379229545593262
-14.179226875305176
-1.999999987845058e-08
2.6957075595855713
-8.465113639831543
-18.19385528564453
1.999999987845058e-08
