0
-5.460270404815674
11.01183795928955
-1.9513415098190308
1.999999987845058e-08
-11.378205299377441
7.343180179595947
-8.957653999328613
-1.999999987845058e-08
-16.501453399658203
4.909982204437256
-15.577482223510742
1.999999987845058e-08
-19.72185707092285
2.7981717586517334
-21.253358840942383
-1.999999987845058e-08
-20.863941192626953
0.5839141607284546
-25.976009368896484
1.999999987845058e-08
-18.40983772277832
0.333853155374527
-26.925806045532227
-1.999999987845058e-08
-12.466548919677734
2.3599727153778076
-23.964553833007812
1.999999987845058e-08
-6.1230034828186035
4.425132751464844
-21.95581817626953
-1.999999987845058e-08
-3.0673232078552246
5.183122634887695
-24.08138656616211
1.999999987845058e-08
-5.0843658447265625
4.700588226318359
-28.957691192626953
-1.999999987845058e-08
-10.768495559692383
2.949737071990967
-34.95823287963867
1.999999987845058e-08
-16.67530059814453
-0.08138323575258255
-41.659114837646484
-1.999999987845058e-08
-20.018339157104492
-4.04948091506958
-47.40426254272461
1.999999987845058e-08
-21.43887710571289
-9.316852569580078
-50.85959243774414
-1.999999987845058e-08
-24.489912033081055
-16.194461822509766
-53.23807907104492
1.999999987845058e-08
-30.219980239868164
-22.358932495117188
-55.18361282348633
-1.999999987845058e-08
-34.69023513793945
-24.60161018371582
-55.100128173828125
1.999999987845058e-08
-33.209747314453125
-22.539846420288086
-51.970211029052734
-1.999999987845058e-08
-25.15706443786621
-17.617074966430664
-46.6925163269043
1.999999987845058e-08
-11.09375
-8.467777252197266
-40.48033142089844
-1.999999987845058e-08
-14.637319564819336
-10.755582809448242
-45.52103805541992
1.999999987845058e-08
-22.949228286743164
-17.215890884399414
-54.40919876098633
-1.999999987845058e-08
-30.492652893066406
-23.237342834472656
-60.87348937988281
1.999999987845058e-08
-33.0809211730957
-25.765981674194336
-61.106971740722656
-1.999999987845058e-08
-30.0216064453125
-24.940553665161133
-57.049072265625
1.999999987845058e-08
-23.787641525268555
-22.535505294799805
-52.38447952270508
-1.999999987845058e-08
-18.02369499206543
-20.97141456604004
-48.747806549072266
1.999999987845058e-08
-15.534552574157715
-21.891496658325195
-46.49637222290039
-1.999999987845058e-08
-16.355199813842773
-24.049724578857422
-45.56590270996094
1.999999987845058e-08
-17.539640426635742
-24.70888900756836
-45.02308654785156
-1.999999987845058e-08
-17.15427017211914
-23.71436882019043
-44.76787185668945
1.999999987845058e-08
-16.95491600036621
-23.310150146484375
-45.87070083618164
-1.999999987845058e-08
-18.286569595336914
-24.08324432373047
-46.92354202270508
1.999999987845058e-08
-19.664688110351562
-24.99584197998047
-45.239219665527344
-1.999999987845058e-08
-20.085968017578125
-26.095006942749023
-41.73056411743164
1.999999987845058e-08
-20.320207595825195
-27.340309143066406
-38.97502899169922
-1.999999987845058e-08
-21.30136489868164
-27.482982635498047
-37.6270751953125
1.999999987845058e-08
-22.560367584228516
-26.18699073791504
-37.53395462036133
-1.999999987845058e-08
-21.895870208740234
-24.197792053222656
-37.828758239746094
1.999999987845058e-08
-21.895870208740234
-24.197792053222656
-37.828758239746094
-1.999999987845058e-08
-17.76949691772461
-21.29607391357422
-35.89333724975586
1.999999987845058e-08
-12.000341415405273
-17.4622859954834
-30.501422882080078
-1.999999987845058e-08
-9.535497665405273
-15.771642684936523
-25.234460830688477
1.999999987845058e-08
-13.880032539367676
-19.664260864257812
-24.78669548034668
-1.999999987845058e-08
-21.741962432861328
-27.24429702758789
-28.562894821166992
1.999999987845058e-08
-26.514753341674805
-33.29768371582031
-32.22970962524414
-1.999999987845058e-08
-27.127443313598633
-35.673763275146484
-34.05999755859375
1.999999987845058e-08
-26.871660232543945
-35.2877197265625
-34.61833190917969
-1.999999987845058e-08
-25.893760681152344
-33.23378372192383
-33.19435501098633
1.999999987845058e-08
-25.893760681152344
-33.23378372192383
-33.19435501098633
-1.999999987845058e-08
-22.23387908935547
-30.76136016845703
-29.537778854370117
1.999999987845058e-08
-17.602476119995117
-29.157007217407227
-25.628698348999023
-1.999999987845058e-08
-15.855016708374023
-28.787275314331055
-22.832416534423828
1.999999987845058e-08
-16.750694274902344
-28.78333854675293
-20.041318893432617
-1.999999987845058e-08
-16.51963996887207
-27.903169631958008
-16.09261703491211
1.999999987845058e-08
-14.362955093383789
-26.563915252685547
-12.24140453338623
-1.999999987845058e-08
-12.918773651123047
-27.065462112426758
-10.712458610534668
1.999999987845058e-08
-13.17868423461914
-30.44548797607422
-11.633452415466309
-1.999999987845058e-08
-13.616543769836426
-33.8779296875
-12.286259651184082
1.999999987845058e-08
-12.93583869934082
-33.370845794677734
-9.94406509399414
-1.999999987845058e-08
-12.227911949157715
-29.506181716918945
-6.051255702972412
1.999999987845058e-08
-14.569128036499023
-27.191730499267578
-5.266923427581787
-1.999999987845058e-08
-19.84248924255371
-28.46755599975586
-8.634982109069824
1.999999987845058e-08
-22.83632469177246
-30.074748992919922
-11.490478515625
-1.999999987845058e-08
-20.453935623168945
-29.165502548217773
-10.148284912109375
1.999999987845058e-08
-15.405741691589355
-26.21599578857422
-5.790944576263428
-1.999999987845058e-08
-11.663890838623047
-22.54840660095215
-1.106473684310913
1.999999987845058e-08
-10.963922500610352
-19.560123443603516
1.8881564140319824
-1.999999987845058e-08
-12.378639221191406
-18.883228302001953
2.1331069469451904
1.999999987845058e-08
-15.405741691589355
-26.21599578857422
-5.790944576263428
-1.999999987845058e-08
-11.663890838623047
-22.54840660095215
-1.106473684310913
1.999999987845058e-08
-10.963922500610352
-19.560123443603516
1.8881564140319824
-1.999999987845058e-08
-12.378639221191406
-18.883228302001953
2.1331069469451904
1.999999987845058e-08
-14.060897827148438
-20.552705764770508
0.7245237231254578
-1.999999987845058e-08
-15.164468765258789
-22.375873565673828
0.2777748107910156
1.999999987845058e-08
-14.923999786376953
-22.331172943115234
2.510707139968872
-1.999999987845058e-08
-12.948988914489746
-20.564117431640625
6.604517459869385
1.999999987845058e-08
-11.329901695251465
-18.73267936706543
9.57857608795166
-1.999999987845058e-08
-12.443671226501465
-18.946969985961914
9.012456893920898
1.999999987845058e-08
-12.831869125366211
-31.92281150817871
7.3422441482543945
-1.999999987845058e-08
-11.793521881103516
-30.3377685546875
10.202401161193848
1.999999987845058e-08
-15.093931198120117
-31.34418487548828
8.218732833862305
-1.999999987845058e-08
-18.45626449584961
-34.13827133178711
4.884180545806885
1.999999987845058e-08
-17.454429626464844
-36.13735580444336
5.070760726928711
-1.999999987845058e-08
-14.602937698364258
-36.96399688720703
7.471999645233154
1.999999987845058e-08
-13.796615600585938
-37.12599182128906
8.688512802124023
-1.999999987845058e-08
-14.231475830078125
-36.71412658691406
9.418046951293945
1.999999987845058e-08
-13.668150901794434
-36.09581756591797
11.725045204162598
-1.999999987845058e-08
-12.036527633666992
-35.15165328979492
15.277578353881836
1.999999987845058e-08
-5.9431843757629395
-29.000640869140625
20.88153648376465
-1.999999987845058e-08
0.6918690800666809
-23.044404983520508
23.660648345947266
1.999999987845058e-08
7.544700622558594
-16.361547470092773
28.166826248168945
-1.999999987845058e-08
10.722124099731445
-12.384913444519043
33.571571350097656
1.999999987845058e-08
10.470795631408691
-13.201251029968262
38.455047607421875
-1.999999987845058e-08
9.12978458404541
-16.896892547607422
41.99293518066406
1.999999987845058e-08
6.320953845977783
-20.572662353515625
42.92170715332031
-1.999999987845058e-08
2.5028791427612305
-22.877092361450195
41.284393310546875
1.999999987845058e-08
1.6967008113861084
-22.986520767211914
40.09022903442383
-1.999999987845058e-08
5.247645378112793
-21.069551467895508
41.42591857910156
1.999999987845058e-08
9.316925048828125
-19.55350685119629
43.23946762084961
-1.999999987845058e-08
10.257797241210938
-20.495513916015625
42.4783821105957
1.999999987845058e-08
7.465562343597412
-22.628719329833984
38.86441421508789
-1.999999987845058e-08
3.062122344970703
-23.22734260559082
34.5653076171875
1.999999987845058e-08
1.2264087200164795
-21.291351318359375
32.40322494506836
-1.999999987845058e-08
4.323053359985352
-17.377683639526367
34.312164306640625
1.999999987845058e-08
9.217890739440918
-12.492841720581055
39.14078140258789
-1.999999987845058e-08
10.474666595458984
-8.957045555114746
42.06093978881836
1.999999987845058e-08
6.787787914276123
-9.2964448928833
39.18662643432617
-1.999999987845058e-08
1.8651705980300903
-12.12058162689209
33.048824310302734
1.999999987845058e-08
1.8651705980300903
-12.12058162689209
33.048824310302734
-1.999999987845058e-08
-0.11222725361585617
-12.853044509887695
30.05164337158203
1.999999987845058e-08
2.0866634845733643
-9.776361465454102
32.72067642211914
-1.999999987845058e-08
6.785899639129639
-5.448991775512695
38.22447204589844
1.999999987845058e-08
10.640775680541992
-2.8658576011657715
43.1959342956543
-1.999999987845058e-08
10.012238502502441
-4.108346939086914
45.68243408203125
1.999999987845058e-08
3.926579236984253
-10.194889068603516
44.295562744140625
-1.999999987845058e-08
-3.4077954292297363
-18.46453857421875
39.820701599121094
1.999999987845058e-08
-5.789530277252197
-23.524904251098633
35.89018249511719
-1.999999987845058e-08
-2.2893714904785156
-23.646928787231445
34.47781753540039
1.999999987845058e-08
2.5092220306396484
-15.762248992919922
31.79861068725586
-1.999999987845058e-08
5.317121982574463
-10.882224082946777
35.24392318725586
1.999999987845058e-08
8.689343452453613
-7.801805019378662
38.94028854370117
-1.999999987845058e-08
11.0187406539917
-6.455489635467529
41.63209533691406
1.999999987845058e-08
12.64588451385498
-6.028799057006836
43.681396484375
-1.999999987845058e-08
12.722288131713867
-7.166565418243408
43.48902130126953
1.999999987845058e-08
10.354476928710938
-8.822672843933105
40.369632720947266
-1.999999987845058e-08
7.1100687980651855
-8.389180183410645
36.97291564941406
1.999999987845058e-08
5.113162040710449
-5.946755409240723
35.058658599853516
-1.999999987845058e-08
5.210755825042725
-3.9193854331970215
33.7133674621582
1.999999987845058e-08
8.027823448181152
-2.8045284748077393
33.65123748779297
-1.999999987845058e-08
12.774723052978516
-1.124371886253357
36.61635208129883
1.999999987845058e-08
15.962615966796875
1.1418474912643433
40.19565963745117
-1.999999987845058e-08
15.078343391418457
2.6085057258605957
40.136112213134766
1.999999987845058e-08
11.078958511352539
2.2242674827575684
35.94985580444336
-1.999999987845058e-08
6.100606441497803
-0.9505189061164856
29.804344177246094
1.999999987845058e-08
2.419829845428467
-5.938439846038818
24.08850860595703
-1.999999987845058e-08
3.3005340099334717
-8.315186500549316
21.9121036529541
1.999999987845058e-08
10.285943984985352
-5.379185676574707
24.886144638061523
-1.999999987845058e-08
19.683862686157227
0.028948770835995674
30.268003463745117
1.999999987845058e-08
19.683862686157227
0.02894873358309269
30.268003463745117
-1.999999987845058e-08
24.854082107543945
3.7262015342712402
33.28728485107422
1.999999987845058e-08
22.41377067565918
3.2982757091522217
30.808425903320312
-1.999999987845058e-08
15.928523063659668
-2.011770248413086
23.34606170654297
1.999999987845058e-08
12.239089965820312
-8.119784355163574
15.95317554473877
-1.999999987845058e-08
13.805827140808105
-7.805692195892334
13.821892738342285
1.999999987845058e-08
17.564573287963867
-0.7841247320175171
16.316699981689453
-1.999999987845058e-08
19.86826515197754
5.852774143218994
19.00678253173828
1.999999987845058e-08
18.612749099731445
7.239777088165283
18.715770721435547
-1.999999987845058e-08
13.335859298706055
3.105868101119995
14.60876750946045
1.999999987845058e-08
5.947961330413818
-4.814648151397705
8.108685493469238
-1.999999987845058e-08
-1.3581033945083618
-12.951884269714355
1.4454424381256104
1.999999987845058e-08
-7.9523162841796875
-17.591596603393555
-4.669666290283203
-1.999999987845058e-08
-12.147541046142578
-18.011369705200195
-9.735997200012207
1.999999987845058e-08
-10.652647972106934
-15.960305213928223
-11.408981323242188
-1.999999987845058e-08
-2.8256471157073975
-12.11605453491211
-7.58240270614624
1.999999987845058e-08
7.854434967041016
-5.823860168457031
0.53264319896698
-1.999999987845058e-08
16.80399513244629
1.1618854999542236
8.68112850189209
1.999999987845058e-08
20.961172103881836
5.101545810699463
13.279767036437988
-1.999999987845058e-08
20.909255981445312
5.561058044433594
14.996757507324219
1.999999987845058e-08
21.06989097595215
5.1688055992126465
17.162961959838867
-1.999999987845058e-08
24.6021728515625
4.6621246337890625
20.97336769104004
1.999999987845058e-08
29.442108154296875
4.031870365142822
24.70931053161621
-1.999999987845058e-08
31.316713333129883
5.3061041831970215
26.26702117919922
1.999999987845058e-08
28.899372100830078
8.687191009521484
24.564165115356445
-1.999999987845058e-08
25.171417236328125
11.161455154418945
20.683975219726562
1.999999987845058e-08
23.56917953491211
11.845073699951172
17.60249900817871
-1.999999987845058e-08
23.97087860107422
12.931822776794434
16.895219802856445
1.999999987845058e-08
23.981544494628906
14.862844467163086
16.91547393798828
-1.999999987845058e-08
22.786041259765625
15.93248176574707
15.809640884399414
1.999999987845058e-08
22.654726028442383
16.375343322753906
15.004751205444336
-1.999999987845058e-08
26.398141860961914
18.420473098754883
16.98350715637207
1.999999987845058e-08
33.26195526123047
22.97641372680664
20.930938720703125
-1.999999987845058e-08
38.92327880859375
28.833566665649414
23.594491958618164
1.999999987845058e-08
39.406429290771484
33.185447692871094
22.2768611907959
-1.999999987845058e-08
34.1968994140625
32.774131774902344
15.914518356323242
1.999999987845058e-08
27.167274475097656
27.715845108032227
6.979135513305664
-1.999999987845058e-08
23.54728126525879
22.489118576049805
1.3019391298294067
1.999999987845058e-08
24.08168601989746
20.334558486938477
1.6101982593536377
-1.999999987845058e-08
24.089458465576172
19.776203155517578
3.6064107418060303
1.999999987845058e-08
24.089458465576172
19.776203155517578
3.6064107418060303
-1.999999987845058e-08
19.34567642211914
18.58049774169922
1.9127780199050903
1.999999987845058e-08
11.531615257263184
17.20814323425293
-3.1414425373077393
-1.999999987845058e-08
6.209522724151611
16.464542388916016
-7.2849321365356445
1.999999987845058e-08
6.189273834228516
15.959492683410645
-7.593666076660156
-1.999999987845058e-08
9.786774635314941
16.436887741088867
-4.021481513977051
1.999999987845058e-08
13.527034759521484
18.781124114990234
0.3112809658050537
-1.999999987845058e-08
14.257381439208984
20.715957641601562
0.2900729179382324
1.999999987845058e-08
12.135899543762207
19.984540939331055
-4.29595422744751
-1.999999987845058e-08
11.626160621643066
19.204984664916992
-5.891001224517822
1.999999987845058e-08
14.257381439208984
20.715957641601562
0.29007285833358765
-1.999999987845058e-08
12.135899543762207
19.984540939331055
-4.29595422744751
1.999999987845058e-08
11.626160621643066
19.204984664916992
-5.8910017013549805
-1.999999987845058e-08
15.815930366516113
22.1690731048584
0.43476057052612305
1.999999987845058e-08
21.823184967041016
28.093210220336914
9.315644264221191
-1.999999987845058e-08
25.433956146240234
33.36541748046875
13.340353965759277
1.999999987845058e-08
26.216064453125
35.089569091796875
11.748650550842285
-1.999999987845058e-08
24.99452781677246
32.12005615234375
7.55661153793335
1.999999987845058e-08
21.585962295532227
27.037992477416992
3.0050132274627686
-1.999999987845058e-08
16.4935359954834
24.6572265625
-0.751324474811554
1.999999987845058e-08
13.757046699523926
22.3096923828125
-4.1539177894592285
-1.999999987845058e-08
10.60549259185791
21.045124053955078
-5.426867961883545
1.999999987845058e-08
10.390374183654785
22.618701934814453
-5.069171905517578
-1.999999987845058e-08
13.835975646972656
25.849838256835938
-3.601372003555298
1.999999987845058e-08
16.665401458740234
28.267101287841797
-2.7284412384033203
-1.999999987845058e-08
15.852018356323242
29.970495223999023
-2.049193859100342
1.999999987845058e-08
12.619839668273926
32.257747650146484
-1.1677193641662598
-1.999999987845058e-08
10.264957427978516
35.23002243041992
-1.1810089349746704
1.999999987845058e-08
10.335929870605469
37.68900680541992
-2.9415602684020996
-1.999999987845058e-08
12.003948211669922
37.91786193847656
-5.813168048858643
1.999999987845058e-08
15.307640075683594
31.55714225769043
-8.879534721374512
-1.999999987845058e-08
14.059273719787598
27.59841537475586
-10.34752082824707
1.999999987845058e-08
10.853593826293945
23.297239303588867
-14.167401313781738
-1.999999987845058e-08
7.923083782196045
19.494508743286133
-18.324024200439453
1.999999987845058e-08
6.654781341552734
18.355976104736328
-19.581645965576172
-1.999999987845058e-08
6.3883442878723145
19.977869033813477
-18.394058227539062
1.999999987845058e-08
5.651965618133545
22.08948516845703
-17.98003578186035
-1.999999987845058e-08
4.027968883514404
23.301225662231445
-19.407468795776367
1.999999987845058e-08
3.178924798965454
24.568403244018555
-20.24362564086914
-1.999999987845058e-08
5.491547584533691
27.52552032470703
-18.090173721313477
1.999999987845058e-08
13.641351699829102
34.412445068359375
-12.04321002960205
-1.999999987845058e-08
13.7000732421875
33.918487548828125
-13.340375900268555
1.999999987845058e-08
13.14195728302002
30.995746612548828
-15.909233093261719
-1.999999987845058e-08
13.942452430725098
27.771268844604492
-16.937637329101562
1.999999987845058e-08
14.915926933288574
26.140878677368164
-15.610203742980957
-1.999999987845058e-08
15.291178703308105
26.066457748413086
-12.903175354003906
1.999999987845058e-08
15.933065414428711
25.646223068237305
-10.282906532287598
-1.999999987845058e-08
17.29996681213379
24.26090431213379
-8.70602035522461
1.999999987845058e-08
18.87943458557129
23.3992977142334
-8.566627502441406
-1.999999987845058e-08
19.308353424072266
23.689054489135742
-9.915680885314941
1.999999987845058e-08
17.29996681213379
24.26090431213379
-8.70602035522461
-1.999999987845058e-08
18.87943458557129
23.3992977142334
-8.566627502441406
1.999999987845058e-08
19.308353424072266
23.689054489135742
-9.915680885314941
-1.999999987845058e-08
17.105104446411133
24.657695770263672
-11.806326866149902
1.999999987845058e-08
12.65750503540039
26.26885414123535
-12.801168441772461
-1.999999987845058e-08
7.8116888999938965
27.0773868560791
-13.214576721191406
1.999999987845058e-08
3.2618308067321777
24.19702911376953
-14.77343463897705
-1.999999987845058e-08
-0.9481513500213623
18.14714813232422
-17.678964614868164
1.999999987845058e-08
-3.696798801422119
13.406140327453613
-20.60511016845703
-1.999999987845058e-08
-4.436804294586182
12.123104095458984
-23.230093002319336
1.999999987845058e-08
-4.436804294586182
12.123104095458984
-23.230093002319336
-1.999999987845058e-08
-4.088714599609375
12.247217178344727
-25.54351234436035
1.999999987845058e-08
-2.9863877296447754
12.198492050170898
-25.92669677734375
-1.999999987845058e-08
-0.6639121174812317
11.906270027160645
-23.596515655517578
1.999999987845058e-08
2.2643091678619385
11.010937690734863
-20.505861282348633
-1.999999987845058e-08
3.920850992202759
10.229472160339355
-18.594152450561523
1.999999987845058e-08
3.092123508453369
10.878250122070312
-18.498958587646484
-1.999999987845058e-08
0.15239769220352173
11.566449165344238
-20.567514419555664
1.999999987845058e-08
-4.3991594314575195
9.44831371307373
-24.269895553588867
-1.999999987845058e-08
-9.954408645629883
4.731213569641113
-27.547163009643555
1.999999987845058e-08
-5.944234371185303
4.099217891693115
-18.20175552368164
-1.999999987845058e-08
0.40354201197624207
8.343164443969727
-12.143586158752441
1.999999987845058e-08
1.4875335693359375
10.073845863342285
-9.989144325256348
-1.999999987845058e-08
-2.4204957485198975
8.330803871154785
-12.79015827178955
1.999999987845058e-08
-6.022909164428711
6.225978851318359
-16.18157958984375
-1.999999987845058e-08
-6.236993312835693
6.227088451385498
-15.942294120788574
1.999999987845058e-08
-5.740133762359619
6.023021221160889
-14.566319465637207
-1.999999987845058e-08
-7.313869476318359
3.0598857402801514
-15.82347297668457
1.999999987845058e-08
-10.205741882324219
-1.2993696928024292
-18.23747444152832
-1.999999987845058e-08
-12.543343544006348
-5.064414978027344
-19.468578338623047
1.999999987845058e-08
-12.543343544006348
-5.064414978027344
-19.468578338623047
-1.999999987845058e-08
-12.608674049377441
-7.527390003204346
-19.772354125976562
1.999999987845058e-08
-10.280898094177246
-7.525266647338867
-19.13752555847168
-1.999999987845058e-08
-7.930845737457275
-4.466139316558838
-16.817899703979492
1.999999987845058e-08
-7.22473669052124
-0.22617031633853912
-13.257983207702637
-1.999999987845058e-08
-7.758956432342529
2.533787965774536
-10.083821296691895
1.999999987845058e-08
-9.477912902832031
2.5785634517669678
-9.231462478637695
-1.999999987845058e-08
-12.834274291992188
-0.45110633969306946
-12.299253463745117
1.999999987845058e-08
-16.254169464111328
-6.030511379241943
-18.5107479095459
-1.999999987845058e-08
-17.106603622436523
-11.501626014709473
-23.65886688232422
1.999999987845058e-08
-11.001129150390625
-9.435567855834961
-13.238442420959473
-1.999999987845058e-08
-8.053003311157227
-6.930187225341797
-8.927226066589355
1.999999987845058e-08
-6.164953708648682
-6.801830291748047
-7.699811935424805
-1.999999987845058e-08
-7.656317710876465
-10.862109184265137
-9.974122047424316
1.999999987845058e-08
-11.60666275024414
-18.2530517578125
-14.823121070861816
-1.999999987845058e-08
-13.93465805053711
-24.08189582824707
-18.791709899902344
1.999999987845058e-08
-12.883055686950684
-25.033674240112305
-19.42317008972168
-1.999999987845058e-08
-12.032868385314941
-23.304458618164062
-19.019773483276367
1.999999987845058e-08
-15.3738374710083
-21.77178955078125
-20.930021286010742
-1.999999987845058e-08
-21.395992279052734
-20.31537628173828
-24.787593841552734
1.999999987845058e-08
-12.032868385314941
-23.304458618164062
-19.019773483276367
-1.999999987845058e-08
-15.3738374710083
-21.77178955078125
-20.930021286010742
1.999999987845058e-08
-21.395992279052734
-20.31537628173828
-24.787593841552734
-1.999999987845058e-08
-25.207195281982422
-18.4130859375
-27.722448348999023
1.999999987845058e-08
-25.062572479248047
-16.345096588134766
-27.333646774291992
-1.999999987845058e-08
-23.302265167236328
-14.034753799438477
-23.561309814453125
1.999999987845058e-08
-22.173646926879883
-11.75433349609375
-19.120309829711914
-1.999999987845058e-08
-21.569231033325195
-9.863472938537598
-16.028369903564453
1.999999987845058e-08
-18.772275924682617
-6.658226490020752
-11.972797393798828
-1.999999987845058e-08
-10.553075790405273
-0.19632546603679657
-3.6656219959259033
1.999999987845058e-08
1.0167020559310913
7.361382484436035
6.667410373687744
-1.999999987845058e-08
7.789847373962402
11.171157836914062
11.967284202575684
1.999999987845058e-08
4.439413547515869
9.215982437133789
7.808547496795654
-1.999999987845058e-08
-5.250164985656738
3.6742053031921387
-3.048168897628784
1.999999987845058e-08
-12.92972183227539
-1.836923360824585
-13.182219505310059
-1.999999987845058e-08
-13.472304344177246
-4.495161056518555
-16.293930053710938
1.999999987845058e-08
-8.276841163635254
-3.754582643508911
-12.039491653442383
-1.999999987845058e-08
-3.302137851715088
-2.009398937225342
-5.909925937652588
1.999999987845058e-08
-3.797304630279541
-2.1927058696746826
-3.187898874282837
-1.999999987845058e-08
-9.451376914978027
-4.904651165008545
-4.190276145935059
1.999999987845058e-08
-18.482227325439453
-21.220909118652344
-9.128645896911621
-1.999999987845058e-08
-18.566608428955078
-24.63051986694336
-10.310940742492676
1.999999987845058e-08
-16.618976593017578
-24.115541458129883
-9.599181175231934
-1.999999987845058e-08
-13.676880836486816
-21.067541122436523
-8.050131797790527
1.999999987845058e-08
-11.61286449432373
-17.441322326660156
-7.148000240325928
-1.999999987845058e-08
-10.075031280517578
-14.364983558654785
-5.800684452056885
1.999999987845058e-08
-8.146774291992188
-12.546027183532715
-3.410282850265503
-1.999999987845058e-08
-5.704494476318359
-11.695045471191406
-1.4734965562820435
1.999999987845058e-08
-2.9186489582061768
-10.488435745239258
-0.7280811667442322
-1.999999987845058e-08
-0.48689892888069153
-8.480806350708008
-0.4457041919231415
1.999999987845058e-08
-10.075031280517578
-14.364983558654785
-5.800684452056885
-1.999999987845058e-08
-8.146774291992188
-12.546027183532715
-3.410282850265503
1.999999987845058e-08
-5.704494476318359
-11.695045471191406
-1.4734965562820435
-1.999999987845058e-08
-2.9186489582061768
-10.488435745239258
-0.7280811071395874
1.999999987845058e-08
-0.4868989884853363
-8.480806350708008
-0.44570422172546387
-1.999999987845058e-08
0.41221508383750916
-6.517134189605713
-0.2893065810203552
1.999999987845058e-08
-1.205653429031372
-5.441603660583496
-0.7033460140228271
-1.999999987845058e-08
-5.462393283843994
-6.123246669769287
-2.0322623252868652
1.999999987845058e-08
-10.692615509033203
-8.924509048461914
-3.9657046794891357
-1.999999987845058e-08
-13.786758422851562
-11.8159818649292
-5.1949381828308105
1.999999987845058e-08
-11.872817039489746
-11.291096687316895
-9.657654762268066
-1.999999987845058e-08
-8.976231575012207
-10.13424015045166
-7.272660732269287
1.999999987845058e-08
-3.792623996734619
-7.05625057220459
-1.8411980867385864
-1.999999987845058e-08
-0.7982502579689026
-2.542548418045044
2.4093244075775146
1.999999987845058e-08
-1.5755027532577515
1.8009157180786133
2.4885830879211426
-1.999999987845058e-08
-2.0000710487365723
4.720113277435303
0.6265265345573425
1.999999987845058e-08
1.7383177280426025
6.827536582946777
1.8898730278015137
-1.999999987845058e-08
7.3520612716674805
8.40372371673584
6.873467445373535
1.999999987845058e-08
9.639577865600586
8.101218223571777
10.262343406677246
-1.999999987845058e-08
6.770848751068115
5.650493621826172
8.038355827331543
1.999999987845058e-08
6.770848751068115
5.650493621826172
8.038355827331543
-1.999999987845058e-08
1.2519819736480713
3.1771740913391113
2.401247501373291
1.999999987845058e-08
-3.5230870246887207
2.260673761367798
-1.773342490196228
-1.999999987845058e-08
-6.009424209594727
2.063791036605835
-2.262465715408325
1.999999987845058e-08
-6.6435418128967285
1.379685640335083
-0.38576096296310425
-1.999999987845058e-08
-6.25333309173584
0.20486599206924438
1.4883075952529907
1.999999987845058e-08
-4.666023254394531
-0.6237311959266663
2.850828170776367
-1.999999987845058e-08
-2.0046236515045166
0.3187836706638336
5.085680961608887
1.999999987845058e-08
0.9557520151138306
3.984800100326538
8.793106079101562
-1.999999987845058e-08
5.6087727546691895
9.408236503601074
13.984381675720215
1.999999987845058e-08
4.708459377288818
11.245369911193848
19.185344696044922
-1.999999987845058e-08
-6.206445217132568
3.8131701946258545
6.256681442260742
1.999999987845058e-08
-12.880477905273438
-0.05824378877878189
-2.79244065284729
-1.999999987845058e-08
-15.839483261108398
-0.8417574167251587
-6.897707462310791
1.999999987845058e-08
-18.38912010192871
-3.923328161239624
-10.577765464782715
-1.999999987845058e-08
-22.680065155029297
-10.620951652526855
-16.276960372924805
1.999999987845058e-08
-27.126073837280273
-16.32957649230957
-20.94593048095703
-1.999999987845058e-08
-27.410842895507812
-17.382732391357422
-20.209869384765625
1.999999987845058e-08
-21.48576545715332
-14.151182174682617
-13.487592697143555
-1.999999987845058e-08
-12.743492126464844
-8.541192054748535
-4.36488151550293
1.999999987845058e-08
-6.759711742401123
-2.980325937271118
2.621872901916504
-1.999999987845058e-08
-6.078031063079834
-0.1821514368057251
5.313723087310791
1.999999987845058e-08
-8.17381763458252
-0.13843917846679688
5.280627727508545
-1.999999987845058e-08
-7.20797872543335
0.6751303672790527
6.006845474243164
1.999999987845058e-08
0.5393175482749939
4.378132343292236
8.984647750854492
-1.999999987845058e-08
12.75680923461914
9.546294212341309
13.362710952758789
1.999999987845058e-08
23.162364959716797
14.732169151306152
18.74737548828125
-1.999999987845058e-08
25.85226821899414
18.807680130004883
23.167037963867188
1.999999987845058e-08
20.730356216430664
19.727285385131836
22.294231414794922
-1.999999987845058e-08
16.069862365722656
18.1328182220459
17.54418182373047
1.999999987845058e-08
19.104890823364258
17.811429977416992
16.762020111083984
-1.999999987845058e-08
25.18894386291504
19.370834350585938
21.388530731201172
1.999999987845058e-08
24.6937198638916
19.158349990844727
23.445634841918945
-1.999999987845058e-08
16.83469581604004
15.560795783996582
18.401269912719727
1.999999987845058e-08
8.520414352416992
10.924144744873047
11.257390022277832
-1.999999987845058e-08
3.7836709022521973
7.2453203201293945
7.769939422607422
1.999999987845058e-08
0.9818360805511475
4.309122562408447
7.027778148651123
-1.999999987845058e-08
-1.1289340257644653
2.486896514892578
6.022661209106445
1.999999987845058e-08
-0.17104607820510864
4.195916652679443
6.414023399353027
-1.999999987845058e-08
5.298219680786133
10.815695762634277
11.656843185424805
1.999999987845058e-08
12.697192192077637
19.54645538330078
20.217226028442383
-1.999999987845058e-08
18.64633560180664
24.91836166381836
26.234905242919922
1.999999987845058e-08
21.539600372314453
24.17243194580078
26.493824005126953
-1.999999987845058e-08
20.81178092956543
20.52157974243164
23.746322631835938
1.999999987845058e-08
16.873008728027344
18.573976516723633
21.731815338134766
-1.999999987845058e-08
12.135221481323242
18.269010543823242
20.4183292388916
1.999999987845058e-08
9.564239501953125
17.269886016845703
18.646421432495117
-1.999999987845058e-08
9.136016845703125
15.635701179504395
16.297809600830078
1.999999987845058e-08
7.814311981201172
13.763147354125977
12.016371726989746
-1.999999987845058e-08
3.49786114692688
9.88649845123291
4.601046562194824
1.999999987845058e-08
3.49786114692688
9.88649845123291
4.601046562194824
-1.999999987845058e-08
-2.520267963409424
4.02670431137085
-2.8928568363189697
1.999999987845058e-08
-6.408723831176758
0.7273017764091492
-5.325653076171875
-1.999999987845058e-08
-5.381369113922119
3.1574347019195557
-1.549908995628357
1.999999987845058e-08
-1.9094520807266235
7.566789627075195
4.168755054473877
-1.999999987845058e-08
-1.0714644193649292
8.680949211120605
7.005251407623291
1.999999987845058e-08
-2.129086494445801
7.335776329040527
6.939897060394287
-1.999999987845058e-08
0.44136741757392883
6.789332866668701
7.3110480308532715
1.999999987845058e-08
7.308064937591553
6.49504280090332
9.760189056396484
-1.999999987845058e-08
13.345213890075684
5.848807334899902
13.63554573059082
1.999999987845058e-08
14.352496147155762
6.830865383148193
16.890783309936523
-1.999999987845058e-08
11.1054105758667
9.157480239868164
17.342453002929688
1.999999987845058e-08
8.588404655456543
10.679522514343262
16.975025177001953
-1.999999987845058e-08
9.90932846069336
11.94747543334961
20.325071334838867
1.999999987845058e-08
12.612625122070312
13.891338348388672
26.193031311035156
-1.999999987845058e-08
13.428169250488281
14.915284156799316
28.554710388183594
1.999999987845058e-08
12.362802505493164
14.636284828186035
25.999399185180664
-1.999999987845058e-08
10.718734741210938
14.831657409667969
22.6278133392334
1.999999987845058e-08
8.671334266662598
14.844721794128418
20.860111236572266
-1.999999987845058e-08
6.2417449951171875
12.590231895446777
20.380142211914062
1.999999987845058e-08
6.2417449951171875
12.590231895446777
20.380142211914062
-1.999999987845058e-08
4.363368034362793
9.638998031616211
21.98194694519043
1.999999987845058e-08
3.7670929431915283
9.44875717163086
26.15157699584961
-1.999999987845058e-08
4.24826717376709
12.31040096282959
30.11005210876465
1.999999987845058e-08
4.72664213180542
15.67516803741455
30.53151512145996
-1.999999987845058e-08
4.374594211578369
17.750965118408203
27.838014602661133
1.999999987845058e-08
3.7620978355407715
18.411710739135742
24.930452346801758
-1.999999987845058e-08
2.7953197956085205
17.66471290588379
22.511716842651367
1.999999987845058e-08
0.13276627659797668
15.765233039855957
19.508819580078125
-1.999999987845058e-08
-2.9387025833129883
14.261001586914062
16.74495506286621
1.999999987845058e-08
-2.9387025833129883
14.261001586914062
16.74495506286621
-1.999999987845058e-08
-3.0381321907043457
14.362979888916016
15.34081745147705
1.999999987845058e-08
-1.0812329053878784
14.613885879516602
13.484848976135254
-1.999999987845058e-08
-2.2340362071990967
12.147815704345703
8.952337265014648
1.999999987845058e-08
-7.710438251495361
6.539848804473877
3.407632350921631
-1.999999987845058e-08
-12.812965393066406
0.8811416029930115
0.8988864421844482
1.999999987845058e-08
-14.445357322692871
-2.1981759071350098
2.2529211044311523
-1.999999987845058e-08
-14.222002983093262
-3.6588211059570312
4.160454750061035
1.999999987845058e-08
-13.68571662902832
-5.0453572273254395
4.02433967590332
-1.999999987845058e-08
-12.479947090148926
-5.668819904327393
2.2274200916290283
1.999999987845058e-08
-5.169171333312988
-8.077632904052734
6.048283100128174
-1.999999987845058e-08
-0.5669946074485779
0.2977831959724426
11.775407791137695
1.999999987845058e-08
2.0159761905670166
6.255244731903076
9.495722770690918
-1.999999987845058e-08
0.981260359287262
5.55326509475708
2.6432697772979736
1.999999987845058e-08
-1.7742085456848145
2.539127826690674
0.034239962697029114
-1.999999987845058e-08
-2.079167604446411
1.2747056484222412
2.904465675354004
1.999999987845058e-08
2.344217300415039
0.9656674265861511
6.299826145172119
-1.999999987845058e-08
8.449589729309082
1.2342965602874756
8.45338249206543
1.999999987845058e-08
10.657979011535645
3.0301549434661865
9.77885913848877
-1.999999987845058e-08
8.194802284240723
4.150447845458984
8.527414321899414
1.999999987845058e-08
-1.7742085456848145
2.539127826690674
0.03423996642231941
-1.999999987845058e-08
-2.079167604446411
1.2747056484222412
2.904465675354004
1.999999987845058e-08
2.344217300415039
0.9656674265861511
6.299826145172119
-1.999999987845058e-08
8.449589729309082
1.2342965602874756
8.45338249206543
1.999999987845058e-08
10.657979011535645
3.0301549434661865
9.77885913848877
-1.999999987845058e-08
8.194802284240723
4.150447845458984
8.527414321899414
1.999999987845058e-08
4.261415958404541
0.7275556325912476
3.5503921508789062
-1.999999987845058e-08
-0.2893945872783661
-6.448697090148926
-2.8442625999450684
1.999999987845058e-08
-4.906918525695801
-11.836750984191895
-7.171426773071289
-1.999999987845058e-08
-6.55251407623291
-12.030021667480469
-8.52563190460205
1.999999987845058e-08
-4.202117919921875
-4.702181816101074
-15.223684310913086
-1.999999987845058e-08
2.501734495162964
-3.713486433029175
-11.815918922424316
1.999999987845058e-08
6.964376926422119
-4.108745574951172
-7.559867858886719
-1.999999987845058e-08
5.144874095916748
-4.094955921173096
-4.497369766235352
1.999999987845058e-08
-0.08225680887699127
-3.954167127609253
-4.632914066314697
-1.999999987845058e-08
-3.489100456237793
-6.636340141296387
-8.838749885559082
1.999999987845058e-08
-3.850583791732788
-12.67064380645752
-14.092855453491211
-1.999999987845058e-08
-2.6712474822998047
-18.157827377319336
-14.156957626342773
1.999999987845058e-08
-0.4399642050266266
-19.363969802856445
-7.445072650909424
-1.999999987845058e-08
3.195723295211792
-16.482044219970703
-0.2489369809627533
1.999999987845058e-08
6.851317405700684
-12.261238098144531
1.8655869960784912
-1.999999987845058e-08
7.373567581176758
-9.394332885742188
0.07697535306215286
1.999999987845058e-08
3.7331864833831787
-9.106758117675781
-2.4099230766296387
-1.999999987845058e-08
-1.2174474000930786
-11.188820838928223
-5.021008491516113
1.999999987845058e-08
-3.730806827545166
-14.520685195922852
-7.473182201385498
-1.999999987845058e-08
-2.2511143684387207
-16.275615692138672
-7.271040916442871
1.999999987845058e-08
1.8008285760879517
-12.974933624267578
-3.466216802597046
-1.999999987845058e-08
5.452099323272705
-5.79183292388916
-0.4223782420158386
1.999999987845058e-08
6.111328601837158
-1.871450662612915
-3.2946863174438477
-1.999999987845058e-08
2.4030792713165283
-5.6003828048706055
-10.781966209411621
1.999999987845058e-08
-7.9180827140808105
-13.147795677185059
-14.485511779785156
-1.999999987845058e-08
-6.396170616149902
-10.896986961364746
-10.422926902770996
1.999999987845058e-08
-1.2286851406097412
-9.815522193908691
-7.88783073425293
-1.999999987845058e-08
3.230994701385498
-9.500704765319824
-5.865172386169434
1.999999987845058e-08
3.64176869392395
-7.41190242767334
-4.46992826461792
-1.999999987845058e-08
0.09195831418037415
-5.326247215270996
-7.629795074462891
1.999999987845058e-08
-3.8696982860565186
-5.926875114440918
-14.516695976257324
-1.999999987845058e-08
-4.871438026428223
-7.484378814697266
-17.870019912719727
1.999999987845058e-08
-3.5747578144073486
-7.468424320220947
-14.999938011169434
-1.999999987845058e-08
-3.1894211769104004
-7.2462592124938965
-11.814107894897461
1.999999987845058e-08
-3.5747578144073486
-7.468424320220947
-14.999938011169434
-1.999999987845058e-08
-3.1894211769104004
-7.2462592124938965
-11.814107894897461
1.999999987845058e-08
-4.860722064971924
-8.845252990722656
-13.169583320617676
-1.999999987845058e-08
-6.881044864654541
-11.083999633789062
-17.313520431518555
1.999999987845058e-08
-6.912148952484131
-11.59249210357666
-20.381732940673828
-1.999999987845058e-08
-4.6679253578186035
-10.240348815917969
-20.795175552368164
1.999999987845058e-08
-3.5478739738464355
-9.422688484191895
-20.218645095825195
-1.999999987845058e-08
-6.343520164489746
-10.718873977661133
-21.00574493408203
1.999999987845058e-08
-10.501147270202637
-12.350031852722168
-22.487600326538086
-1.999999987845058e-08
-12.319743156433105
-12.386068344116211
-22.669755935668945
1.999999987845058e-08
-12.319743156433105
-12.386068344116211
-22.669755935668945
-1.999999987845058e-08
-12.470283508300781
-12.505636215209961
-22.10528564453125
1.999999987845058e-08
-14.130764961242676
-15.485173225402832
-23.1259822845459
-1.999999987845058e-08
-18.00554084777832
-20.513385772705078
-26.30600929260254
1.999999987845058e-08
-20.60089111328125
-23.542091369628906
-28.884963989257812
-1.999999987845058e-08
-18.25559425354004
-22.159631729125977
-27.886302947998047
1.999999987845058e-08
-12.269672393798828
-17.969745635986328
-24.36983299255371
-1.999999987845058e-08
-7.6374993324279785
-13.929618835449219
-21.94320297241211
1.999999987845058e-08
-7.107048988342285
-11.812246322631836
-22.104766845703125
-1.999999987845058e-08
-8.536409378051758
-11.80573558807373
-23.423355102539062
1.999999987845058e-08
3.2344954013824463
-3.760354518890381
-13.19333553314209
-1.999999987845058e-08
8.155683517456055
0.9841672778129578
-7.035142421722412
1.999999987845058e-08
8.067978858947754
1.1482305526733398
-5.926455020904541
-1.999999987845058e-08
2.2698209285736084
-3.2642204761505127
-11.161678314208984
1.999999987845058e-08
-6.567050933837891
-9.893245697021484
-20.013107299804688
-1.999999987845058e-08
-13.916406631469727
-15.714159965515137
-27.615659713745117
1.999999987845058e-08
