0
3.2629494667053223
-4.147515296936035
3.0060973167419434
1.999999987845058e-08
4.341185569763184
-2.2058663368225098
5.19241189956665
-1.999999987845058e-08
5.005637168884277
-0.9902408719062805
7.7091827392578125
1.999999987845058e-08
1.741755723953247
-2.2459068298339844
7.542875289916992
-1.999999987845058e-08
-6.572545528411865
-7.301144599914551
1.3606884479522705
1.999999987845058e-08
-14.36348819732666
-12.357767105102539
-7.0480146408081055
-1.999999987845058e-08
-15.651283264160156
-13.625853538513184
-11.567821502685547
1.999999987845058e-08
-12.648160934448242
-12.971748352050781
-12.073392868041992
-1.999999987845058e-08
-11.226179122924805
-13.293476104736328
-11.13232707977295
1.999999987845058e-08
-10.936820983886719
-13.714241027832031
-8.157872200012207
-1.999999987845058e-08
-7.654265880584717
-12.90882682800293
-2.7155497074127197
1.999999987845058e-08
-2.435283660888672
-11.541912078857422
2.0134313106536865
-1.999999987845058e-08
-0.4240373969078064
-10.384133338928223
2.6734375953674316
1.999999987845058e-08
-3.085054397583008
-10.31128978729248
-0.9376540184020996
-1.999999987845058e-08
-6.377658367156982
-11.49777603149414
-5.8062567710876465
1.999999987845058e-08
-6.206296920776367
-11.29182243347168
-7.6566362380981445
-1.999999987845058e-08
-2.5906598567962646
-7.8027119636535645
-5.052341461181641
1.999999987845058e-08
1.7989671230316162
-3.7611613273620605
-1.0706990957260132
-1.999999987845058e-08
4.526508808135986
-2.507246494293213
0.8520007729530334
1.999999987845058e-08
4.526508808135986
-2.507246494293213
0.8520007133483887
-1.999999987845058e-08
3.8171839714050293
-4.151801109313965
-0.08694805204868317
1.999999987845058e-08
-0.7455614805221558
-7.575575351715088
-3.8205835819244385
-1.999999987845058e-08
-6.363494873046875
-11.417237281799316
-9.251692771911621
1.999999987845058e-08
-8.140602111816406
-13.188751220703125
-12.030985832214355
-1.999999987845058e-08
-3.471588134765625
-11.449162483215332
-7.518793106079102
1.999999987845058e-08
4.9328389167785645
-8.032159805297852
2.899890184402466
-1.999999987845058e-08
11.687334060668945
-5.515394687652588
12.327245712280273
1.999999987845058e-08
13.853240966796875
-4.077514171600342
16.13239860534668
-1.999999987845058e-08
11.705336570739746
-3.0042264461517334
15.139432907104492
1.999999987845058e-08
13.853240966796875
-4.077514171600342
16.13239860534668
-1.999999987845058e-08
11.705336570739746
-3.0042264461517334
15.139432907104492
1.999999987845058e-08
6.634688377380371
-2.6181912422180176
11.249703407287598
-1.999999987845058e-08
0.6753014326095581
-2.745483160018921
5.343441486358643
1.999999987845058e-08
-3.359895706176758
-2.6335971355438232
-0.5829142332077026
-1.999999987845058e-08
-2.9400992393493652
-2.3357748985290527
-3.440514326095581
1.999999987845058e-08
2.62595796585083
-0.849740743637085
-0.9144511222839355
-1.999999987845058e-08
10.308046340942383
3.5079469680786133
6.388234615325928
1.999999987845058e-08
14.322840690612793
8.327967643737793
12.975557327270508
-1.999999987845058e-08
12.653986930847168
9.240829467773438
13.279959678649902
1.999999987845058e-08
12.308273315429688
8.614377975463867
10.406586647033691
-1.999999987845058e-08
10.371174812316895
4.293408393859863
7.4760613441467285
1.999999987845058e-08
4.055739879608154
-1.252211570739746
1.8653358221054077
-1.999999987845058e-08
-3.78482985496521
-6.118699550628662
-4.037434101104736
1.999999987845058e-08
-7.892665386199951
-8.092768669128418
-6.518598556518555
-1.999999987845058e-08
-6.100811004638672
-5.96811056137085
-3.22739315032959
1.999999987845058e-08
-1.4277269840240479
-2.462175130844116
3.3758087158203125
-1.999999987845058e-08
1.3902782201766968
-1.0799208879470825
7.768346786499023
1.999999987845058e-08
0.39591890573501587
-1.223339557647705
7.098867893218994
-1.999999987845058e-08
-2.501417875289917
-0.3813505470752716
3.3757970333099365
1.999999987845058e-08
-2.501417875289917
-0.381350576877594
3.3757967948913574
-1.999999987845058e-08
-3.452069044113159
1.8309156894683838
0.7945353984832764
1.999999987845058e-08
-0.9375638365745544
4.664600849151611
1.869390845298767
-1.999999987845058e-08
1.7849373817443848
7.134764194488525
4.74989652633667
1.999999987845058e-08
1.3333419561386108
6.960629463195801
4.754607200622559
-1.999999987845058e-08
0.13834340870380402
3.8503382205963135
1.2645320892333984
1.999999987845058e-08
2.948482036590576
2.4574191570281982
0.4826332926750183
-1.999999987845058e-08
9.166966438293457
6.161474227905273
6.920958042144775
1.999999987845058e-08
14.378386497497559
11.277630805969238
16.436100006103516
-1.999999987845058e-08
15.503925323486328
12.233016014099121
21.0719051361084
1.999999987845058e-08
0.8475538492202759
1.2781310081481934
4.498281478881836
-1.999999987845058e-08
-7.684326171875
-5.1710591316223145
-7.948605060577393
1.999999987845058e-08
-9.272537231445312
-7.984671592712402
-13.425559043884277
-1.999999987845058e-08
-5.959112644195557
-6.478202819824219
-10.934921264648438
1.999999987845058e-08
-3.1567442417144775
-4.283519268035889
-6.137373447418213
-1.999999987845058e-08
-1.2607702016830444
-3.6981453895568848
-3.3336710929870605
1.999999987845058e-08
3.3858633041381836
-1.523748755455017
-0.38444530963897705
-1.999999987845058e-08
10.79300594329834
4.605409145355225
5.702499866485596
1.999999987845058e-08
16.366870880126953
10.84414291381836
12.213208198547363
-1.999999987845058e-08
17.214324951171875
12.665077209472656
14.661149978637695
1.999999987845058e-08
7.9210991859436035
6.275243759155273
8.493104934692383
-1.999999987845058e-08
1.860893964767456
3.104383945465088
3.315821647644043
1.999999987845058e-08
-0.25107789039611816
3.553349733352661
0.4297887682914734
-1.999999987845058e-08
2.810654878616333
7.676578998565674
1.912402629852295
1.999999987845058e-08
7.04067850112915
10.999534606933594
4.381139278411865
-1.999999987845058e-08
8.631414413452148
10.405872344970703
3.9771463871002197
1.999999987845058e-08
8.452488899230957
8.037789344787598
2.406524419784546
-1.999999987845058e-08
8.806055068969727
6.601223945617676
2.627396583557129
1.999999987845058e-08
10.508901596069336
6.628292083740234
4.263624668121338
-1.999999987845058e-08
13.183837890625
8.520657539367676
6.25491189956665
1.999999987845058e-08
15.234659194946289
11.576696395874023
8.199481010437012
-1.999999987845058e-08
15.161062240600586
12.946040153503418
8.621010780334473
1.999999987845058e-08
13.38150691986084
11.211883544921875
6.370133399963379
-1.999999987845058e-08
10.420085906982422
7.788029193878174
2.310626745223999
1.999999987845058e-08
4.4010233879089355
3.089618682861328
-3.3560373783111572
-1.999999987845058e-08
-6.451083183288574
-4.166431903839111
-12.172348022460938
1.999999987845058e-08
-19.014543533325195
-12.930936813354492
-23.09850311279297
-1.999999987845058e-08
-25.94368553161621
-19.379619598388672
-30.347164154052734
1.999999987845058e-08
-23.342029571533203
-20.88127326965332
-29.035158157348633
-1.999999987845058e-08
-15.677520751953125
-17.79777717590332
-21.363033294677734
1.999999987845058e-08
-9.884878158569336
-12.3612060546875
-13.982820510864258
-1.999999987845058e-08
-7.463741779327393
-7.530940055847168
-10.744986534118652
1.999999987845058e-08
-5.922228813171387
-4.953195571899414
-10.71843433380127
-1.999999987845058e-08
-4.106780052185059
-2.954376697540283
-11.226906776428223
1.999999987845058e-08
-1.8663302659988403
0.7347638607025146
-10.11493968963623
-1.999999987845058e-08
1.8059183359146118
4.846888065338135
-6.971107006072998
1.999999987845058e-08
6.366782188415527
6.871021747589111
-4.020872116088867
-1.999999987845058e-08
9.165997505187988
7.548245906829834
-3.15397572517395
1.999999987845058e-08
10.147687911987305
9.209549903869629
-2.140509605407715
-1.999999987845058e-08
12.391839027404785
11.894182205200195
1.785427212715149
1.999999987845058e-08
12.391839027404785
11.894182205200195
1.785427212715149
-1.999999987845058e-08
16.436717987060547
14.517629623413086
6.743227005004883
1.999999987845058e-08
19.16822624206543
17.049440383911133
8.883298873901367
-1.999999987845058e-08
17.653417587280273
18.447509765625
6.544598579406738
1.999999987845058e-08
12.029268264770508
16.953418731689453
1.0343754291534424
-1.999999987845058e-08
7.135149002075195
14.619905471801758
-2.5573740005493164
1.999999987845058e-08
8.138691902160645
15.15539836883545
0.738991916179657
-1.999999987845058e-08
12.867072105407715
17.46698570251465
8.115257263183594
1.999999987845058e-08
15.245869636535645
18.074417114257812
11.95665454864502
-1.999999987845058e-08
14.826005935668945
17.349143981933594
10.501388549804688
1.999999987845058e-08
14.826005935668945
17.349143981933594
10.501388549804688
-1.999999987845058e-08
15.163640975952148
17.657188415527344
7.815893650054932
1.999999987845058e-08
16.612361907958984
19.092731475830078
6.39914608001709
-1.999999987845058e-08
16.85133171081543
20.669097900390625
6.705260276794434
1.999999987845058e-08
15.197108268737793
21.70901870727539
8.9851713180542
-1.999999987845058e-08
13.433481216430664
21.096494674682617
11.561288833618164
1.999999987845058e-08
13.19741439819336
18.842214584350586
11.706686019897461
-1.999999987845058e-08
13.627742767333984
17.12730598449707
8.954305648803711
1.999999987845058e-08
13.209792137145996
17.258331298828125
5.043857574462891
-1.999999987845058e-08
12.005109786987305
18.084318161010742
1.7522761821746826
1.999999987845058e-08
10.260567665100098
18.653152465820312
0.004375813063234091
-1.999999987845058e-08
8.311637878417969
19.14234733581543
-0.08707699179649353
1.999999987845058e-08
7.622146129608154
18.845796585083008
1.2395384311676025
-1.999999987845058e-08
8.794928550720215
16.963092803955078
3.986452579498291
1.999999987845058e-08
10.672503471374512
14.688920021057129
7.89695930480957
-1.999999987845058e-08
11.29705810546875
12.843242645263672
10.980833053588867
1.999999987845058e-08
8.4916353225708
10.091136932373047
10.211654663085938
-1.999999987845058e-08
3.6383495330810547
7.343631267547607
6.352193355560303
1.999999987845058e-08
2.626244068145752
8.690704345703125
4.852799415588379
-1.999999987845058e-08
7.584022521972656
14.481681823730469
7.710638999938965
1.999999987845058e-08
13.210103988647461
20.200876235961914
10.15839958190918
-1.999999987845058e-08
14.962360382080078
23.141590118408203
8.867476463317871
1.999999987845058e-08
13.81350040435791
22.97955894470215
6.029585361480713
-1.999999987845058e-08
11.5070219039917
18.684385299682617
3.9616873264312744
1.999999987845058e-08
8.484673500061035
11.801520347595215
3.06264328956604
-1.999999987845058e-08
5.817380905151367
7.308294296264648
4.2247796058654785
1.999999987845058e-08
3.8081867694854736
6.610867023468018
6.990192890167236
-1.999999987845058e-08
2.5445380210876465
6.978671550750732
9.192798614501953
1.999999987845058e-08
4.247238636016846
7.982944011688232
11.336694717407227
-1.999999987845058e-08
9.041162490844727
9.890591621398926
14.526031494140625
1.999999987845058e-08
5.525615215301514
-0.6369462013244629
11.296578407287598
-1.999999987845058e-08
0.9037194848060608
-4.335115432739258
10.640141487121582
1.999999987845058e-08
-1.9338103532791138
-6.961939334869385
9.976439476013184
-1.999999987845058e-08
-3.8128812313079834
-8.516758918762207
7.4248247146606445
1.999999987845058e-08
-4.9322509765625
-7.90956974029541
3.8658998012542725
-1.999999987845058e-08
-5.056324005126953
-6.317144393920898
0.5417119860649109
1.999999987845058e-08
-5.0033063888549805
-5.078437328338623
-1.396755337715149
-1.999999987845058e-08
-4.549324035644531
-2.5717103481292725
0.4156109690666199
1.999999987845058e-08
-2.3931355476379395
1.7086721658706665
5.870707988739014
-1.999999987845058e-08
0.07801768183708191
4.133260250091553
9.561450958251953
1.999999987845058e-08
-4.549324035644531
-2.5717103481292725
0.4156109392642975
-1.999999987845058e-08
-2.3931355476379395
1.708672285079956
5.870707988739014
1.999999987845058e-08
0.07801763713359833
4.133260250091553
9.561450958251953
-1.999999987845058e-08
-0.34334343671798706
2.300664186477661
7.210688591003418
1.999999987845058e-08
-3.426996946334839
-1.3878546953201294
1.5675065517425537
-1.999999987845058e-08
-4.772621154785156
-3.6952273845672607
-1.8059272766113281
1.999999987845058e-08
-1.8799642324447632
-3.8897857666015625
-0.9804487228393555
-1.999999987845058e-08
1.903168797492981
-2.9379303455352783
1.6860337257385254
1.999999987845058e-08
2.116039514541626
-2.290238618850708
2.6313979625701904
-1.999999987845058e-08
-1.7718188762664795
-3.1282894611358643
0.027643680572509766
1.999999987845058e-08
-15.027056694030762
-16.163312911987305
-8.631771087646484
-1.999999987845058e-08
-16.325252532958984
-15.5076265335083
-9.770720481872559
1.999999987845058e-08
-16.674312591552734
-15.1742582321167
-10.588974952697754
-1.999999987845058e-08
-12.67989730834961
-14.464529991149902
-6.839418411254883
1.999999987845058e-08
-5.637612342834473
-11.57083511352539
1.0350580215454102
-1.999999987845058e-08
0.2315482348203659
-7.486639976501465
7.755824089050293
1.999999987845058e-08
0.9904751181602478
-5.120227336883545
7.89991569519043
-1.999999987845058e-08
-3.809309959411621
-5.250277042388916
1.3471721410751343
1.999999987845058e-08
-9.304964065551758
-6.1513495445251465
-5.762083530426025
-1.999999987845058e-08
-10.076478004455566
-6.496908664703369
-7.788735389709473
1.999999987845058e-08
-7.599855899810791
-6.9195051193237305
-6.2792205810546875
-1.999999987845058e-08
-8.154927253723145
-9.341407775878906
-6.752898216247559
1.999999987845058e-08
-14.188319206237793
-15.03722095489502
-10.86213493347168
-1.999999987845058e-08
-22.19676971435547
-21.846393585205078
-15.381659507751465
1.999999987845058e-08
-27.381675720214844
-25.15348243713379
-17.172849655151367
-1.999999987845058e-08
-27.76734161376953
-24.03042221069336
-16.0655574798584
1.999999987845058e-08
-23.932655334472656
-21.736974716186523
-12.945951461791992
-1.999999987845058e-08
-17.22323989868164
-19.049880981445312
-7.782063007354736
1.999999987845058e-08
-10.258559226989746
-14.559791564941406
-1.849355936050415
-1.999999987845058e-08
-6.242847919464111
-10.733257293701172
0.9680022597312927
1.999999987845058e-08
-17.22323989868164
-19.049880981445312
-7.782063007354736
-1.999999987845058e-08
-10.258559226989746
-14.559791564941406
-1.849355936050415
1.999999987845058e-08
-6.242847919464111
-10.733257293701172
0.968002200126648
-1.999999987845058e-08
-5.8433146476745605
-10.926111221313477
-1.1384086608886719
1.999999987845058e-08
-6.291616916656494
-12.282638549804688
-4.238352298736572
-1.999999987845058e-08
-4.169275283813477
-9.751144409179688
-3.288032054901123
1.999999987845058e-08
-0.01896051876246929
-4.920444488525391
0.5908412337303162
-1.999999987845058e-08
1.5262653827667236
-3.3397443294525146
1.5609383583068848
1.999999987845058e-08
-1.2478455305099487
-5.333583354949951
-2.08504319190979
-1.999999987845058e-08
-4.207363605499268
-6.725741386413574
-5.950592517852783
1.999999987845058e-08
0.22467385232448578
-3.9931576251983643
-3.6760430335998535
-1.999999987845058e-08
3.624403476715088
-1.5769153833389282
1.456173300743103
1.999999987845058e-08
4.54716682434082
0.13611118495464325
6.915689468383789
-1.999999987845058e-08
4.246096134185791
0.3745462894439697
10.097744941711426
1.999999987845058e-08
5.478670120239258
0.9985396862030029
11.405211448669434
-1.999999987845058e-08
7.2123589515686035
2.821500778198242
12.447393417358398
1.999999987845058e-08
5.910449028015137
3.395442247390747
12.348508834838867
-1.999999987845058e-08
2.0633771419525146
1.966260552406311
10.36288070678711
1.999999987845058e-08
-0.6777624487876892
0.19282174110412598
7.509608268737793
-1.999999987845058e-08
-1.4885368347167969
-2.3640480041503906
3.918621063232422
1.999999987845058e-08
-1.4885368347167969
-2.3640482425689697
3.918621063232422
-1.999999987845058e-08
-2.7553441524505615
-6.134642601013184
-0.4862461984157562
1.999999987845058e-08
-5.293740749359131
-7.912228107452393
-3.1753365993499756
-1.999999987845058e-08
-5.756826877593994
-5.519429683685303
-1.169270634651184
1.999999987845058e-08
-0.5711684226989746
-1.0920557975769043
4.639901161193848
-1.999999987845058e-08
7.964210033416748
3.054993152618408
10.090902328491211
1.999999987845058e-08
13.088324546813965
5.691803932189941
11.503074645996094
-1.999999987845058e-08
12.150559425354004
4.629415988922119
8.317083358764648
1.999999987845058e-08
9.020768165588379
-0.2956186532974243
4.075333118438721
-1.999999987845058e-08
6.4036126136779785
-5.320159435272217
2.6786184310913086
1.999999987845058e-08
-1.8962740898132324
-9.34920883178711
1.0227755308151245
-1.999999987845058e-08
-4.045673847198486
-10.892094612121582
-3.2487924098968506
1.999999987845058e-08
-2.059568166732788
-12.376205444335938
-5.284148693084717
-1.999999987845058e-08
1.0394586324691772
-14.5761079788208
-2.8109183311462402
1.999999987845058e-08
-0.11062122881412506
-18.59447479248047
-0.42001041769981384
-1.999999987845058e-08
-6.003432273864746
-21.951398849487305
-2.8523402214050293
1.999999987845058e-08
-9.339075088500977
-20.361392974853516
-7.038018226623535
-1.999999987845058e-08
-5.555452823638916
-14.801411628723145
-8.06521987915039
1.999999987845058e-08
-0.562099277973175
-10.578760147094727
-7.643078327178955
-1.999999987845058e-08
-0.9462650418281555
-9.882705688476562
-9.335351943969727
1.999999987845058e-08
-0.9462651014328003
-9.882705688476562
-9.335351943969727
-1.999999987845058e-08
-4.981973171234131
-11.55840015411377
-12.578646659851074
1.999999987845058e-08
-7.642762660980225
-14.163764953613281
-15.21051025390625
-1.999999987845058e-08
-6.517497539520264
-14.641538619995117
-14.967893600463867
1.999999987845058e-08
-2.426711320877075
-10.652748107910156
-10.20280933380127
-1.999999987845058e-08
1.3468395471572876
-5.197933197021484
-3.726614475250244
1.999999987845058e-08
2.7080366611480713
-2.077552318572998
-0.6000915765762329
-1.999999987845058e-08
3.2535102367401123
-0.03410441800951958
-1.2448358535766602
1.999999987845058e-08
4.417792797088623
2.8987491130828857
-2.654780626296997
-1.999999987845058e-08
5.122702121734619
5.141529560089111
-3.7005200386047363
1.999999987845058e-08
5.75731086730957
5.710142135620117
-3.7801668643951416
-1.999999987845058e-08
9.480140686035156
6.669040203094482
-0.4827725887298584
1.999999987845058e-08
15.77502727508545
8.910945892333984
5.772075176239014
-1.999999987845058e-08
17.127851486206055
10.136576652526855
8.279851913452148
1.999999987845058e-08
8.6191987991333
8.49612045288086
1.5560331344604492
-1.999999987845058e-08
-2.937133312225342
4.953036785125732
-9.777158737182617
1.999999987845058e-08
-7.056586742401123
1.821336030960083
-16.210098266601562
-1.999999987845058e-08
-2.4472484588623047
1.2748452425003052
-15.092796325683594
1.999999987845058e-08
4.259927272796631
3.4585020542144775
-11.468362808227539
-1.999999987845058e-08
7.979226112365723
5.282464504241943
-10.108671188354492
1.999999987845058e-08
8.443775177001953
6.0546956062316895
-10.442338943481445
-1.999999987845058e-08
5.115977764129639
5.0904622077941895
-12.433672904968262
1.999999987845058e-08
1.355177879333496
2.588594675064087
-15.258162498474121
-1.999999987845058e-08
0.34931519627571106
3.7549567222595215
-14.99111270904541
1.999999987845058e-08
1.6928906440734863
7.587034702301025
-13.125594139099121
-1.999999987845058e-08
2.711906671524048
6.9013285636901855
-14.62209415435791
1.999999987845058e-08
2.821842908859253
2.138475179672241
-17.91267967224121
-1.999999987845058e-08
2.2605526447296143
1.2799102067947388
-17.7286319732666
1.999999987845058e-08
-0.017090221866965294
5.185994625091553
-15.432682991027832
-1.999999987845058e-08
-4.387465476989746
7.520009517669678
-15.714981079101562
1.999999987845058e-08
-4.387465476989746
7.520009517669678
-15.714981079101562
-1.999999987845058e-08
-9.922578811645508
5.358130931854248
-18.64513397216797
1.999999987845058e-08
-15.043967247009277
-0.6819573640823364
-21.820680618286133
-1.999999987845058e-08
-16.990598678588867
-8.815299034118652
-23.537948608398438
1.999999987845058e-08
-13.604979515075684
-14.089900016784668
-21.481748580932617
-1.999999987845058e-08
-6.547057151794434
-12.30573558807373
-14.335419654846191
1.999999987845058e-08
-0.6224064826965332
-6.093623161315918
-5.370809555053711
-1.999999987845058e-08
1.195868968963623
-0.6877347826957703
0.1800542175769806
1.999999987845058e-08
0.9466204643249512
2.7510275840759277
1.0220857858657837
-1.999999987845058e-08
1.2003984451293945
4.203493118286133
-0.8171229362487793
1.999999987845058e-08
0.9788622856140137
2.974435567855835
-3.444814443588257
-1.999999987845058e-08
1.053937315940857
3.207871437072754
-3.5645711421966553
1.999999987845058e-08
6.098113536834717
10.466190338134766
2.4613916873931885
-1.999999987845058e-08
16.075937271118164
20.85118865966797
11.940025329589844
1.999999987845058e-08
23.437631607055664
24.682409286499023
17.506139755249023
-1.999999987845058e-08
22.348642349243164
20.192333221435547
16.92690658569336
1.999999987845058e-08
14.525975227355957
14.074363708496094
13.886624336242676
-1.999999987845058e-08
5.861923694610596
11.164280891418457
10.780022621154785
1.999999987845058e-08
1.5172473192214966
11.021712303161621
7.526047706604004
-1.999999987845058e-08
2.7908852100372314
11.836432456970215
4.7630696296691895
1.999999987845058e-08
1.5172473192214966
11.021712303161621
7.526047706604004
-1.999999987845058e-08
2.7908852100372314
11.836432456970215
4.7630696296691895
1.999999987845058e-08
6.1107048988342285
12.603103637695312
3.230107069015503
-1.999999987845058e-08
6.23288106918335
13.30136489868164
2.0730717182159424
1.999999987845058e-08
2.0624964237213135
14.73547649383545
0.13773828744888306
-1.999999987845058e-08
-2.296367883682251
16.287919998168945
-2.8229775428771973
1.999999987845058e-08
-3.2084014415740967
15.967697143554688
-5.667535781860352
-1.999999987845058e-08
-1.3609291315078735
15.046562194824219
-5.825514793395996
1.999999987845058e-08
1.0984691381454468
17.542095184326172
-2.495954990386963
-1.999999987845058e-08
3.8688578605651855
23.06724739074707
1.1167439222335815
1.999999987845058e-08
11.989990234375
29.084909439086914
3.005798816680908
-1.999999987845058e-08
12.514892578125
28.446693420410156
3.478614568710327
1.999999987845058e-08
10.741026878356934
23.995615005493164
1.5514004230499268
-1.999999987845058e-08
8.902277946472168
19.595775604248047
0.36201581358909607
1.999999987845058e-08
10.54330062866211
20.600269317626953
4.05399751663208
-1.999999987845058e-08
15.375659942626953
25.394779205322266
11.039995193481445
1.999999987845058e-08
19.59225082397461
27.87002944946289
16.517854690551758
-1.999999987845058e-08
18.977298736572266
24.45522689819336
17.95830535888672
1.999999987845058e-08
10.470965385437012
16.065555572509766
13.984662055969238
-1.999999987845058e-08
-4.696689605712891
6.580248832702637
3.4911110401153564
1.999999987845058e-08
-19.74717903137207
-0.7216688394546509
-10.941187858581543
-1.999999987845058e-08
-28.471569061279297
-6.353062629699707
-23.975990295410156
1.999999987845058e-08
-31.7994327545166
-12.112266540527344
-32.93339157104492
-1.999999987845058e-08
-34.65386199951172
-16.637975692749023
-38.41889572143555
1.999999987845058e-08
-37.59455490112305
-17.429704666137695
-40.81772232055664
-1.999999987845058e-08
-36.81608963012695
-15.027876853942871
-39.78349685668945
1.999999987845058e-08
-31.201200485229492
-11.198786735534668
-35.96254348754883
-1.999999987845058e-08
-23.707477569580078
-6.170265197753906
-30.83016586303711
1.999999987845058e-08
-17.36025047302246
-0.5144684910774231
-25.770952224731445
-1.999999987845058e-08
-13.535974502563477
3.9391794204711914
-22.03488540649414
1.999999987845058e-08
-11.400276184082031
6.901008129119873
-19.792184829711914
-1.999999987845058e-08
-8.193108558654785
9.966558456420898
-17.381454467773438
1.999999987845058e-08
-3.1546926498413086
13.25550651550293
-14.020200729370117
-1.999999987845058e-08
1.2745482921600342
15.675437927246094
-11.07182502746582
1.999999987845058e-08
3.767319679260254
17.526254653930664
-8.898919105529785
-1.999999987845058e-08
4.6364288330078125
18.112321853637695
-7.136318683624268
1.999999987845058e-08
3.2951786518096924
15.1677827835083
-7.111958980560303
-1.999999987845058e-08
-0.006855940446257591
10.284720420837402
-9.14859676361084
1.999999987845058e-08
-3.112579584121704
7.725681781768799
-11.306251525878906
-1.999999987845058e-08
-4.519723892211914
7.394299507141113
-12.988247871398926
1.999999987845058e-08
-4.287370204925537
6.52825927734375
-14.769390106201172
-1.999999987845058e-08
-3.058091163635254
5.766724586486816
-15.438762664794922
1.999999987845058e-08
-1.8526270389556885
6.828412055969238
-14.172969818115234
-1.999999987845058e-08
-1.9675973653793335
8.05199909210205
-13.355545997619629
1.999999987845058e-08
-4.00301456451416
7.747930526733398
-15.056702613830566
-1.999999987845058e-08
-6.906577110290527
7.544434547424316
-17.708385467529297
1.999999987845058e-08
-8.218791007995605
8.6340970993042
-19.31447982788086
-1.999999987845058e-08
-6.021804332733154
9.969900131225586
-19.83222198486328
1.999999987845058e-08
-1.048753023147583
12.058245658874512
-18.37083625793457
-1.999999987845058e-08
3.730091094970703
16.02852439880371
-14.07226276397705
1.999999987845058e-08
5.000224590301514
17.60704231262207
-11.814994812011719
-1.999999987845058e-08
4.394437313079834
14.162079811096191
-14.4420747756958
1.999999987845058e-08
4.642988204956055
11.511704444885254
-13.580543518066406
-1.999999987845058e-08
1.2264094352722168
6.927773952484131
-13.076651573181152
1.999999987845058e-08
-8.717100143432617
-1.9674018621444702
-19.311626434326172
-1.999999987845058e-08
-19.031530380249023
-11.035504341125488
-28.680500030517578
1.999999987845058e-08
-21.672861099243164
-15.207137107849121
-31.741899490356445
-1.999999987845058e-08
-17.14412498474121
-14.612785339355469
-26.037357330322266
1.999999987845058e-08
-11.776141166687012
-12.355452537536621
-17.400997161865234
-1.999999987845058e-08
-9.781408309936523
-11.207956314086914
-12.398826599121094
1.999999987845058e-08
-11.518641471862793
-12.5133695602417
-12.955479621887207
-1.999999987845058e-08
-14.958136558532715
-14.790915489196777
-15.889822006225586
1.999999987845058e-08
-17.039358139038086
-15.352649688720703
-17.201271057128906
-1.999999987845058e-08
-16.06793975830078
-14.407393455505371
-16.41226577758789
1.999999987845058e-08
-13.296524047851562
-13.537005424499512
-14.74940299987793
-1.999999987845058e-08
-11.236400604248047
-11.427936553955078
-11.61819839477539
1.999999987845058e-08
-10.722155570983887
-7.186159133911133
-7.12036657333374
-1.999999987845058e-08
-9.978837013244629
-4.280000686645508
-4.072037220001221
1.999999987845058e-08
-7.172468185424805
-4.926532745361328
-2.72004771232605
-1.999999987845058e-08
-3.7321665287017822
-6.2216668128967285
0.4104909896850586
1.999999987845058e-08
-2.8688549995422363
-6.160398483276367
5.123126983642578
-1.999999987845058e-08
-5.525394439697266
-6.78070068359375
6.6024980545043945
1.999999987845058e-08
-9.512219429016113
-8.770777702331543
3.8804962635040283
-1.999999987845058e-08
-11.431682586669922
-9.274526596069336
2.330831289291382
1.999999987845058e-08
-10.40893268585205
-7.117542743682861
5.265594005584717
-1.999999987845058e-08
-9.960705757141113
-5.482933521270752
8.624765396118164
1.999999987845058e-08
-13.064413070678711
-7.4846343994140625
7.226378917694092
-1.999999987845058e-08
-16.99698257446289
-12.060370445251465
1.6929733753204346
1.999999987845058e-08
-17.073699951171875
-15.09300422668457
-3.1029422283172607
-1.999999987845058e-08
-13.475581169128418
-13.644185066223145
-3.58030366897583
1.999999987845058e-08
-10.662507057189941
-9.862015724182129
-1.1328355073928833
-1.999999987845058e-08
-11.58971881866455
-9.308302879333496
-0.5246937274932861
1.999999987845058e-08
-14.174874305725098
-13.308387756347656
-2.9825198650360107
-1.999999987845058e-08
-13.712406158447266
-16.98748779296875
-4.020654201507568
1.999999987845058e-08
-9.333393096923828
-17.263614654541016
-1.3803735971450806
-1.999999987845058e-08
-5.0769362449646
-16.4887638092041
1.0640980005264282
1.999999987845058e-08
-4.252192497253418
-16.698230743408203
0.43004682660102844
-1.999999987845058e-08
-7.379893779754639
-17.641895294189453
-1.9430205821990967
1.999999987845058e-08
-14.074411392211914
-20.352937698364258
-5.329446792602539
-1.999999987845058e-08
-21.838542938232422
-25.252798080444336
-9.87177848815918
1.999999987845058e-08
-25.215240478515625
-28.908885955810547
-12.74332332611084
-1.999999987845058e-08
-22.68415069580078
-27.824077606201172
-11.006901741027832
1.999999987845058e-08
-20.54108238220215
-27.217941284179688
-10.177854537963867
-1.999999987845058e-08
-19.06243324279785
-25.92513656616211
-9.930854797363281
1.999999987845058e-08
-19.164926528930664
-24.715282440185547
-10.23031997680664
-1.999999987845058e-08
-20.238426208496094
-25.115755081176758
-10.911261558532715
1.999999987845058e-08
-19.694841384887695
-25.571279525756836
-9.88753890991211
-1.999999987845058e-08
-17.153972625732422
-24.7603702545166
-7.168376922607422
1.999999987845058e-08
-14.475728034973145
-24.004745483398438
-5.731865882873535
-1.999999987845058e-08
-11.898482322692871
-23.028615951538086
-5.3740763664245605
1.999999987845058e-08
-17.153972625732422
-24.7603702545166
-7.168376922607422
-1.999999987845058e-08
-14.475728034973145
-24.004745483398438
-5.731865406036377
1.999999987845058e-08
-11.898482322692871
-23.028615951538086
-5.3740763664245605
-1.999999987845058e-08
-8.512885093688965
-19.62932014465332
-3.1229565143585205
1.999999987845058e-08
-5.294772624969482
-14.471901893615723
-0.13414432108402252
-1.999999987845058e-08
-3.41036319732666
-9.811524391174316
0.7420789003372192
1.999999987845058e-08
-1.383301019668579
-5.023606777191162
2.093355178833008
-1.999999987845058e-08
2.107741117477417
0.9080736041069031
7.53898286819458
1.999999987845058e-08
5.146144390106201
5.492037773132324
13.82002067565918
-1.999999987845058e-08
4.854820251464844
5.7803521156311035
15.147961616516113
1.999999987845058e-08
-4.399804592132568
-2.3030316829681396
7.868542194366455
-1.999999987845058e-08
-4.7670464515686035
0.7537665367126465
7.941241264343262
1.999999987845058e-08
-6.625185489654541
3.18666410446167
8.532729148864746
-1.999999987845058e-08
-9.12271785736084
2.634310007095337
8.109983444213867
1.999999987845058e-08
-10.801021575927734
-0.15806250274181366
5.776168346405029
-1.999999987845058e-08
-10.462308883666992
-3.3712830543518066
3.714139699935913
1.999999987845058e-08
-7.680986404418945
-5.5262131690979
5.04542350769043
-1.999999987845058e-08
-3.252969741821289
-4.556532859802246
10.545934677124023
1.999999987845058e-08
1.5047088861465454
0.2614302635192871
17.64626693725586
-1.999999987845058e-08
6.803179740905762
6.5976786613464355
23.047517776489258
1.999999987845058e-08
-7.680986404418945
-5.5262131690979
5.04542350769043
-1.999999987845058e-08
-3.252969741821289
-4.556532859802246
10.545934677124023
1.999999987845058e-08
1.5047088861465454
0.2614302635192871
17.64626693725586
-1.999999987845058e-08
6.803179740905762
6.5976786613464355
23.047517776489258
1.999999987845058e-08
12.361063957214355
11.655782699584961
25.7490177154541
-1.999999987845058e-08
13.923454284667969
13.68598747253418
25.624155044555664
1.999999987845058e-08
8.981090545654297
11.431297302246094
21.896757125854492
-1.999999987845058e-08
2.8849120140075684
6.136523246765137
15.974898338317871
1.999999987845058e-08
1.354617953300476
2.085536479949951
12.135557174682617
-1.999999987845058e-08
2.863898754119873
1.8320715427398682
13.211328506469727
1.999999987845058e-08
-4.609189987182617
3.5441129207611084
16.781002044677734
-1.999999987845058e-08
-2.4719791412353516
4.072072505950928
16.78038215637207
1.999999987845058e-08
2.363326072692871
5.896080493927002
19.3353271484375
-1.999999987845058e-08
6.861052989959717
9.158892631530762
22.016521453857422
1.999999987845058e-08
8.79507827758789
11.66695785522461
22.61617660522461
-1.999999987845058e-08
8.185970306396484
12.52968692779541
22.322778701782227
1.999999987845058e-08
7.4578351974487305
12.90843677520752
23.61835479736328
-1.999999987845058e-08
8.709344863891602
13.277388572692871
26.044845581054688
1.999999987845058e-08
10.975567817687988
13.578598976135254
27.450475692749023
-1.999999987845058e-08
11.588945388793945
14.254477500915527
27.408802032470703
1.999999987845058e-08
11.588945388793945
14.254477500915527
27.408802032470703
-1.999999987845058e-08
9.5648832321167
14.786789894104004
26.0855655670166
1.999999987845058e-08
7.199848175048828
14.555789947509766
23.151844024658203
-1.999999987845058e-08
7.074825763702393
14.637853622436523
19.50971794128418
1.999999987845058e-08
8.908281326293945
15.26317024230957
17.209163665771484
-1.999999987845058e-08
11.383790969848633
14.98910903930664
17.828845977783203
1.999999987845058e-08
13.024869918823242
14.275439262390137
20.79488182067871
-1.999999987845058e-08
12.002778053283691
14.962507247924805
23.218557357788086
1.999999987845058e-08
8.7288818359375
15.664104461669922
23.028921127319336
-1.999999987845058e-08
4.964006423950195
12.633167266845703
20.466079711914062
1.999999987845058e-08
-2.0138847827911377
-0.6545627117156982
13.83297061920166
-1.999999987845058e-08
-3.0799736976623535
-4.578493118286133
12.563931465148926
1.999999987845058e-08
-2.247614860534668
-6.992581844329834
12.584867477416992
-1.999999987845058e-08
-0.9851953387260437
-8.067450523376465
14.624966621398926
1.999999987845058e-08
-0.11561563611030579
-7.300954341888428
19.077335357666016
-1.999999987845058e-08
1.093765377998352
-5.333214282989502
22.971126556396484
1.999999987845058e-08
3.6921074390411377
-2.2294135093688965
23.466230392456055
-1.999999987845058e-08
6.576260566711426
1.8647494316101074
21.51805305480957
1.999999987845058e-08
7.718136787414551
4.340835094451904
19.388429641723633
-1.999999987845058e-08
7.913424015045166
3.6139185428619385
18.359067916870117
1.999999987845058e-08
7.913424015045166
3.6139185428619385
18.359067916870117
-1.999999987845058e-08
9.31478500366211
2.421604633331299
19.102636337280273
1.999999987845058e-08
10.783172607421875
2.819485902786255
20.511354446411133
-1.999999987845058e-08
9.635037422180176
2.439802885055542
20.029735565185547
1.999999987845058e-08
6.78836727142334
-0.7396906018257141
17.376731872558594
-1.999999987845058e-08
4.948376178741455
-5.627930641174316
14.367756843566895
1.999999987845058e-08
3.8423283100128174
-11.329323768615723
11.28675365447998
-1.999999987845058e-08
2.1245131492614746
-16.90064811706543
8.132123947143555
1.999999987845058e-08
1.1458308696746826
-19.187353134155273
7.4077630043029785
-1.999999987845058e-08
2.214338541030884
-17.50538444519043
10.248885154724121
1.999999987845058e-08
2.214338541030884
-17.50538444519043
10.248885154724121
-1.999999987845058e-08
3.6875102519989014
-16.091047286987305
13.129971504211426
1.999999987845058e-08
4.102224349975586
-16.9263916015625
12.945708274841309
-1.999999987845058e-08
3.644918441772461
-17.256742477416992
11.166349411010742
1.999999987845058e-08
2.6764347553253174
-15.802385330200195
11.081400871276855
-1.999999987845058e-08
2.8371071815490723
-13.329414367675781
14.3343505859375
1.999999987845058e-08
6.7619781494140625
-8.796570777893066
20.135438919067383
-1.999999987845058e-08
15.168634414672852
-1.670331358909607
26.868730545043945
1.999999987845058e-08
25.276798248291016
5.097012042999268
33.36227035522461
-1.999999987845058e-08
31.222932815551758
8.56612491607666
37.46439743041992
1.999999987845058e-08
31.222932815551758
8.56612491607666
37.46439743041992
-1.999999987845058e-08
28.951356887817383
9.058316230773926
36.63628387451172
1.999999987845058e-08
21.52213478088379
7.975738525390625
31.395402908325195
-1.999999987845058e-08
15.254765510559082
5.627906799316406
25.014001846313477
1.999999987845058e-08
12.556910514831543
2.4393157958984375
19.982881546020508
-1.999999987845058e-08
11.825790405273438
-0.6869323253631592
16.228214263916016
1.999999987845058e-08
10.874860763549805
-3.6379663944244385
12.025311470031738
-1.999999987845058e-08
8.697376251220703
-5.981439590454102
7.08150577545166
1.999999987845058e-08
6.422727108001709
-5.876433372497559
4.301660537719727
-1.999999987845058e-08
6.772891044616699
-2.8462626934051514
6.363545894622803
1.999999987845058e-08
17.060073852539062
2.1944258213043213
18.99765396118164
-1.999999987845058e-08
12.36089038848877
-2.34025239944458
16.545345306396484
1.999999987845058e-08
5.433415412902832
-9.534527778625488
10.204324722290039
-1.999999987845058e-08
2.0041353702545166
-14.5410737991333
4.0050225257873535
1.999999987845058e-08
3.9547548294067383
-14.213763236999512
1.6800942420959473
-1.999999987845058e-08
9.014310836791992
-10.059100151062012
3.436582088470459
1.999999987845058e-08
14.416899681091309
-4.500100135803223
7.988024711608887
-1.999999987845058e-08
17.21531867980957
0.7258420586585999
13.164100646972656
1.999999987845058e-08
15.228530883789062
3.060044527053833
14.677203178405762
-1.999999987845058e-08
10.776966094970703
1.2770397663116455
10.564242362976074
1.999999987845058e-08
9.10929012298584
-5.307980060577393
4.218090057373047
-1.999999987845058e-08
11.120652198791504
-7.0344014167785645
7.483156204223633
1.999999987845058e-08
12.96872615814209
-6.7725510597229
12.226917266845703
-1.999999987845058e-08
13.008927345275879
-4.875089645385742
15.530149459838867
1.999999987845058e-08
8.636592864990234
-5.569649696350098
13.410134315490723
-1.999999987845058e-08
0.12154646962881088
-12.123775482177734
4.155246734619141
1.999999987845058e-08
-6.412536144256592
-20.93878173828125
-6.136931419372559
-1.999999987845058e-08
-5.132705211639404
-25.904516220092773
-8.658913612365723
1.999999987845058e-08
2.0344419479370117
-26.007728576660156
-3.012604236602783
-1.999999987845058e-08
8.386395454406738
-23.798978805541992
3.541382074356079
1.999999987845058e-08
2.0344419479370117
-26.007728576660156
-3.012604236602783
-1.999999987845058e-08
8.386395454406738
-23.798978805541992
3.541382074356079
1.999999987845058e-08
9.985243797302246
-20.586742401123047
6.1209211349487305
-1.999999987845058e-08
8.46187686920166
-17.730213165283203
5.256018161773682
1.999999987845058e-08
7.93173360824585
-17.40142250061035
3.271170139312744
-1.999999987845058e-08
10.614086151123047
-18.339073181152344
2.984995126724243
1.999999987845058e-08
15.89290714263916
-16.623266220092773
6.0808610916137695
-1.999999987845058e-08
20.390926361083984
-12.821677207946777
9.100077629089355
1.999999987845058e-08
20.42869758605957
-11.239983558654785
7.092196464538574
-1.999999987845058e-08
17.266704559326172
-11.982328414916992
2.0111935138702393
1.999999987845058e-08
14.147342681884766
-11.167498588562012
-2.325530767440796
-1.999999987845058e-08
13.175838470458984
-11.543819427490234
-5.064396381378174
1.999999987845058e-08
13.16120719909668
-12.350686073303223
-7.608046054840088
-1.999999987845058e-08
14.53931999206543
-12.425704956054688
-7.920877933502197
1.999999987845058e-08
15.063424110412598
-11.828857421875
-7.356739044189453
-1.999999987845058e-08
14.325928688049316
-9.726273536682129
-6.046147346496582
1.999999987845058e-08
