0
4.632284164428711
-5.15665340423584
-6.839015007019043
1.999999987845058e-08
9.843592643737793
1.6325453519821167
-0.7383755445480347
-1.999999987845058e-08
10.754688262939453
5.843120574951172
2.9180054664611816
1.999999987845058e-08
9.584293365478516
8.795233726501465
3.9527788162231445
-1.999999987845058e-08
9.266117095947266
11.366677284240723
5.100672721862793
1.999999987845058e-08
9.93938159942627
11.95851993560791
6.5859293937683105
-1.999999987845058e-08
8.68786334991455
10.258301734924316
6.852986812591553
1.999999987845058e-08
4.613816738128662
8.454750061035156
6.345554351806641
-1.999999987845058e-08
2.0652260780334473
8.329291343688965
7.352071762084961
1.999999987845058e-08
4.3469696044921875
9.659263610839844
10.375205993652344
-1.999999987845058e-08
8.454399108886719
11.783299446105957
13.354194641113281
1.999999987845058e-08
9.593568801879883
13.260625839233398
13.768010139465332
-1.999999987845058e-08
6.096089839935303
10.939846992492676
10.305530548095703
1.999999987845058e-08
0.5152139067649841
5.077427387237549
5.412364959716797
-1.999999987845058e-08
-1.775066614151001
1.7284395694732666
4.494049072265625
1.999999987845058e-08
0.9779446721076965
4.0720295906066895
8.040708541870117
-1.999999987845058e-08
4.270567417144775
7.842634677886963
9.940320014953613
1.999999987845058e-08
4.736161231994629
9.053853988647461
7.611581325531006
-1.999999987845058e-08
4.02268648147583
8.147395133972168
5.250508785247803
1.999999987845058e-08
3.9453847408294678
5.842727184295654
5.2761759757995605
-1.999999987845058e-08
3.8709418773651123
2.539482355117798
5.4757490158081055
1.999999987845058e-08
3.342103958129883
0.21881039440631866
4.34382438659668
-1.999999987845058e-08
3.1425225734710693
-0.3082371950149536
2.839703321456909
1.999999987845058e-08
3.015523672103882
-1.0429160594940186
1.3090614080429077
-1.999999987845058e-08
1.5876035690307617
-3.1016080379486084
-1.0994919538497925
1.999999987845058e-08
-1.1295011043548584
-5.299606800079346
-3.9684081077575684
-1.999999987845058e-08
-3.130859851837158
-6.45164680480957
-5.320583343505859
1.999999987845058e-08
-2.143700361251831
-5.573022365570068
-3.338879346847534
-1.999999987845058e-08
1.9105958938598633
-2.4941694736480713
1.940293312072754
1.999999987845058e-08
10.164730072021484
2.8229706287384033
9.177391052246094
-1.999999987845058e-08
11.556193351745605
5.769918918609619
7.59196662902832
1.999999987845058e-08
11.083401679992676
9.911372184753418
5.684381008148193
-1.999999987845058e-08
8.572479248046875
11.478658676147461
3.8010849952697754
1.999999987845058e-08
4.895434856414795
9.078953742980957
1.293238639831543
-1.999999987845058e-08
3.8898682594299316
6.965353488922119
1.2569777965545654
1.999999987845058e-08
8.234119415283203
7.735908508300781
6.45124626159668
-1.999999987845058e-08
13.50235652923584
8.30795955657959
13.063457489013672
1.999999987845058e-08
12.159493446350098
5.786829471588135
14.13200855255127
-1.999999987845058e-08
4.259675979614258
1.235161542892456
8.263326644897461
1.999999987845058e-08
-2.1744003295898438
-2.823685646057129
1.4151268005371094
-1.999999987845058e-08
-1.9332828521728516
-3.8460371494293213
-0.46347010135650635
1.999999987845058e-08
3.4898197650909424
-0.06852579116821289
2.8351759910583496
-1.999999987845058e-08
10.281481742858887
6.103733539581299
7.230029106140137
1.999999987845058e-08
13.872407913208008
9.252035140991211
8.027485847473145
-1.999999987845058e-08
11.653791427612305
8.364402770996094
4.176724910736084
1.999999987845058e-08
6.883801460266113
6.886283874511719
-0.439645379781723
-1.999999987845058e-08
4.27647590637207
5.131065845489502
-2.779517412185669
1.999999987845058e-08
3.7683353424072266
1.4350342750549316
-4.077853679656982
-1.999999987845058e-08
2.954899311065674
-1.6882637739181519
-5.417647838592529
1.999999987845058e-08
1.7347968816757202
-1.9050652980804443
-6.049439430236816
-1.999999987845058e-08
1.3184304237365723
-2.388204574584961
-6.485000133514404
1.999999987845058e-08
1.3866842985153198
-4.9932756423950195
-7.211570739746094
-1.999999987845058e-08
0.628597617149353
-5.9593071937561035
-6.487279891967773
1.999999987845058e-08
-0.5849260687828064
-3.608640670776367
-3.865788698196411
-1.999999987845058e-08
-0.18106798827648163
-1.3008148670196533
-1.8412256240844727
1.999999987845058e-08
2.49676513671875
-0.6213046312332153
-1.6549617052078247
-1.999999987845058e-08
5.909080982208252
0.04755047336220741
-1.9424856901168823
1.999999987845058e-08
9.115434646606445
1.6342902183532715
-1.1980698108673096
-1.999999987845058e-08
12.085058212280273
4.84265661239624
1.3890444040298462
1.999999987845058e-08
12.085058212280273
4.84265661239624
1.3890444040298462
-1.999999987845058e-08
12.786055564880371
9.628942489624023
4.33192777633667
1.999999987845058e-08
8.103752136230469
11.875042915344238
2.821425676345825
-1.999999987845058e-08
-1.5398403406143188
7.766258716583252
-5.459492206573486
1.999999987845058e-08
-12.481956481933594
0.19059285521507263
-15.967330932617188
-1.999999987845058e-08
-22.152158737182617
-6.274603366851807
-23.739044189453125
1.999999987845058e-08
-29.146909713745117
-11.890353202819824
-29.29094886779785
-1.999999987845058e-08
-31.787839889526367
-17.329132080078125
-33.63905334472656
1.999999987845058e-08
-30.34127426147461
-19.70191764831543
-33.87569808959961
-1.999999987845058e-08
-27.385112762451172
-17.8038330078125
-28.629314422607422
1.999999987845058e-08
-27.385112762451172
-17.8038330078125
-28.629314422607422
-1.999999987845058e-08
-23.36066246032715
-14.124065399169922
-21.130573272705078
1.999999987845058e-08
-15.605778694152832
-9.312054634094238
-12.8833646774292
-1.999999987845058e-08
-4.622403144836426
-2.432358741760254
-2.693065881729126
1.999999987845058e-08
4.0467095375061035
4.048181533813477
6.844358444213867
-1.999999987845058e-08
7.824962139129639
7.5695366859436035
11.896401405334473
1.999999987845058e-08
9.887707710266113
9.868300437927246
13.735795974731445
-1.999999987845058e-08
11.397408485412598
11.958730697631836
14.213383674621582
1.999999987845058e-08
10.193562507629395
11.922213554382324
12.372147560119629
-1.999999987845058e-08
7.556365489959717
10.831863403320312
9.96961784362793
1.999999987845058e-08
7.327834129333496
12.179277420043945
10.772174835205078
-1.999999987845058e-08
9.526235580444336
15.259963035583496
13.783174514770508
1.999999987845058e-08
10.130859375
16.259510040283203
14.32429313659668
-1.999999987845058e-08
6.666326999664307
14.156695365905762
10.569334983825684
1.999999987845058e-08
1.3361966609954834
10.792434692382812
4.764838218688965
-1.999999987845058e-08
-2.512786626815796
7.565645694732666
-0.4970940947532654
1.999999987845058e-08
-3.815256118774414
5.4158406257629395
-3.536083459854126
-1.999999987845058e-08
-3.081697940826416
5.307286262512207
-3.3686940670013428
1.999999987845058e-08
-1.7797801494598389
6.574280261993408
-1.694380760192871
-1.999999987845058e-08
-0.3797532320022583
8.312182426452637
-0.9347894191741943
1.999999987845058e-08
11.510032653808594
18.181184768676758
5.424100399017334
-1.999999987845058e-08
18.71562385559082
23.349857330322266
10.927799224853516
1.999999987845058e-08
20.168821334838867
24.47989845275879
12.74036979675293
-1.999999987845058e-08
16.154314041137695
22.500282287597656
10.342158317565918
1.999999987845058e-08
10.500391960144043
18.629789352416992
5.6192121505737305
-1.999999987845058e-08
5.259055137634277
12.776348114013672
0.535937488079071
1.999999987845058e-08
0.5251418352127075
7.0225629806518555
-1.984607219696045
-1.999999987845058e-08
-2.478695869445801
4.358824253082275
-0.10880134254693985
1.999999987845058e-08
-2.1137049198150635
4.111895561218262
3.4386134147644043
-1.999999987845058e-08
0.4448746144771576
4.254739761352539
4.657388687133789
1.999999987845058e-08
0.4448745846748352
4.254739761352539
4.657388687133789
-1.999999987845058e-08
1.2272764444351196
4.497570037841797
2.9306352138519287
1.999999987845058e-08
-2.3138773441314697
3.634369373321533
-0.8531749248504639
-1.999999987845058e-08
-7.133748531341553
0.81407630443573
-5.394678115844727
1.999999987845058e-08
-7.293697834014893
-0.8115744590759277
-7.243567943572998
-1.999999987845058e-08
-2.18473482131958
0.4748363196849823
-5.046603202819824
1.999999987845058e-08
3.113807201385498
1.1399056911468506
-2.5796051025390625
-1.999999987845058e-08
5.634525299072266
0.113062284886837
-1.6234930753707886
1.999999987845058e-08
5.940525054931641
1.5241830348968506
0.9293110370635986
-1.999999987845058e-08
4.332981586456299
6.070638179779053
4.9077229499816895
1.999999987845058e-08
0.7134675979614258
8.838265419006348
4.867810249328613
-1.999999987845058e-08
-4.065297603607178
7.723300457000732
-0.7624075412750244
1.999999987845058e-08
-8.151616096496582
6.121523857116699
-6.370884418487549
-1.999999987845058e-08
-9.551133155822754
6.509841442108154
-7.293940544128418
1.999999987845058e-08
-7.826533317565918
8.385659217834473
-4.522989749908447
-1.999999987845058e-08
-4.909445285797119
11.353541374206543
-0.3067271411418915
1.999999987845058e-08
-2.8432106971740723
14.530952453613281
4.373144626617432
-1.999999987845058e-08
-1.017375111579895
16.208026885986328
8.376161575317383
1.999999987845058e-08
3.0892302989959717
17.461408615112305
12.01379108428955
-1.999999987845058e-08
10.935314178466797
21.24681282043457
17.706722259521484
1.999999987845058e-08
28.023866653442383
42.277679443359375
32.026493072509766
-1.999999987845058e-08
17.971296310424805
38.087982177734375
25.619285583496094
1.999999987845058e-08
7.1865057945251465
28.04224395751953
17.282482147216797
-1.999999987845058e-08
2.6985318660736084
19.909629821777344
13.633358001708984
1.999999987845058e-08
4.981204509735107
17.498579025268555
15.3396635055542
-1.999999987845058e-08
7.940106391906738
17.87771987915039
15.786438941955566
1.999999987845058e-08
6.144041061401367
18.324291229248047
11.587800025939941
-1.999999987845058e-08
-0.6118454337120056
17.685625076293945
5.188285827636719
1.999999987845058e-08
-7.686336517333984
14.947951316833496
-1.0661900043487549
-1.999999987845058e-08
-9.829252243041992
12.32490062713623
-5.798644542694092
1.999999987845058e-08
-0.6118454933166504
17.685623168945312
5.1882853507995605
-1.999999987845058e-08
-7.686336517333984
14.947951316833496
-1.0661898851394653
1.999999987845058e-08
-9.829252243041992
12.32490062713623
-5.798644542694092
-1.999999987845058e-08
-6.440701961517334
13.493565559387207
-7.29595947265625
1.999999987845058e-08
-1.504672884941101
16.926267623901367
-6.042143821716309
-1.999999987845058e-08
2.073835611343384
18.817209243774414
-4.171387672424316
1.999999987845058e-08
4.953536510467529
20.115734100341797
-1.4528595209121704
-1.999999987845058e-08
7.957355976104736
22.511388778686523
2.8849220275878906
1.999999987845058e-08
10.207686424255371
23.18655014038086
6.409379482269287
-1.999999987845058e-08
10.063150405883789
19.80961036682129
6.334476470947266
1.999999987845058e-08
-0.5482444763183594
8.662254333496094
-1.9030214548110962
-1.999999987845058e-08
-6.789849281311035
2.1273932456970215
-6.679037570953369
1.999999987845058e-08
-9.868858337402344
-4.605722904205322
-9.181167602539062
-1.999999987845058e-08
-10.355073928833008
-9.198102951049805
-8.832833290100098
1.999999987845058e-08
-11.174824714660645
-11.588567733764648
-8.923128128051758
-1.999999987845058e-08
-13.127793312072754
-13.012018203735352
-11.330622673034668
1.999999987845058e-08
-13.224456787109375
-12.686868667602539
-11.976201057434082
-1.999999987845058e-08
-8.557129859924316
-9.653114318847656
-6.861672401428223
1.999999987845058e-08
0.08740101754665375
-5.02907657623291
1.644043207168579
-1.999999987845058e-08
8.076277732849121
-0.4078094959259033
8.040766716003418
1.999999987845058e-08
8.076277732849121
-0.4078095257282257
8.040766716003418
-1.999999987845058e-08
10.667125701904297
2.599006414413452
8.989180564880371
1.999999987845058e-08
7.589209079742432
1.692439079284668
4.590914726257324
-1.999999987845058e-08
2.51981520652771
-3.1542603969573975
-1.5817301273345947
1.999999987845058e-08
-1.217805027961731
-8.37276554107666
-4.749093055725098
-1.999999987845058e-08
-3.561699867248535
-12.036890983581543
-4.19474983215332
1.999999987845058e-08
-7.232541084289551
-16.12720489501953
-4.019467353820801
-1.999999987845058e-08
-13.088876724243164
-21.068180084228516
-6.658912181854248
1.999999987845058e-08
-16.93825340270996
-23.5590877532959
-8.893424034118652
-1.999999987845058e-08
-15.225578308105469
-22.048030853271484
-7.319488525390625
1.999999987845058e-08
-10.67164421081543
-18.993518829345703
-3.7272257804870605
-1.999999987845058e-08
-7.455561637878418
-16.622203826904297
-1.236213207244873
1.999999987845058e-08
-6.239977836608887
-15.542106628417969
-0.5815059542655945
-1.999999987845058e-08
-6.254632472991943
-16.346582412719727
-2.351193904876709
1.999999987845058e-08
-5.892930507659912
-17.61720085144043
-5.508421421051025
-1.999999987845058e-08
-2.7333428859710693
-16.335399627685547
-5.387302398681641
1.999999987845058e-08
1.9029661417007446
-13.99252700805664
-1.121071219444275
-1.999999987845058e-08
2.8604512214660645
-15.493026733398438
0.7083572745323181
1.999999987845058e-08
-1.7320932149887085
-20.473806381225586
-3.753667116165161
-1.999999987845058e-08
-8.699112892150879
-24.068506240844727
-10.346355438232422
1.999999987845058e-08
-18.837207794189453
-25.812318801879883
-18.13665199279785
-1.999999987845058e-08
-19.74159812927246
-26.90363883972168
-18.818567276000977
1.999999987845058e-08
-18.5787410736084
-28.494430541992188
-16.773853302001953
-1.999999987845058e-08
-17.414562225341797
-30.247150421142578
-14.371903419494629
1.999999987845058e-08
-16.505430221557617
-29.392841339111328
-12.72053050994873
-1.999999987845058e-08
-14.497278213500977
-24.290142059326172
-10.197798728942871
1.999999987845058e-08
-10.221598625183105
-17.921798706054688
-6.425137996673584
-1.999999987845058e-08
-3.149822950363159
-12.750466346740723
-1.9445593357086182
1.999999987845058e-08
5.3708906173706055
-7.191168308258057
3.8154234886169434
-1.999999987845058e-08
12.243485450744629
-1.1609314680099487
9.728968620300293
1.999999987845058e-08
16.148042678833008
1.3414857387542725
11.113112449645996
-1.999999987845058e-08
12.573149681091309
-2.0864999294281006
7.901800155639648
1.999999987845058e-08
5.108003616333008
-8.48022747039795
3.1639366149902344
-1.999999987845058e-08
-2.011650800704956
-16.280181884765625
-2.737637996673584
1.999999987845058e-08
-4.681171894073486
-20.553865432739258
-6.454082489013672
-1.999999987845058e-08
-4.106645107269287
-19.409053802490234
-6.328351020812988
1.999999987845058e-08
-3.345424175262451
-16.18943214416504
-4.925991535186768
-1.999999987845058e-08
-3.9958252906799316
-14.524843215942383
-4.487469673156738
1.999999987845058e-08
-6.682506561279297
-15.827792167663574
-5.2636399269104
-1.999999987845058e-08
-9.303893089294434
-19.203479766845703
-6.9970293045043945
1.999999987845058e-08
-6.682506561279297
-15.827792167663574
-5.2636399269104
-1.999999987845058e-08
-9.303893089294434
-19.203479766845703
-6.9970293045043945
1.999999987845058e-08
-7.85962438583374
-20.519712448120117
-8.014059066772461
-1.999999987845058e-08
-2.1455912590026855
-15.830965995788574
-5.647526264190674
1.999999987845058e-08
3.2468087673187256
-8.491548538208008
-0.5702956914901733
-1.999999987845058e-08
4.765618801116943
-6.789428234100342
2.5511865615844727
1.999999987845058e-08
3.320582389831543
-11.486026763916016
1.8125152587890625
-1.999999987845058e-08
1.2873810529708862
-14.469606399536133
0.20334263145923615
1.999999987845058e-08
-0.48681557178497314
-12.45730209350586
-1.3862413167953491
-1.999999987845058e-08
-2.0522620677948
-10.979269981384277
-5.018825054168701
1.999999987845058e-08
-9.486312866210938
-24.666505813598633
-3.0189297199249268
-1.999999987845058e-08
-15.502291679382324
-28.90155029296875
-8.954028129577637
1.999999987845058e-08
-18.039688110351562
-28.242727279663086
-15.055839538574219
-1.999999987845058e-08
-15.493768692016602
-23.408885955810547
-17.827444076538086
1.999999987845058e-08
-10.531665802001953
-17.450883865356445
-17.27440071105957
-1.999999987845058e-08
-5.590080738067627
-12.872777938842773
-13.734906196594238
1.999999987845058e-08
-0.8253191709518433
-11.351133346557617
-8.447710037231445
-1.999999987845058e-08
3.39363431930542
-12.019280433654785
-3.7636704444885254
1.999999987845058e-08
5.2846999168396
-12.25500774383545
-0.9763650894165039
-1.999999987845058e-08
3.013751268386841
-12.831134796142578
-1.1403802633285522
1.999999987845058e-08
3.013751268386841
-12.831134796142578
-1.1403803825378418
-1.999999987845058e-08
-3.724991798400879
-17.26221466064453
-5.938704967498779
1.999999987845058e-08
-11.751696586608887
-23.71442413330078
-13.282407760620117
-1.999999987845058e-08
-16.288427352905273
-25.392887115478516
-17.106847763061523
1.999999987845058e-08
-16.3772029876709
-21.06499671936035
-15.74972915649414
-1.999999987845058e-08
-14.73072624206543
-16.371562957763672
-13.331170082092285
1.999999987845058e-08
-12.87151050567627
-14.4640531539917
-11.50463581085205
-1.999999987845058e-08
-9.675233840942383
-13.631475448608398
-8.235180854797363
1.999999987845058e-08
-4.640676498413086
-12.836527824401855
-3.7155845165252686
-1.999999987845058e-08
0.08172589540481567
-12.26421070098877
-0.11732255667448044
1.999999987845058e-08
2.4320194721221924
-10.630084991455078
2.1508712768554688
-1.999999987845058e-08
2.5960710048675537
-7.259591579437256
3.3589046001434326
1.999999987845058e-08
1.9177212715148926
-3.1756222248077393
3.5069127082824707
-1.999999987845058e-08
2.1684353351593018
1.4746336936950684
3.9214224815368652
1.999999987845058e-08
5.048594951629639
5.639076232910156
5.559449672698975
-1.999999987845058e-08
9.58228874206543
6.2662353515625
7.349100112915039
1.999999987845058e-08
11.75788688659668
4.1222405433654785
8.7103853225708
-1.999999987845058e-08
9.650888442993164
2.9576635360717773
9.626022338867188
1.999999987845058e-08
5.418773651123047
1.4418740272521973
7.981869697570801
-1.999999987845058e-08
2.0361337661743164
-2.843488931655884
2.8158955574035645
1.999999987845058e-08
5.418773651123047
1.4418740272521973
7.981869697570801
-1.999999987845058e-08
2.0361337661743164
-2.843488931655884
2.8158955574035645
1.999999987845058e-08
1.5830495357513428
-5.346253395080566
-1.8315705060958862
-1.999999987845058e-08
3.016127347946167
-2.650113821029663
-3.4559056758880615
1.999999987845058e-08
2.5800116062164307
0.24574711918830872
-5.344703197479248
-1.999999987845058e-08
1.3606934547424316
1.2641839981079102
-6.707131862640381
1.999999987845058e-08
5.450017929077148
6.771537780761719
-0.27940019965171814
-1.999999987845058e-08
15.364562034606934
18.0356388092041
13.418625831604004
1.999999987845058e-08
23.711292266845703
26.734994888305664
23.34929656982422
-1.999999987845058e-08
23.561838150024414
27.307191848754883
22.641315460205078
1.999999987845058e-08
-5.0425543785095215
5.37925910949707
-3.899815320968628
-1.999999987845058e-08
-3.1744911670684814
4.635202884674072
-2.555154323577881
1.999999987845058e-08
3.033156394958496
8.476210594177246
4.591037273406982
-1.999999987845058e-08
6.916135311126709
10.140766143798828
10.243733406066895
1.999999987845058e-08
4.690722942352295
6.971000671386719
10.809264183044434
-1.999999987845058e-08
-1.7592079639434814
1.9724994897842407
8.1359281539917
1.999999987845058e-08
-5.440935134887695
-1.5379115343093872
5.137631416320801
-1.999999987845058e-08
-1.6230777502059937
-1.1827948093414307
3.928586483001709
1.999999987845058e-08
5.89725399017334
4.56192684173584
6.125699520111084
-1.999999987845058e-08
9.526968002319336
12.941084861755371
10.578691482543945
1.999999987845058e-08
9.526968002319336
12.941084861755371
10.578691482543945
-1.999999987845058e-08
7.463469505310059
18.30766487121582
13.535066604614258
1.999999987845058e-08
4.898829460144043
19.364849090576172
14.29808521270752
-1.999999987845058e-08
5.971774578094482
19.81421661376953
15.940637588500977
1.999999987845058e-08
8.117233276367188
21.319988250732422
18.149425506591797
-1.999999987845058e-08
5.727339267730713
20.526819229125977
15.625332832336426
1.999999987845058e-08
-2.4596636295318604
13.684642791748047
6.254180431365967
-1.999999987845058e-08
-11.659966468811035
1.9180537462234497
-4.573616981506348
1.999999987845058e-08
-17.302536010742188
-9.171714782714844
-10.952424049377441
-1.999999987845058e-08
-19.989839553833008
-15.014619827270508
-13.571470260620117
1.999999987845058e-08
-21.9226131439209
-16.311729431152344
-16.384403228759766
-1.999999987845058e-08
-22.26782989501953
-16.432411193847656
-19.397863388061523
1.999999987845058e-08
-19.06635856628418
-15.312047004699707
-18.514514923095703
-1.999999987845058e-08
-13.261516571044922
-10.708243370056152
-12.117803573608398
1.999999987845058e-08
-8.292485237121582
-5.676720142364502
-4.985517501831055
-1.999999987845058e-08
-6.402804374694824
-6.185218811035156
-2.588663101196289
1.999999987845058e-08
-7.49636173248291
-10.843870162963867
-4.014051914215088
-1.999999987845058e-08
-9.85351276397705
-12.807162284851074
-5.019705295562744
1.999999987845058e-08
-9.753239631652832
-10.252464294433594
-4.10800313949585
-1.999999987845058e-08
-4.134889602661133
-5.83857536315918
-1.5353901386260986
1.999999987845058e-08
-4.134889602661133
-5.83857536315918
-1.5353902578353882
-1.999999987845058e-08
5.121554374694824
0.6304972767829895
3.2123377323150635
1.999999987845058e-08
12.52679443359375
9.881606101989746
9.101967811584473
-1.999999987845058e-08
13.816566467285156
17.047134399414062
12.022859573364258
1.999999987845058e-08
8.864921569824219
16.731122970581055
9.658034324645996
-1.999999987845058e-08
1.8837031126022339
11.182904243469238
5.092325210571289
1.999999987845058e-08
-1.5234795808792114
6.559197425842285
2.1985230445861816
-1.999999987845058e-08
0.5107441544532776
5.482195854187012
1.5731005668640137
1.999999987845058e-08
4.6476545333862305
7.581318378448486
2.8656578063964844
-1.999999987845058e-08
7.399129390716553
11.89909553527832
6.158566474914551
1.999999987845058e-08
10.488387107849121
19.71352195739746
11.216343879699707
-1.999999987845058e-08
10.952973365783691
21.6600399017334
9.694953918457031
1.999999987845058e-08
10.274312973022461
22.460792541503906
7.2996721267700195
-1.999999987845058e-08
11.512113571166992
22.4772891998291
6.567324161529541
1.999999987845058e-08
15.887639999389648
23.299936294555664
8.783120155334473
-1.999999987845058e-08
19.182945251464844
25.0225772857666
12.22690200805664
1.999999987845058e-08
17.61790657043457
25.067678451538086
12.927148818969727
-1.999999987845058e-08
13.035304069519043
22.833282470703125
9.57034683227539
1.999999987845058e-08
8.738130569458008
21.107677459716797
5.821369647979736
-1.999999987845058e-08
5.389126777648926
20.7838191986084
5.214573383331299
1.999999987845058e-08
5.389126777648926
20.7838191986084
5.214573383331299
-1.999999987845058e-08
4.242254257202148
20.423362731933594
7.266902923583984
1.999999987845058e-08
7.224519729614258
20.492156982421875
10.381537437438965
-1.999999987845058e-08
11.363337516784668
20.73732566833496
13.066859245300293
1.999999987845058e-08
11.298722267150879
17.7972469329834
12.457052230834961
-1.999999987845058e-08
6.975093841552734
11.336145401000977
7.375338077545166
1.999999987845058e-08
2.619858741760254
5.73439359664917
1.502427577972412
-1.999999987845058e-08
1.1300190687179565
3.0291571617126465
-0.7340489625930786
1.999999987845058e-08
3.0423519611358643
1.7428728342056274
0.9830157160758972
-1.999999987845058e-08
7.48760461807251
2.2525553703308105
4.87285852432251
1.999999987845058e-08
13.48987865447998
9.490769386291504
12.273567199707031
-1.999999987845058e-08
11.543067932128906
11.428955078125
11.756665229797363
1.999999987845058e-08
7.732485771179199
13.629912376403809
9.513019561767578
-1.999999987845058e-08
4.014736175537109
16.9111385345459
6.846337795257568
1.999999987845058e-08
1.5398362874984741
17.05462646484375
3.1555752754211426
-1.999999987845058e-08
0.4827505946159363
13.373826026916504
0.33047086000442505
1.999999987845058e-08
-0.08194402605295181
11.886865615844727
1.7348626852035522
-1.999999987845058e-08
-1.4002032279968262
14.210040092468262
5.400787830352783
1.999999987845058e-08
-2.7420730590820312
14.929930686950684
6.364355087280273
-1.999999987845058e-08
-1.4469801187515259
12.749592781066895
5.52919340133667
1.999999987845058e-08
8.691644668579102
12.997322082519531
14.34246826171875
-1.999999987845058e-08
11.219572067260742
12.647843360900879
18.753374099731445
1.999999987845058e-08
9.537752151489258
10.531648635864258
18.3155517578125
-1.999999987845058e-08
5.070008754730225
8.89247989654541
15.193099975585938
1.999999987845058e-08
-0.20832255482673645
8.077789306640625
11.445965766906738
-1.999999987845058e-08
-4.58323860168457
7.405303478240967
7.3897271156311035
1.999999987845058e-08
-6.51518440246582
6.973521709442139
4.401181221008301
-1.999999987845058e-08
-6.500360012054443
6.805239200592041
3.3783679008483887
1.999999987845058e-08
-7.340546607971191
7.190550804138184
2.326171636581421
-1.999999987845058e-08
-10.783784866333008
8.335785865783691
-1.023352861404419
1.999999987845058e-08
-10.783784866333008
8.335785865783691
-1.0233529806137085
-1.999999987845058e-08
-14.687784194946289
8.661178588867188
-6.406224727630615
1.999999987845058e-08
-15.089177131652832
7.737882614135742
-11.305131912231445
-1.999999987845058e-08
-11.423100471496582
9.168514251708984
-12.780753135681152
1.999999987845058e-08
-7.01670503616333
14.632099151611328
-10.373273849487305
-1.999999987845058e-08
-4.628510475158691
18.877437591552734
-7.276761054992676
1.999999987845058e-08
-4.075660705566406
17.617095947265625
-6.1631879806518555
-1.999999987845058e-08
-2.8856236934661865
14.885875701904297
-5.1394453048706055
1.999999987845058e-08
0.4422973096370697
15.111430168151855
-1.9942982196807861
-1.999999987845058e-08
3.68088436126709
15.439305305480957
0.792961597442627
1.999999987845058e-08
4.275712966918945
12.57518196105957
0.5748602747917175
-1.999999987845058e-08
2.4876198768615723
8.355219841003418
-1.2154523134231567
1.999999987845058e-08
-0.862707257270813
4.5579376220703125
-3.3892476558685303
-1.999999987845058e-08
-4.987796306610107
0.7400023937225342
-6.85386323928833
1.999999987845058e-08
-8.002161979675293
-2.2800021171569824
-10.409440994262695
-1.999999987845058e-08
-8.942069053649902
-3.767636775970459
-11.661531448364258
1.999999987845058e-08
-9.089483261108398
-5.524368762969971
-11.593842506408691
-1.999999987845058e-08
-9.97480297088623
-8.303791046142578
-12.808855056762695
1.999999987845058e-08
-11.50468635559082
-9.97172737121582
-15.625678062438965
-1.999999987845058e-08
-11.942349433898926
-9.507996559143066
-18.61399269104004
1.999999987845058e-08
-11.942349433898926
-9.507997512817383
-18.61399269104004
-1.999999987845058e-08
-9.996038436889648
-8.122249603271484
-19.90343475341797
1.999999987845058e-08
-6.726269245147705
-6.229856967926025
-17.289857864379883
-1.999999987845058e-08
-4.501556873321533
-4.38929557800293
-10.765130996704102
1.999999987845058e-08
-5.138811111450195
-5.038601875305176
-5.039266109466553
-1.999999987845058e-08
-8.113447189331055
-8.241127014160156
-4.878868103027344
1.999999987845058e-08
-10.318543434143066
-10.228253364562988
-8.885408401489258
-1.999999987845058e-08
-10.122991561889648
-9.972271919250488
-13.16075611114502
1.999999987845058e-08
-9.533524513244629
-10.804439544677734
-17.246885299682617
-1.999999987845058e-08
-10.405092239379883
-13.613516807556152
-21.046646118164062
1.999999987845058e-08
-10.388065338134766
-12.200385093688965
-15.719305038452148
-1.999999987845058e-08
-7.787256240844727
-9.443241119384766
-15.621570587158203
1.999999987845058e-08
-8.014666557312012
-9.070622444152832
-19.473270416259766
-1.999999987845058e-08
-11.384580612182617
-11.996134757995605
-25.24748992919922
1.999999987845058e-08
-13.309419631958008
-14.600847244262695
-28.674274444580078
-1.999999987845058e-08
-10.755687713623047
-14.679455757141113
-27.202211380004883
1.999999987845058e-08
-5.85935640335083
-15.202664375305176
-22.433584213256836
-1.999999987845058e-08
-1.757353663444519
-17.14505386352539
-16.361677169799805
1.999999987845058e-08
0.16045643389225006
-16.972883224487305
-9.961003303527832
-1.999999987845058e-08
-1.4634921550750732
-15.308951377868652
-7.116589069366455
1.999999987845058e-08
-1.4634921550750732
-15.308951377868652
-7.116589069366455
-1.999999987845058e-08
-6.940666675567627
-17.621784210205078
-11.979168891906738
1.999999987845058e-08
-12.872213363647461
-23.846120834350586
-20.660581588745117
-1.999999987845058e-08
-14.64922046661377
-28.107179641723633
-23.842693328857422
1.999999987845058e-08
-11.26162052154541
-28.46649932861328
-18.383230209350586
-1.999999987845058e-08
-6.470422267913818
-27.480093002319336
-9.933122634887695
1.999999987845058e-08
-5.372673034667969
-25.85321807861328
-4.999283313751221
-1.999999987845058e-08
-9.033780097961426
-23.323360443115234
-5.375149726867676
1.999999987845058e-08
-13.046388626098633
-21.49323081970215
-8.745189666748047
-1.999999987845058e-08
-12.480366706848145
-20.568626403808594
-10.823625564575195
1.999999987845058e-08
-7.289414882659912
-18.406177520751953
-8.663942337036133
-1.999999987845058e-08
-1.2911481857299805
-14.508051872253418
-3.6381232738494873
1.999999987845058e-08
2.9662797451019287
-9.940974235534668
1.3373020887374878
-1.999999987845058e-08
5.51431941986084
-5.195700645446777
5.533295154571533
1.999999987845058e-08
6.355833053588867
-1.9595078229904175
7.976587772369385
-1.999999987845058e-08
4.8966898918151855
-2.3173394203186035
6.2280755043029785
1.999999987845058e-08
2.023621082305908
-3.9963626861572266
1.4149882793426514
-1.999999987845058e-08
0.41638806462287903
-2.874657392501831
-1.3067033290863037
1.999999987845058e-08
1.3594779968261719
-0.4898020923137665
-0.3250749409198761
-1.999999987845058e-08
2.9963090419769287
-1.5174665451049805
0.6658328771591187
1.999999987845058e-08
3.939504384994507
-5.086768627166748
0.1885872483253479
-1.999999987845058e-08
5.805614948272705
-6.229907989501953
1.1547340154647827
1.999999987845058e-08
9.735323905944824
-3.3676507472991943
4.645055294036865
-1.999999987845058e-08
13.637665748596191
1.5839390754699707
8.022583961486816
1.999999987845058e-08
14.755334854125977
6.181360721588135
9.141816139221191
-1.999999987845058e-08
13.18818473815918
7.624691963195801
8.127881050109863
1.999999987845058e-08
11.6851167678833
5.396926403045654
6.4227776527404785
-1.999999987845058e-08
12.299421310424805
3.4888367652893066
6.200559616088867
1.999999987845058e-08
13.867121696472168
4.64434289932251
7.941722393035889
-1.999999987845058e-08
13.81312084197998
5.917547702789307
9.045945167541504
1.999999987845058e-08
12.658531188964844
4.851120471954346
8.699761390686035
-1.999999987845058e-08
12.898615837097168
3.762633800506592
10.091917037963867
1.999999987845058e-08
13.048563957214355
3.659626007080078
13.366848945617676
-1.999999987845058e-08
9.47256851196289
1.7900410890579224
13.586048126220703
1.999999987845058e-08
4.0298638343811035
-1.8530789613723755
9.506428718566895
-1.999999987845058e-08
2.7077441215515137
-3.640036106109619
6.224512577056885
1.999999987845058e-08
6.9084577560424805
-3.2516274452209473
6.77899694442749
-1.999999987845058e-08
11.433767318725586
-4.212014198303223
8.350118637084961
1.999999987845058e-08
10.943222045898438
-7.663763046264648
7.7007036209106445
-1.999999987845058e-08
5.954898834228516
-11.252313613891602
5.064443111419678
1.999999987845058e-08
1.4870928525924683
-13.077923774719238
2.188667058944702
-1.999999987845058e-08
0.4160129725933075
-13.31800365447998
-0.24101205170154572
1.999999987845058e-08
1.7256664037704468
-13.30874252319336
-2.3804450035095215
-1.999999987845058e-08
3.6186840534210205
-14.718082427978516
-4.3439226150512695
1.999999987845058e-08
3.7312164306640625
-17.948604583740234
-6.102756977081299
-1.999999987845058e-08
1.0650235414505005
-20.680349349975586
-6.092653751373291
1.999999987845058e-08
-0.9421731233596802
-20.834182739257812
-1.9083633422851562
-1.999999987845058e-08
0.2353813797235489
-20.18842315673828
4.506392955780029
1.999999987845058e-08
2.060106039047241
-20.83915138244629
7.053109645843506
-1.999999987845058e-08
2.685438394546509
-21.01457405090332
3.6004230976104736
1.999999987845058e-08
3.4993793964385986
-18.433595657348633
-1.3165099620819092
-1.999999987845058e-08
5.572522163391113
-13.27310562133789
-2.5595123767852783
1.999999987845058e-08
9.782200813293457
-5.927354335784912
1.8276653289794922
-1.999999987845058e-08
16.853681564331055
2.327333688735962
10.680525779724121
1.999999987845058e-08
22.887760162353516
6.884315013885498
18.533466339111328
-1.999999987845058e-08
20.364849090576172
3.862257242202759
18.15184211730957
1.999999987845058e-08
8.075843811035156
-4.955470085144043
8.468992233276367
-1.999999987845058e-08
-4.948184013366699
-14.683801651000977
-3.380293846130371
1.999999987845058e-08
-9.283804893493652
-21.198930740356445
-9.197713851928711
-1.999999987845058e-08
-4.558586597442627
-21.678335189819336
-6.061538219451904
1.999999987845058e-08
-4.558587074279785
-21.678335189819336
-6.061538219451904
-1.999999987845058e-08
2.539926052093506
-17.07480239868164
2.295189142227173
1.999999987845058e-08
5.394093036651611
-13.350703239440918
7.839402198791504
-1.999999987845058e-08
2.820908784866333
-14.142218589782715
6.081178665161133
1.999999987845058e-08
-0.014489984139800072
-14.985249519348145
2.0237061977386475
-1.999999987845058e-08
2.6360981464385986
-10.740365028381348
3.199306011199951
1.999999987845058e-08
10.369606018066406
-3.223493814468384
9.293961524963379
-1.999999987845058e-08
17.575862884521484
3.681894063949585
14.289698600769043
1.999999987845058e-08
20.143049240112305
9.13026237487793
15.193366050720215
-1.999999987845058e-08
19.161285400390625
12.646313667297363
13.87399959564209
1.999999987845058e-08
7.927333354949951
5.140752792358398
12.394244194030762
-1.999999987845058e-08
0.24460723996162415
0.5013526082038879
6.927734851837158
1.999999987845058e-08
-3.750683307647705
-1.0197471380233765
-0.14026445150375366
-1.999999987845058e-08
-1.8506560325622559
1.9408392906188965
-2.925931692123413
1.999999987845058e-08
3.7234325408935547
6.945775985717773
0.14133000373840332
-1.999999987845058e-08
8.862743377685547
10.679515838623047
5.457141876220703
1.999999987845058e-08
10.354082107543945
12.098150253295898
9.568986892700195
-1.999999987845058e-08
7.679557800292969
10.457175254821777
10.644965171813965
1.999999987845058e-08
2.8889901638031006
5.114257335662842
7.454401016235352
-1.999999987845058e-08
-1.4285932779312134
-0.9866102337837219
1.2181661128997803
1.999999987845058e-08
-1.428593397140503
-0.9866102933883667
1.2181661128997803
-1.999999987845058e-08
-4.762435436248779
-3.7907216548919678
-4.929259777069092
1.999999987845058e-08
-8.923308372497559
-4.484579086303711
-10.788077354431152
-1.999999987845058e-08
-14.628015518188477
-6.748275279998779
-18.640710830688477
1.999999987845058e-08
-19.248950958251953
-9.258326530456543
-26.952571868896484
-1.999999987845058e-08
-19.508087158203125
-8.268406867980957
-30.42378044128418
1.999999987845058e-08
-15.566551208496094
-4.819700717926025
-27.118459701538086
-1.999999987845058e-08
-11.197630882263184
-2.298902988433838
-20.119897842407227
1.999999987845058e-08
-10.390036582946777
-1.113015055656433
-13.134149551391602
-1.999999987845058e-08
-13.574601173400879
-0.9348354935646057
-9.004955291748047
1.999999987845058e-08
-13.574601173400879
-0.9348355531692505
-9.004955291748047
-1.999999987845058e-08
-16.686603546142578
-2.2513039112091064
-9.054696083068848
1.999999987845058e-08
-14.756889343261719
-2.818424940109253
-10.237335205078125
-1.999999987845058e-08
-6.3256144523620605
1.057901382446289
-7.259115219116211
1.999999987845058e-08
4.817402362823486
8.817252159118652
0.0941435918211937
-1.999999987845058e-08
12.546576499938965
17.006263732910156
6.696976184844971
1.999999987845058e-08
14.677178382873535
23.967971801757812
9.895846366882324
-1.999999987845058e-08
13.153607368469238
27.475616455078125
10.682408332824707
1.999999987845058e-08
9.130268096923828
24.387737274169922
9.291483879089355
-1.999999987845058e-08
4.044089317321777
17.425506591796875
7.522816181182861
1.999999987845058e-08
1.0474644899368286
8.841336250305176
16.334497451782227
-1.999999987845058e-08
1.1848945617675781
7.6545305252075195
16.72258186340332
1.999999987845058e-08
4.509634971618652
11.461942672729492
18.241491317749023
-1.999999987845058e-08
9.82826042175293
18.288169860839844
19.825225830078125
1.999999987845058e-08
11.04218864440918
22.30236053466797
17.491580963134766
-1.999999987845058e-08
6.491940975189209
21.593475341796875
11.396209716796875
1.999999987845058e-08
1.4146839380264282
18.862281799316406
5.528526782989502
-1.999999987845058e-08
0.4811570942401886
17.310237884521484
2.4674477577209473
1.999999987845058e-08
4.922765731811523
19.026185989379883
3.3092334270477295
-1.999999987845058e-08
14.387301445007324
24.19738006591797
8.978861808776855
1.999999987845058e-08
14.387301445007324
24.19738006591797
8.978861808776855
-1.999999987845058e-08
25.538509368896484
30.823999404907227
17.515811920166016
1.999999987845058e-08
31.474472045898438
36.05916976928711
23.781797409057617
-1.999999987845058e-08
28.018335342407227
36.7602653503418
23.90644645690918
1.999999987845058e-08
18.8857421875
30.87413215637207
18.29557991027832
-1.999999987845058e-08
10.448030471801758
20.98651695251465
10.871844291687012
1.999999987845058e-08
5.320534706115723
13.37386417388916
6.237174987792969
-1.999999987845058e-08
3.6555488109588623
10.886900901794434
5.775899410247803
1.999999987845058e-08
4.2261962890625
10.313372611999512
6.148789882659912
-1.999999987845058e-08
3.4718568325042725
8.77644157409668
3.7953760623931885
1.999999987845058e-08
-0.1138988509774208
8.003141403198242
0.0724356472492218
-1.999999987845058e-08
-2.502155065536499
9.757425308227539
-0.9062510132789612
1.999999987845058e-08
-0.21746282279491425
12.149374008178711
1.9260718822479248
-1.999999987845058e-08
4.1420698165893555
13.151801109313965
5.946442127227783
1.999999987845058e-08
6.195111274719238
12.98405647277832
8.230795860290527
-1.999999987845058e-08
5.350489616394043
12.194653511047363
7.247585296630859
1.999999987845058e-08
4.406443119049072
11.651856422424316
3.957552909851074
-1.999999987845058e-08
5.749392509460449
12.811772346496582
2.342627763748169
1.999999987845058e-08
8.603063583374023
15.081534385681152
5.259960174560547
-1.999999987845058e-08
10.424141883850098
16.19048500061035
10.794608116149902
1.999999987845058e-08
10.424141883850098
16.19048500061035
10.794608116149902
-1.999999987845058e-08
9.207213401794434
15.2631196975708
14.963211059570312
1.999999987845058e-08
3.8947970867156982
12.292926788330078
15.199592590332031
-1.999999987845058e-08
-4.05019474029541
7.507293224334717
11.26909065246582
1.999999987845058e-08
-10.792922973632812
3.092186212539673
5.630824089050293
-1.999999987845058e-08
-14.815994262695312
1.1059924364089966
1.1771965026855469
1.999999987845058e-08
