0
-9.153641700744629
-9.015205383300781
-17.05076026916504
1.999999987845058e-08
-12.554280281066895
-11.025687217712402
-18.312992095947266
-1.999999987845058e-08
-18.035552978515625
-15.827300071716309
-23.957122802734375
1.999999987845058e-08
-21.765718460083008
-18.79541015625
-28.906124114990234
-1.999999987845058e-08
-20.83936882019043
-18.225414276123047
-29.71885871887207
1.999999987845058e-08
-17.997783660888672
-15.383310317993164
-28.155799865722656
-1.999999987845058e-08
-18.54197120666504
-13.235004425048828
-28.458494186401367
1.999999987845058e-08
-22.636703491210938
-14.81572437286377
-32.11472702026367
-1.999999987845058e-08
-24.441495895385742
-17.113370895385742
-34.920127868652344
1.999999987845058e-08
-18.87339210510254
-12.589452743530273
-30.693683624267578
-1.999999987845058e-08
-7.697373867034912
-2.775042772293091
-19.849525451660156
1.999999987845058e-08
3.1101794242858887
3.129497766494751
-9.408446311950684
-1.999999987845058e-08
8.452415466308594
3.969400644302368
-4.787801265716553
1.999999987845058e-08
3.028994560241699
1.893292784690857
-8.820276260375977
-1.999999987845058e-08
-13.660204887390137
-7.59981632232666
-21.169483184814453
1.999999987845058e-08
-30.150529861450195
-22.36420440673828
-33.0229606628418
-1.999999987845058e-08
-33.60498809814453
-28.69345474243164
-33.771602630615234
1.999999987845058e-08
-23.801647186279297
-21.388540267944336
-24.101259231567383
-1.999999987845058e-08
-11.17230224609375
-11.070128440856934
-14.626296043395996
1.999999987845058e-08
-11.17230224609375
-11.070128440856934
-14.626296043395996
-1.999999987845058e-08
-5.024600028991699
-7.018353462219238
-12.154897689819336
1.999999987845058e-08
-5.590517044067383
-7.328464031219482
-13.308960914611816
-1.999999987845058e-08
-8.587491035461426
-7.9435014724731445
-13.357970237731934
1.999999987845058e-08
-12.138946533203125
-9.119622230529785
-12.915154457092285
-1.999999987845058e-08
-16.351972579956055
-12.133056640625
-14.061408042907715
1.999999987845058e-08
-21.88623046875
-18.195377349853516
-18.24953842163086
-1.999999987845058e-08
-27.595205307006836
-26.778316497802734
-24.872417449951172
1.999999987845058e-08
-29.012615203857422
-31.989294052124023
-27.95317840576172
-1.999999987845058e-08
-24.796710968017578
-30.194841384887695
-23.440425872802734
1.999999987845058e-08
-24.796710968017578
-30.194841384887695
-23.440425872802734
-1.999999987845058e-08
-20.182430267333984
-28.059123992919922
-17.319568634033203
1.999999987845058e-08
-18.534475326538086
-30.284757614135742
-15.039417266845703
-1.999999987845058e-08
-16.849123001098633
-29.56761932373047
-12.514179229736328
1.999999987845058e-08
-12.668191909790039
-21.502424240112305
-6.896412372589111
-1.999999987845058e-08
-8.6028470993042
-14.423904418945312
-3.11633563041687
1.999999987845058e-08
-7.978113174438477
-14.337379455566406
-3.9333078861236572
-1.999999987845058e-08
-9.454240798950195
-15.46374225616455
-4.7667036056518555
1.999999987845058e-08
-8.432239532470703
-12.153730392456055
-1.6174826622009277
-1.999999987845058e-08
-2.689009666442871
-7.120608806610107
4.135234832763672
1.999999987845058e-08
4.300992965698242
-4.717451095581055
9.246222496032715
-1.999999987845058e-08
6.156599521636963
-6.109253883361816
10.993978500366211
1.999999987845058e-08
1.705930233001709
-10.513788223266602
8.542162895202637
-1.999999987845058e-08
-4.468101978302002
-15.399901390075684
3.684203624725342
1.999999987845058e-08
-9.782848358154297
-18.145681381225586
-1.1392149925231934
-1.999999987845058e-08
-13.325865745544434
-18.14932632446289
-3.3737361431121826
1.999999987845058e-08
-13.770833015441895
-16.355823516845703
-2.251969337463379
-1.999999987845058e-08
-12.76219367980957
-14.240333557128906
-0.7302370667457581
1.999999987845058e-08
-12.3931245803833
-13.02038288116455
-1.0015913248062134
-1.999999987845058e-08
-11.947290420532227
-13.723346710205078
-2.0566420555114746
1.999999987845058e-08
-10.909465789794922
-16.177783966064453
-2.5950393676757812
-1.999999987845058e-08
-9.439115524291992
-17.264667510986328
-1.5993115901947021
1.999999987845058e-08
-6.275200366973877
-14.378071784973145
2.0726094245910645
-1.999999987845058e-08
-0.621116578578949
-9.563514709472656
7.90523099899292
1.999999987845058e-08
4.993605136871338
-6.436679840087891
12.919666290283203
-1.999999987845058e-08
7.2045488357543945
-5.193329811096191
14.68543815612793
1.999999987845058e-08
6.834428310394287
-3.4041061401367188
14.434020042419434
-1.999999987845058e-08
7.494597434997559
-0.8028348684310913
14.972922325134277
1.999999987845058e-08
9.533693313598633
0.10310134291648865
17.011856079101562
-1.999999987845058e-08
10.11976432800293
-1.3105469942092896
19.465620040893555
1.999999987845058e-08
9.533693313598633
0.10310135036706924
17.011856079101562
-1.999999987845058e-08
10.11976432800293
-1.3105469942092896
19.465620040893555
1.999999987845058e-08
8.053155899047852
-3.17570424079895
20.847410202026367
-1.999999987845058e-08
4.811662197113037
-4.584531307220459
19.955228805541992
1.999999987845058e-08
2.6593520641326904
-5.710700511932373
17.531789779663086
-1.999999987845058e-08
1.950941562652588
-6.891445636749268
15.237568855285645
1.999999987845058e-08
-0.06428458541631699
-9.032210350036621
12.539019584655762
-1.999999987845058e-08
-5.155308723449707
-12.882925987243652
8.113738059997559
1.999999987845058e-08
-10.784906387329102
-18.1478271484375
2.8938345909118652
-1.999999987845058e-08
-13.109718322753906
-22.66036033630371
-0.705687940120697
1.999999987845058e-08
-8.404986381530762
-16.942874908447266
-3.6457479000091553
-1.999999987845058e-08
-2.3747475147247314
-14.062536239624023
3.171358108520508
1.999999987845058e-08
1.171446442604065
-10.74538516998291
10.300518035888672
-1.999999987845058e-08
-1.9230188131332397
-11.234667778015137
11.0752534866333
1.999999987845058e-08
-8.307551383972168
-14.700235366821289
6.367767333984375
-1.999999987845058e-08
-11.40537166595459
-16.57541275024414
2.742755174636841
1.999999987845058e-08
-9.84687614440918
-16.474058151245117
2.454636335372925
-1.999999987845058e-08
-7.9549150466918945
-16.836118698120117
2.3179194927215576
1.999999987845058e-08
-7.850664138793945
-16.55904769897461
1.9393771886825562
-1.999999987845058e-08
-6.607944488525391
-13.692422866821289
4.667309284210205
1.999999987845058e-08
-6.607944488525391
-13.692422866821289
4.667309284210205
-1.999999987845058e-08
-2.6761860847473145
-10.246063232421875
10.47009563446045
1.999999987845058e-08
0.7914630174636841
-8.898649215698242
14.516913414001465
-1.999999987845058e-08
0.9440909028053284
-9.776740074157715
12.96599006652832
1.999999987845058e-08
-0.6510488986968994
-11.953496932983398
7.53964900970459
-1.999999987845058e-08
-1.1483887434005737
-13.945055961608887
3.601599931716919
1.999999987845058e-08
-0.9547927379608154
-14.25241756439209
3.8838558197021484
-1.999999987845058e-08
-2.139876127243042
-13.729033470153809
6.164592742919922
1.999999987845058e-08
-4.762551307678223
-14.591150283813477
7.223698616027832
-1.999999987845058e-08
-6.872540473937988
-16.677104949951172
7.358712196350098
1.999999987845058e-08
-0.2389802634716034
-17.632543563842773
19.949676513671875
-1.999999987845058e-08
-0.049955613911151886
-20.58714485168457
20.355836868286133
1.999999987845058e-08
1.172552227973938
-24.24983024597168
21.496932983398438
-1.999999987845058e-08
5.842987537384033
-25.604536056518555
25.63957977294922
1.999999987845058e-08
12.498330116271973
-22.08149528503418
33.573631286621094
-1.999999987845058e-08
17.682220458984375
-15.365466117858887
42.17208480834961
1.999999987845058e-08
20.276268005371094
-10.5748291015625
47.02717971801758
-1.999999987845058e-08
19.77361488342285
-10.258148193359375
46.32052230834961
1.999999987845058e-08
14.951905250549316
-12.525169372558594
40.8028564453125
-1.999999987845058e-08
6.2767863273620605
-16.449068069458008
32.085838317871094
1.999999987845058e-08
6.2767863273620605
-16.449068069458008
32.085838317871094
-1.999999987845058e-08
-4.005589962005615
-23.036428451538086
22.402353286743164
1.999999987845058e-08
-14.366517066955566
-31.327863693237305
13.620315551757812
-1.999999987845058e-08
-24.891504287719727
-40.36649703979492
4.787806510925293
1.999999987845058e-08
-33.34737777709961
-49.22735595703125
-4.621711254119873
-1.999999987845058e-08
-33.1298713684082
-51.68963623046875
-8.875680923461914
1.999999987845058e-08
-21.610389709472656
-42.18733215332031
-2.1534528732299805
-1.999999987845058e-08
-5.573014736175537
-26.48098373413086
11.254372596740723
1.999999987845058e-08
6.933861255645752
-14.678483009338379
21.97525405883789
-1.999999987845058e-08
13.397204399108887
-8.65574836730957
26.60370635986328
1.999999987845058e-08
13.397204399108887
-8.65574836730957
26.60370635986328
-1.999999987845058e-08
15.169622421264648
-5.919794082641602
27.640399932861328
1.999999987845058e-08
16.153671264648438
-5.925738334655762
28.68825912475586
-1.999999987845058e-08
20.433547973632812
-5.517404556274414
32.70664978027344
1.999999987845058e-08
27.685626983642578
0.4884595572948456
39.976890563964844
-1.999999987845058e-08
33.45082092285156
10.859508514404297
46.95404815673828
1.999999987845058e-08
32.803260803222656
18.151639938354492
48.624061584472656
-1.999999987845058e-08
25.290145874023438
18.456823348999023
43.761600494384766
1.999999987845058e-08
18.3658447265625
16.284252166748047
38.338050842285156
-1.999999987845058e-08
19.30245018005371
17.484251022338867
38.67607879638672
1.999999987845058e-08
24.74628257751465
21.102195739746094
42.02920913696289
-1.999999987845058e-08
27.661714553833008
23.031225204467773
42.01047134399414
1.999999987845058e-08
28.095491409301758
23.129844665527344
38.91201400756836
-1.999999987845058e-08
28.4633731842041
24.07833480834961
36.900386810302734
1.999999987845058e-08
27.719770431518555
27.320070266723633
37.270931243896484
-1.999999987845058e-08
24.980783462524414
31.143293380737305
38.122535705566406
1.999999987845058e-08
22.345924377441406
31.860681533813477
37.214412689208984
-1.999999987845058e-08
21.53199577331543
28.9460391998291
34.26204299926758
1.999999987845058e-08
20.61331558227539
25.86561393737793
29.997581481933594
-1.999999987845058e-08
17.72484016418457
24.527511596679688
25.510610580444336
1.999999987845058e-08
17.72484016418457
24.527511596679688
25.510610580444336
-1.999999987845058e-08
14.820499420166016
24.344329833984375
23.593198776245117
1.999999987845058e-08
14.211674690246582
25.802703857421875
25.952102661132812
-1.999999987845058e-08
14.99185562133789
29.09939956665039
29.293476104736328
1.999999987845058e-08
15.472213745117188
32.12568283081055
29.559471130371094
-1.999999987845058e-08
15.319700241088867
33.213165283203125
27.601261138916016
1.999999987845058e-08
13.044370651245117
30.943647384643555
24.880449295043945
-1.999999987845058e-08
8.998748779296875
24.47953224182129
20.818702697753906
1.999999987845058e-08
9.855378150939941
20.080530166625977
19.223529815673828
-1.999999987845058e-08
18.845458984375
26.509958267211914
24.52130699157715
1.999999987845058e-08
30.179166793823242
46.90229415893555
27.586170196533203
-1.999999987845058e-08
27.93160057067871
44.493751525878906
25.62384605407715
1.999999987845058e-08
25.88377571105957
44.58278274536133
28.133798599243164
-1.999999987845058e-08
24.57568359375
44.957984924316406
32.45226287841797
1.999999987845058e-08
25.60980796813965
45.66629409790039
36.051918029785156
-1.999999987845058e-08
27.22686004638672
48.362632751464844
37.05374526977539
1.999999987845058e-08
24.648792266845703
49.91940689086914
33.60711669921875
-1.999999987845058e-08
17.914966583251953
46.834632873535156
27.165369033813477
1.999999987845058e-08
13.375907897949219
42.590328216552734
23.434709548950195
-1.999999987845058e-08
15.246227264404297
42.68043899536133
26.378761291503906
1.999999987845058e-08
21.57522201538086
47.00971221923828
33.75983810424805
-1.999999987845058e-08
27.600627899169922
51.362735748291016
39.982608795166016
1.999999987845058e-08
28.11397933959961
50.91073226928711
40.069942474365234
-1.999999987845058e-08
22.673213958740234
44.42671585083008
33.962135314941406
1.999999987845058e-08
18.839584350585938
38.53104019165039
29.113262176513672
-1.999999987845058e-08
22.519222259521484
40.99109649658203
32.67281723022461
1.999999987845058e-08
30.74663543701172
49.8793830871582
42.392906188964844
-1.999999987845058e-08
37.224082946777344
56.113853454589844
49.959510803222656
1.999999987845058e-08
37.51823043823242
55.26715087890625
49.55385971069336
-1.999999987845058e-08
30.403982162475586
50.866939544677734
41.45476531982422
1.999999987845058e-08
30.403982162475586
50.866939544677734
41.45476531982422
-1.999999987845058e-08
19.843412399291992
46.65867233276367
31.511005401611328
1.999999987845058e-08
12.69507122039795
42.75147247314453
26.70054817199707
-1.999999987845058e-08
11.614697456359863
40.144683837890625
28.037485122680664
1.999999987845058e-08
13.292037010192871
41.07155990600586
30.025362014770508
-1.999999987845058e-08
13.676398277282715
44.298858642578125
27.988636016845703
1.999999987845058e-08
11.644227027893066
46.66543960571289
22.37419319152832
-1.999999987845058e-08
9.212920188903809
47.727481842041016
16.572282791137695
1.999999987845058e-08
11.282241821289062
49.241641998291016
14.154006004333496
-1.999999987845058e-08
21.00602912902832
53.060489654541016
16.53741455078125
1.999999987845058e-08
21.00602912902832
53.060489654541016
16.53741455078125
-1.999999987845058e-08
32.483848571777344
59.217742919921875
20.173973083496094
1.999999987845058e-08
35.61666488647461
64.33305358886719
19.073062896728516
-1.999999987845058e-08
29.245145797729492
64.80378723144531
12.106343269348145
1.999999987845058e-08
20.964277267456055
61.618621826171875
4.3597893714904785
-1.999999987845058e-08
16.606355667114258
59.014095306396484
0.8650650978088379
1.999999987845058e-08
15.588724136352539
58.18562316894531
1.0939404964447021
-1.999999987845058e-08
13.467427253723145
55.78551483154297
0.3749101459980011
1.999999987845058e-08
8.438432693481445
51.09651565551758
-2.9050920009613037
-1.999999987845058e-08
4.66123628616333
48.753700256347656
-4.918632984161377
1.999999987845058e-08
4.661235809326172
48.753700256347656
-4.918632984161377
-1.999999987845058e-08
5.86642599105835
50.52379608154297
-3.2486162185668945
1.999999987845058e-08
9.807124137878418
52.728790283203125
-0.43779799342155457
-1.999999987845058e-08
13.462709426879883
54.05470657348633
1.688765525817871
1.999999987845058e-08
17.35957145690918
56.13682556152344
3.9469006061553955
-1.999999987845058e-08
20.43697738647461
56.949337005615234
4.192444324493408
1.999999987845058e-08
19.391986846923828
53.57126998901367
-0.6136856079101562
-1.999999987845058e-08
15.45046329498291
48.468284606933594
-7.191490650177002
1.999999987845058e-08
12.170693397521973
45.33736801147461
-11.466695785522461
-1.999999987845058e-08
9.87811279296875
44.73862075805664
-15.093017578125
1.999999987845058e-08
19.909027099609375
55.26096725463867
-11.30809497833252
-1.999999987845058e-08
19.716821670532227
52.515174865722656
-11.787729263305664
1.999999987845058e-08
14.287796974182129
46.224952697753906
-16.967403411865234
-1.999999987845058e-08
3.496523141860962
35.85646438598633
-26.731216430664062
1.999999987845058e-08
-4.882524013519287
28.089767456054688
-34.51283645629883
-1.999999987845058e-08
-4.179710388183594
26.003393173217773
-35.66872787475586
1.999999987845058e-08
1.1535652875900269
23.728240966796875
-34.653358459472656
-1.999999987845058e-08
2.3589060306549072
17.840700149536133
-37.03718948364258
1.999999987845058e-08
-1.7268712520599365
11.75040340423584
-41.512786865234375
-1.999999987845058e-08
-5.562726020812988
7.350467681884766
-43.81787872314453
1.999999987845058e-08
-5.231449604034424
3.449446439743042
-42.14048385620117
-1.999999987845058e-08
-1.5043249130249023
1.3360761404037476
-37.42355728149414
1.999999987845058e-08
0.8197507262229919
1.4540380239486694
-34.145912170410156
-1.999999987845058e-08
-2.852001905441284
-0.8901815414428711
-37.77872085571289
1.999999987845058e-08
-9.98400592803955
-6.961298942565918
-46.8350944519043
-1.999999987845058e-08
-14.267033576965332
-10.564664840698242
-54.454280853271484
1.999999987845058e-08
-16.928884506225586
-10.395025253295898
-59.83382034301758
-1.999999987845058e-08
-24.27879524230957
-13.766228675842285
-67.58688354492188
1.999999987845058e-08
-33.700767517089844
-21.673206329345703
-75.26314544677734
-1.999999987845058e-08
-35.68670654296875
-25.480125427246094
-74.87611389160156
1.999999987845058e-08
-35.68670654296875
-25.480125427246094
-74.87611389160156
-1.999999987845058e-08
-28.204326629638672
-21.66570281982422
-66.22554016113281
1.999999987845058e-08
-17.037960052490234
-15.043292045593262
-56.600799560546875
-1.999999987845058e-08
-7.449577331542969
-9.21668815612793
-50.5360107421875
1.999999987845058e-08
-2.8081531524658203
-6.204079627990723
-48.692508697509766
-1.999999987845058e-08
-5.0469560623168945
-9.914266586303711
-51.993560791015625
1.999999987845058e-08
-11.740983009338379
-19.99400520324707
-59.10420227050781
-1.999999987845058e-08
-16.332462310791016
-28.734460830688477
-64.14292907714844
1.999999987845058e-08
-14.792769432067871
-30.66341209411621
-63.2226448059082
-1.999999987845058e-08
-11.14028263092041
-29.233503341674805
-59.95951843261719
1.999999987845058e-08
-14.201945304870605
-31.82201385498047
-62.149662017822266
-1.999999987845058e-08
-27.175207138061523
-41.53820037841797
-73.42361450195312
1.999999987845058e-08
-42.92466354370117
-54.11864471435547
-87.94593048095703
-1.999999987845058e-08
-51.83304977416992
-61.844058990478516
-95.58888244628906
1.999999987845058e-08
-49.284156799316406
-60.10130310058594
-91.50070190429688
-1.999999987845058e-08
-36.87097930908203
-51.441402435302734
-79.18461608886719
1.999999987845058e-08
-23.090377807617188
-43.4845085144043
-67.0980224609375
-1.999999987845058e-08
-18.4113712310791
-41.63673782348633
-62.36174774169922
1.999999987845058e-08
-22.124971389770508
-44.25746154785156
-63.837215423583984
-1.999999987845058e-08
-21.289831161499023
-44.933982849121094
-62.748653411865234
1.999999987845058e-08
-5.586279392242432
-36.904808044433594
-50.198123931884766
-1.999999987845058e-08
-10.38254165649414
-41.172119140625
-52.90773391723633
1.999999987845058e-08
-18.235591888427734
-51.488426208496094
-59.350608825683594
-1.999999987845058e-08
-22.909923553466797
-60.44334411621094
-64.19782257080078
1.999999987845058e-08
-26.120925903320312
-66.31350708007812
-67.95105743408203
-1.999999987845058e-08
-28.995817184448242
-71.9332504272461
-72.01973724365234
1.999999987845058e-08
-32.09717559814453
-76.98918151855469
-75.79234313964844
-1.999999987845058e-08
-38.080657958984375
-79.98709106445312
-79.25306701660156
1.999999987845058e-08
-46.14738464355469
-82.55794525146484
-83.13455963134766
-1.999999987845058e-08
-47.912540435791016
-83.50546264648438
-83.84297180175781
1.999999987845058e-08
-47.912540435791016
-83.50546264648438
-83.84297180175781
-1.999999987845058e-08
-34.84468078613281
-76.08145904541016
-74.16043853759766
1.999999987845058e-08
-11.888354301452637
-60.42753601074219
-55.772701263427734
-1.999999987845058e-08
3.198678731918335
-49.170555114746094
-43.08319091796875
1.999999987845058e-08
-0.8903688788414001
-51.657840728759766
-46.116729736328125
-1.999999987845058e-08
-16.847900390625
-62.214996337890625
-57.947818756103516
1.999999987845058e-08
-28.208126068115234
-69.54277038574219
-64.93932342529297
-1.999999987845058e-08
-24.695140838623047
-68.42616271972656
-60.96760177612305
1.999999987845058e-08
-9.939202308654785
-61.10218811035156
-50.1119499206543
-1.999999987845058e-08
-0.28846216201782227
-56.24106216430664
-44.16294860839844
1.999999987845058e-08
-9.930246353149414
-63.163909912109375
-53.89406204223633
-1.999999987845058e-08
-32.38671112060547
-79.13729858398438
-74.83531951904297
1.999999987845058e-08
-45.92254638671875
-89.34809875488281
-88.79869842529297
-1.999999987845058e-08
-38.2468376159668
-84.81636047363281
-83.9830093383789
1.999999987845058e-08
-16.915224075317383
-71.85950469970703
-65.8598861694336
-1.999999987845058e-08
2.7171967029571533
-60.82688522338867
-47.55604934692383
1.999999987845058e-08
11.997718811035156
-55.52760314941406
-37.55918502807617
-1.999999987845058e-08
11.16598129272461
-56.21820831298828
-37.72091293334961
1.999999987845058e-08
5.8328728675842285
-60.754940032958984
-44.26156997680664
-1.999999987845058e-08
4.568277359008789
-62.099796295166016
-48.798824310302734
1.999999987845058e-08
4.568277359008789
-62.099796295166016
-48.798824310302734
-1.999999987845058e-08
10.54796028137207
-57.203956604003906
-46.757999420166016
1.999999987845058e-08
14.564985275268555
-54.1905403137207
-43.80043029785156
-1.999999987845058e-08
6.200913429260254
-60.88954544067383
-47.27973556518555
1.999999987845058e-08
-9.578789710998535
-73.0045394897461
-55.04508590698242
-1.999999987845058e-08
-17.420839309692383
-79.97856903076172
-58.56041717529297
1.999999987845058e-08
-9.750001907348633
-75.54395294189453
-52.58195114135742
-1.999999987845058e-08
7.785456657409668
-61.07671356201172
-38.920310974121094
1.999999987845058e-08
23.00067138671875
-46.26445770263672
-26.142732620239258
-1.999999987845058e-08
26.567955017089844
-42.75193405151367
-23.60004425048828
1.999999987845058e-08
-1.40842604637146
-66.543212890625
-47.911224365234375
-1.999999987845058e-08
3.0560765266418457
-63.31767272949219
-45.8342170715332
1.999999987845058e-08
16.182479858398438
-55.83368682861328
-37.902069091796875
-1.999999987845058e-08
29.579971313476562
-45.58932876586914
-27.753711700439453
1.999999987845058e-08
35.25974655151367
-36.54225158691406
-21.845149993896484
-1.999999987845058e-08
30.878751754760742
-34.28459548950195
-24.530542373657227
1.999999987845058e-08
22.42740249633789
-38.19366455078125
-31.41487693786621
-1.999999987845058e-08
17.306798934936523
-43.00321960449219
-34.990665435791016
1.999999987845058e-08
14.729348182678223
-46.81161880493164
-34.898643493652344
-1.999999987845058e-08
7.965490341186523
-51.53032684326172
-36.782501220703125
1.999999987845058e-08
-12.97162914276123
-62.351802825927734
-49.88990020751953
-1.999999987845058e-08
-12.109122276306152
-61.45622253417969
-50.38633346557617
1.999999987845058e-08
-4.703967094421387
-55.168235778808594
-43.8104133605957
-1.999999987845058e-08
2.750028371810913
-47.39423751831055
-34.435699462890625
1.999999987845058e-08
5.13617467880249
-44.20726776123047
-29.47804832458496
-1.999999987845058e-08
-1.5947126150131226
-49.01127624511719
-33.611934661865234
1.999999987845058e-08
-15.213679313659668
-57.41618347167969
-42.250064849853516
-1.999999987845058e-08
-27.09560203552246
-62.928977966308594
-46.769412994384766
1.999999987845058e-08
-31.99807357788086
-64.64534759521484
-45.01620101928711
-1.999999987845058e-08
-31.240989685058594
-62.97270202636719
-39.37211608886719
1.999999987845058e-08
-27.005313873291016
-55.53435134887695
-29.886152267456055
-1.999999987845058e-08
-20.775569915771484
-43.01962661743164
-16.977108001708984
1.999999987845058e-08
-16.83514976501465
-32.738162994384766
-6.676497459411621
-1.999999987845058e-08
-18.947879791259766
-31.583364486694336
-4.3480329513549805
1.999999987845058e-08
-24.31072425842285
-37.752685546875
-6.4310784339904785
-1.999999987845058e-08
-28.849084854125977
-43.645320892333984
-7.473836421966553
1.999999987845058e-08
-32.49077606201172
-44.59170913696289
-7.755406379699707
-1.999999987845058e-08
-34.669681549072266
-41.49280548095703
-7.656971454620361
1.999999987845058e-08
-34.21661376953125
-38.78111267089844
-5.698461532592773
-1.999999987845058e-08
-32.920684814453125
-39.01427459716797
-2.7330095767974854
1.999999987845058e-08
-32.49077606201172
-44.59170913696289
-7.755406379699707
-1.999999987845058e-08
-34.669681549072266
-41.49280548095703
-7.656971454620361
1.999999987845058e-08
-34.21661376953125
-38.78111267089844
-5.698461532592773
-1.999999987845058e-08
-32.920684814453125
-39.01427459716797
-2.7330095767974854
1.999999987845058e-08
-32.0639533996582
-38.15743637084961
-0.0444910004734993
-1.999999987845058e-08
-31.126190185546875
-33.43199920654297
1.0864803791046143
1.999999987845058e-08
-32.499698638916016
-31.68280792236328
-3.450528144836426
-1.999999987845058e-08
-40.17026138305664
-38.820770263671875
-15.573716163635254
1.999999987845058e-08
-53.679378509521484
-49.71100616455078
-30.277990341186523
-1.999999987845058e-08
-68.25309753417969
-58.2440185546875
-41.50897979736328
1.999999987845058e-08
-84.48957061767578
-72.29117584228516
-45.40080261230469
-1.999999987845058e-08
-76.56265258789062
-64.88984680175781
-37.3739013671875
1.999999987845058e-08
-67.88198852539062
-56.32707977294922
-28.661521911621094
-1.999999987845058e-08
-62.910953521728516
-51.889076232910156
-22.443531036376953
1.999999987845058e-08
-61.35540008544922
-51.55028533935547
-19.291976928710938
-1.999999987845058e-08
-58.63572692871094
-51.27100372314453
-15.74017333984375
1.999999987845058e-08
-49.7876091003418
-46.1279182434082
-6.694638729095459
-1.999999987845058e-08
-36.969390869140625
-36.47503662109375
6.646360397338867
1.999999987845058e-08
-26.99599838256836
-27.35287857055664
17.15513801574707
-1.999999987845058e-08
-21.70498275756836
-20.587589263916016
22.06698989868164
1.999999987845058e-08
-23.707155227661133
-12.084845542907715
24.561744689941406
-1.999999987845058e-08
-33.5916633605957
-14.607659339904785
19.623929977416992
1.999999987845058e-08
-46.29014587402344
-21.981386184692383
9.23410415649414
-1.999999987845058e-08
-56.315711975097656
-29.090044021606445
-0.9100033044815063
1.999999987845058e-08
-58.32904815673828
-30.703744888305664
-4.2217535972595215
-1.999999987845058e-08
-49.80946350097656
-25.390796661376953
1.848751425743103
1.999999987845058e-08
-36.05440902709961
-15.707626342773438
14.09961986541748
-1.999999987845058e-08
-28.14975929260254
-6.9932074546813965
23.678829193115234
1.999999987845058e-08
-30.38569450378418
-2.9122180938720703
23.610801696777344
-1.999999987845058e-08
-34.75150680541992
-0.923808217048645
18.045318603515625
1.999999987845058e-08
-31.338708877563477
3.443171739578247
17.633115768432617
-1.999999987845058e-08
-19.27734375
10.179422378540039
26.255678176879883
1.999999987845058e-08
-6.193480968475342
16.867023468017578
38.084129333496094
-1.999999987845058e-08
0.6340218782424927
23.137248992919922
46.632415771484375
1.999999987845058e-08
0.22408577799797058
28.90292739868164
50.0500373840332
-1.999999987845058e-08
-5.40721321105957
31.082305908203125
47.45220947265625
1.999999987845058e-08
-13.672016143798828
27.34255027770996
39.10062026977539
-1.999999987845058e-08
-19.31601905822754
21.191539764404297
30.868078231811523
1.999999987845058e-08
-18.544702529907227
18.013574600219727
29.047691345214844
-1.999999987845058e-08
-14.315485000610352
19.056291580200195
32.020381927490234
1.999999987845058e-08
-11.170586585998535
23.046480178833008
34.37740707397461
-1.999999987845058e-08
-9.740883827209473
28.152469635009766
34.18980026245117
1.999999987845058e-08
-9.848015785217285
30.320240020751953
31.626928329467773
-1.999999987845058e-08
-10.122934341430664
28.48588752746582
29.027950286865234
1.999999987845058e-08
-6.465816020965576
29.419178009033203
31.606264114379883
-1.999999987845058e-08
-0.07827655971050262
36.457275390625
38.94822692871094
1.999999987845058e-08
1.6184951066970825
41.601654052734375
43.26049041748047
-1.999999987845058e-08
-3.2515134811401367
38.89229202270508
41.871315002441406
1.999999987845058e-08
-9.540056228637695
33.30169677734375
40.38640594482422
-1.999999987845058e-08
-14.754828453063965
29.69060516357422
41.82495880126953
1.999999987845058e-08
-14.754828453063965
29.69060516357422
41.82495880126953
-1.999999987845058e-08
-19.788671493530273
26.997982025146484
43.99665451049805
1.999999987845058e-08
-24.028671264648438
25.650501251220703
45.80667495727539
-1.999999987845058e-08
-26.36606216430664
28.442790985107422
47.910160064697266
1.999999987845058e-08
-25.520954132080078
35.24945831298828
51.516700744628906
-1.999999987845058e-08
-20.822185516357422
42.597564697265625
57.68061447143555
1.999999987845058e-08
-16.416072845458984
46.35234451293945
63.723567962646484
-1.999999987845058e-08
-16.3529052734375
46.38248825073242
66.34797668457031
1.999999987845058e-08
-17.076337814331055
48.40447235107422
68.1569595336914
-1.999999987845058e-08
-15.0292329788208
55.421958923339844
71.82858276367188
1.999999987845058e-08
-14.877779960632324
60.89046859741211
72.68391418457031
-1.999999987845058e-08
-20.279001235961914
59.005157470703125
67.2811279296875
1.999999987845058e-08
-25.389741897583008
55.26955032348633
62.108760833740234
-1.999999987845058e-08
-23.783143997192383
57.01185989379883
64.32923889160156
1.999999987845058e-08
-17.648332595825195
62.123634338378906
71.25115966796875
-1.999999987845058e-08
-12.79807186126709
65.33029174804688
75.77789306640625
1.999999987845058e-08
-11.566126823425293
65.59194946289062
75.29295349121094
-1.999999987845058e-08
-14.226216316223145
63.0299072265625
70.54288482666016
1.999999987845058e-08
-20.370607376098633
58.17493438720703
63.05358123779297
-1.999999987845058e-08
-26.785743713378906
53.970672607421875
56.420902252197266
1.999999987845058e-08
-30.254899978637695
51.5686149597168
53.53211212158203
-1.999999987845058e-08
-31.038890838623047
49.07447052001953
53.44918441772461
1.999999987845058e-08
-29.870824813842773
47.873504638671875
55.25202941894531
-1.999999987845058e-08
-25.661237716674805
51.83257293701172
59.992210388183594
1.999999987845058e-08
-17.894468307495117
59.51778030395508
66.54959869384766
-1.999999987845058e-08
-7.083133697509766
66.93505859375
72.63819885253906
1.999999987845058e-08
6.087994575500488
75.3792953491211
79.77845001220703
-1.999999987845058e-08
16.816890716552734
84.7953109741211
88.12598419189453
1.999999987845058e-08
16.872390747070312
86.6634292602539
90.7433090209961
-1.999999987845058e-08
6.359430313110352
77.77803802490234
83.8231430053711
1.999999987845058e-08
6.359430313110352
77.77803802490234
83.8231430053711
-1.999999987845058e-08
-3.4594099521636963
69.59358978271484
75.02300262451172
1.999999987845058e-08
-4.263418674468994
70.97941589355469
72.78610229492188
-1.999999987845058e-08
2.2145209312438965
76.91146850585938
76.54115295410156
1.999999987845058e-08
10.967351913452148
81.41423034667969
81.57195281982422
-1.999999987845058e-08
16.65924835205078
84.6067123413086
83.87162780761719
1.999999987845058e-08
15.201446533203125
85.36866760253906
80.59170532226562
-1.999999987845058e-08
10.785691261291504
82.70938873291016
73.9438705444336
1.999999987845058e-08
11.376921653747559
80.48871612548828
70.02533721923828
-1.999999987845058e-08
16.29508399963379
79.66151428222656
70.07445526123047
1.999999987845058e-08
20.104639053344727
75.92510223388672
70.85919189453125
-1.999999987845058e-08
21.3875732421875
69.89593505859375
71.39830780029297
1.999999987845058e-08
20.17916488647461
66.82757568359375
71.32373046875
-1.999999987845058e-08
17.860830307006836
67.33779907226562
69.41041564941406
1.999999987845058e-08
18.598947525024414
67.98147583007812
67.90975952148438
-1.999999987845058e-08
22.326627731323242
66.44013977050781
70.0611801147461
1.999999987845058e-08
23.31691551208496
61.059837341308594
72.7683334350586
-1.999999987845058e-08
18.974637985229492
50.697757720947266
69.2199935913086
1.999999987845058e-08
13.5355863571167
38.93923568725586
59.561031341552734
-1.999999987845058e-08
12.618856430053711
32.75676727294922
52.00936508178711
1.999999987845058e-08
16.366382598876953
34.10164260864258
48.22893524169922
-1.999999987845058e-08
12.53154182434082
33.254573822021484
42.82219696044922
1.999999987845058e-08
11.546147346496582
33.781822204589844
38.761451721191406
-1.999999987845058e-08
21.48163414001465
38.837703704833984
41.19014358520508
1.999999987845058e-08
41.61315155029297
49.995269775390625
50.69161605834961
-1.999999987845058e-08
62.675533294677734
65.26600646972656
63.759490966796875
1.999999987845058e-08
74.04344940185547
76.01158142089844
72.82026672363281
-1.999999987845058e-08
71.92748260498047
74.90319061279297
71.32887268066406
1.999999987845058e-08
63.17976379394531
66.98185729980469
62.41823959350586
-1.999999987845058e-08
58.822200775146484
63.06989288330078
56.2421760559082
1.999999987845058e-08
58.822200775146484
63.06989288330078
56.2421760559082
-1.999999987845058e-08
61.467472076416016
64.52435302734375
56.612796783447266
1.999999987845058e-08
64.15251159667969
64.89106750488281
58.2775764465332
-1.999999987845058e-08
62.62681579589844
62.214256286621094
57.60336685180664
1.999999987845058e-08
59.42151641845703
59.04851150512695
55.5761604309082
-1.999999987845058e-08
57.686378479003906
56.011436462402344
53.0399169921875
1.999999987845058e-08
59.67217254638672
52.989532470703125
51.408424377441406
-1.999999987845058e-08
65.33047485351562
50.17134094238281
52.2276611328125
1.999999987845058e-08
69.68133544921875
46.134307861328125
53.28749084472656
-1.999999987845058e-08
67.78826904296875
40.58731460571289
50.88935089111328
1.999999987845058e-08
67.78826904296875
40.58731460571289
50.88935089111328
-1.999999987845058e-08
61.11442565917969
35.61668014526367
45.06013107299805
1.999999987845058e-08
55.918270111083984
31.685272216796875
39.716854095458984
-1.999999987845058e-08
56.846107482910156
28.609121322631836
38.88616943359375
1.999999987845058e-08
63.841217041015625
29.885089874267578
43.4498405456543
-1.999999987845058e-08
73.32811737060547
37.88528823852539
50.04372024536133
1.999999987845058e-08
80.14338684082031
46.874000549316406
52.81340789794922
-1.999999987845058e-08
80.68147277832031
51.12977600097656
48.262451171875
1.999999987845058e-08
75.70706939697266
57.41829299926758
38.63969421386719
-1.999999987845058e-08
69.18655395507812
75.02178192138672
29.5188045501709
1.999999987845058e-08
64.60552215576172
113.24439239501953
25.266666412353516
-1.999999987845058e-08
70.29161834716797
109.92285919189453
27.341190338134766
1.999999987845058e-08
80.38191223144531
105.23834228515625
31.078737258911133
-1.999999987845058e-08
86.44961547851562
101.9221420288086
33.81593322753906
1.999999987845058e-08
80.70648956298828
100.78286743164062
31.187143325805664
-1.999999987845058e-08
67.75088500976562
97.76239776611328
23.51365089416504
1.999999987845058e-08
59.170475006103516
90.38762664794922
17.555789947509766
-1.999999987845058e-08
60.27250671386719
82.9145278930664
19.463777542114258
1.999999987845058e-08
65.72071838378906
76.94133758544922
25.79355239868164
-1.999999987845058e-08
66.61402893066406
68.14799499511719
27.10993003845215
1.999999987845058e-08
66.61402893066406
68.14799499511719
27.10993003845215
-1.999999987845058e-08
59.170318603515625
57.69388198852539
20.621458053588867
1.999999987845058e-08
47.159664154052734
51.342838287353516
12.439399719238281
-1.999999987845058e-08
38.48593521118164
47.266578674316406
8.843352317810059
1.999999987845058e-08
37.864646911621094
40.777793884277344
11.270769119262695
-1.999999987845058e-08
42.2718505859375
35.92342758178711
17.7003231048584
1.999999987845058e-08
45.443363189697266
37.69070053100586
23.964353561401367
-1.999999987845058e-08
45.20093536376953
41.40913772583008
26.337528228759766
1.999999987845058e-08
43.44490432739258
41.09450912475586
25.289058685302734
-1.999999987845058e-08
41.94147872924805
38.2655143737793
23.446489334106445
1.999999987845058e-08
53.064453125
53.09648895263672
40.49635696411133
-1.999999987845058e-08
35.919700622558594
41.25018310546875
29.644027709960938
1.999999987845058e-08
17.004430770874023
24.60274887084961
11.691483497619629
-1.999999987845058e-08
8.916990280151367
14.568243026733398
1.6796144247055054
1.999999987845058e-08
10.476675033569336
10.594966888427734
2.0969152450561523
-1.999999987845058e-08
10.55437183380127
6.479939937591553
3.087564706802368
1.999999987845058e-08
1.7152509689331055
-0.9252488613128662
-3.0766148567199707
-1.999999987845058e-08
-12.599564552307129
-12.194969177246094
-15.193426132202148
1.999999987845058e-08
-22.74889373779297
-23.889976501464844
-26.83624839782715
-1.999999987845058e-08
-22.911916732788086
-27.994102478027344
-32.05304718017578
1.999999987845058e-08
-15.486146926879883
-21.378097534179688
-28.901714324951172
-1.999999987845058e-08
-6.870340347290039
-11.696529388427734
-20.09375
1.999999987845058e-08
-1.9014992713928223
-6.766711711883545
-10.511517524719238
-1.999999987845058e-08
-2.4975006580352783
-5.942760944366455
-4.38709020614624
1.999999987845058e-08
-7.985963344573975
-7.412886142730713
-4.020059585571289
-1.999999987845058e-08
-15.064563751220703
-12.625616073608398
-8.526947975158691
1.999999987845058e-08
-20.303348541259766
-19.338544845581055
-14.21036434173584
-1.999999987845058e-08
-23.098745346069336
-21.62477684020996
-18.2092227935791
1.999999987845058e-08
-23.830909729003906
-18.990062713623047
-20.32543182373047
-1.999999987845058e-08
-22.40506362915039
-16.615570068359375
-20.42474365234375
1.999999987845058e-08
-22.40506362915039
-16.615570068359375
-20.42474365234375
-1.999999987845058e-08
-19.89385414123535
-16.3319091796875
-17.0764217376709
1.999999987845058e-08
-16.507108688354492
-14.980772972106934
-9.718818664550781
-1.999999987845058e-08
-11.680342674255371
-12.328518867492676
-1.0501749515533447
1.999999987845058e-08
-8.802014350891113
-12.766746520996094
3.3318088054656982
-1.999999987845058e-08
-10.620545387268066
-16.906328201293945
0.3060571253299713
1.999999987845058e-08
-12.878929138183594
-20.122207641601562
-6.4479498863220215
-1.999999987845058e-08
-12.45806884765625
-21.211450576782227
-11.31564712524414
1.999999987845058e-08
-14.133718490600586
-24.79802131652832
-13.969139099121094
-1.999999987845058e-08
-21.229991912841797
-34.27256774902344
-17.64246940612793
1.999999987845058e-08
-21.229991912841797
-34.27256774902344
-17.64246940612793
-1.999999987845058e-08
-29.48904037475586
-46.78640365600586
-23.023008346557617
1.999999987845058e-08
-35.826969146728516
-56.212181091308594
-28.68134880065918
-1.999999987845058e-08
-41.71387481689453
-59.123382568359375
-34.01191711425781
1.999999987845058e-08
-46.730262756347656
-57.248130798339844
-38.24848937988281
-1.999999987845058e-08
-49.6251220703125
-54.9190673828125
-40.734901428222656
1.999999987845058e-08
-50.79557418823242
-53.687564849853516
-41.65499496459961
-1.999999987845058e-08
-49.46309280395508
-51.895774841308594
-41.07648468017578
1.999999987845058e-08
-45.870445251464844
-49.96398162841797
-40.3857307434082
-1.999999987845058e-08
-42.35502243041992
-49.0057258605957
-40.92551040649414
1.999999987845058e-08
-42.35502243041992
-49.0057258605957
-40.92551040649414
-1.999999987845058e-08
-38.05501937866211
-45.92670822143555
-39.91011047363281
1.999999987845058e-08
-29.568782806396484
-38.210472106933594
-34.144779205322266
-1.999999987845058e-08
-17.897048950195312
-28.83612632751465
-25.858732223510742
1.999999987845058e-08
-8.777048110961914
-21.274091720581055
-19.040719985961914
-1.999999987845058e-08
-5.014538288116455
-16.705366134643555
-13.433198928833008
1.999999987845058e-08
