0
3.616342306137085
8.810022222860425e-08
5.314227104187012
8.810022222860425e-08
7.309681415557861
4.0944307500012656e-08
9.952112197875977
4.0944307500012656e-08
11.04794692993164
7.466515228315984e-08
14.19266414642334
7.466515228315984e-08
4.619058609008789
3.494466938036567e-08
9.201020240783691
3.494466938036567e-08
-7.733190059661865
6.90059209773608e-08
-0.8288384079933167
6.90059209773608e-08
-13.75910472869873
2.032103907367855e-08
-5.637150764465332
2.032103907367855e-08
-10.235262870788574
4.1181607457474456e-08
-1.5514451265335083
4.1181607457474456e-08
-3.1789867877960205
-3.506894685756379e-08
7.9911909103393555
-3.506894685756379e-08
-1.9423117637634277
-3.163403761163863e-08
13.099210739135742
-3.163403761163863e-08
-1.9423117637634277
3.932937886474974e-08
13.099210739135742
3.932937886474974e-08
-10.035555839538574
8.810022222860425e-08
7.384780406951904
8.810022222860425e-08
-18.951332092285156
4.0944307500012656e-08
-0.622228741645813
4.0944307500012656e-08
-19.530183792114258
7.466515228315984e-08
0.12202479690313339
7.466515228315984e-08
-14.43259334564209
3.494466938036567e-08
6.6344709396362305
3.494466938036567e-08
-10.797178268432617
6.90059209773608e-08
10.399576187133789
6.90059209773608e-08
-9.493905067443848
2.032103907367855e-08
10.776888847351074
2.032103907367855e-08
-10.75722885131836
4.1181607457474456e-08
8.898477554321289
4.1181607457474456e-08
-17.917179107666016
-3.506894685756379e-08
1.9030765295028687
-3.506894685756379e-08
-24.49481964111328
-3.163403761163863e-08
-5.14815616607666
-3.163403761163863e-08
0.6031128764152527
3.932937886474974e-08
14.578221321105957
3.932937886474974e-08
-6.4400248527526855
8.810022222860425e-08
8.92078685760498
8.810022222860425e-08
-12.957422256469727
4.0944307500012656e-08
2.9257609844207764
4.0944307500012656e-08
-12.312726974487305
7.466515228315984e-08
2.6016411781311035
7.466515228315984e-08
-5.1566290855407715
3.494466938036567e-08
7.755479335784912
3.494466938036567e-08
5.032355785369873
6.90059209773608e-08
15.103569030761719
6.90059209773608e-08
14.943546295166016
2.032103907367855e-08
22.40890121459961
2.032103907367855e-08
20.259031295776367
4.1181607457474456e-08
26.331859588623047
4.1181607457474456e-08
20.128976821899414
-3.506894685756379e-08
25.374614715576172
-3.506894685756379e-08
22.773637771606445
-3.163403761163863e-08
27.024070739746094
-3.163403761163863e-08
22.773637771606445
3.932937886474974e-08
27.024070739746094
3.932937886474974e-08
29.829235076904297
8.810022222860425e-08
33.25956344604492
8.810022222860425e-08
29.77985191345215
4.0944307500012656e-08
32.37165832519531
4.0944307500012656e-08
22.435171127319336
7.466515228315984e-08
23.157745361328125
7.466515228315984e-08
21.141450881958008
3.494466938036567e-08
19.143356323242188
3.494466938036567e-08
26.15360450744629
6.90059209773608e-08
21.944599151611328
6.90059209773608e-08
24.13627815246582
2.032103907367855e-08
19.324745178222656
2.032103907367855e-08
12.122184753417969
4.1181607457474456e-08
8.461288452148438
4.1181607457474456e-08
0.7545111775398254
-3.506894685756379e-08
-0.8942121267318726
-3.506894685756379e-08
-1.8896558284759521
-3.163403761163863e-08
-1.6455439329147339
-3.163403761163863e-08
23.67374038696289
3.932937886474974e-08
24.95469093322754
3.932937886474974e-08
36.55703353881836
8.810022222860425e-08
37.20946502685547
8.810022222860425e-08
34.10193634033203
4.0944307500012656e-08
34.82020568847656
4.0944307500012656e-08
20.981353759765625
7.466515228315984e-08
22.852365493774414
7.466515228315984e-08
6.100338935852051
3.494466938036567e-08
10.117621421813965
3.494466938036567e-08
-8.672699928283691
6.90059209773608e-08
-1.1583558320999146
6.90059209773608e-08
-18.812341690063477
2.032103907367855e-08
-6.662754058837891
2.032103907367855e-08
-17.67357635498047
4.1181607457474456e-08
-1.5089377164840698
4.1181607457474456e-08
-13.453315734863281
-3.506894685756379e-08
4.781063556671143
-3.506894685756379e-08
-18.843168258666992
-3.163403761163863e-08
0.08140583336353302
-3.163403761163863e-08
-28.451854705810547
3.932937886474974e-08
-9.499311447143555
3.932937886474974e-08
-30.751995086669922
8.810022222860425e-08
-12.115945816040039
8.810022222860425e-08
-24.184465408325195
4.0944307500012656e-08
-5.612616539001465
4.0944307500012656e-08
-12.591299057006836
7.466515228315984e-08
5.580984115600586
7.466515228315984e-08
-2.6598126888275146
3.494466938036567e-08
13.412566184997559
3.494466938036567e-08
1.9752916097640991
6.90059209773608e-08
14.854632377624512
6.90059209773608e-08
3.7841336727142334
2.032103907367855e-08
14.148698806762695
2.032103907367855e-08
1.6134992837905884
4.1181607457474456e-08
10.199244499206543
4.1181607457474456e-08
-4.570114612579346
-3.506894685756379e-08
2.167585611343384
-3.506894685756379e-08
-7.175754070281982
-3.163403761163863e-08
-1.5592910051345825
-3.163403761163863e-08
-3.7924859523773193
3.932937886474974e-08
1.92803955078125
3.932937886474974e-08
4.316928863525391
8.810022222860425e-08
9.122224807739258
8.810022222860425e-08
21.495359420776367
4.0944307500012656e-08
22.708812713623047
4.0944307500012656e-08
42.02045822143555
7.466515228315984e-08
38.89863586425781
7.466515228315984e-08
48.87295913696289
3.494466938036567e-08
42.84932327270508
3.494466938036567e-08
42.23918151855469
6.90059209773608e-08
34.2677116394043
6.90059209773608e-08
38.15266036987305
2.032103907367855e-08
28.327899932861328
2.032103907367855e-08
37.99455261230469
4.1181607457474456e-08
27.068187713623047
4.1181607457474456e-08
32.52967071533203
-3.506894685756379e-08
21.744426727294922
-3.506894685756379e-08
26.943925857543945
-3.163403761163863e-08
16.592365264892578
-3.163403761163863e-08
32.52967071533203
3.932937886474974e-08
21.744426727294922
3.932937886474974e-08
26.943925857543945
8.810022222860425e-08
16.592365264892578
8.810022222860425e-08
28.682777404785156
4.0944307500012656e-08
18.10297966003418
4.0944307500012656e-08
28.30984115600586
7.466515228315984e-08
17.178558349609375
7.466515228315984e-08
21.55968475341797
3.494466938036567e-08
9.910463333129883
3.494466938036567e-08
20.97132682800293
6.90059209773608e-08
8.487411499023438
6.90059209773608e-08
28.08604621887207
2.032103907367855e-08
14.973272323608398
2.032103907367855e-08
29.122833251953125
4.1181607457474456e-08
16.723127365112305
4.1181607457474456e-08
23.40015411376953
-3.506894685756379e-08
12.344569206237793
-3.506894685756379e-08
21.540056228637695
-3.163403761163863e-08
10.772575378417969
-3.163403761163863e-08
10.738876342773438
3.932937886474974e-08
5.109811782836914
3.932937886474974e-08
11.948689460754395
8.810022222860425e-08
5.893451690673828
8.810022222860425e-08
16.73971176147461
4.0944307500012656e-08
8.489635467529297
4.0944307500012656e-08
15.88571834564209
7.466515228315984e-08
7.757827281951904
7.466515228315984e-08
3.507939100265503
3.494466938036567e-08
-1.9721986055374146
3.494466938036567e-08
-7.4709577560424805
6.90059209773608e-08
-10.981667518615723
6.90059209773608e-08
-0.8492458462715149
2.032103907367855e-08
-4.345370292663574
2.032103907367855e-08
11.15053653717041
4.1181607457474456e-08
7.1791534423828125
4.1181607457474456e-08
7.054869174957275
-3.506894685756379e-08
2.829535961151123
-3.506894685756379e-08
-7.325973987579346
-3.163403761163863e-08
-11.740495681762695
-3.163403761163863e-08
-15.011005401611328
3.932937886474974e-08
-18.395191192626953
3.932937886474974e-08
-13.26931095123291
8.810022222860425e-08
-13.687543869018555
8.810022222860425e-08
-6.133982181549072
4.0944307500012656e-08
-3.301949977874756
4.0944307500012656e-08
3.2165448665618896
7.466515228315984e-08
8.099859237670898
7.466515228315984e-08
12.177159309387207
3.494466938036567e-08
18.536169052124023
3.494466938036567e-08
19.83826446533203
6.90059209773608e-08
27.835176467895508
6.90059209773608e-08
23.26982307434082
2.032103907367855e-08
32.643577575683594
2.032103907367855e-08
19.6915225982666
4.1181607457474456e-08
30.056398391723633
4.1181607457474456e-08
13.81673812866211
-3.506894685756379e-08
25.310379028320312
-3.506894685756379e-08
13.432893753051758
-3.163403761163863e-08
25.597558975219727
-3.163403761163863e-08
19.83826446533203
3.932937886474974e-08
27.835176467895508
3.932937886474974e-08
23.26982307434082
8.810022222860425e-08
32.643577575683594
8.810022222860425e-08
19.6915225982666
4.0944307500012656e-08
30.056398391723633
4.0944307500012656e-08
13.81673812866211
7.466515228315984e-08
25.310379028320312
7.466515228315984e-08
13.432893753051758
3.494466938036567e-08
25.597558975219727
3.494466938036567e-08
18.707111358642578
6.90059209773608e-08
30.068225860595703
6.90059209773608e-08
20.892711639404297
2.032103907367855e-08
30.779483795166016
2.032103907367855e-08
13.667819023132324
4.1181607457474456e-08
22.368249893188477
4.1181607457474456e-08
4.164095878601074
-3.506894685756379e-08
11.17257308959961
-3.506894685756379e-08
3.550248384475708
-3.163403761163863e-08
8.460681915283203
-3.163403761163863e-08
1.066405177116394
3.932937886474974e-08
2.9093525409698486
3.932937886474974e-08
-3.188403844833374
8.810022222860425e-08
-1.7768757343292236
8.810022222860425e-08
0.38220950961112976
4.0944307500012656e-08
0.7357822060585022
4.0944307500012656e-08
8.584173202514648
7.466515228315984e-08
8.013664245605469
7.466515228315984e-08
8.237235069274902
3.494466938036567e-08
7.419931888580322
3.494466938036567e-08
-2.873370409011841
6.90059209773608e-08
-4.123163223266602
6.90059209773608e-08
-15.686357498168945
2.032103907367855e-08
-17.054309844970703
2.032103907367855e-08
-19.99129867553711
4.1181607457474456e-08
-19.663328170776367
4.1181607457474456e-08
-14.432108879089355
-3.506894685756379e-08
-12.075882911682129
-3.506894685756379e-08
-7.358579635620117
-3.163403761163863e-08
-5.74263334274292
-3.163403761163863e-08
-7.358579635620117
3.932937886474974e-08
-5.74263334274292
3.932937886474974e-08
-4.733842372894287
8.810022222860425e-08
-6.076669692993164
8.810022222860425e-08
-5.402324199676514
4.0944307500012656e-08
-8.780709266662598
4.0944307500012656e-08
-7.723727703094482
7.466515228315984e-08
-10.885167121887207
7.466515228315984e-08
-10.113746643066406
3.494466938036567e-08
-11.64544677734375
3.494466938036567e-08
-9.632225036621094
6.90059209773608e-08
-9.785127639770508
6.90059209773608e-08
-3.5928807258605957
2.032103907367855e-08
-4.172266960144043
2.032103907367855e-08
6.9632568359375
4.1181607457474456e-08
4.892122268676758
4.1181607457474456e-08
14.86767864227295
-3.506894685756379e-08
12.750860214233398
-3.506894685756379e-08
16.91202163696289
-3.163403761163863e-08
15.397850036621094
-3.163403761163863e-08
19.597890853881836
3.932937886474974e-08
16.336524963378906
3.932937886474974e-08
25.210851669311523
8.810022222860425e-08
19.10906219482422
8.810022222860425e-08
27.861867904663086
4.0944307500012656e-08
20.965003967285156
4.0944307500012656e-08
26.91341209411621
7.466515228315984e-08
20.54042625427246
7.466515228315984e-08
27.306243896484375
3.494466938036567e-08
20.53767204284668
3.494466938036567e-08
29.303266525268555
6.90059209773608e-08
21.54446792602539
6.90059209773608e-08
30.32077980041504
2.032103907367855e-08
22.62746238708496
2.032103907367855e-08
30.821813583374023
4.1181607457474456e-08
24.21527862548828
4.1181607457474456e-08
29.47340965270996
-3.506894685756379e-08
23.481325149536133
-3.506894685756379e-08
20.64280128479004
-3.163403761163863e-08
14.083819389343262
-3.163403761163863e-08
10.76052474975586
3.932937886474974e-08
0.03871739283204079
3.932937886474974e-08
23.475370407104492
8.810022222860425e-08
9.689994812011719
8.810022222860425e-08
26.43817138671875
4.0944307500012656e-08
8.757075309753418
4.0944307500012656e-08
22.014495849609375
7.466515228315984e-08
1.720495343208313
7.466515228315984e-08
22.431652069091797
3.494466938036567e-08
2.0474770069122314
3.494466938036567e-08
29.24077033996582
6.90059209773608e-08
10.015917778015137
6.90059209773608e-08
31.005159378051758
2.032103907367855e-08
12.028898239135742
2.032103907367855e-08
24.85883140563965
4.1181607457474456e-08
4.902235984802246
4.1181607457474456e-08
17.697751998901367
-3.506894685756379e-08
-2.645763874053955
-3.506894685756379e-08
11.01440715789795
-3.163403761163863e-08
-8.320479393005371
-3.163403761163863e-08
11.01440715789795
3.932937886474974e-08
-8.320479393005371
3.932937886474974e-08
6.552148342132568
8.810022222860425e-08
-12.423250198364258
8.810022222860425e-08
8.661942481994629
4.0944307500012656e-08
-11.618147850036621
4.0944307500012656e-08
12.846152305603027
7.466515228315984e-08
-7.796833038330078
7.466515228315984e-08
12.35482120513916
3.494466938036567e-08
-6.161933422088623
3.494466938036567e-08
9.304987907409668
6.90059209773608e-08
-7.072376251220703
6.90059209773608e-08
6.257987976074219
2.032103907367855e-08
-9.833245277404785
2.032103907367855e-08
0.045858096331357956
4.1181607457474456e-08
-16.185012817382812
4.1181607457474456e-08
-8.807641983032227
-3.506894685756379e-08
-24.773998260498047
-3.506894685756379e-08
-14.128543853759766
-3.163403761163863e-08
-30.82537841796875
-3.163403761163863e-08
-9.13815689086914
3.932937886474974e-08
-28.92436981201172
3.932937886474974e-08
1.7531015872955322
8.810022222860425e-08
-16.917156219482422
8.810022222860425e-08
18.6165714263916
4.0944307500012656e-08
2.4728710651397705
4.0944307500012656e-08
33.018733978271484
7.466515228315984e-08
19.5414981842041
7.466515228315984e-08
34.92915725708008
3.494466938036567e-08
24.068790435791016
3.494466938036567e-08
24.72934341430664
6.90059209773608e-08
16.215450286865234
6.90059209773608e-08
13.95638656616211
2.032103907367855e-08
7.010160446166992
2.032103907367855e-08
12.460240364074707
4.1181607457474456e-08
6.839792251586914
4.1181607457474456e-08
19.30735206604004
-3.506894685756379e-08
14.939096450805664
-3.506894685756379e-08
27.394969940185547
-3.163403761163863e-08
22.88362693786621
-3.163403761163863e-08
31.068035125732422
3.932937886474974e-08
25.563966751098633
3.932937886474974e-08
30.0998477935791
8.810022222860425e-08
25.378177642822266
8.810022222860425e-08
28.523130416870117
4.0944307500012656e-08
26.239395141601562
4.0944307500012656e-08
25.864625930786133
7.466515228315984e-08
25.21366310119629
7.466515228315984e-08
18.69775390625
3.494466938036567e-08
19.035329818725586
3.494466938036567e-08
14.036079406738281
6.90059209773608e-08
16.244197845458984
6.90059209773608e-08
21.326448440551758
2.032103907367855e-08
24.232635498046875
2.032103907367855e-08
32.30100631713867
4.1181607457474456e-08
32.33192825317383
4.1181607457474456e-08
31.123289108276367
-3.506894685756379e-08
27.398799896240234
-3.506894685756379e-08
19.135398864746094
-3.163403761163863e-08
13.929033279418945
-3.163403761163863e-08
19.135398864746094
3.932937886474974e-08
13.929033279418945
3.932937886474974e-08
9.73440170288086
8.810022222860425e-08
4.3352742195129395
8.810022222860425e-08
5.440855026245117
4.0944307500012656e-08
0.2811201810836792
4.0944307500012656e-08
-3.0107133388519287
7.466515228315984e-08
-6.087413787841797
7.466515228315984e-08
-16.578466415405273
3.494466938036567e-08
-16.11387062072754
3.494466938036567e-08
-24.749032974243164
6.90059209773608e-08
-22.15369415283203
6.90059209773608e-08
-27.972557067871094
2.032103907367855e-08
-25.773765563964844
2.032103907367855e-08
-38.177127838134766
4.1181607457474456e-08
-37.30701446533203
4.1181607457474456e-08
-51.32086181640625
-3.506894685756379e-08
-51.597286224365234
-3.506894685756379e-08
-52.107627868652344
-3.163403761163863e-08
-53.506927490234375
-3.163403761163863e-08
-52.107627868652344
3.932937886474974e-08
-53.506927490234375
3.932937886474974e-08
-42.41642761230469
8.810022222860425e-08
-44.635902404785156
8.810022222860425e-08
-35.90873718261719
4.0944307500012656e-08
-37.779640197753906
4.0944307500012656e-08
-34.03514099121094
7.466515228315984e-08
-34.35944366455078
7.466515228315984e-08
-30.687376022338867
3.494466938036567e-08
-29.383005142211914
3.494466938036567e-08
-26.673471450805664
6.90059209773608e-08
-24.574068069458008
6.90059209773608e-08
-22.651216506958008
2.032103907367855e-08
-20.482398986816406
2.032103907367855e-08
-16.73138999938965
4.1181607457474456e-08
-14.806103706359863
4.1181607457474456e-08
-14.561043739318848
-3.506894685756379e-08
-12.469465255737305
-3.506894685756379e-08
-20.966733932495117
-3.163403761163863e-08
-16.661115646362305
-3.163403761163863e-08
-20.966733932495117
3.932937886474974e-08
-16.661115646362305
3.932937886474974e-08
-26.695934295654297
8.810022222860425e-08
-17.801162719726562
8.810022222860425e-08
-22.179500579833984
4.0944307500012656e-08
-9.267557144165039
4.0944307500012656e-08
-15.866683006286621
7.466515228315984e-08
-2.1537508964538574
7.466515228315984e-08
-19.410675048828125
3.494466938036567e-08
-7.074357032775879
3.494466938036567e-08
-26.023908615112305
6.90059209773608e-08
-14.84235668182373
6.90059209773608e-08
-26.246763229370117
2.032103907367855e-08
-14.32006549835205
2.032103907367855e-08
-27.3131103515625
4.1181607457474456e-08
-11.694157600402832
4.1181607457474456e-08
-35.744144439697266
-3.506894685756379e-08
-14.712370872497559
-3.506894685756379e-08
-42.400299072265625
-3.163403761163863e-08
-17.652109146118164
-3.163403761163863e-08
-40.07952117919922
3.932937886474974e-08
-15.331504821777344
3.932937886474974e-08
-36.69111251831055
8.810022222860425e-08
-14.383831024169922
8.810022222860425e-08
-40.663848876953125
4.0944307500012656e-08
-19.834590911865234
4.0944307500012656e-08
-46.353851318359375
7.466515228315984e-08
-24.20463752746582
7.466515228315984e-08
-42.76268005371094
3.494466938036567e-08
-18.834697723388672
3.494466938036567e-08
-29.643407821655273
6.90059209773608e-08
-6.219500541687012
6.90059209773608e-08
-19.40839958190918
2.032103907367855e-08
2.3670592308044434
2.032103907367855e-08
-21.097990036010742
4.1181607457474456e-08
-0.26779434084892273
4.1181607457474456e-08
-27.59769630432129
-3.506894685756379e-08
-8.150531768798828
-3.506894685756379e-08
-29.13372802734375
-3.163403761163863e-08
-12.198708534240723
-3.163403761163863e-08
-19.40839958190918
3.932937886474974e-08
2.3670592308044434
3.932937886474974e-08
-21.097990036010742
8.810022222860425e-08
-0.26779434084892273
8.810022222860425e-08
-27.59769630432129
4.0944307500012656e-08
-8.150531768798828
4.0944307500012656e-08
-29.13372802734375
7.466515228315984e-08
-12.198708534240723
7.466515228315984e-08
-27.076213836669922
3.494466938036567e-08
-11.865225791931152
3.494466938036567e-08
-24.436931610107422
6.90059209773608e-08
-10.20410442352295
6.90059209773608e-08
-23.21286392211914
2.032103907367855e-08
-11.294803619384766
2.032103907367855e-08
-25.625547409057617
4.1181607457474456e-08
-16.335538864135742
4.1181607457474456e-08
-26.426673889160156
-3.506894685756379e-08
-17.629045486450195
-3.506894685756379e-08
-23.050325393676758
-3.163403761163863e-08
-13.680093765258789
-3.163403761163863e-08
7.424298286437988
3.932937886474974e-08
8.626290321350098
3.932937886474974e-08
4.834287166595459
8.810022222860425e-08
6.781149387359619
8.810022222860425e-08
-5.037564754486084
4.0944307500012656e-08
-0.21034735441207886
4.0944307500012656e-08
-13.54496955871582
7.466515228315984e-08
-7.658348560333252
7.466515228315984e-08
-19.97576141357422
3.494466938036567e-08
-15.350592613220215
3.494466938036567e-08
-24.646244049072266
6.90059209773608e-08
-20.473793029785156
6.90059209773608e-08
-23.788238525390625
2.032103907367855e-08
-18.544662475585938
2.032103907367855e-08
-20.911853790283203
4.1181607457474456e-08
-15.19161319732666
4.1181607457474456e-08
-23.106924057006836
-3.506894685756379e-08
-18.250442504882812
-3.506894685756379e-08
-24.557466506958008
-3.163403761163863e-08
-21.002090454101562
-3.163403761163863e-08
-23.106924057006836
3.932937886474974e-08
-18.250442504882812
3.932937886474974e-08
-24.557466506958008
8.810022222860425e-08
-21.002090454101562
8.810022222860425e-08
-22.185237884521484
4.0944307500012656e-08
-19.782373428344727
4.0944307500012656e-08
-28.076690673828125
7.466515228315984e-08
-26.195127487182617
7.466515228315984e-08
-40.88671875
3.494466938036567e-08
-37.97644805908203
3.494466938036567e-08
-41.85866928100586
6.90059209773608e-08
-36.15335464477539
6.90059209773608e-08
-31.60503387451172
2.032103907367855e-08
-22.646728515625
2.032103907367855e-08
-29.667219161987305
4.1181607457474456e-08
-18.479751586914062
4.1181607457474456e-08
-38.71514892578125
-3.506894685756379e-08
-26.657957077026367
-3.506894685756379e-08
-45.14182662963867
-3.163403761163863e-08
-33.29249954223633
-3.163403761163863e-08
-37.31709671020508
3.932937886474974e-08
-27.303468704223633
3.932937886474974e-08
-28.162084579467773
8.810022222860425e-08
-19.216577529907227
8.810022222860425e-08
-20.36750602722168
4.0944307500012656e-08
-13.355734825134277
4.0944307500012656e-08
-22.154577255249023
7.466515228315984e-08
-17.78900718688965
7.466515228315984e-08
-35.794342041015625
3.494466938036567e-08
-32.87318420410156
3.494466938036567e-08
-48.418609619140625
6.90059209773608e-08
-45.20914077758789
6.90059209773608e-08
-47.97184371948242
2.032103907367855e-08
-45.19203567504883
2.032103907367855e-08
-39.46759033203125
4.1181607457474456e-08
-39.214317321777344
4.1181607457474456e-08
-30.875762939453125
-3.506894685756379e-08
-33.610107421875
-3.506894685756379e-08
-21.45584487915039
-3.163403761163863e-08
-26.52935218811035
-3.163403761163863e-08
-21.45584487915039
3.932937886474974e-08
-26.52935218811035
3.932937886474974e-08
-11.129331588745117
8.810022222860425e-08
-18.68581771850586
8.810022222860425e-08
-1.1567004919052124
4.0944307500012656e-08
-11.585197448730469
4.0944307500012656e-08
12.483721733093262
7.466515228315984e-08
-0.20948360860347748
7.466515228315984e-08
28.34242820739746
3.494466938036567e-08
14.66135311126709
3.494466938036567e-08
33.3607177734375
6.90059209773608e-08
19.526063919067383
6.90059209773608e-08
24.738733291625977
2.032103907367855e-08
10.183116912841797
2.032103907367855e-08
16.775226593017578
4.1181607457474456e-08
0.04954448714852333
4.1181607457474456e-08
17.765268325805664
-3.506894685756379e-08
-1.8428733348846436
-3.506894685756379e-08
22.238012313842773
-3.163403761163863e-08
-0.13388115167617798
-3.163403761163863e-08
12.323775291442871
3.932937886474974e-08
-3.532454490661621
3.932937886474974e-08
1.0204823017120361
8.810022222860425e-08
-10.802143096923828
8.810022222860425e-08
-6.852813243865967
4.0944307500012656e-08
-15.35791301727295
4.0944307500012656e-08
-6.033561706542969
7.466515228315984e-08
-12.804454803466797
7.466515228315984e-08
-0.1123073473572731
3.494466938036567e-08
-7.563931465148926
3.494466938036567e-08
7.662923812866211
6.90059209773608e-08
-1.864105463027954
6.90059209773608e-08
14.95152473449707
2.032103907367855e-08
3.0635039806365967
2.032103907367855e-08
14.783108711242676
4.1181607457474456e-08
0.5913211703300476
4.1181607457474456e-08
5.502747535705566
-3.506894685756379e-08
-10.24445915222168
-3.506894685756379e-08
-1.198850154876709
-3.163403761163863e-08
-17.772968292236328
-3.163403761163863e-08
3.386749267578125
3.932937886474974e-08
-14.094598770141602
3.932937886474974e-08
15.026683807373047
8.810022222860425e-08
-3.257578134536743
8.810022222860425e-08
28.116857528686523
4.0944307500012656e-08
9.591103553771973
4.0944307500012656e-08
36.3845100402832
7.466515228315984e-08
18.178762435913086
7.466515228315984e-08
31.361507415771484
3.494466938036567e-08
14.59886646270752
3.494466938036567e-08
17.111303329467773
6.90059209773608e-08
3.0929245948791504
6.90059209773608e-08
10.119915008544922
2.032103907367855e-08
-1.2493001222610474
2.032103907367855e-08
17.05956268310547
4.1181607457474456e-08
7.129254341125488
4.1181607457474456e-08
26.81315803527832
-3.506894685756379e-08
17.76283073425293
-3.506894685756379e-08
26.980819702148438
-3.163403761163863e-08
19.624038696289062
-3.163403761163863e-08
26.980819702148438
3.932937886474974e-08
19.624038696289062
3.932937886474974e-08
20.368040084838867
8.810022222860425e-08
16.012781143188477
8.810022222860425e-08
19.749589920043945
4.0944307500012656e-08
18.497880935668945
4.0944307500012656e-08
28.449871063232422
7.466515228315984e-08
28.297412872314453
7.466515228315984e-08
37.559207916259766
3.494466938036567e-08
35.64076232910156
3.494466938036567e-08
41.89094161987305
6.90059209773608e-08
36.868614196777344
6.90059209773608e-08
44.11870193481445
2.032103907367855e-08
37.009429931640625
2.032103907367855e-08
46.348289489746094
4.1181607457474456e-08
38.80025100708008
4.1181607457474456e-08
45.86720275878906
-3.506894685756379e-08
38.719215393066406
-3.506894685756379e-08
39.438690185546875
-3.163403761163863e-08
33.08774185180664
-3.163403761163863e-08
39.438690185546875
3.932937886474974e-08
33.08774185180664
3.932937886474974e-08
31.96546173095703
8.810022222860425e-08
26.209096908569336
8.810022222860425e-08
29.782428741455078
4.0944307500012656e-08
23.731632232666016
4.0944307500012656e-08
28.989131927490234
7.466515228315984e-08
22.36089324951172
7.466515228315984e-08
24.067773818969727
3.494466938036567e-08
17.427003860473633
3.494466938036567e-08
17.931364059448242
6.90059209773608e-08
11.709574699401855
6.90059209773608e-08
15.630305290222168
2.032103907367855e-08
9.726189613342285
2.032103907367855e-08
16.706811904907227
4.1181607457474456e-08
10.353997230529785
4.1181607457474456e-08
16.485912322998047
-3.506894685756379e-08
8.961193084716797
-3.506894685756379e-08
11.429594039916992
-3.163403761163863e-08
3.497561454772949
-3.163403761163863e-08
11.429594039916992
3.932937886474974e-08
3.497561454772949
3.932937886474974e-08
2.4150848388671875
8.810022222860425e-08
-4.271217346191406
8.810022222860425e-08
-5.219729900360107
4.0944307500012656e-08
-10.776543617248535
4.0944307500012656e-08
-9.329605102539062
7.466515228315984e-08
-15.917882919311523
7.466515228315984e-08
-16.802492141723633
3.494466938036567e-08
-25.579599380493164
3.494466938036567e-08
-28.661945343017578
6.90059209773608e-08
-38.488826751708984
6.90059209773608e-08
-30.037151336669922
2.032103907367855e-08
-39.27031707763672
2.032103907367855e-08
-16.53253746032715
4.1181607457474456e-08
-24.07391929626465
4.1181607457474456e-08
-6.842404842376709
-3.506894685756379e-08
-12.50389575958252
-3.506894685756379e-08
-10.481352806091309
-3.163403761163863e-08
-15.293374061584473
-3.163403761163863e-08
-21.50754737854004
3.932937886474974e-08
-18.98770523071289
3.932937886474974e-08
-29.476716995239258
8.810022222860425e-08
-24.70359992980957
8.810022222860425e-08
-28.940519332885742
4.0944307500012656e-08
-23.408756256103516
4.0944307500012656e-08
-17.409852981567383
7.466515228315984e-08
-12.81157398223877
7.466515228315984e-08
-4.393827438354492
3.494466938036567e-08
-0.9350374341011047
3.494466938036567e-08
1.1140435934066772
6.90059209773608e-08
4.412644386291504
6.90059209773608e-08
3.104998826980591
2.032103907367855e-08
6.788870811462402
2.032103907367855e-08
7.662302017211914
4.1181607457474456e-08
11.029378890991211
4.1181607457474456e-08
6.811210632324219
-3.506894685756379e-08
9.872961044311523
-3.506894685756379e-08
-5.475116729736328
-3.163403761163863e-08
-1.1568137407302856
-3.163403761163863e-08
6.811210632324219
3.932937886474974e-08
9.872961044311523
3.932937886474974e-08
-5.475116729736328
8.810022222860425e-08
-1.1568137407302856
8.810022222860425e-08
-16.563804626464844
4.0944307500012656e-08
-10.71826171875
4.0944307500012656e-08
-15.810562133789062
7.466515228315984e-08
-9.913710594177246
7.466515228315984e-08
-14.531144142150879
3.494466938036567e-08
-8.665255546569824
3.494466938036567e-08
-26.60589027404785
6.90059209773608e-08
-19.56487274169922
6.90059209773608e-08
-42.94822311401367
2.032103907367855e-08
-34.49761962890625
2.032103907367855e-08
-44.74986267089844
4.1181607457474456e-08
-35.15513610839844
4.1181607457474456e-08
-34.44557189941406
-3.506894685756379e-08
-23.543071746826172
-3.506894685756379e-08
-27.10848617553711
-3.163403761163863e-08
-15.190360069274902
-3.163403761163863e-08
-15.810562133789062
3.932937886474974e-08
-9.913710594177246
3.932937886474974e-08
-14.531144142150879
8.810022222860425e-08
-8.665255546569824
8.810022222860425e-08
-26.60589027404785
4.0944307500012656e-08
-19.56487274169922
4.0944307500012656e-08
-42.94822311401367
7.466515228315984e-08
-34.49761962890625
7.466515228315984e-08
-44.74986267089844
3.494466938036567e-08
-35.15513610839844
3.494466938036567e-08
-34.44557189941406
6.90059209773608e-08
-23.543071746826172
6.90059209773608e-08
-27.10848617553711
2.032103907367855e-08
-15.190360069274902
2.032103907367855e-08
-21.142749786376953
4.1181607457474456e-08
-9.836651802062988
4.1181607457474456e-08
-10.438490867614746
-3.506894685756379e-08
-1.4452574253082275
-3.506894685756379e-08
-3.8286023139953613
-3.163403761163863e-08
3.201969623565674
-3.163403761163863e-08
1.1004889011383057
3.932937886474974e-08
5.637216091156006
3.932937886474974e-08
9.958240509033203
8.810022222860425e-08
12.803389549255371
8.810022222860425e-08
21.71604347229004
4.0944307500012656e-08
22.60680389404297
4.0944307500012656e-08
30.206464767456055
7.466515228315984e-08
29.56161880493164
7.466515228315984e-08
29.744356155395508
3.494466938036567e-08
28.829824447631836
3.494466938036567e-08
25.20075035095215
6.90059209773608e-08
25.49589729309082
6.90059209773608e-08
24.634313583374023
2.032103907367855e-08
26.46479606628418
2.032103907367855e-08
29.897472381591797
4.1181607457474456e-08
32.355499267578125
4.1181607457474456e-08
36.50938034057617
-3.506894685756379e-08
38.75554275512695
-3.506894685756379e-08
37.2461051940918
-3.163403761163863e-08
39.161048889160156
-3.163403761163863e-08
37.2461051940918
3.932937886474974e-08
39.161048889160156
3.932937886474974e-08
31.486066818237305
8.810022222860425e-08
33.25544357299805
8.810022222860425e-08
26.22466278076172
4.0944307500012656e-08
28.34177017211914
4.0944307500012656e-08
21.81819725036621
7.466515228315984e-08
25.716678619384766
7.466515228315984e-08
15.193449020385742
3.494466938036567e-08
21.892879486083984
3.494466938036567e-08
11.487318992614746
6.90059209773608e-08
19.503984451293945
6.90059209773608e-08
12.394889831542969
2.032103907367855e-08
19.513376235961914
2.032103907367855e-08
8.901132583618164
4.1181607457474456e-08
15.302736282348633
4.1181607457474456e-08
-2.19258189201355
-3.506894685756379e-08
5.32683801651001
-3.506894685756379e-08
-9.021835327148438
-3.163403761163863e-08
0.2559680938720703
-3.163403761163863e-08
9.845447540283203
3.932937886474974e-08
19.431724548339844
3.932937886474974e-08
13.944684982299805
8.810022222860425e-08
21.621870040893555
8.810022222860425e-08
25.16737937927246
4.0944307500012656e-08
30.844074249267578
4.0944307500012656e-08
37.613399505615234
7.466515228315984e-08
42.51270294189453
7.466515228315984e-08
47.72216796875
3.494466938036567e-08
51.520233154296875
3.494466938036567e-08
53.96696853637695
6.90059209773608e-08
56.665287017822266
6.90059209773608e-08
55.302215576171875
2.032103907367855e-08
58.62022399902344
2.032103907367855e-08
52.215965270996094
4.1181607457474456e-08
57.02022171020508
4.1181607457474456e-08
47.87447738647461
-3.506894685756379e-08
52.8193244934082
-3.506894685756379e-08
47.728515625
-3.163403761163863e-08
50.54311752319336
-3.163403761163863e-08
28.66973876953125
3.932937886474974e-08
25.879011154174805
3.932937886474974e-08
14.843111038208008
8.810022222860425e-08
14.694561004638672
8.810022222860425e-08
15.255969047546387
4.0944307500012656e-08
16.895185470581055
4.0944307500012656e-08
19.84334373474121
7.466515228315984e-08
21.833538055419922
7.466515228315984e-08
18.171579360961914
3.494466938036567e-08
20.386808395385742
3.494466938036567e-08
13.93409538269043
6.90059209773608e-08
16.77106285095215
6.90059209773608e-08
11.733274459838867
2.032103907367855e-08
14.919814109802246
2.032103907367855e-08
10.488346099853516
4.1181607457474456e-08
12.902667999267578
4.1181607457474456e-08
8.762691497802734
-3.506894685756379e-08
9.287649154663086
-3.506894685756379e-08
6.8350138664245605
-3.163403761163863e-08
5.378878593444824
-3.163403761163863e-08
18.171579360961914
3.932937886474974e-08
20.386808395385742
3.932937886474974e-08
13.93409538269043
8.810022222860425e-08
16.77106285095215
8.810022222860425e-08
11.733274459838867
4.0944307500012656e-08
14.919814109802246
4.0944307500012656e-08
10.488346099853516
7.466515228315984e-08
12.902667999267578
7.466515228315984e-08
8.762691497802734
3.494466938036567e-08
9.287649154663086
3.494466938036567e-08
6.8350138664245605
6.90059209773608e-08
5.378878593444824
6.90059209773608e-08
6.163208961486816
2.032103907367855e-08
3.342348337173462
2.032103907367855e-08
6.189295768737793
4.1181607457474456e-08
2.567805767059326
4.1181607457474456e-08
3.463308572769165
-3.506894685756379e-08
-0.46190688014030457
-3.506894685756379e-08
-1.7141201496124268
-3.163403761163863e-08
-5.93951940536499
-3.163403761163863e-08
-13.852785110473633
3.932937886474974e-08
-21.489221572875977
3.932937886474974e-08
-12.69759750366211
8.810022222860425e-08
-18.982038497924805
8.810022222860425e-08
-8.805527687072754
4.0944307500012656e-08
-13.641925811767578
4.0944307500012656e-08
-1.4380929470062256
7.466515228315984e-08
-6.320526599884033
7.466515228315984e-08
6.930438041687012
3.494466938036567e-08
0.7606908679008484
3.494466938036567e-08
6.6329264640808105
6.90059209773608e-08
0.6038916110992432
6.90059209773608e-08
-1.5732178688049316
2.032103907367855e-08
-5.23353385925293
2.032103907367855e-08
-5.573398113250732
4.1181607457474456e-08
-6.921144962310791
4.1181607457474456e-08
-2.0092220306396484
-3.506894685756379e-08
-1.9912532567977905
-3.506894685756379e-08
-0.9389675855636597
-3.163403761163863e-08
1.5920006036758423
-3.163403761163863e-08
-2.0092220306396484
3.932937886474974e-08
-1.9912532567977905
3.932937886474974e-08
-0.9389675855636597
8.810022222860425e-08
1.5920006036758423
8.810022222860425e-08
-6.330023765563965
4.0944307500012656e-08
0.8941813707351685
4.0944307500012656e-08
-11.867195129394531
7.466515228315984e-08
0.48825880885124207
7.466515228315984e-08
-17.634254455566406
3.494466938036567e-08
-1.6432744264602661
3.494466938036567e-08
-27.232852935791016
6.90059209773608e-08
-10.001975059509277
6.90059209773608e-08
-34.18800735473633
2.032103907367855e-08
-17.885759353637695
2.032103907367855e-08
-30.021394729614258
4.1181607457474456e-08
-15.093782424926758
4.1181607457474456e-08
-20.167524337768555
-3.506894685756379e-08
-5.312821865081787
-3.506894685756379e-08
-17.250635147094727
-3.163403761163863e-08
-1.2480695247650146
-3.163403761163863e-08
-17.250635147094727
3.932937886474974e-08
-1.2480695247650146
3.932937886474974e-08
-25.06023406982422
8.810022222860425e-08
-7.8099260330200195
8.810022222860425e-08
-37.568668365478516
4.0944307500012656e-08
-19.592010498046875
4.0944307500012656e-08
-41.886775970458984
7.466515228315984e-08
-24.211984634399414
7.466515228315984e-08
-31.09732437133789
3.494466938036567e-08
-14.765298843383789
3.494466938036567e-08
-18.424467086791992
6.90059209773608e-08
-3.4620604515075684
6.90059209773608e-08
-16.096023559570312
2.032103907367855e-08
-2.4172301292419434
2.032103907367855e-08
-14.104530334472656
4.1181607457474456e-08
-2.4342472553253174
4.1181607457474456e-08
-3.191847801208496
-3.506894685756379e-08
5.973882675170898
-3.506894685756379e-08
5.584136486053467
-3.163403761163863e-08
12.31789493560791
-3.163403761163863e-08
-2.3006930351257324
3.932937886474974e-08
-0.15344998240470886
3.932937886474974e-08
-3.4626712799072266
8.810022222860425e-08
-2.633096933364868
8.810022222860425e-08
-10.201614379882812
4.0944307500012656e-08
-9.065890312194824
4.0944307500012656e-08
-21.855016708374023
7.466515228315984e-08
-18.975648880004883
7.466515228315984e-08
-25.5577335357666
3.494466938036567e-08
-20.75535774230957
3.494466938036567e-08
-21.688278198242188
6.90059209773608e-08
-16.142854690551758
6.90059209773608e-08
-17.417648315429688
2.032103907367855e-08
-12.789295196533203
2.032103907367855e-08
-11.111308097839355
4.1181607457474456e-08
-8.354825973510742
4.1181607457474456e-08
-4.968859672546387
-3.506894685756379e-08
-3.673964262008667
-3.506894685756379e-08
-5.803115367889404
-3.163403761163863e-08
-4.3462629318237305
-3.163403761163863e-08
-5.803115367889404
3.932937886474974e-08
-4.3462629318237305
3.932937886474974e-08
-6.845635414123535
8.810022222860425e-08
-3.4033985137939453
8.810022222860425e-08
2.0041680335998535
4.0944307500012656e-08
7.657289981842041
4.0944307500012656e-08
10.382793426513672
7.466515228315984e-08
16.499664306640625
7.466515228315984e-08
1.540995478630066
3.494466938036567e-08
6.498522758483887
3.494466938036567e-08
-18.020103454589844
6.90059209773608e-08
-14.212701797485352
6.90059209773608e-08
-25.843536376953125
2.032103907367855e-08
-22.23771858215332
2.032103907367855e-08
-19.36826515197754
4.1181607457474456e-08
-15.153205871582031
4.1181607457474456e-08
-18.10787010192871
-3.506894685756379e-08
-13.082507133483887
-3.506894685756379e-08
-23.853662490844727
-3.163403761163863e-08
-18.149490356445312
-3.163403761163863e-08
-16.31338882446289
3.932937886474974e-08
-6.530323505401611
3.932937886474974e-08
-16.370407104492188
8.810022222860425e-08
-2.97591233253479
8.810022222860425e-08
-17.116579055786133
4.0944307500012656e-08
-0.6711281538009644
4.0944307500012656e-08
-17.03736114501953
7.466515228315984e-08
1.4584964513778687
7.466515228315984e-08
-17.02460289001465
3.494466938036567e-08
1.8695093393325806
3.494466938036567e-08
-13.118374824523926
6.90059209773608e-08
4.3360466957092285
6.90059209773608e-08
-10.357373237609863
2.032103907367855e-08
5.60361909866333
2.032103907367855e-08
-17.7145938873291
4.1181607457474456e-08
-2.270794153213501
4.1181607457474456e-08
-26.43978500366211
-3.506894685756379e-08
-11.551852226257324
-3.506894685756379e-08
-18.456096649169922
-3.163403761163863e-08
-4.396117210388184
-3.163403761163863e-08
-17.02460289001465
3.932937886474974e-08
1.8695093393325806
3.932937886474974e-08
-13.118374824523926
8.810022222860425e-08
4.3360466957092285
8.810022222860425e-08
-10.357373237609863
4.0944307500012656e-08
5.60361909866333
4.0944307500012656e-08
-17.7145938873291
7.466515228315984e-08
-2.270794153213501
7.466515228315984e-08
-26.43978500366211
3.494466938036567e-08
-11.551852226257324
3.494466938036567e-08
-18.456096649169922
6.90059209773608e-08
-4.396117210388184
6.90059209773608e-08
3.1532962322235107
2.032103907367855e-08
16.5342960357666
2.032103907367855e-08
17.04065704345703
4.1181607457474456e-08
28.566877365112305
4.1181607457474456e-08
16.993553161621094
-3.506894685756379e-08
24.585113525390625
-3.506894685756379e-08
14.354632377624512
-3.163403761163863e-08
17.757810592651367
-3.163403761163863e-08
9.837142944335938
3.932937886474974e-08
-0.14958781003952026
3.932937886474974e-08
16.820663452148438
8.810022222860425e-08
7.080481052398682
8.810022222860425e-08
13.898890495300293
4.0944307500012656e-08
5.7430267333984375
4.0944307500012656e-08
6.566177845001221
7.466515228315984e-08
-1.0061081647872925
7.466515228315984e-08
5.269448757171631
3.494466938036567e-08
-2.43870210647583
3.494466938036567e-08
4.460186958312988
6.90059209773608e-08
-2.10469126701355
6.90059209773608e-08
-5.67284631729126
2.032103907367855e-08
-10.50552749633789
2.032103907367855e-08
-19.658845901489258
4.1181607457474456e-08
-23.626636505126953
4.1181607457474456e-08
-23.994604110717773
-3.506894685756379e-08
-27.898591995239258
-3.506894685756379e-08
-16.42840003967285
-3.163403761163863e-08
-21.523210525512695
-3.163403761163863e-08
-19.509319305419922
3.932937886474974e-08
-30.638181686401367
3.932937886474974e-08
-20.09385871887207
8.810022222860425e-08
-30.741151809692383
8.810022222860425e-08
-10.694905281066895
4.0944307500012656e-08
-21.399085998535156
4.0944307500012656e-08
-1.777832269668579
7.466515228315984e-08
-13.786757469177246
7.466515228315984e-08
1.0112799406051636
3.494466938036567e-08
-13.319730758666992
3.494466938036567e-08
1.4084351062774658
6.90059209773608e-08
-14.278611183166504
6.90059209773608e-08
1.7115347385406494
2.032103907367855e-08
-12.61345386505127
2.032103907367855e-08
0.26734113693237305
4.1181607457474456e-08
-11.303890228271484
4.1181607457474456e-08
-1.8885016441345215
-3.506894685756379e-08
-12.080825805664062
-3.506894685756379e-08
-1.3828065395355225
-3.163403761163863e-08
-12.786794662475586
-3.163403761163863e-08
-1.3828065395355225
3.932937886474974e-08
-12.786795616149902
3.932937886474974e-08
2.895038604736328
8.810022222860425e-08
-11.133393287658691
8.810022222860425e-08
10.612082481384277
4.0944307500012656e-08
-4.970608711242676
4.0944307500012656e-08
19.8309383392334
7.466515228315984e-08
4.742079257965088
7.466515228315984e-08
24.485836029052734
3.494466938036567e-08
10.630438804626465
3.494466938036567e-08
21.45606803894043
6.90059209773608e-08
8.770340919494629
6.90059209773608e-08
