0
19.125444412231445
-5.010900974273682
1.999999987845058e-08
1.999999987845058e-08
4.292038917541504
1.0835070610046387
-1.999999987845058e-08
-1.999999987845058e-08
-15.14450454711914
46.84505844116211
1.999999987845058e-08
1.999999987845058e-08
-17.26010513305664
84.43010711669922
-1.999999987845058e-08
-1.999999987845058e-08
-0.05313289165496826
77.81935119628906
1.999999987845058e-08
1.999999987845058e-08
19.296621322631836
35.11541748046875
-1.999999987845058e-08
-1.999999987845058e-08
23.93808364868164
-2.743119716644287
1.999999987845058e-08
1.999999987845058e-08
13.142070770263672
-0.3740379810333252
-1.999999987845058e-08
-1.999999987845058e-08
-0.28576621413230896
42.091888427734375
1.999999987845058e-08
1.999999987845058e-08
-3.223308801651001
53.86167907714844
-1.999999987845058e-08
-1.999999987845058e-08
-10.764408111572266
94.58036041259766
1.999999987845058e-08
1.999999987845058e-08
2.572885036468506
107.65754699707031
-1.999999987845058e-08
-1.999999987845058e-08
28.04836654663086
75.48811340332031
1.999999987845058e-08
1.999999987845058e-08
43.386627197265625
21.99850082397461
-1.999999987845058e-08
-1.999999987845058e-08
31.07514762878418
-4.750064373016357
1.999999987845058e-08
1.999999987845058e-08
1.9968844652175903
15.244531631469727
-1.999999987845058e-08
-1.999999987845058e-08
-13.845203399658203
51.90862274169922
1.999999987845058e-08
1.999999987845058e-08
-3.755441188812256
62.43575668334961
-1.999999987845058e-08
-1.999999987845058e-08
16.6274471282959
35.53644943237305
1.999999987845058e-08
1.999999987845058e-08
1.9968844652175903
15.244531631469727
-1.999999987845058e-08
-1.999999987845058e-08
-13.845203399658203
51.90862274169922
1.999999987845058e-08
1.999999987845058e-08
-3.755441188812256
62.43575668334961
-1.999999987845058e-08
-1.999999987845058e-08
16.6274471282959
35.53644943237305
1.999999987845058e-08
1.999999987845058e-08
24.517383575439453
0.25875747203826904
-1.999999987845058e-08
-1.999999987845058e-08
11.653721809387207
-6.549258708953857
1.999999987845058e-08
1.999999987845058e-08
-10.6447172164917
22.445356369018555
-1.999999987845058e-08
-1.999999987845058e-08
-22.90849494934082
61.88259506225586
1.999999987845058e-08
1.999999987845058e-08
-14.651763916015625
75.97525787353516
-1.999999987845058e-08
-1.999999987845058e-08
6.260047435760498
50.161136627197266
1.999999987845058e-08
1.999999987845058e-08
20.717832565307617
9.863478660583496
-1.999999987845058e-08
-1.999999987845058e-08
17.871437072753906
-4.518364906311035
1.999999987845058e-08
1.999999987845058e-08
6.150243759155273
15.924151420593262
-1.999999987845058e-08
-1.999999987845058e-08
2.7638583183288574
38.69112014770508
1.999999987845058e-08
1.999999987845058e-08
14.35326862335205
29.201326370239258
-1.999999987845058e-08
-1.999999987845058e-08
29.272808074951172
-6.956516265869141
1.999999987845058e-08
1.999999987845058e-08
30.488054275512695
-31.317928314208984
-1.999999987845058e-08
-1.999999987845058e-08
15.877796173095703
-20.707744598388672
1.999999987845058e-08
1.999999987845058e-08
0.4629265367984772
10.085182189941406
-1.999999987845058e-08
-1.999999987845058e-08
-1.0064398050308228
31.959487915039062
1.999999987845058e-08
1.999999987845058e-08
-1.0064398050308228
31.959487915039062
-1.999999987845058e-08
-1.999999987845058e-08
11.340920448303223
27.44976043701172
1.999999987845058e-08
1.999999987845058e-08
23.462574005126953
1.124521255493164
-1.999999987845058e-08
-1.999999987845058e-08
22.27914047241211
-22.405710220336914
1.999999987845058e-08
1.999999987845058e-08
10.393839836120605
-21.36512565612793
-1.999999987845058e-08
-1.999999987845058e-08
0.8240098357200623
2.4678714275360107
1.999999987845058e-08
1.999999987845058e-08
0.5802544355392456
30.141204833984375
-1.999999987845058e-08
-1.999999987845058e-08
7.97832727432251
39.16597366333008
1.999999987845058e-08
1.999999987845058e-08
18.133501052856445
15.308829307556152
-1.999999987845058e-08
-1.999999987845058e-08
23.219995498657227
-30.121543884277344
1.999999987845058e-08
1.999999987845058e-08
0.5802544355392456
30.141204833984375
-1.999999987845058e-08
-1.999999987845058e-08
7.97832727432251
39.16597366333008
1.999999987845058e-08
1.999999987845058e-08
18.133501052856445
15.308829307556152
-1.999999987845058e-08
-1.999999987845058e-08
23.219995498657227
-30.121543884277344
1.999999987845058e-08
1.999999987845058e-08
16.45563507080078
-60.746341705322266
-1.999999987845058e-08
-1.999999987845058e-08
2.3538777828216553
-50.26667785644531
1.999999987845058e-08
1.999999987845058e-08
-4.407131671905518
-15.777156829833984
-1.999999987845058e-08
-1.999999987845058e-08
3.2232823371887207
1.5581152439117432
1.999999987845058e-08
1.999999987845058e-08
15.873937606811523
-12.17658805847168
-1.999999987845058e-08
-1.999999987845058e-08
21.501447677612305
-33.826683044433594
1.999999987845058e-08
1.999999987845058e-08
-4.407131671905518
-15.777156829833984
-1.999999987845058e-08
-1.999999987845058e-08
3.2232823371887207
1.5581152439117432
1.999999987845058e-08
1.999999987845058e-08
15.873937606811523
-12.17658805847168
-1.999999987845058e-08
-1.999999987845058e-08
21.501447677612305
-33.826683044433594
1.999999987845058e-08
1.999999987845058e-08
16.99345588684082
-36.868526458740234
-1.999999987845058e-08
-1.999999987845058e-08
6.31321907043457
-15.77199935913086
1.999999987845058e-08
1.999999987845058e-08
-1.3339104652404785
7.7933430671691895
-1.999999987845058e-08
-1.999999987845058e-08
1.8015992641448975
2.248807430267334
1.999999987845058e-08
1.999999987845058e-08
10.21346378326416
-31.52577018737793
-1.999999987845058e-08
-1.999999987845058e-08
11.63807487487793
-55.83654022216797
1.999999987845058e-08
1.999999987845058e-08
21.501447677612305
-33.826683044433594
-1.999999987845058e-08
-1.999999987845058e-08
16.99345588684082
-36.868526458740234
1.999999987845058e-08
1.999999987845058e-08
6.31321907043457
-15.77199935913086
-1.999999987845058e-08
-1.999999987845058e-08
-1.333910346031189
7.7933430671691895
1.999999987845058e-08
1.999999987845058e-08
1.8015992641448975
2.248807430267334
-1.999999987845058e-08
-1.999999987845058e-08
10.21346378326416
-31.52577018737793
1.999999987845058e-08
1.999999987845058e-08
11.63807487487793
-55.83654022216797
-1.999999987845058e-08
-1.999999987845058e-08
4.68698263168335
-45.349586486816406
1.999999987845058e-08
1.999999987845058e-08
-1.177812099456787
-13.435388565063477
-1.999999987845058e-08
-1.999999987845058e-08
1.3043135404586792
6.468780994415283
1.999999987845058e-08
1.999999987845058e-08
21.501447677612305
-33.826683044433594
-1.999999987845058e-08
-1.999999987845058e-08
16.99345588684082
-36.868526458740234
1.999999987845058e-08
1.999999987845058e-08
6.31321907043457
-15.77199935913086
-1.999999987845058e-08
-1.999999987845058e-08
-1.333910346031189
7.7933430671691895
1.999999987845058e-08
1.999999987845058e-08
1.8015992641448975
2.248807430267334
-1.999999987845058e-08
-1.999999987845058e-08
10.21346378326416
-31.52577018737793
1.999999987845058e-08
1.999999987845058e-08
11.63807487487793
-55.83654022216797
-1.999999987845058e-08
-1.999999987845058e-08
4.68698263168335
-45.349586486816406
1.999999987845058e-08
1.999999987845058e-08
-1.177812099456787
-13.435388565063477
-1.999999987845058e-08
-1.999999987845058e-08
1.3043135404586792
6.468780994415283
1.999999987845058e-08
1.999999987845058e-08
1.1393063068389893
-30.402496337890625
-1.999999987845058e-08
-1.999999987845058e-08
12.967637062072754
-47.83943176269531
1.999999987845058e-08
1.999999987845058e-08
13.07270622253418
-58.617156982421875
-1.999999987845058e-08
-1.999999987845058e-08
2.3441035747528076
-54.988861083984375
1.999999987845058e-08
1.999999987845058e-08
-6.596039295196533
-48.580787658691406
-1.999999987845058e-08
-1.999999987845058e-08
-6.45289945602417
-51.605712890625
1.999999987845058e-08
1.999999987845058e-08
-4.609782695770264
-61.61770248413086
-1.999999987845058e-08
-1.999999987845058e-08
-9.254143714904785
-65.30704498291016
1.999999987845058e-08
1.999999987845058e-08
-18.021041870117188
-49.47431945800781
-1.999999987845058e-08
-1.999999987845058e-08
-23.616558074951172
-14.083364486694336
1.999999987845058e-08
1.999999987845058e-08
-18.798768997192383
11.666498184204102
-1.999999987845058e-08
-1.999999987845058e-08
-2.592103958129883
-9.802865982055664
1.999999987845058e-08
1.999999987845058e-08
11.363663673400879
-67.68191528320312
-1.999999987845058e-08
-1.999999987845058e-08
6.983428001403809
-101.6353988647461
1.999999987845058e-08
1.999999987845058e-08
-12.481517791748047
-72.43180084228516
-1.999999987845058e-08
-1.999999987845058e-08
-27.577404022216797
-5.0856170654296875
1.999999987845058e-08
1.999999987845058e-08
-22.905590057373047
35.456260681152344
-1.999999987845058e-08
-1.999999987845058e-08
-0.08140567690134048
2.4797844886779785
1.999999987845058e-08
1.999999987845058e-08
19.986469268798828
-77.08065795898438
-1.999999987845058e-08
-1.999999987845058e-08
13.669031143188477
-118.23798370361328
1.999999987845058e-08
1.999999987845058e-08
-14.63794231414795
-75.65416717529297
-1.999999987845058e-08
-1.999999987845058e-08
-32.484375
1.7402247190475464
1.999999987845058e-08
1.999999987845058e-08
-20.902315139770508
36.74266052246094
-1.999999987845058e-08
-1.999999987845058e-08
3.907266855239868
11.139395713806152
1.999999987845058e-08
1.999999987845058e-08
16.192737579345703
-33.689720153808594
-1.999999987845058e-08
-1.999999987845058e-08
7.869405746459961
-52.75430679321289
1.999999987845058e-08
1.999999987845058e-08
-10.193038940429688
-35.53291320800781
-1.999999987845058e-08
-1.999999987845058e-08
-21.252695083618164
-4.337713718414307
1.999999987845058e-08
1.999999987845058e-08
-18.784231185913086
15.327238082885742
-1.999999987845058e-08
-1.999999987845058e-08
-11.313896179199219
18.502466201782227
1.999999987845058e-08
1.999999987845058e-08
-8.615472793579102
12.016450881958008
-1.999999987845058e-08
-1.999999987845058e-08
-11.088767051696777
1.49784255027771
1.999999987845058e-08
1.999999987845058e-08
-15.901387214660645
-3.1301321983337402
-1.999999987845058e-08
-1.999999987845058e-08
-21.671245574951172
7.061166286468506
1.999999987845058e-08
1.999999987845058e-08
-25.986417770385742
24.823488235473633
-1.999999987845058e-08
-1.999999987845058e-08
-26.049518585205078
33.23424530029297
1.999999987845058e-08
1.999999987845058e-08
-20.750659942626953
22.499521255493164
-1.999999987845058e-08
-1.999999987845058e-08
-11.624773979187012
-3.3025965690612793
1.999999987845058e-08
1.999999987845058e-08
-2.895961046218872
-28.30522346496582
-1.999999987845058e-08
-1.999999987845058e-08
1.1345337629318237
-35.263282775878906
1.999999987845058e-08
1.999999987845058e-08
-7.1475443840026855
13.863990783691406
-1.999999987845058e-08
-1.999999987845058e-08
-11.556695938110352
39.0250358581543
1.999999987845058e-08
1.999999987845058e-08
-7.063492774963379
31.7518310546875
-1.999999987845058e-08
-1.999999987845058e-08
4.266076564788818
-8.038954734802246
1.999999987845058e-08
1.999999987845058e-08
9.204387664794922
-41.00483703613281
-1.999999987845058e-08
-1.999999987845058e-08
2.232732057571411
-33.068973541259766
1.999999987845058e-08
1.999999987845058e-08
-6.588064193725586
4.361327171325684
-1.999999987845058e-08
-1.999999987845058e-08
-7.925604820251465
37.2431640625
1.999999987845058e-08
1.999999987845058e-08
-1.3229659795761108
40.61547088623047
-1.999999987845058e-08
-1.999999987845058e-08
8.646489143371582
9.232942581176758
1.999999987845058e-08
1.999999987845058e-08
12.353442192077637
-29.452880859375
-1.999999987845058e-08
-1.999999987845058e-08
2.0978102684020996
-30.692237854003906
1.999999987845058e-08
1.999999987845058e-08
-15.418088912963867
13.249683380126953
-1.999999987845058e-08
-1.999999987845058e-08
-23.652524948120117
54.158782958984375
1.999999987845058e-08
1.999999987845058e-08
-15.156831741333008
40.27004623413086
-1.999999987845058e-08
-1.999999987845058e-08
-0.9173683524131775
-19.705698013305664
1.999999987845058e-08
1.999999987845058e-08
2.094822883605957
-61.99473190307617
-1.999999987845058e-08
-1.999999987845058e-08
-8.996047973632812
-42.55751037597656
1.999999987845058e-08
1.999999987845058e-08
-20.514144897460938
14.863791465759277
-1.999999987845058e-08
-1.999999987845058e-08
-18.466562271118164
52.260765075683594
1.999999987845058e-08
1.999999987845058e-08
-2.1588621139526367
39.23465347290039
-1.999999987845058e-08
-1.999999987845058e-08
15.798325538635254
-4.424034118652344
1.999999987845058e-08
1.999999987845058e-08
20.238862991333008
-35.30889892578125
-1.999999987845058e-08
-1.999999987845058e-08
8.500924110412598
-27.97793960571289
1.999999987845058e-08
1.999999987845058e-08
-5.683931827545166
4.006522178649902
-1.999999987845058e-08
-1.999999987845058e-08
-8.867587089538574
25.740068435668945
1.999999987845058e-08
1.999999987845058e-08
-3.245126724243164
19.85359764099121
-1.999999987845058e-08
-1.999999987845058e-08
0.9210065603256226
-0.80690598487854
1.999999987845058e-08
1.999999987845058e-08
-1.2124285697937012
-13.050313949584961
-1.999999987845058e-08
-1.999999987845058e-08
-8.16478157043457
-0.9243012070655823
1.999999987845058e-08
1.999999987845058e-08
-1.2124285697937012
-13.050313949584961
-1.999999987845058e-08
-1.999999987845058e-08
-8.16478157043457
-0.9243012070655823
1.999999987845058e-08
1.999999987845058e-08
-14.294973373413086
33.37043762207031
-1.999999987845058e-08
-1.999999987845058e-08
-11.584966659545898
59.80866241455078
1.999999987845058e-08
1.999999987845058e-08
1.23239004611969
41.01579666137695
-1.999999987845058e-08
-1.999999987845058e-08
12.23889446258545
-16.03175926208496
1.999999987845058e-08
1.999999987845058e-08
7.340163230895996
-49.54661178588867
-1.999999987845058e-08
-1.999999987845058e-08
-11.814151763916016
-12.404033660888672
1.999999987845058e-08
1.999999987845058e-08
-26.351396560668945
62.55192184448242
-1.999999987845058e-08
-1.999999987845058e-08
-19.66695213317871
96.1375732421875
1.999999987845058e-08
1.999999987845058e-08
2.406064510345459
57.816585540771484
-1.999999987845058e-08
-1.999999987845058e-08
16.609813690185547
-2.3589563369750977
1.999999987845058e-08
1.999999987845058e-08
10.057454109191895
-23.420307159423828
-1.999999987845058e-08
-1.999999987845058e-08
-6.068714618682861
-2.9738969802856445
1.999999987845058e-08
1.999999987845058e-08
-14.595966339111328
19.344289779663086
-1.999999987845058e-08
-1.999999987845058e-08
-13.915910720825195
22.518434524536133
1.999999987845058e-08
1.999999987845058e-08
-15.242849349975586
25.435657501220703
-1.999999987845058e-08
-1.999999987845058e-08
-23.501401901245117
50.535396575927734
1.999999987845058e-08
1.999999987845058e-08
-28.733535766601562
84.30233764648438
-1.999999987845058e-08
-1.999999987845058e-08
-19.792495727539062
91.06729125976562
1.999999987845058e-08
1.999999987845058e-08
7.793239593505859
25.18224334716797
-1.999999987845058e-08
-1.999999987845058e-08
0.8979499936103821
13.331267356872559
1.999999987845058e-08
1.999999987845058e-08
-13.963640213012695
30.225839614868164
-1.999999987845058e-08
-1.999999987845058e-08
-20.334884643554688
57.32381820678711
1.999999987845058e-08
1.999999987845058e-08
-7.1913065910339355
62.800724029541016
-1.999999987845058e-08
-1.999999987845058e-08
16.829505920410156
29.385669708251953
1.999999987845058e-08
1.999999987845058e-08
25.9865779876709
-11.714089393615723
-1.999999987845058e-08
-1.999999987845058e-08
8.998273849487305
-9.881657600402832
1.999999987845058e-08
1.999999987845058e-08
-14.491047859191895
40.0264778137207
-1.999999987845058e-08
-1.999999987845058e-08
-20.237478256225586
91.17544555664062
1.999999987845058e-08
1.999999987845058e-08
-5.091219425201416
93.7433090209961
-1.999999987845058e-08
-1.999999987845058e-08
15.015478134155273
40.485965728759766
1.999999987845058e-08
1.999999987845058e-08
18.854713439941406
-21.831199645996094
-1.999999987845058e-08
-1.999999987845058e-08
-0.6562610268592834
-33.50434875488281
1.999999987845058e-08
1.999999987845058e-08
-24.865842819213867
11.840615272521973
-1.999999987845058e-08
-1.999999987845058e-08
-27.872968673706055
55.73204803466797
1.999999987845058e-08
1.999999987845058e-08
-6.405508041381836
39.494789123535156
-1.999999987845058e-08
-1.999999987845058e-08
15.862225532531738
-27.449817657470703
1.999999987845058e-08
1.999999987845058e-08
14.613450050354004
-73.687255859375
-1.999999987845058e-08
-1.999999987845058e-08
-6.945363521575928
-45.416053771972656
1.999999987845058e-08
1.999999987845058e-08
-27.872968673706055
55.73204803466797
-1.999999987845058e-08
-1.999999987845058e-08
-6.405508041381836
39.494789123535156
1.999999987845058e-08
1.999999987845058e-08
15.862225532531738
-27.449817657470703
-1.999999987845058e-08
-1.999999987845058e-08
14.613450050354004
-73.687255859375
1.999999987845058e-08
1.999999987845058e-08
-6.945363521575928
-45.416053771972656
-1.999999987845058e-08
-1.999999987845058e-08
-21.803874969482422
30.357542037963867
1.999999987845058e-08
1.999999987845058e-08
-10.379026412963867
77.31977844238281
-1.999999987845058e-08
-1.999999987845058e-08
17.276826858520508
59.699302673339844
1.999999987845058e-08
1.999999987845058e-08
32.90530776977539
14.912659645080566
-1.999999987845058e-08
-1.999999987845058e-08
22.979707717895508
-8.501398086547852
1.999999987845058e-08
1.999999987845058e-08
-8.280123710632324
47.274967193603516
-1.999999987845058e-08
-1.999999987845058e-08
-0.5643445253372192
53.74925994873047
1.999999987845058e-08
1.999999987845058e-08
9.777887344360352
44.04198455810547
-1.999999987845058e-08
-1.999999987845058e-08
13.872950553894043
31.68120002746582
1.999999987845058e-08
1.999999987845058e-08
10.685873031616211
29.02406120300293
-1.999999987845058e-08
-1.999999987845058e-08
4.099249839782715
41.76599884033203
1.999999987845058e-08
1.999999987845058e-08
3.576827049255371
57.09328842163086
-1.999999987845058e-08
-1.999999987845058e-08
15.775534629821777
48.70549774169922
1.999999987845058e-08
1.999999987845058e-08
29.336692810058594
16.17013931274414
-1.999999987845058e-08
-1.999999987845058e-08
25.556119918823242
1.6206896305084229
1.999999987845058e-08
1.999999987845058e-08
4.099249839782715
41.76599884033203
-1.999999987845058e-08
-1.999999987845058e-08
3.576827049255371
57.09328842163086
1.999999987845058e-08
1.999999987845058e-08
15.775534629821777
48.70549774169922
-1.999999987845058e-08
-1.999999987845058e-08
29.336692810058594
16.17013931274414
1.999999987845058e-08
1.999999987845058e-08
25.556119918823242
1.6206895112991333
-1.999999987845058e-08
-1.999999987845058e-08
6.909251689910889
35.31374740600586
1.999999987845058e-08
1.999999987845058e-08
-3.5851967334747314
84.25919342041016
-1.999999987845058e-08
-1.999999987845058e-08
7.6689958572387695
88.9388198852539
1.999999987845058e-08
1.999999987845058e-08
28.64058494567871
36.45746612548828
-1.999999987845058e-08
-1.999999987845058e-08
35.22589111328125
-24.60816192626953
1.999999987845058e-08
1.999999987845058e-08
23.4003849029541
23.738733291625977
-1.999999987845058e-08
-1.999999987845058e-08
46.29265213012695
-20.351327896118164
1.999999987845058e-08
1.999999987845058e-08
42.82571792602539
-38.18357467651367
-1.999999987845058e-08
-1.999999987845058e-08
19.460477828979492
-10.558943748474121
1.999999987845058e-08
1.999999987845058e-08
-0.5627015829086304
35.68376159667969
-1.999999987845058e-08
-1.999999987845058e-08
-1.1587789058685303
58.78792190551758
1.999999987845058e-08
1.999999987845058e-08
14.394189834594727
38.22508239746094
-1.999999987845058e-08
-1.999999987845058e-08
27.057353973388672
-1.6277793645858765
1.999999987845058e-08
1.999999987845058e-08
22.31010627746582
-16.144981384277344
-1.999999987845058e-08
-1.999999987845058e-08
7.413348197937012
4.0454840660095215
1.999999987845058e-08
1.999999987845058e-08
14.394189834594727
38.22508239746094
-1.999999987845058e-08
-1.999999987845058e-08
27.057353973388672
-1.6277793645858765
1.999999987845058e-08
1.999999987845058e-08
22.31010627746582
-16.144981384277344
-1.999999987845058e-08
-1.999999987845058e-08
7.413348197937012
4.0454840660095215
1.999999987845058e-08
1.999999987845058e-08
0.2591511905193329
28.1949462890625
-1.999999987845058e-08
-1.999999987845058e-08
5.920269966125488
31.818586349487305
1.999999987845058e-08
1.999999987845058e-08
15.015033721923828
18.199024200439453
-1.999999987845058e-08
-1.999999987845058e-08
17.79479217529297
5.031561851501465
1.999999987845058e-08
1.999999987845058e-08
10.952616691589355
12.180782318115234
-1.999999987845058e-08
-1.999999987845058e-08
0.8972442150115967
40.323707580566406
1.999999987845058e-08
1.999999987845058e-08
25.905223846435547
-14.421875
-1.999999987845058e-08
-1.999999987845058e-08
18.976093292236328
-21.94322967529297
1.999999987845058e-08
1.999999987845058e-08
-0.7736452221870422
20.931562423706055
-1.999999987845058e-08
-1.999999987845058e-08
-8.0079345703125
66.13838958740234
1.999999987845058e-08
1.999999987845058e-08
11.164731979370117
61.89618682861328
-1.999999987845058e-08
-1.999999987845058e-08
37.752559661865234
15.77436637878418
1.999999987845058e-08
1.999999987845058e-08
43.378517150878906
-17.69903564453125
-1.999999987845058e-08
-1.999999987845058e-08
25.65262222290039
-3.0380728244781494
1.999999987845058e-08
1.999999987845058e-08
6.0641961097717285
40.94121551513672
-1.999999987845058e-08
-1.999999987845058e-08
2.3298165798187256
67.69036102294922
1.999999987845058e-08
1.999999987845058e-08
20.83100700378418
6.536813735961914
-1.999999987845058e-08
-1.999999987845058e-08
12.152616500854492
27.377140045166016
1.999999987845058e-08
1.999999987845058e-08
9.758182525634766
41.25244903564453
-1.999999987845058e-08
-1.999999987845058e-08
16.508031845092773
17.270811080932617
1.999999987845058e-08
1.999999987845058e-08
20.198152542114258
-22.352590560913086
-1.999999987845058e-08
-1.999999987845058e-08
12.499314308166504
-32.67113494873047
1.999999987845058e-08
1.999999987845058e-08
1.3235520124435425
-1.8290902376174927
-1.999999987845058e-08
-1.999999987845058e-08
-1.394426941871643
39.45465087890625
1.999999987845058e-08
1.999999987845058e-08
5.153152942657471
52.14987564086914
-1.999999987845058e-08
-1.999999987845058e-08
11.219961166381836
27.05268096923828
1.999999987845058e-08
1.999999987845058e-08
1.3235520124435425
-1.8290903568267822
-1.999999987845058e-08
-1.999999987845058e-08
-1.394426941871643
39.45465087890625
1.999999987845058e-08
1.999999987845058e-08
5.153152942657471
52.14987564086914
-1.999999987845058e-08
-1.999999987845058e-08
11.219961166381836
27.05268096923828
1.999999987845058e-08
1.999999987845058e-08
6.716363430023193
-1.979396104812622
-1.999999987845058e-08
-1.999999987845058e-08
-7.893736362457275
5.547860145568848
1.999999987845058e-08
1.999999987845058e-08
-19.82411766052246
44.51991271972656
-1.999999987845058e-08
-1.999999987845058e-08
-17.159832000732422
70.69166564941406
1.999999987845058e-08
1.999999987845058e-08
-2.355867624282837
53.63727951049805
-1.999999987845058e-08
-1.999999987845058e-08
10.650362968444824
7.170217037200928
1.999999987845058e-08
1.999999987845058e-08
23.225799560546875
-49.415977478027344
-1.999999987845058e-08
-1.999999987845058e-08
3.413848638534546
-32.11680221557617
1.999999987845058e-08
1.999999987845058e-08
-9.370478630065918
15.074555397033691
-1.999999987845058e-08
-1.999999987845058e-08
-2.8583085536956787
36.986446380615234
1.999999987845058e-08
1.999999987845058e-08
11.536480903625488
16.425308227539062
-1.999999987845058e-08
-1.999999987845058e-08
15.667460441589355
-11.52947998046875
1.999999987845058e-08
1.999999987845058e-08
3.3431339263916016
-7.173509120941162
-1.999999987845058e-08
-1.999999987845058e-08
-14.54537296295166
24.364843368530273
1.999999987845058e-08
1.999999987845058e-08
-22.234193801879883
41.51994705200195
-1.999999987845058e-08
-1.999999987845058e-08
-17.38050651550293
20.509687423706055
1.999999987845058e-08
1.999999987845058e-08
-14.54537296295166
24.364843368530273
-1.999999987845058e-08
-1.999999987845058e-08
-22.234193801879883
41.51994705200195
1.999999987845058e-08
1.999999987845058e-08
-17.38050651550293
20.509687423706055
-1.999999987845058e-08
-1.999999987845058e-08
-9.71457290649414
-21.130996704101562
1.999999987845058e-08
1.999999987845058e-08
-6.852248668670654
-49.73692321777344
-1.999999987845058e-08
-1.999999987845058e-08
-9.923196792602539
-42.54401779174805
1.999999987845058e-08
1.999999987845058e-08
-14.29911994934082
-6.065525054931641
-1.999999987845058e-08
-1.999999987845058e-08
-14.413804054260254
25.783206939697266
1.999999987845058e-08
1.999999987845058e-08
-10.843926429748535
27.612197875976562
-1.999999987845058e-08
-1.999999987845058e-08
-6.206088542938232
3.9031732082366943
1.999999987845058e-08
1.999999987845058e-08
-9.924511909484863
-13.508539199829102
-1.999999987845058e-08
-1.999999987845058e-08
-17.85087776184082
22.577110290527344
1.999999987845058e-08
1.999999987845058e-08
-13.955554962158203
37.40095138549805
-1.999999987845058e-08
-1.999999987845058e-08
0.6713264584541321
13.32453441619873
1.999999987845058e-08
1.999999987845058e-08
10.72891902923584
-24.52944564819336
-1.999999987845058e-08
-1.999999987845058e-08
6.891993999481201
-40.564022064208984
1.999999987845058e-08
1.999999987845058e-08
-4.8747687339782715
-28.361299514770508
-1.999999987845058e-08
-1.999999987845058e-08
-16.303892135620117
-0.8966933488845825
1.999999987845058e-08
1.999999987845058e-08
-23.297151565551758
28.859342575073242
-1.999999987845058e-08
-1.999999987845058e-08
-19.996196746826172
40.59671401977539
1.999999987845058e-08
1.999999987845058e-08
-16.303892135620117
-0.8966934084892273
-1.999999987845058e-08
-1.999999987845058e-08
-23.297151565551758
28.859342575073242
1.999999987845058e-08
1.999999987845058e-08
-19.996196746826172
40.59671401977539
-1.999999987845058e-08
-1.999999987845058e-08
-4.441103458404541
16.553728103637695
1.999999987845058e-08
1.999999987845058e-08
10.654533386230469
-25.219219207763672
-1.999999987845058e-08
-1.999999987845058e-08
8.96408462524414
-38.400394439697266
1.999999987845058e-08
1.999999987845058e-08
-8.072988510131836
-2.8304286003112793
-1.999999987845058e-08
-1.999999987845058e-08
-20.666528701782227
43.8363037109375
1.999999987845058e-08
1.999999987845058e-08
-13.548127174377441
43.208553314208984
-1.999999987845058e-08
-1.999999987845058e-08
3.624896287918091
-11.77850341796875
1.999999987845058e-08
1.999999987845058e-08
-4.441103935241699
16.553728103637695
-1.999999987845058e-08
-1.999999987845058e-08
10.654533386230469
-25.219219207763672
1.999999987845058e-08
1.999999987845058e-08
8.96408462524414
-38.400394439697266
-1.999999987845058e-08
-1.999999987845058e-08
-8.072988510131836
-2.8304286003112793
1.999999987845058e-08
1.999999987845058e-08
-20.666528701782227
43.8363037109375
-1.999999987845058e-08
-1.999999987845058e-08
-13.548127174377441
43.208553314208984
1.999999987845058e-08
1.999999987845058e-08
3.624896287918091
-11.77850341796875
-1.999999987845058e-08
-1.999999987845058e-08
6.849173545837402
-60.86248016357422
1.999999987845058e-08
1.999999987845058e-08
-10.700653076171875
-48.31267166137695
-1.999999987845058e-08
-1.999999987845058e-08
-30.250410079956055
12.033440589904785
1.999999987845058e-08
1.999999987845058e-08
-13.424580574035645
20.803264617919922
-1.999999987845058e-08
-1.999999987845058e-08
-0.3623414933681488
-7.378423690795898
1.999999987845058e-08
1.999999987845058e-08
6.049098014831543
-38.97492980957031
-1.999999987845058e-08
-1.999999987845058e-08
-0.3992564082145691
-39.430545806884766
1.999999987845058e-08
1.999999987845058e-08
-13.532731056213379
-2.8068573474884033
-1.999999987845058e-08
-1.999999987845058e-08
-17.679685592651367
33.72784423828125
1.999999987845058e-08
1.999999987845058e-08
-4.163876056671143
23.64976692199707
-1.999999987845058e-08
-1.999999987845058e-08
13.35800552368164
-28.97786521911621
1.999999987845058e-08
1.999999987845058e-08
11.15551471710205
-62.654815673828125
-1.999999987845058e-08
-1.999999987845058e-08
-11.47218132019043
-35.123287200927734
1.999999987845058e-08
1.999999987845058e-08
-23.1028995513916
36.11797332763672
-1.999999987845058e-08
-1.999999987845058e-08
-6.940173149108887
6.799968242645264
1.999999987845058e-08
1.999999987845058e-08
-1.7861610651016235
-28.11972427368164
-1.999999987845058e-08
-1.999999987845058e-08
-12.416521072387695
-34.18458557128906
1.999999987845058e-08
1.999999987845058e-08
-25.11693572998047
-15.017557144165039
-1.999999987845058e-08
-1.999999987845058e-08
-26.02522087097168
2.2670369148254395
1.999999987845058e-08
1.999999987845058e-08
-15.909884452819824
-0.29843881726264954
-1.999999987845058e-08
-1.999999987845058e-08
-6.576471328735352
-14.740425109863281
1.999999987845058e-08
1.999999987845058e-08
-5.607330322265625
-23.00042152404785
-1.999999987845058e-08
-1.999999987845058e-08
-10.128294944763184
-19.713850021362305
1.999999987845058e-08
1.999999987845058e-08
-8.11638355255127
22.62850570678711
-1.999999987845058e-08
-1.999999987845058e-08
-2.1783030033111572
26.51740264892578
1.999999987845058e-08
1.999999987845058e-08
4.056498050689697
19.53081512451172
-1.999999987845058e-08
-1.999999987845058e-08
11.136879920959473
-10.064117431640625
1.999999987845058e-08
1.999999987845058e-08
15.820944786071777
-55.402347564697266
-1.999999987845058e-08
-1.999999987845058e-08
12.188566207885742
-87.2593994140625
1.999999987845058e-08
1.999999987845058e-08
-0.6324424147605896
-84.39067840576172
-1.999999987845058e-08
-1.999999987845058e-08
-14.240979194641113
-54.664520263671875
1.999999987845058e-08
1.999999987845058e-08
-18.096521377563477
-25.74662971496582
-1.999999987845058e-08
-1.999999987845058e-08
-9.821362495422363
-21.635648727416992
1.999999987845058e-08
1.999999987845058e-08
-0.6324424147605896
-84.39067840576172
-1.999999987845058e-08
-1.999999987845058e-08
-14.240979194641113
-54.664520263671875
1.999999987845058e-08
1.999999987845058e-08
-18.096521377563477
-25.74662971496582
-1.999999987845058e-08
-1.999999987845058e-08
-9.821362495422363
-21.635648727416992
1.999999987845058e-08
1.999999987845058e-08
2.342392683029175
-41.83138656616211
-1.999999987845058e-08
-1.999999987845058e-08
7.203263282775879
-62.77132797241211
1.999999987845058e-08
1.999999987845058e-08
1.6689509153366089
-65.42535400390625
-1.999999987845058e-08
-1.999999987845058e-08
-7.5548200607299805
-53.43984603881836
1.999999987845058e-08
1.999999987845058e-08
-12.199027061462402
-41.68622970581055
-1.999999987845058e-08
-1.999999987845058e-08
-10.570425987243652
-36.96622085571289
1.999999987845058e-08
1.999999987845058e-08
-8.269574165344238
-33.113258361816406
-1.999999987845058e-08
-1.999999987845058e-08
-9.44381332397461
-24.871274948120117
1.999999987845058e-08
1.999999987845058e-08
-10.6832275390625
-21.3702335357666
-1.999999987845058e-08
-1.999999987845058e-08
-9.100387573242188
-30.724695205688477
1.999999987845058e-08
1.999999987845058e-08
-8.750407218933105
-39.561546325683594
-1.999999987845058e-08
-1.999999987845058e-08
-12.473485946655273
-31.268310546875
1.999999987845058e-08
1.999999987845058e-08
-16.48415184020996
-9.90839958190918
-1.999999987845058e-08
-1.999999987845058e-08
-14.757928848266602
5.858677387237549
1.999999987845058e-08
1.999999987845058e-08
-4.209362506866455
-3.357053279876709
-1.999999987845058e-08
-1.999999987845058e-08
10.329256057739258
-40.895503997802734
1.999999987845058e-08
1.999999987845058e-08
17.314388275146484
-80.8282241821289
-1.999999987845058e-08
-1.999999987845058e-08
9.078588485717773
-85.40167999267578
1.999999987845058e-08
1.999999987845058e-08
-8.702817916870117
-43.8431282043457
-1.999999987845058e-08
-1.999999987845058e-08
-18.862123489379883
7.469217300415039
1.999999987845058e-08
1.999999987845058e-08
-8.996074676513672
13.989487648010254
-1.999999987845058e-08
-1.999999987845058e-08
11.196184158325195
-34.87445831298828
1.999999987845058e-08
1.999999987845058e-08
17.377574920654297
-85.04460144042969
-1.999999987845058e-08
-1.999999987845058e-08
0.7715795636177063
-77.44352722167969
1.999999987845058e-08
1.999999987845058e-08
-18.72415542602539
-17.510942459106445
-1.999999987845058e-08
-1.999999987845058e-08
-16.147104263305664
26.98986053466797
1.999999987845058e-08
1.999999987845058e-08
14.102148056030273
-114.48711395263672
-1.999999987845058e-08
-1.999999987845058e-08
-14.67176342010498
-80.50596618652344
1.999999987845058e-08
1.999999987845058e-08
-33.15875244140625
-14.860905647277832
-1.999999987845058e-08
-1.999999987845058e-08
-23.98386573791504
8.74330997467041
1.999999987845058e-08
1.999999987845058e-08
-1.0910366773605347
-32.529747009277344
-1.999999987845058e-08
-1.999999987845058e-08
5.801985263824463
-88.17205047607422
1.999999987845058e-08
1.999999987845058e-08
-13.851502418518066
-94.21575927734375
-1.999999987845058e-08
-1.999999987845058e-08
-39.94694137573242
-45.29486846923828
1.999999987845058e-08
1.999999987845058e-08
-45.39164733886719
5.136381149291992
-1.999999987845058e-08
-1.999999987845058e-08
-25.39788818359375
11.535562515258789
1.999999987845058e-08
1.999999987845058e-08
5.801985263824463
-88.17205047607422
-1.999999987845058e-08
-1.999999987845058e-08
-13.851502418518066
-94.21575927734375
1.999999987845058e-08
1.999999987845058e-08
-39.94694137573242
-45.29486846923828
-1.999999987845058e-08
-1.999999987845058e-08
-45.39164733886719
5.136381149291992
1.999999987845058e-08
1.999999987845058e-08
-25.39788818359375
11.535562515258789
-1.999999987845058e-08
-1.999999987845058e-08
-0.10480678826570511
-14.410747528076172
1.999999987845058e-08
1.999999987845058e-08
10.205143928527832
-32.098304748535156
-1.999999987845058e-08
-1.999999987845058e-08
4.419035911560059
-27.276182174682617
1.999999987845058e-08
1.999999987845058e-08
-5.554420471191406
-14.795809745788574
-1.999999987845058e-08
-1.999999987845058e-08
-9.393793106079102
-9.850042343139648
1.999999987845058e-08
1.999999987845058e-08
-5.490244388580322
-16.941253662109375
-1.999999987845058e-08
-1.999999987845058e-08
-0.017397794872522354
-28.452497482299805
1.999999987845058e-08
1.999999987845058e-08
1.095442295074463
-28.797718048095703
-1.999999987845058e-08
-1.999999987845058e-08
0.146219864487648
-15.14745807647705
1.999999987845058e-08
1.999999987845058e-08
4.481671333312988
-6.226810932159424
-1.999999987845058e-08
-1.999999987845058e-08
14.691895484924316
-17.583112716674805
1.999999987845058e-08
1.999999987845058e-08
20.906604766845703
-39.36194610595703
-1.999999987845058e-08
-1.999999987845058e-08
14.091591835021973
-44.45970916748047
1.999999987845058e-08
1.999999987845058e-08
-0.9829069972038269
-17.5201473236084
-1.999999987845058e-08
-1.999999987845058e-08
-7.455541133880615
16.606035232543945
1.999999987845058e-08
1.999999987845058e-08
-7.455541133880615
16.606035232543945
-1.999999987845058e-08
-1.999999987845058e-08
4.63909912109375
9.223761558532715
1.999999987845058e-08
1.999999987845058e-08
22.82318878173828
-47.87638473510742
-1.999999987845058e-08
-1.999999987845058e-08
23.70058250427246
-97.22322082519531
1.999999987845058e-08
1.999999987845058e-08
0.3497486412525177
-79.47773742675781
-1.999999987845058e-08
-1.999999987845058e-08
-26.269775390625
-11.519899368286133
1.999999987845058e-08
1.999999987845058e-08
-28.08560562133789
27.435354232788086
-1.999999987845058e-08
-1.999999987845058e-08
-3.957792043685913
-5.719545364379883
1.999999987845058e-08
1.999999987845058e-08
17.785367965698242
-64.8221664428711
-1.999999987845058e-08
-1.999999987845058e-08
15.127432823181152
-74.76175689697266
1.999999987845058e-08
1.999999987845058e-08
25.120128631591797
-74.65501403808594
-1.999999987845058e-08
-1.999999987845058e-08
3.0855553150177
-36.3205680847168
1.999999987845058e-08
1.999999987845058e-08
-12.547943115234375
29.27526092529297
-1.999999987845058e-08
-1.999999987845058e-08
-6.437868595123291
55.07027816772461
1.999999987845058e-08
1.999999987845058e-08
11.339680671691895
25.260208129882812
-1.999999987845058e-08
-1.999999987845058e-08
19.317140579223633
-21.842777252197266
1.999999987845058e-08
1.999999987845058e-08
9.658806800842285
-37.14527893066406
-1.999999987845058e-08
-1.999999987845058e-08
-4.006974697113037
-8.53076457977295
1.999999987845058e-08
1.999999987845058e-08
-6.42738151550293
31.007349014282227
-1.999999987845058e-08
-1.999999987845058e-08
1.4846208095550537
44.8581657409668
1.999999987845058e-08
1.999999987845058e-08
-6.437868595123291
55.07027816772461
-1.999999987845058e-08
-1.999999987845058e-08
11.339680671691895
25.260208129882812
1.999999987845058e-08
1.999999987845058e-08
19.317140579223633
-21.842777252197266
-1.999999987845058e-08
-1.999999987845058e-08
9.658806800842285
-37.14527893066406
1.999999987845058e-08
1.999999987845058e-08
-4.006974697113037
-8.53076457977295
-1.999999987845058e-08
-1.999999987845058e-08
-6.42738151550293
31.007349014282227
1.999999987845058e-08
1.999999987845058e-08
1.4846206903457642
44.8581657409668
-1.999999987845058e-08
-1.999999987845058e-08
9.634862899780273
28.815799713134766
1.999999987845058e-08
1.999999987845058e-08
11.311083793640137
4.896508693695068
-1.999999987845058e-08
-1.999999987845058e-08
5.02672004699707
-0.27007606625556946
1.999999987845058e-08
1.999999987845058e-08
-3.9149131774902344
-9.355497360229492
-1.999999987845058e-08
-1.999999987845058e-08
-10.521190643310547
33.70930480957031
1.999999987845058e-08
1.999999987845058e-08
0.49393168091773987
46.52730178833008
-1.999999987845058e-08
-1.999999987845058e-08
22.178998947143555
10.314594268798828
1.999999987845058e-08
1.999999987845058e-08
33.55927658081055
-39.58041763305664
-1.999999987845058e-08
-1.999999987845058e-08
19.90570068359375
-46.141971588134766
1.999999987845058e-08
1.999999987845058e-08
-7.0036396980285645
2.645829439163208
-1.999999987845058e-08
-1.999999987845058e-08
-19.225200653076172
53.6934700012207
1.999999987845058e-08
1.999999987845058e-08
-5.715735912322998
48.26036071777344
-1.999999987845058e-08
-1.999999987845058e-08
15.13839054107666
-7.6657891273498535
1.999999987845058e-08
1.999999987845058e-08
15.13839054107666
-7.6657891273498535
-1.999999987845058e-08
-1.999999987845058e-08
18.520370483398438
-47.99202346801758
1.999999987845058e-08
1.999999987845058e-08
2.2746241092681885
-27.862585067749023
-1.999999987845058e-08
-1.999999987845058e-08
-12.219484329223633
24.461462020874023
1.999999987845058e-08
1.999999987845058e-08
-6.27712345123291
49.86213302612305
-1.999999987845058e-08
-1.999999987845058e-08
14.278109550476074
25.99930191040039
1.999999987845058e-08
1.999999987845058e-08
27.702224731445312
-17.763784408569336
-1.999999987845058e-08
-1.999999987845058e-08
23.95415496826172
-40.9676399230957
1.999999987845058e-08
1.999999987845058e-08
13.247395515441895
-35.88813018798828
-1.999999987845058e-08
-1.999999987845058e-08
8.3445405960083
-23.291255950927734
1.999999987845058e-08
1.999999987845058e-08
9.237547874450684
-23.89838218688965
-1.999999987845058e-08
-1.999999987845058e-08
1.3499900102615356
-21.38904571533203
1.999999987845058e-08
1.999999987845058e-08
-6.238489151000977
-14.606861114501953
-1.999999987845058e-08
-1.999999987845058e-08
-10.556888580322266
-6.516208171844482
1.999999987845058e-08
1.999999987845058e-08
-11.485228538513184
-5.794387340545654
-1.999999987845058e-08
-1.999999987845058e-08
-11.81152057647705
-14.290099143981934
1.999999987845058e-08
1.999999987845058e-08
-13.802257537841797
-18.55875587463379
-1.999999987845058e-08
-1.999999987845058e-08
-16.909255981445312
-4.1248321533203125
1.999999987845058e-08
1.999999987845058e-08
-19.744243621826172
27.635025024414062
-1.999999987845058e-08
-1.999999987845058e-08
-16.0826473236084
49.86695861816406
1.999999987845058e-08
1.999999987845058e-08
-19.744243621826172
27.635025024414062
-1.999999987845058e-08
-1.999999987845058e-08
-16.0826473236084
49.86695861816406
1.999999987845058e-08
1.999999987845058e-08
0.8718568682670593
28.552961349487305
-1.999999987845058e-08
-1.999999987845058e-08
20.697856903076172
-27.3587646484375
1.999999987845058e-08
1.999999987845058e-08
21.629806518554688
-57.56612777709961
-1.999999987845058e-08
-1.999999987845058e-08
0.9702212810516357
-18.587190628051758
1.999999987845058e-08
1.999999987845058e-08
-17.014263153076172
57.150978088378906
-1.999999987845058e-08
-1.999999987845058e-08
-8.783358573913574
91.23397064208984
1.999999987845058e-08
1.999999987845058e-08
19.347824096679688
45.623817443847656
-1.999999987845058e-08
-1.999999987845058e-08
35.764488220214844
-31.850311279296875
1.999999987845058e-08
1.999999987845058e-08
-13.369174003601074
18.34745216369629
-1.999999987845058e-08
-1.999999987845058e-08
3.750673770904541
25.370655059814453
1.999999987845058e-08
1.999999987845058e-08
24.310440063476562
-7.469285011291504
-1.999999987845058e-08
-1.999999987845058e-08
27.46120834350586
-48.196861267089844
1.999999987845058e-08
1.999999987845058e-08
11.667457580566406
-64.04009246826172
-1.999999987845058e-08
-1.999999987845058e-08
-10.53946590423584
-41.52130889892578
1.999999987845058e-08
1.999999987845058e-08
