0
17.979732513427734
-42.35651397705078
1.999999987845058e-08
1.999999987845058e-08
5.035903453826904
-31.02223777770996
-1.999999987845058e-08
-1.999999987845058e-08
-6.821010589599609
-2.9161508083343506
1.999999987845058e-08
1.999999987845058e-08
-7.818675994873047
18.01369285583496
-1.999999987845058e-08
-1.999999987845058e-08
0.5370079278945923
21.032533645629883
1.999999987845058e-08
1.999999987845058e-08
11.829765319824219
2.9355649948120117
-1.999999987845058e-08
-1.999999987845058e-08
17.506092071533203
-22.919816970825195
1.999999987845058e-08
1.999999987845058e-08
11.070694923400879
-26.53026580810547
-1.999999987845058e-08
-1.999999987845058e-08
-4.134296417236328
3.6856420040130615
1.999999987845058e-08
1.999999987845058e-08
17.984621047973633
8.085837364196777
-1.999999987845058e-08
-1.999999987845058e-08
17.41606903076172
-20.417558670043945
1.999999987845058e-08
1.999999987845058e-08
4.412593841552734
-17.793107986450195
-1.999999987845058e-08
-1.999999987845058e-08
-13.777519226074219
15.638029098510742
1.999999987845058e-08
1.999999987845058e-08
-24.410905838012695
51.86040115356445
-1.999999987845058e-08
-1.999999987845058e-08
-19.532625198364258
64.86961364746094
1.999999987845058e-08
1.999999987845058e-08
-2.4356789588928223
45.10232925415039
-1.999999987845058e-08
-1.999999987845058e-08
14.362213134765625
3.4256105422973633
1.999999987845058e-08
1.999999987845058e-08
17.660486221313477
-22.691783905029297
-1.999999987845058e-08
-1.999999987845058e-08
6.940462112426758
-0.8728657364845276
1.999999987845058e-08
1.999999987845058e-08
-3.8105485439300537
49.83351516723633
-1.999999987845058e-08
-1.999999987845058e-08
-4.021336555480957
81.76290893554688
1.999999987845058e-08
1.999999987845058e-08
4.021423816680908
75.35690307617188
-1.999999987845058e-08
-1.999999987845058e-08
13.322735786437988
43.705413818359375
1.999999987845058e-08
1.999999987845058e-08
17.627254486083984
7.655673980712891
-1.999999987845058e-08
-1.999999987845058e-08
13.67898941040039
-14.541069984436035
1.999999987845058e-08
1.999999987845058e-08
3.9685282707214355
-12.353602409362793
-1.999999987845058e-08
-1.999999987845058e-08
-4.8670501708984375
8.321911811828613
1.999999987845058e-08
1.999999987845058e-08
-7.4197797775268555
30.44687843322754
-1.999999987845058e-08
-1.999999987845058e-08
-4.7490034103393555
47.69063949584961
1.999999987845058e-08
1.999999987845058e-08
1.018498182296753
67.97953796386719
-1.999999987845058e-08
-1.999999987845058e-08
5.154852867126465
46.4849739074707
1.999999987845058e-08
1.999999987845058e-08
8.563434600830078
10.113860130310059
-1.999999987845058e-08
-1.999999987845058e-08
6.926593780517578
-11.04508113861084
1.999999987845058e-08
1.999999987845058e-08
-1.7494763135910034
2.0608749389648438
-1.999999987845058e-08
-1.999999987845058e-08
-13.876699447631836
42.817813873291016
1.999999987845058e-08
1.999999987845058e-08
-18.832508087158203
81.77003479003906
-1.999999987845058e-08
-1.999999987845058e-08
-9.694965362548828
89.19959259033203
1.999999987845058e-08
1.999999987845058e-08
5.455430507659912
61.939414978027344
-1.999999987845058e-08
-1.999999987845058e-08
12.407068252563477
23.614822387695312
1.999999987845058e-08
1.999999987845058e-08
7.237425327301025
0.9783250093460083
-1.999999987845058e-08
-1.999999987845058e-08
-2.8269684314727783
2.3069934844970703
1.999999987845058e-08
1.999999987845058e-08
-10.593499183654785
17.120437622070312
-1.999999987845058e-08
-1.999999987845058e-08
-14.194696426391602
30.75865364074707
1.999999987845058e-08
1.999999987845058e-08
-15.594532012939453
38.78416061401367
-1.999999987845058e-08
-1.999999987845058e-08
-16.45615577697754
48.410728454589844
1.999999987845058e-08
1.999999987845058e-08
-12.858221054077148
58.87761306762695
-1.999999987845058e-08
-1.999999987845058e-08
-1.4227327108383179
52.33719253540039
1.999999987845058e-08
1.999999987845058e-08
9.654269218444824
21.630760192871094
-1.999999987845058e-08
-1.999999987845058e-08
8.617055892944336
-8.528105735778809
1.999999987845058e-08
1.999999987845058e-08
5.014303684234619
47.55908966064453
-1.999999987845058e-08
-1.999999987845058e-08
8.185114860534668
33.886749267578125
1.999999987845058e-08
1.999999987845058e-08
18.090730667114258
0.19515901803970337
-1.999999987845058e-08
-1.999999987845058e-08
21.720706939697266
-26.696680068969727
1.999999987845058e-08
1.999999987845058e-08
12.408123016357422
-30.135446548461914
-1.999999987845058e-08
-1.999999987845058e-08
-0.7137587070465088
-14.626014709472656
1.999999987845058e-08
1.999999987845058e-08
-6.198647975921631
10.13998031616211
-1.999999987845058e-08
-1.999999987845058e-08
-3.389400005340576
37.88813400268555
1.999999987845058e-08
1.999999987845058e-08
2.638983964920044
58.50452423095703
-1.999999987845058e-08
-1.999999987845058e-08
8.613374710083008
58.836761474609375
1.999999987845058e-08
1.999999987845058e-08
2.638983964920044
58.50452423095703
-1.999999987845058e-08
-1.999999987845058e-08
8.613374710083008
58.836761474609375
1.999999987845058e-08
1.999999987845058e-08
11.467256546020508
37.44529342651367
-1.999999987845058e-08
-1.999999987845058e-08
9.48668384552002
3.5959692001342773
1.999999987845058e-08
1.999999987845058e-08
1.4156646728515625
-28.797943115234375
-1.999999987845058e-08
-1.999999987845058e-08
-14.969049453735352
-39.11404037475586
1.999999987845058e-08
1.999999987845058e-08
-32.84860610961914
-19.482675552368164
-1.999999987845058e-08
-1.999999987845058e-08
-38.32935333251953
10.373315811157227
1.999999987845058e-08
1.999999987845058e-08
-29.109956741333008
27.90509033203125
-1.999999987845058e-08
-1.999999987845058e-08
-16.033395767211914
30.287744522094727
1.999999987845058e-08
1.999999987845058e-08
-16.963050842285156
7.228972434997559
-1.999999987845058e-08
-1.999999987845058e-08
-25.01175308227539
59.642330169677734
1.999999987845058e-08
1.999999987845058e-08
-10.362567901611328
73.90167999267578
-1.999999987845058e-08
-1.999999987845058e-08
16.127355575561523
34.53508377075195
1.999999987845058e-08
1.999999987845058e-08
30.448911666870117
-21.75849723815918
-1.999999987845058e-08
-1.999999987845058e-08
23.462696075439453
-50.47962951660156
1.999999987845058e-08
1.999999987845058e-08
8.739709854125977
-42.412071228027344
-1.999999987845058e-08
-1.999999987845058e-08
-0.7772752046585083
-11.638775825500488
1.999999987845058e-08
1.999999987845058e-08
-5.438593864440918
29.335693359375
-1.999999987845058e-08
-1.999999987845058e-08
-5.229445934295654
63.138309478759766
1.999999987845058e-08
1.999999987845058e-08
8.739709854125977
-42.412071228027344
-1.999999987845058e-08
-1.999999987845058e-08
-0.7772752046585083
-11.638775825500488
1.999999987845058e-08
1.999999987845058e-08
-5.438593864440918
29.335693359375
-1.999999987845058e-08
-1.999999987845058e-08
-5.229445934295654
63.138309478759766
1.999999987845058e-08
1.999999987845058e-08
4.724644184112549
64.11927795410156
-1.999999987845058e-08
-1.999999987845058e-08
19.976505279541016
27.341468811035156
1.999999987845058e-08
1.999999987845058e-08
26.514102935791016
-17.04391098022461
-1.999999987845058e-08
-1.999999987845058e-08
19.918710708618164
-38.56851577758789
1.999999987845058e-08
1.999999987845058e-08
10.238950729370117
-37.6927604675293
-1.999999987845058e-08
-1.999999987845058e-08
5.317547798156738
-29.29461097717285
1.999999987845058e-08
1.999999987845058e-08
-1.479803442955017
0.9689183831214905
-1.999999987845058e-08
-1.999999987845058e-08
4.039825439453125
-19.31237030029297
1.999999987845058e-08
1.999999987845058e-08
8.462905883789062
-50.074859619140625
-1.999999987845058e-08
-1.999999987845058e-08
4.431705474853516
-59.10755157470703
1.999999987845058e-08
1.999999987845058e-08
-4.472182750701904
-35.9365234375
-1.999999987845058e-08
-1.999999987845058e-08
-11.05198860168457
1.1778932809829712
1.999999987845058e-08
1.999999987845058e-08
-11.618480682373047
24.602354049682617
-1.999999987845058e-08
-1.999999987845058e-08
-3.102193593978882
10.495116233825684
1.999999987845058e-08
1.999999987845058e-08
11.848381042480469
-39.82805633544922
-1.999999987845058e-08
-1.999999987845058e-08
18.6523494720459
-85.02012634277344
1.999999987845058e-08
1.999999987845058e-08
-11.05198860168457
1.1778932809829712
-1.999999987845058e-08
-1.999999987845058e-08
-11.618480682373047
24.602354049682617
1.999999987845058e-08
1.999999987845058e-08
-3.102193593978882
10.495116233825684
-1.999999987845058e-08
-1.999999987845058e-08
11.848381042480469
-39.82805633544922
1.999999987845058e-08
1.999999987845058e-08
18.6523494720459
-85.02012634277344
-1.999999987845058e-08
-1.999999987845058e-08
6.357419490814209
-80.95956420898438
1.999999987845058e-08
1.999999987845058e-08
-13.134544372558594
-36.57424545288086
-1.999999987845058e-08
-1.999999987845058e-08
-19.97072982788086
1.0499416589736938
1.999999987845058e-08
1.999999987845058e-08
-13.387436866760254
10.458575248718262
-1.999999987845058e-08
-1.999999987845058e-08
-4.521092891693115
2.824462413787842
1.999999987845058e-08
1.999999987845058e-08
4.36873197555542
-59.60914611816406
-1.999999987845058e-08
-1.999999987845058e-08
-6.154863357543945
-51.01078796386719
1.999999987845058e-08
1.999999987845058e-08
-16.11580467224121
-25.62729835510254
-1.999999987845058e-08
-1.999999987845058e-08
-18.76313018798828
-4.689664363861084
1.999999987845058e-08
1.999999987845058e-08
-13.586302757263184
2.8684353828430176
-1.999999987845058e-08
-1.999999987845058e-08
-1.3094589710235596
-5.834952354431152
1.999999987845058e-08
1.999999987845058e-08
12.974832534790039
-27.10257911682129
-1.999999987845058e-08
-1.999999987845058e-08
17.567543029785156
-37.257381439208984
1.999999987845058e-08
1.999999987845058e-08
9.804308891296387
-16.770381927490234
-1.999999987845058e-08
-1.999999987845058e-08
1.8074274063110352
18.70915985107422
1.999999987845058e-08
1.999999987845058e-08
-18.76313018798828
-4.689664363861084
-1.999999987845058e-08
-1.999999987845058e-08
-13.586302757263184
2.8684353828430176
1.999999987845058e-08
1.999999987845058e-08
-1.3094590902328491
-5.834952354431152
-1.999999987845058e-08
-1.999999987845058e-08
12.974832534790039
-27.10257911682129
1.999999987845058e-08
1.999999987845058e-08
17.567543029785156
-37.25738525390625
-1.999999987845058e-08
-1.999999987845058e-08
9.804308891296387
-16.770381927490234
1.999999987845058e-08
1.999999987845058e-08
1.8074274063110352
18.70915985107422
-1.999999987845058e-08
-1.999999987845058e-08
4.227203845977783
32.712074279785156
1.999999987845058e-08
1.999999987845058e-08
15.533408164978027
4.724725723266602
-1.999999987845058e-08
-1.999999987845058e-08
24.772621154785156
-46.962074279785156
1.999999987845058e-08
1.999999987845058e-08
22.71860694885254
-51.72943878173828
-1.999999987845058e-08
-1.999999987845058e-08
15.570535659790039
-60.303829193115234
1.999999987845058e-08
1.999999987845058e-08
-0.8351709246635437
-33.973602294921875
-1.999999987845058e-08
-1.999999987845058e-08
-7.23974084854126
-9.256318092346191
1.999999987845058e-08
1.999999987845058e-08
4.16674280166626
-15.773188591003418
-1.999999987845058e-08
-1.999999987845058e-08
19.97368812561035
-49.22258377075195
1.999999987845058e-08
1.999999987845058e-08
20.690637588500977
-73.17085266113281
-1.999999987845058e-08
-1.999999987845058e-08
5.947248458862305
-58.6146354675293
1.999999987845058e-08
1.999999987845058e-08
-6.054496765136719
-20.170217514038086
-1.999999987845058e-08
-1.999999987845058e-08
-4.5488505363464355
7.5391154289245605
1.999999987845058e-08
1.999999987845058e-08
4.068263053894043
10.277226448059082
-1.999999987845058e-08
-1.999999987845058e-08
11.39702033996582
-8.230951309204102
1.999999987845058e-08
1.999999987845058e-08
14.98262882232666
-38.82223892211914
-1.999999987845058e-08
-1.999999987845058e-08
12.11446475982666
-60.80971908569336
1.999999987845058e-08
1.999999987845058e-08
2.0334553718566895
-52.07001876831055
-1.999999987845058e-08
-1.999999987845058e-08
-5.895667552947998
-18.373491287231445
1.999999987845058e-08
1.999999987845058e-08
-1.6211004257202148
9.358625411987305
-1.999999987845058e-08
-1.999999987845058e-08
10.662965774536133
9.518600463867188
1.999999987845058e-08
1.999999987845058e-08
19.260202407836914
-17.597986221313477
-1.999999987845058e-08
-1.999999987845058e-08
17.360485076904297
-53.04521179199219
1.999999987845058e-08
1.999999987845058e-08
-12.348418235778809
-33.3562126159668
-1.999999987845058e-08
-1.999999987845058e-08
-18.444475173950195
6.8090996742248535
1.999999987845058e-08
1.999999987845058e-08
-11.204980850219727
22.5853271484375
-1.999999987845058e-08
-1.999999987845058e-08
-0.10633986443281174
6.942184925079346
1.999999987845058e-08
1.999999987845058e-08
7.514423370361328
-27.29833221435547
-1.999999987845058e-08
-1.999999987845058e-08
9.376708984375
-55.80433654785156
1.999999987845058e-08
1.999999987845058e-08
2.3582382202148438
-51.7469482421875
-1.999999987845058e-08
-1.999999987845058e-08
-12.588318824768066
-12.03826904296875
1.999999987845058e-08
1.999999987845058e-08
-23.96437644958496
32.19041442871094
-1.999999987845058e-08
-1.999999987845058e-08
-20.242237091064453
43.54317855834961
1.999999987845058e-08
1.999999987845058e-08
9.574980735778809
-36.00869369506836
-1.999999987845058e-08
-1.999999987845058e-08
7.384505271911621
-58.90629196166992
1.999999987845058e-08
1.999999987845058e-08
-8.72747802734375
-37.26082992553711
-1.999999987845058e-08
-1.999999987845058e-08
-23.131040573120117
6.260806560516357
1.999999987845058e-08
1.999999987845058e-08
-24.60622215270996
37.75161361694336
-1.999999987845058e-08
-1.999999987845058e-08
-14.537811279296875
42.59915542602539
1.999999987845058e-08
1.999999987845058e-08
0.9786069393157959
18.09598159790039
-1.999999987845058e-08
-1.999999987845058e-08
13.909536361694336
-28.955347061157227
1.999999987845058e-08
1.999999987845058e-08
12.705020904541016
-66.60868072509766
-1.999999987845058e-08
-1.999999987845058e-08
-6.046468734741211
-58.48985290527344
1.999999987845058e-08
1.999999987845058e-08
-31.495038986206055
35.50162124633789
-1.999999987845058e-08
-1.999999987845058e-08
-20.663719177246094
50.429412841796875
1.999999987845058e-08
1.999999987845058e-08
-5.738986015319824
31.333492279052734
-1.999999987845058e-08
-1.999999987845058e-08
5.888057708740234
-7.135787010192871
1.999999987845058e-08
1.999999987845058e-08
8.94549560546875
-33.39494705200195
-1.999999987845058e-08
-1.999999987845058e-08
0.854566216468811
-21.98676109313965
1.999999987845058e-08
1.999999987845058e-08
-9.05109691619873
12.412003517150879
-1.999999987845058e-08
-1.999999987845058e-08
-8.93716812133789
34.4134407043457
1.999999987845058e-08
1.999999987845058e-08
-1.8694462776184082
34.9434928894043
-1.999999987845058e-08
-1.999999987845058e-08
4.24061918258667
23.40238380432129
1.999999987845058e-08
1.999999987845058e-08
8.94549560546875
-33.39494705200195
-1.999999987845058e-08
-1.999999987845058e-08
0.854566216468811
-21.98676109313965
1.999999987845058e-08
1.999999987845058e-08
-9.05109691619873
12.412003517150879
-1.999999987845058e-08
-1.999999987845058e-08
-8.93716812133789
34.4134407043457
1.999999987845058e-08
1.999999987845058e-08
-1.8694462776184082
34.9434928894043
-1.999999987845058e-08
-1.999999987845058e-08
4.24061918258667
23.40238380432129
1.999999987845058e-08
1.999999987845058e-08
9.816559791564941
-0.06599836051464081
-1.999999987845058e-08
-1.999999987845058e-08
11.810454368591309
-23.44245147705078
1.999999987845058e-08
1.999999987845058e-08
2.8515870571136475
-14.809965133666992
-1.999999987845058e-08
-1.999999987845058e-08
-10.462450981140137
28.626285552978516
1.999999987845058e-08
1.999999987845058e-08
11.041563034057617
1.3485424518585205
-1.999999987845058e-08
-1.999999987845058e-08
-3.6340904235839844
32.844932556152344
1.999999987845058e-08
1.999999987845058e-08
-9.935046195983887
70.53376770019531
-1.999999987845058e-08
-1.999999987845058e-08
-0.384053498506546
82.6100845336914
1.999999987845058e-08
1.999999987845058e-08
15.303024291992188
63.12763977050781
-1.999999987845058e-08
-1.999999987845058e-08
25.024755477905273
26.960662841796875
1.999999987845058e-08
1.999999987845058e-08
26.011089324951172
-8.947224617004395
-1.999999987845058e-08
-1.999999987845058e-08
20.08991050720215
-25.651912689208984
1.999999987845058e-08
1.999999987845058e-08
8.64883804321289
-11.828363418579102
-1.999999987845058e-08
-1.999999987845058e-08
-4.367713451385498
17.243642807006836
1.999999987845058e-08
1.999999987845058e-08
-4.367713451385498
17.243642807006836
-1.999999987845058e-08
-1.999999987845058e-08
-12.073526382446289
37.367340087890625
1.999999987845058e-08
1.999999987845058e-08
-9.134562492370605
40.45640563964844
-1.999999987845058e-08
-1.999999987845058e-08
4.721034049987793
24.37544822692871
1.999999987845058e-08
1.999999987845058e-08
19.904714584350586
-5.4101386070251465
-1.999999987845058e-08
-1.999999987845058e-08
21.041650772094727
-20.17709732055664
1.999999987845058e-08
1.999999987845058e-08
6.580095291137695
1.563937783241272
-1.999999987845058e-08
-1.999999987845058e-08
-8.128888130187988
41.54347610473633
1.999999987845058e-08
1.999999987845058e-08
-11.80543041229248
67.22638702392578
-1.999999987845058e-08
-1.999999987845058e-08
-4.791201591491699
60.895912170410156
1.999999987845058e-08
1.999999987845058e-08
7.355047225952148
22.21459197998047
-1.999999987845058e-08
-1.999999987845058e-08
13.009410858154297
-21.9558162689209
1.999999987845058e-08
1.999999987845058e-08
1.5713876485824585
-27.23412322998047
-1.999999987845058e-08
-1.999999987845058e-08
-20.02719497680664
17.847332000732422
1.999999987845058e-08
1.999999987845058e-08
-32.998756408691406
75.70974731445312
-1.999999987845058e-08
-1.999999987845058e-08
-28.26498794555664
103.1904067993164
1.999999987845058e-08
1.999999987845058e-08
-11.945717811584473
86.43705749511719
-1.999999987845058e-08
-1.999999987845058e-08
3.4060006141662598
42.481353759765625
1.999999987845058e-08
1.999999987845058e-08
7.800267696380615
3.5381948947906494
-1.999999987845058e-08
-1.999999987845058e-08
0.5008350014686584
-6.593421936035156
1.999999987845058e-08
1.999999987845058e-08
-8.815201759338379
11.922063827514648
-1.999999987845058e-08
-1.999999987845058e-08
-10.550305366516113
40.27146911621094
1.999999987845058e-08
1.999999987845058e-08
-8.260896682739258
62.69499206542969
-1.999999987845058e-08
-1.999999987845058e-08
-10.24570083618164
76.5208969116211
1.999999987845058e-08
1.999999987845058e-08
-11.426519393920898
77.52326965332031
-1.999999987845058e-08
-1.999999987845058e-08
-1.9715752601623535
54.81399154663086
1.999999987845058e-08
1.999999987845058e-08
12.865462303161621
11.473360061645508
-1.999999987845058e-08
-1.999999987845058e-08
18.646934509277344
-25.844545364379883
1.999999987845058e-08
1.999999987845058e-08
11.19384765625
-31.22841453552246
-1.999999987845058e-08
-1.999999987845058e-08
-0.28477317094802856
-6.964306831359863
1.999999987845058e-08
1.999999987845058e-08
-0.28477320075035095
-6.964306831359863
-1.999999987845058e-08
-1.999999987845058e-08
-5.836856365203857
22.920568466186523
1.999999987845058e-08
1.999999987845058e-08
-2.488656997680664
36.366485595703125
-1.999999987845058e-08
-1.999999987845058e-08
8.241726875305176
20.85444450378418
1.999999987845058e-08
1.999999987845058e-08
18.487308502197266
-16.20076560974121
-1.999999987845058e-08
-1.999999987845058e-08
15.140843391418457
-37.773250579833984
1.999999987845058e-08
1.999999987845058e-08
-1.98129141330719
-18.039894104003906
-1.999999987845058e-08
-1.999999987845058e-08
-15.166409492492676
17.451669692993164
1.999999987845058e-08
1.999999987845058e-08
-11.981754302978516
28.236343383789062
-1.999999987845058e-08
-1.999999987845058e-08
1.8434783220291138
7.427184581756592
1.999999987845058e-08
1.999999987845058e-08
15.140843391418457
-37.773250579833984
-1.999999987845058e-08
-1.999999987845058e-08
-1.98129141330719
-18.039894104003906
1.999999987845058e-08
1.999999987845058e-08
-15.166409492492676
17.451669692993164
-1.999999987845058e-08
-1.999999987845058e-08
-11.981754302978516
28.236345291137695
1.999999987845058e-08
1.999999987845058e-08
1.8434783220291138
7.427184581756592
-1.999999987845058e-08
-1.999999987845058e-08
13.15859603881836
-23.639049530029297
1.999999987845058e-08
1.999999987845058e-08
14.104302406311035
-41.338443756103516
-1.999999987845058e-08
-1.999999987845058e-08
6.824254035949707
-34.69801712036133
1.999999987845058e-08
1.999999987845058e-08
-0.3805845081806183
-9.743494987487793
-1.999999987845058e-08
-1.999999987845058e-08
-0.8406911492347717
14.113476753234863
1.999999987845058e-08
1.999999987845058e-08
-2.705429792404175
-7.201379299163818
-1.999999987845058e-08
-1.999999987845058e-08
-7.575004577636719
19.314058303833008
1.999999987845058e-08
1.999999987845058e-08
-2.6652109622955322
29.90663719177246
-1.999999987845058e-08
-1.999999987845058e-08
8.658068656921387
18.963890075683594
1.999999987845058e-08
1.999999987845058e-08
16.475229263305664
0.6993035674095154
-1.999999987845058e-08
-1.999999987845058e-08
18.269939422607422
-20.380434036254883
1.999999987845058e-08
1.999999987845058e-08
17.79486846923828
-52.06429672241211
-1.999999987845058e-08
-1.999999987845058e-08
12.98273754119873
-81.84943389892578
1.999999987845058e-08
1.999999987845058e-08
-1.2441221475601196
-79.02710723876953
-1.999999987845058e-08
-1.999999987845058e-08
-18.41571044921875
-40.799285888671875
1.999999987845058e-08
1.999999987845058e-08
-18.41571044921875
-40.799285888671875
-1.999999987845058e-08
-1.999999987845058e-08
-23.493194580078125
-2.7813031673431396
1.999999987845058e-08
1.999999987845058e-08
-11.820381164550781
3.798738479614258
-1.999999987845058e-08
-1.999999987845058e-08
6.36904239654541
-19.660337448120117
1.999999987845058e-08
1.999999987845058e-08
17.65801429748535
-49.17207336425781
-1.999999987845058e-08
-1.999999987845058e-08
15.570170402526855
-60.145904541015625
1.999999987845058e-08
1.999999987845058e-08
6.004452228546143
-49.755699157714844
-1.999999987845058e-08
-1.999999987845058e-08
1.4800994396209717
-39.10973358154297
1.999999987845058e-08
1.999999987845058e-08
5.522276878356934
-44.0221061706543
-1.999999987845058e-08
-1.999999987845058e-08
10.731866836547852
-58.41708755493164
1.999999987845058e-08
1.999999987845058e-08
4.03754186630249
-79.84978485107422
-1.999999987845058e-08
-1.999999987845058e-08
-12.738947868347168
-72.26891326904297
1.999999987845058e-08
1.999999987845058e-08
-37.058250427246094
-38.62006378173828
-1.999999987845058e-08
-1.999999987845058e-08
-50.74616241455078
-6.038906097412109
1.999999987845058e-08
1.999999987845058e-08
-40.069637298583984
-19.715251922607422
-1.999999987845058e-08
-1.999999987845058e-08
-21.767051696777344
-67.80899047851562
1.999999987845058e-08
1.999999987845058e-08
-20.97226333618164
-90.998779296875
-1.999999987845058e-08
-1.999999987845058e-08
-34.579402923583984
-69.43572235107422
1.999999987845058e-08
1.999999987845058e-08
-39.87518310546875
-37.975067138671875
-1.999999987845058e-08
-1.999999987845058e-08
-26.364307403564453
-30.512447357177734
1.999999987845058e-08
1.999999987845058e-08
-26.364307403564453
-30.512447357177734
-1.999999987845058e-08
-1.999999987845058e-08
-4.12318754196167
-52.91765213012695
1.999999987845058e-08
1.999999987845058e-08
9.335979461669922
-87.52590942382812
-1.999999987845058e-08
-1.999999987845058e-08
3.498544216156006
-100.80078125
1.999999987845058e-08
1.999999987845058e-08
-14.861845016479492
-75.0525894165039
-1.999999987845058e-08
-1.999999987845058e-08
-26.032434463500977
-37.63671875
1.999999987845058e-08
1.999999987845058e-08
-18.782934188842773
-28.65083885192871
-1.999999987845058e-08
-1.999999987845058e-08
-1.671103596687317
-50.78208541870117
1.999999987845058e-08
1.999999987845058e-08
9.232492446899414
-73.52953338623047
-1.999999987845058e-08
-1.999999987845058e-08
8.16328239440918
-74.1793441772461
1.999999987845058e-08
1.999999987845058e-08
2.0720832347869873
-58.27880096435547
-1.999999987845058e-08
-1.999999987845058e-08
-2.173276901245117
-40.44684982299805
1.999999987845058e-08
1.999999987845058e-08
-1.4174120426177979
-28.75935935974121
-1.999999987845058e-08
-1.999999987845058e-08
9.257124900817871
-36.84893035888672
1.999999987845058e-08
1.999999987845058e-08
26.050617218017578
-73.244384765625
-1.999999987845058e-08
-1.999999987845058e-08
30.365497589111328
-110.92949676513672
1.999999987845058e-08
1.999999987845058e-08
13.577799797058105
-112.10591888427734
-1.999999987845058e-08
-1.999999987845058e-08
-7.557068824768066
-80.92118835449219
1.999999987845058e-08
1.999999987845058e-08
-13.695413589477539
-54.030609130859375
-1.999999987845058e-08
-1.999999987845058e-08
-4.809708595275879
-53.08892822265625
1.999999987845058e-08
1.999999987845058e-08
6.568007469177246
-73.08342742919922
-1.999999987845058e-08
-1.999999987845058e-08
10.906152725219727
-98.21368408203125
1.999999987845058e-08
1.999999987845058e-08
6.755367755889893
-110.98306274414062
-1.999999987845058e-08
-1.999999987845058e-08
-0.8209105730056763
-104.79521179199219
1.999999987845058e-08
1.999999987845058e-08
-4.6619486808776855
-93.29060363769531
-1.999999987845058e-08
-1.999999987845058e-08
-3.059418201446533
-89.79800415039062
1.999999987845058e-08
1.999999987845058e-08
0.945672333240509
-91.85459899902344
-1.999999987845058e-08
-1.999999987845058e-08
7.198178768157959
-99.47084045410156
1.999999987845058e-08
1.999999987845058e-08
13.808874130249023
-116.4614486694336
-1.999999987845058e-08
-1.999999987845058e-08
11.520217895507812
-127.79485321044922
1.999999987845058e-08
1.999999987845058e-08
-2.098574638366699
-112.90552520751953
-1.999999987845058e-08
-1.999999987845058e-08
-14.588749885559082
-75.90943908691406
1.999999987845058e-08
1.999999987845058e-08
-15.611461639404297
-39.99769592285156
-1.999999987845058e-08
-1.999999987845058e-08
-6.877166748046875
-30.38456153869629
1.999999987845058e-08
1.999999987845058e-08
5.84969425201416
-60.979061126708984
-1.999999987845058e-08
-1.999999987845058e-08
14.334063529968262
-108.78611755371094
1.999999987845058e-08
1.999999987845058e-08
10.04261302947998
-121.310791015625
-1.999999987845058e-08
-1.999999987845058e-08
-1.8060818910598755
-82.0732650756836
1.999999987845058e-08
1.999999987845058e-08
-6.2914533615112305
-34.39943313598633
-1.999999987845058e-08
-1.999999987845058e-08
-1.7077701091766357
-15.8624906539917
1.999999987845058e-08
1.999999987845058e-08
-1.7077701091766357
-15.8624906539917
-1.999999987845058e-08
-1.999999987845058e-08
2.3468685150146484
-19.306352615356445
1.999999987845058e-08
1.999999987845058e-08
5.15268087387085
-30.3599853515625
-1.999999987845058e-08
-1.999999987845058e-08
10.787361145019531
-46.14122009277344
1.999999987845058e-08
1.999999987845058e-08
12.907265663146973
-51.484893798828125
-1.999999987845058e-08
-1.999999987845058e-08
5.575968265533447
-29.642911911010742
1.999999987845058e-08
1.999999987845058e-08
-1.4476441144943237
3.044957399368286
-1.999999987845058e-08
-1.999999987845058e-08
2.5971546173095703
13.57656478881836
1.999999987845058e-08
1.999999987845058e-08
11.982791900634766
-7.945126533508301
-1.999999987845058e-08
-1.999999987845058e-08
14.807756423950195
-44.694210052490234
1.999999987845058e-08
1.999999987845058e-08
8.595194816589355
-66.68594360351562
-1.999999987845058e-08
-1.999999987845058e-08
-1.2157496213912964
-50.06534957885742
1.999999987845058e-08
1.999999987845058e-08
-8.399276733398438
-4.501585483551025
-1.999999987845058e-08
-1.999999987845058e-08
-9.71155834197998
34.23478317260742
1.999999987845058e-08
1.999999987845058e-08
-7.629369735717773
44.776588439941406
-1.999999987845058e-08
-1.999999987845058e-08
-6.550441741943359
32.47893524169922
1.999999987845058e-08
1.999999987845058e-08
-4.9685187339782715
9.752692222595215
-1.999999987845058e-08
-1.999999987845058e-08
1.4232710599899292
-15.367206573486328
1.999999987845058e-08
1.999999987845058e-08
8.856184959411621
-34.199371337890625
-1.999999987845058e-08
-1.999999987845058e-08
7.868387699127197
-35.53425598144531
1.999999987845058e-08
1.999999987845058e-08
-1.9187836647033691
-16.22313117980957
-1.999999987845058e-08
-1.999999987845058e-08
-10.110583305358887
12.340235710144043
1.999999987845058e-08
1.999999987845058e-08
-10.03526782989502
34.03268051147461
-1.999999987845058e-08
-1.999999987845058e-08
-4.876039505004883
42.342620849609375
1.999999987845058e-08
1.999999987845058e-08
0.6434472799301147
41.98154067993164
-1.999999987845058e-08
-1.999999987845058e-08
4.693915843963623
37.8005485534668
1.999999987845058e-08
1.999999987845058e-08
5.417512893676758
27.850059509277344
-1.999999987845058e-08
-1.999999987845058e-08
1.2720338106155396
11.782100677490234
1.999999987845058e-08
1.999999987845058e-08
-6.446322441101074
3.1709582805633545
-1.999999987845058e-08
-1.999999987845058e-08
-12.170783996582031
15.992814064025879
1.999999987845058e-08
1.999999987845058e-08
9.268996238708496
-19.169475555419922
-1.999999987845058e-08
-1.999999987845058e-08
5.222116470336914
-2.499938488006592
1.999999987845058e-08
1.999999987845058e-08
3.773746967315674
5.921058654785156
-1.999999987845058e-08
-1.999999987845058e-08
-2.0814878940582275
6.36155366897583
1.999999987845058e-08
1.999999987845058e-08
-10.708219528198242
14.15263557434082
-1.999999987845058e-08
-1.999999987845058e-08
-13.955177307128906
35.785621643066406
1.999999987845058e-08
1.999999987845058e-08
-9.913022994995117
60.85830307006836
-1.999999987845058e-08
-1.999999987845058e-08
-2.4024271965026855
69.64053344726562
1.999999987845058e-08
1.999999987845058e-08
4.745388984680176
50.80207824707031
-1.999999987845058e-08
-1.999999987845058e-08
7.49857759475708
17.402692794799805
1.999999987845058e-08
1.999999987845058e-08
-2.0814878940582275
6.36155366897583
-1.999999987845058e-08
-1.999999987845058e-08
-10.708219528198242
14.15263557434082
1.999999987845058e-08
1.999999987845058e-08
-13.955177307128906
35.785621643066406
-1.999999987845058e-08
-1.999999987845058e-08
-9.913022994995117
60.85830307006836
1.999999987845058e-08
1.999999987845058e-08
-2.4024274349212646
69.64053344726562
-1.999999987845058e-08
-1.999999987845058e-08
4.745388984680176
50.80207824707031
1.999999987845058e-08
1.999999987845058e-08
7.49857759475708
17.402692794799805
-1.999999987845058e-08
-1.999999987845058e-08
3.9933650493621826
-3.352625608444214
1.999999987845058e-08
1.999999987845058e-08
-2.5028820037841797
1.457098364830017
-1.999999987845058e-08
-1.999999987845058e-08
-8.929461479187012
26.61124610900879
1.999999987845058e-08
1.999999987845058e-08
-1.4700945615768433
76.33674621582031
-1.999999987845058e-08
-1.999999987845058e-08
-5.325728893280029
70.4358139038086
1.999999987845058e-08
1.999999987845058e-08
-3.557169198989868
59.816287994384766
-1.999999987845058e-08
-1.999999987845058e-08
2.0923845767974854
45.24047088623047
1.999999987845058e-08
1.999999987845058e-08
3.0001399517059326
45.3514518737793
-1.999999987845058e-08
-1.999999987845058e-08
-0.5233036279678345
66.79473114013672
1.999999987845058e-08
1.999999987845058e-08
-2.039125919342041
92.3949966430664
-1.999999987845058e-08
-1.999999987845058e-08
0.30704838037490845
96.1746826171875
1.999999987845058e-08
1.999999987845058e-08
4.532162666320801
67.5172348022461
-1.999999987845058e-08
-1.999999987845058e-08
6.621060371398926
29.56467628479004
1.999999987845058e-08
1.999999987845058e-08
-23.886369705200195
135.6538848876953
-1.999999987845058e-08
-1.999999987845058e-08
-13.900836944580078
126.74362182617188
1.999999987845058e-08
1.999999987845058e-08
0.09574820101261139
94.32673645019531
-1.999999987845058e-08
-1.999999987845058e-08
8.226910591125488
61.827293395996094
1.999999987845058e-08
1.999999987845058e-08
5.379979610443115
46.86948013305664
-1.999999987845058e-08
-1.999999987845058e-08
-5.2054524421691895
50.82419204711914
1.999999987845058e-08
1.999999987845058e-08
-17.45602798461914
68.47055053710938
-1.999999987845058e-08
-1.999999987845058e-08
-26.018125534057617
91.3818588256836
1.999999987845058e-08
1.999999987845058e-08
-28.789302825927734
107.96707916259766
-1.999999987845058e-08
-1.999999987845058e-08
-27.215381622314453
111.20960235595703
1.999999987845058e-08
1.999999987845058e-08
-21.7435245513916
99.47037506103516
-1.999999987845058e-08
-1.999999987845058e-08
-12.827118873596191
77.2423095703125
1.999999987845058e-08
1.999999987845058e-08
-3.197701930999756
53.90675735473633
-1.999999987845058e-08
-1.999999987845058e-08
4.927599906921387
33.960914611816406
1.999999987845058e-08
1.999999987845058e-08
8.029031753540039
23.43967628479004
-1.999999987845058e-08
-1.999999987845058e-08
2.313563585281372
32.45447540283203
1.999999987845058e-08
1.999999987845058e-08
-8.577425003051758
54.85548782348633
-1.999999987845058e-08
-1.999999987845058e-08
-15.365004539489746
72.18258666992188
1.999999987845058e-08
1.999999987845058e-08
-12.044111251831055
77.13255310058594
-1.999999987845058e-08
-1.999999987845058e-08
-0.6578583717346191
72.12513732910156
1.999999987845058e-08
1.999999987845058e-08
17.934946060180664
30.553401947021484
-1.999999987845058e-08
-1.999999987845058e-08
15.564364433288574
12.886369705200195
1.999999987845058e-08
1.999999987845058e-08
5.992513179779053
20.04924201965332
-1.999999987845058e-08
-1.999999987845058e-08
-4.120227336883545
48.326541900634766
1.999999987845058e-08
1.999999987845058e-08
-9.258747100830078
79.72574615478516
-1.999999987845058e-08
-1.999999987845058e-08
-6.804886817932129
91.8359603881836
1.999999987845058e-08
1.999999987845058e-08
2.741940975189209
70.39170837402344
-1.999999987845058e-08
-1.999999987845058e-08
11.92386531829834
28.494718551635742
1.999999987845058e-08
1.999999987845058e-08
12.216504096984863
-5.189789295196533
-1.999999987845058e-08
-1.999999987845058e-08
4.464235782623291
-16.9390811920166
1.999999987845058e-08
1.999999987845058e-08
5.592944145202637
26.578630447387695
-1.999999987845058e-08
-1.999999987845058e-08
10.217482566833496
10.76335620880127
1.999999987845058e-08
1.999999987845058e-08
14.347297668457031
-11.561383247375488
-1.999999987845058e-08
-1.999999987845058e-08
10.939286231994629
-28.318714141845703
1.999999987845058e-08
1.999999987845058e-08
-0.3569224178791046
-26.068464279174805
-1.999999987845058e-08
-1.999999987845058e-08
-9.465675354003906
-6.865756988525391
1.999999987845058e-08
1.999999987845058e-08
-7.384692668914795
9.687110900878906
-1.999999987845058e-08
-1.999999987845058e-08
3.553154230117798
4.584191799163818
1.999999987845058e-08
1.999999987845058e-08
11.98888874053955
-18.128511428833008
-1.999999987845058e-08
-1.999999987845058e-08
9.416051864624023
-32.723777770996094
1.999999987845058e-08
1.999999987845058e-08
-7.384692668914795
9.687110900878906
-1.999999987845058e-08
-1.999999987845058e-08
3.553154230117798
4.584191799163818
1.999999987845058e-08
1.999999987845058e-08
11.98888874053955
-18.128511428833008
-1.999999987845058e-08
-1.999999987845058e-08
9.416051864624023
-32.723777770996094
1.999999987845058e-08
1.999999987845058e-08
-1.3390069007873535
-24.443178176879883
-1.999999987845058e-08
-1.999999987845058e-08
-11.607317924499512
-5.131933212280273
1.999999987845058e-08
1.999999987845058e-08
-15.059082984924316
9.795519828796387
-1.999999987845058e-08
-1.999999987845058e-08
-10.77411937713623
20.18304443359375
1.999999987845058e-08
1.999999987845058e-08
-3.2391517162323
28.630756378173828
-1.999999987845058e-08
-1.999999987845058e-08
4.467557907104492
23.475019454956055
1.999999987845058e-08
1.999999987845058e-08
-15.059082984924316
9.795519828796387
-1.999999987845058e-08
-1.999999987845058e-08
-10.77411937713623
20.18304443359375
1.999999987845058e-08
1.999999987845058e-08
-3.2391517162323
28.630756378173828
-1.999999987845058e-08
-1.999999987845058e-08
4.467557907104492
23.475019454956055
1.999999987845058e-08
1.999999987845058e-08
12.98760986328125
-7.10221004486084
-1.999999987845058e-08
-1.999999987845058e-08
17.84725570678711
-49.14436721801758
1.999999987845058e-08
1.999999987845058e-08
11.806035041809082
-72.45233917236328
-1.999999987845058e-08
-1.999999987845058e-08
-0.7727984189987183
-66.42094421386719
1.999999987845058e-08
1.999999987845058e-08
-7.489359378814697
-48.93011474609375
-1.999999987845058e-08
-1.999999987845058e-08
-5.824329376220703
-37.86896896362305
1.999999987845058e-08
1.999999987845058e-08
-3.2761354446411133
-104.76671600341797
-1.999999987845058e-08
-1.999999987845058e-08
-14.983181953430176
-89.73130798339844
1.999999987845058e-08
1.999999987845058e-08
-18.9075927734375
-64.83094787597656
-1.999999987845058e-08
-1.999999987845058e-08
-17.044382095336914
-53.328243255615234
1.999999987845058e-08
1.999999987845058e-08
-16.193607330322266
-54.2322883605957
-1.999999987845058e-08
-1.999999987845058e-08
-13.378994941711426
-60.51376724243164
1.999999987845058e-08
1.999999987845058e-08
-1.8929274082183838
-77.4018783569336
-1.999999987845058e-08
-1.999999987845058e-08
13.118426322937012
-104.67721557617188
1.999999987845058e-08
1.999999987845058e-08
18.172706604003906
-123.53327178955078
-1.999999987845058e-08
-1.999999987845058e-08
8.878227233886719
-112.15765380859375
1.999999987845058e-08
1.999999987845058e-08
13.118426322937012
-104.67721557617188
-1.999999987845058e-08
-1.999999987845058e-08
18.172706604003906
-123.53327178955078
1.999999987845058e-08
1.999999987845058e-08
8.878227233886719
-112.15765380859375
-1.999999987845058e-08
-1.999999987845058e-08
-2.4723501205444336
-73.37349700927734
1.999999987845058e-08
1.999999987845058e-08
-2.7865025997161865
-36.71147537231445
-1.999999987845058e-08
-1.999999987845058e-08
4.884517192840576
-24.990619659423828
1.999999987845058e-08
1.999999987845058e-08
10.385825157165527
-34.407657623291016
-1.999999987845058e-08
-1.999999987845058e-08
11.422720909118652
-51.292945861816406
1.999999987845058e-08
1.999999987845058e-08
11.027941703796387
-72.05123138427734
-1.999999987845058e-08
-1.999999987845058e-08
6.982250213623047
-94.90316772460938
1.999999987845058e-08
1.999999987845058e-08
4.884517192840576
-24.990619659423828
-1.999999987845058e-08
-1.999999987845058e-08
10.385825157165527
-34.407657623291016
1.999999987845058e-08
1.999999987845058e-08
11.422720909118652
-51.292945861816406
-1.999999987845058e-08
-1.999999987845058e-08
11.027941703796387
-72.05123138427734
1.999999987845058e-08
1.999999987845058e-08
6.982250213623047
-94.90316772460938
-1.999999987845058e-08
-1.999999987845058e-08
-6.9357991218566895
-104.0642318725586
1.999999987845058e-08
1.999999987845058e-08
-26.74332046508789
-87.61034393310547
-1.999999987845058e-08
-1.999999987845058e-08
-37.871726989746094
-60.02924346923828
1.999999987845058e-08
1.999999987845058e-08
-31.547752380371094
-48.678184509277344
-1.999999987845058e-08
-1.999999987845058e-08
-11.20729923248291
-68.90230560302734
1.999999987845058e-08
1.999999987845058e-08
0.9304559230804443
-134.42349243164062
-1.999999987845058e-08
-1.999999987845058e-08
-7.5623016357421875
-101.52352905273438
1.999999987845058e-08
1.999999987845058e-08
-6.589606761932373
-75.89777374267578
-1.999999987845058e-08
-1.999999987845058e-08
0.9769570827484131
-62.146728515625
1.999999987845058e-08
1.999999987845058e-08
10.572500228881836
-61.10807800292969
-1.999999987845058e-08
-1.999999987845058e-08
16.340299606323242
-73.43253326416016
1.999999987845058e-08
1.999999987845058e-08
14.559890747070312
-91.53558349609375
-1.999999987845058e-08
-1.999999987845058e-08
8.289134979248047
-99.75544738769531
1.999999987845058e-08
1.999999987845058e-08
4.154519557952881
-89.92263793945312
-1.999999987845058e-08
-1.999999987845058e-08
4.311336517333984
-69.05535125732422
1.999999987845058e-08
1.999999987845058e-08
10.572500228881836
-61.10807800292969
-1.999999987845058e-08
-1.999999987845058e-08
16.340299606323242
-73.43253326416016
1.999999987845058e-08
1.999999987845058e-08
14.559890747070312
-91.53558349609375
-1.999999987845058e-08
-1.999999987845058e-08
8.289134979248047
-99.75544738769531
1.999999987845058e-08
1.999999987845058e-08
4.154519557952881
-89.92263793945312
-1.999999987845058e-08
-1.999999987845058e-08
4.311336517333984
-69.05535125732422
1.999999987845058e-08
1.999999987845058e-08
4.808268070220947
-45.369232177734375
-1.999999987845058e-08
-1.999999987845058e-08
4.595661163330078
-24.865253448486328
1.999999987845058e-08
1.999999987845058e-08
10.112887382507324
-21.859285354614258
-1.999999987845058e-08
-1.999999987845058e-08
23.569217681884766
-44.808815002441406
1.999999987845058e-08
1.999999987845058e-08
16.003177642822266
-44.001522064208984
-1.999999987845058e-08
-1.999999987845058e-08
19.481380462646484
-42.45669174194336
1.999999987845058e-08
1.999999987845058e-08
24.399999618530273
-61.55195236206055
-1.999999987845058e-08
-1.999999987845058e-08
20.345956802368164
-75.83502960205078
1.999999987845058e-08
1.999999987845058e-08
8.071184158325195
-60.67067337036133
-1.999999987845058e-08
-1.999999987845058e-08
3.125502109527588
-34.4698486328125
1.999999987845058e-08
1.999999987845058e-08
