0
-7.983121871948242
8.810022222860425e-08
8.810022222860425e-08
8.810022222860425e-08
4.370537757873535
4.0944307500012656e-08
4.0944307500012656e-08
4.0944307500012656e-08
17.83843994140625
7.466515228315984e-08
7.466515228315984e-08
7.466515228315984e-08
14.479042053222656
3.494466938036567e-08
3.494466938036567e-08
3.494466938036567e-08
-2.1793928146362305
6.90059209773608e-08
6.90059209773608e-08
6.90059209773608e-08
-12.79011058807373
2.032103907367855e-08
2.032103907367855e-08
2.032103907367855e-08
-13.412651062011719
4.1181607457474456e-08
4.1181607457474456e-08
4.1181607457474456e-08
-15.398767471313477
-3.506894685756379e-08
-3.506894685756379e-08
-3.506894685756379e-08
-18.443248748779297
-3.163403761163863e-08
-3.163403761163863e-08
-3.163403761163863e-08
-4.281001091003418
3.932937886474974e-08
3.932937886474974e-08
3.932937886474974e-08
0.8888928890228271
8.810022222860425e-08
8.810022222860425e-08
8.810022222860425e-08
4.74416971206665
4.0944307500012656e-08
4.0944307500012656e-08
4.0944307500012656e-08
9.052721977233887
7.466515228315984e-08
7.466515228315984e-08
7.466515228315984e-08
9.809378623962402
3.494466938036567e-08
3.494466938036567e-08
3.494466938036567e-08
-3.4849467277526855
6.90059209773608e-08
6.90059209773608e-08
6.90059209773608e-08
-18.915422439575195
2.032103907367855e-08
2.032103907367855e-08
2.032103907367855e-08
-14.580368041992188
4.1181607457474456e-08
4.1181607457474456e-08
4.1181607457474456e-08
2.7317397594451904
-3.506894685756379e-08
-3.506894685756379e-08
-3.506894685756379e-08
9.442234992980957
-3.163403761163863e-08
-3.163403761163863e-08
-3.163403761163863e-08
-6.10537576675415
3.932937886474974e-08
3.932937886474974e-08
3.932937886474974e-08
-5.525962829589844
8.810022222860425e-08
8.810022222860425e-08
8.810022222860425e-08
0.6555926203727722
4.0944307500012656e-08
4.0944307500012656e-08
4.0944307500012656e-08
8.980891227722168
7.466515228315984e-08
7.466515228315984e-08
7.466515228315984e-08
11.670402526855469
3.494466938036567e-08
3.494466938036567e-08
3.494466938036567e-08
9.475395202636719
6.90059209773608e-08
6.90059209773608e-08
6.90059209773608e-08
4.4640212059021
2.032103907367855e-08
2.032103907367855e-08
2.032103907367855e-08
-4.124335289001465
4.1181607457474456e-08
4.1181607457474456e-08
4.1181607457474456e-08
-9.27125072479248
-3.506894685756379e-08
-3.506894685756379e-08
-3.506894685756379e-08
-5.562290668487549
-3.163403761163863e-08
-3.163403761163863e-08
-3.163403761163863e-08
4.4640212059021
3.932937886474974e-08
3.932937886474974e-08
3.932937886474974e-08
-4.124335289001465
8.810022222860425e-08
8.810022222860425e-08
8.810022222860425e-08
-9.27125072479248
4.0944307500012656e-08
4.0944307500012656e-08
4.0944307500012656e-08
-5.562290668487549
7.466515228315984e-08
7.466515228315984e-08
7.466515228315984e-08
-1.7692009210586548
3.494466938036567e-08
3.494466938036567e-08
3.494466938036567e-08
-3.8672659397125244
6.90059209773608e-08
6.90059209773608e-08
6.90059209773608e-08
-7.151444435119629
2.032103907367855e-08
2.032103907367855e-08
2.032103907367855e-08
-9.720808982849121
4.1181607457474456e-08
4.1181607457474456e-08
4.1181607457474456e-08
-10.445633888244629
-3.506894685756379e-08
-3.506894685756379e-08
-3.506894685756379e-08
-5.933660984039307
-3.163403761163863e-08
-3.163403761163863e-08
-3.163403761163863e-08
-5.933660984039307
3.932937886474974e-08
3.932937886474974e-08
3.932937886474974e-08
2.2673981189727783
8.810022222860425e-08
8.810022222860425e-08
8.810022222860425e-08
10.557592391967773
4.0944307500012656e-08
4.0944307500012656e-08
4.0944307500012656e-08
11.94684886932373
7.466515228315984e-08
7.466515228315984e-08
7.466515228315984e-08
-1.8247177600860596
3.494466938036567e-08
3.494466938036567e-08
3.494466938036567e-08
-18.728864669799805
6.90059209773608e-08
6.90059209773608e-08
6.90059209773608e-08
-15.776567459106445
2.032103907367855e-08
2.032103907367855e-08
2.032103907367855e-08
0.9835511445999146
4.1181607457474456e-08
4.1181607457474456e-08
4.1181607457474456e-08
5.418872833251953
-3.506894685756379e-08
-3.506894685756379e-08
-3.506894685756379e-08
-0.34507402777671814
-3.163403761163863e-08
-3.163403761163863e-08
-3.163403761163863e-08
8.939087867736816
3.932937886474974e-08
3.932937886474974e-08
3.932937886474974e-08
-4.388687610626221
8.810022222860425e-08
8.810022222860425e-08
8.810022222860425e-08
-12.994153022766113
4.0944307500012656e-08
4.0944307500012656e-08
4.0944307500012656e-08
-18.55874252319336
7.466515228315984e-08
7.466515228315984e-08
7.466515228315984e-08
-18.181482315063477
3.494466938036567e-08
3.494466938036567e-08
3.494466938036567e-08
-10.779699325561523
6.90059209773608e-08
6.90059209773608e-08
6.90059209773608e-08
-3.8996129035949707
2.032103907367855e-08
2.032103907367855e-08
2.032103907367855e-08
-5.995641708374023
4.1181607457474456e-08
4.1181607457474456e-08
4.1181607457474456e-08
-14.596693992614746
-3.506894685756379e-08
-3.506894685756379e-08
-3.506894685756379e-08
-19.06048011779785
-3.163403761163863e-08
-3.163403761163863e-08
-3.163403761163863e-08
11.387653350830078
3.932937886474974e-08
3.932937886474974e-08
3.932937886474974e-08
0.5276039242744446
8.810022222860425e-08
8.810022222860425e-08
8.810022222860425e-08
2.3391342163085938
4.0944307500012656e-08
4.0944307500012656e-08
4.0944307500012656e-08
3.3980064392089844
7.466515228315984e-08
7.466515228315984e-08
7.466515228315984e-08
-0.3783254027366638
3.494466938036567e-08
3.494466938036567e-08
3.494466938036567e-08
-2.5228936672210693
6.90059209773608e-08
6.90059209773608e-08
6.90059209773608e-08
-3.361316680908203
2.032103907367855e-08
2.032103907367855e-08
2.032103907367855e-08
-7.42560338973999
4.1181607457474456e-08
4.1181607457474456e-08
4.1181607457474456e-08
-14.696213722229004
-3.506894685756379e-08
-3.506894685756379e-08
-3.506894685756379e-08
-23.48751449584961
-3.163403761163863e-08
-3.163403761163863e-08
-3.163403761163863e-08
-3.361316680908203
3.932937886474974e-08
3.932937886474974e-08
3.932937886474974e-08
-7.42560338973999
8.810022222860425e-08
8.810022222860425e-08
8.810022222860425e-08
-14.696213722229004
4.0944307500012656e-08
4.0944307500012656e-08
4.0944307500012656e-08
-23.48751449584961
7.466515228315984e-08
7.466515228315984e-08
7.466515228315984e-08
-25.95404052734375
3.494466938036567e-08
3.494466938036567e-08
3.494466938036567e-08
-11.331276893615723
6.90059209773608e-08
6.90059209773608e-08
6.90059209773608e-08
10.48587703704834
2.032103907367855e-08
2.032103907367855e-08
2.032103907367855e-08
18.240581512451172
4.1181607457474456e-08
4.1181607457474456e-08
4.1181607457474456e-08
14.808141708374023
-3.506894685756379e-08
-3.506894685756379e-08
-3.506894685756379e-08
13.567503929138184
-3.163403761163863e-08
-3.163403761163863e-08
-3.163403761163863e-08
1.5061240196228027
3.932937886474974e-08
3.932937886474974e-08
3.932937886474974e-08
14.116592407226562
8.810022222860425e-08
8.810022222860425e-08
8.810022222860425e-08
13.158623695373535
4.0944307500012656e-08
4.0944307500012656e-08
4.0944307500012656e-08
6.811525344848633
7.466515228315984e-08
7.466515228315984e-08
7.466515228315984e-08
3.42913556098938
3.494466938036567e-08
3.494466938036567e-08
3.494466938036567e-08
0.682322084903717
6.90059209773608e-08
6.90059209773608e-08
6.90059209773608e-08
-4.963921546936035
2.032103907367855e-08
2.032103907367855e-08
2.032103907367855e-08
-10.37248420715332
4.1181607457474456e-08
4.1181607457474456e-08
4.1181607457474456e-08
-11.634642601013184
-3.506894685756379e-08
-3.506894685756379e-08
-3.506894685756379e-08
-7.42606258392334
-3.163403761163863e-08
-3.163403761163863e-08
-3.163403761163863e-08
-4.963921546936035
3.932937886474974e-08
3.932937886474974e-08
3.932937886474974e-08
-10.37248420715332
8.810022222860425e-08
8.810022222860425e-08
8.810022222860425e-08
-11.634642601013184
4.0944307500012656e-08
4.0944307500012656e-08
4.0944307500012656e-08
-7.42606258392334
7.466515228315984e-08
7.466515228315984e-08
7.466515228315984e-08
4.0942912101745605
3.494466938036567e-08
3.494466938036567e-08
3.494466938036567e-08
18.94562339782715
6.90059209773608e-08
6.90059209773608e-08
6.90059209773608e-08
25.98162841796875
2.032103907367855e-08
2.032103907367855e-08
2.032103907367855e-08
19.375276565551758
4.1181607457474456e-08
4.1181607457474456e-08
4.1181607457474456e-08
5.283150672912598
-3.506894685756379e-08
-3.506894685756379e-08
-3.506894685756379e-08
-2.820726156234741
-3.163403761163863e-08
-3.163403761163863e-08
-3.163403761163863e-08
-6.402955532073975
3.932937886474974e-08
3.932937886474974e-08
3.932937886474974e-08
-13.749082565307617
8.810022222860425e-08
8.810022222860425e-08
8.810022222860425e-08
-14.32420825958252
4.0944307500012656e-08
4.0944307500012656e-08
4.0944307500012656e-08
-14.232833862304688
7.466515228315984e-08
7.466515228315984e-08
7.466515228315984e-08
-13.699588775634766
3.494466938036567e-08
3.494466938036567e-08
3.494466938036567e-08
-12.10467529296875
6.90059209773608e-08
6.90059209773608e-08
6.90059209773608e-08
-7.840295314788818
2.032103907367855e-08
2.032103907367855e-08
2.032103907367855e-08
3.4684982299804688
4.1181607457474456e-08
4.1181607457474456e-08
4.1181607457474456e-08
16.56520652770996
-3.506894685756379e-08
-3.506894685756379e-08
-3.506894685756379e-08
22.0384464263916
-3.163403761163863e-08
-3.163403761163863e-08
-3.163403761163863e-08
-7.840295314788818
3.932937886474974e-08
3.932937886474974e-08
3.932937886474974e-08
3.4684982299804688
8.810022222860425e-08
8.810022222860425e-08
8.810022222860425e-08
16.56520652770996
4.0944307500012656e-08
4.0944307500012656e-08
4.0944307500012656e-08
22.0384464263916
7.466515228315984e-08
7.466515228315984e-08
7.466515228315984e-08
20.766714096069336
3.494466938036567e-08
3.494466938036567e-08
3.494466938036567e-08
14.441389083862305
6.90059209773608e-08
6.90059209773608e-08
6.90059209773608e-08
3.1217923164367676
2.032103907367855e-08
2.032103907367855e-08
2.032103907367855e-08
-3.6064181327819824
4.1181607457474456e-08
4.1181607457474456e-08
4.1181607457474456e-08
1.3539419174194336
-3.506894685756379e-08
-3.506894685756379e-08
-3.506894685756379e-08
6.8380351066589355
-3.163403761163863e-08
-3.163403761163863e-08
-3.163403761163863e-08
19.762529373168945
3.932937886474974e-08
3.932937886474974e-08
3.932937886474974e-08
17.338699340820312
8.810022222860425e-08
8.810022222860425e-08
8.810022222860425e-08
7.4084882736206055
4.0944307500012656e-08
4.0944307500012656e-08
4.0944307500012656e-08
7.728787899017334
7.466515228315984e-08
7.466515228315984e-08
7.466515228315984e-08
18.462989807128906
3.494466938036567e-08
3.494466938036567e-08
3.494466938036567e-08
20.052993774414062
6.90059209773608e-08
6.90059209773608e-08
6.90059209773608e-08
6.599640369415283
2.032103907367855e-08
2.032103907367855e-08
2.032103907367855e-08
-6.502499103546143
4.1181607457474456e-08
4.1181607457474456e-08
4.1181607457474456e-08
-7.702845573425293
-3.506894685756379e-08
-3.506894685756379e-08
-3.506894685756379e-08
-2.781585693359375
-3.163403761163863e-08
-3.163403761163863e-08
-3.163403761163863e-08
-6.502499103546143
3.932937886474974e-08
3.932937886474974e-08
3.932937886474974e-08
-7.702845573425293
8.810022222860425e-08
8.810022222860425e-08
8.810022222860425e-08
-2.781585693359375
4.0944307500012656e-08
4.0944307500012656e-08
4.0944307500012656e-08
-0.34090057015419006
7.466515228315984e-08
7.466515228315984e-08
7.466515228315984e-08
2.1894359588623047
3.494466938036567e-08
3.494466938036567e-08
3.494466938036567e-08
10.23743724822998
6.90059209773608e-08
6.90059209773608e-08
6.90059209773608e-08
19.775390625
2.032103907367855e-08
2.032103907367855e-08
2.032103907367855e-08
22.27189826965332
4.1181607457474456e-08
4.1181607457474456e-08
4.1181607457474456e-08
16.868738174438477
-3.506894685756379e-08
-3.506894685756379e-08
-3.506894685756379e-08
7.937936305999756
-3.163403761163863e-08
-3.163403761163863e-08
-3.163403761163863e-08
-10.536835670471191
3.932937886474974e-08
3.932937886474974e-08
3.932937886474974e-08
-10.296259880065918
8.810022222860425e-08
8.810022222860425e-08
8.810022222860425e-08
1.3642973899841309
4.0944307500012656e-08
4.0944307500012656e-08
4.0944307500012656e-08
18.52326011657715
7.466515228315984e-08
7.466515228315984e-08
7.466515228315984e-08
24.70274543762207
3.494466938036567e-08
3.494466938036567e-08
3.494466938036567e-08
15.875921249389648
6.90059209773608e-08
6.90059209773608e-08
6.90059209773608e-08
3.027202606201172
2.032103907367855e-08
2.032103907367855e-08
2.032103907367855e-08
-5.380814075469971
4.1181607457474456e-08
4.1181607457474456e-08
4.1181607457474456e-08
-6.521664619445801
-3.506894685756379e-08
-3.506894685756379e-08
-3.506894685756379e-08
-0.10078465193510056
-3.163403761163863e-08
-3.163403761163863e-08
-3.163403761163863e-08
-6.521664619445801
3.932937886474974e-08
3.932937886474974e-08
3.932937886474974e-08
-0.10078465193510056
8.810022222860425e-08
8.810022222860425e-08
8.810022222860425e-08
7.111728191375732
4.0944307500012656e-08
4.0944307500012656e-08
4.0944307500012656e-08
5.173135757446289
7.466515228315984e-08
7.466515228315984e-08
7.466515228315984e-08
-6.260571002960205
3.494466938036567e-08
3.494466938036567e-08
3.494466938036567e-08
-15.25362491607666
6.90059209773608e-08
6.90059209773608e-08
6.90059209773608e-08
-11.942566871643066
2.032103907367855e-08
2.032103907367855e-08
2.032103907367855e-08
-0.889742374420166
4.1181607457474456e-08
4.1181607457474456e-08
4.1181607457474456e-08
6.768734455108643
-3.506894685756379e-08
-3.506894685756379e-08
-3.506894685756379e-08
6.391787052154541
-3.163403761163863e-08
-3.163403761163863e-08
-3.163403761163863e-08
-6.260571002960205
3.932937886474974e-08
3.932937886474974e-08
3.932937886474974e-08
-15.25362491607666
8.810022222860425e-08
8.810022222860425e-08
8.810022222860425e-08
-11.942566871643066
4.0944307500012656e-08
4.0944307500012656e-08
4.0944307500012656e-08
-0.889742374420166
7.466515228315984e-08
7.466515228315984e-08
7.466515228315984e-08
6.768734455108643
3.494466938036567e-08
3.494466938036567e-08
3.494466938036567e-08
6.391787052154541
6.90059209773608e-08
6.90059209773608e-08
6.90059209773608e-08
0.6223625540733337
2.032103907367855e-08
2.032103907367855e-08
2.032103907367855e-08
-7.546682834625244
4.1181607457474456e-08
4.1181607457474456e-08
4.1181607457474456e-08
-16.294267654418945
-3.506894685756379e-08
-3.506894685756379e-08
-3.506894685756379e-08
-20.6019287109375
-3.163403761163863e-08
-3.163403761163863e-08
-3.163403761163863e-08
-5.431630611419678
3.932937886474974e-08
3.932937886474974e-08
3.932937886474974e-08
13.520358085632324
8.810022222860425e-08
8.810022222860425e-08
8.810022222860425e-08
16.1118221282959
4.0944307500012656e-08
4.0944307500012656e-08
4.0944307500012656e-08
3.4036171436309814
7.466515228315984e-08
7.466515228315984e-08
7.466515228315984e-08
-3.7461349964141846
3.494466938036567e-08
3.494466938036567e-08
3.494466938036567e-08
-2.498701333999634
6.90059209773608e-08
6.90059209773608e-08
6.90059209773608e-08
-3.9772207736968994
2.032103907367855e-08
2.032103907367855e-08
2.032103907367855e-08
-7.692255973815918
4.1181607457474456e-08
4.1181607457474456e-08
4.1181607457474456e-08
-6.111584186553955
-3.506894685756379e-08
-3.506894685756379e-08
-3.506894685756379e-08
-1.0637142658233643
-3.163403761163863e-08
-3.163403761163863e-08
-3.163403761163863e-08
4.8542070388793945
3.932937886474974e-08
3.932937886474974e-08
3.932937886474974e-08
9.685729026794434
8.810022222860425e-08
8.810022222860425e-08
8.810022222860425e-08
-0.7474325895309448
4.0944307500012656e-08
4.0944307500012656e-08
4.0944307500012656e-08
-18.395238876342773
7.466515228315984e-08
7.466515228315984e-08
7.466515228315984e-08
-29.014644622802734
3.494466938036567e-08
3.494466938036567e-08
3.494466938036567e-08
-24.560338973999023
6.90059209773608e-08
6.90059209773608e-08
6.90059209773608e-08
-10.576471328735352
2.032103907367855e-08
2.032103907367855e-08
2.032103907367855e-08
-1.0305315256118774
4.1181607457474456e-08
4.1181607457474456e-08
4.1181607457474456e-08
-0.20528437197208405
-3.506894685756379e-08
-3.506894685756379e-08
-3.506894685756379e-08
1.0528132915496826
-3.163403761163863e-08
-3.163403761163863e-08
-3.163403761163863e-08
-24.560338973999023
3.932937886474974e-08
3.932937886474974e-08
3.932937886474974e-08
-10.576471328735352
8.810022222860425e-08
8.810022222860425e-08
8.810022222860425e-08
-1.030531644821167
4.0944307500012656e-08
4.0944307500012656e-08
4.0944307500012656e-08
-0.20528432726860046
7.466515228315984e-08
7.466515228315984e-08
7.466515228315984e-08
1.052813172340393
3.494466938036567e-08
3.494466938036567e-08
3.494466938036567e-08
4.3424973487854
6.90059209773608e-08
6.90059209773608e-08
6.90059209773608e-08
4.128819942474365
2.032103907367855e-08
2.032103907367855e-08
2.032103907367855e-08
6.977728843688965
4.1181607457474456e-08
4.1181607457474456e-08
4.1181607457474456e-08
17.364538192749023
-3.506894685756379e-08
-3.506894685756379e-08
-3.506894685756379e-08
23.02809715270996
-3.163403761163863e-08
-3.163403761163863e-08
-3.163403761163863e-08
16.3006649017334
3.932937886474974e-08
3.932937886474974e-08
3.932937886474974e-08
5.332469940185547
8.810022222860425e-08
8.810022222860425e-08
8.810022222860425e-08
0.894912838935852
4.0944307500012656e-08
4.0944307500012656e-08
4.0944307500012656e-08
5.817455768585205
7.466515228315984e-08
7.466515228315984e-08
7.466515228315984e-08
10.48405933380127
3.494466938036567e-08
3.494466938036567e-08
3.494466938036567e-08
4.237424373626709
6.90059209773608e-08
6.90059209773608e-08
6.90059209773608e-08
-5.843651294708252
2.032103907367855e-08
2.032103907367855e-08
2.032103907367855e-08
-7.258024215698242
4.1181607457474456e-08
4.1181607457474456e-08
4.1181607457474456e-08
-3.4845354557037354
-3.506894685756379e-08
-3.506894685756379e-08
-3.506894685756379e-08
-2.0352704524993896
-3.163403761163863e-08
-3.163403761163863e-08
-3.163403761163863e-08
-2.0352704524993896
3.932937886474974e-08
3.932937886474974e-08
3.932937886474974e-08
0.8764327764511108
8.810022222860425e-08
8.810022222860425e-08
8.810022222860425e-08
7.577316761016846
4.0944307500012656e-08
4.0944307500012656e-08
4.0944307500012656e-08
11.006816864013672
7.466515228315984e-08
7.466515228315984e-08
7.466515228315984e-08
8.286169052124023
3.494466938036567e-08
3.494466938036567e-08
3.494466938036567e-08
2.8372225761413574
6.90059209773608e-08
6.90059209773608e-08
6.90059209773608e-08
-3.8614842891693115
2.032103907367855e-08
2.032103907367855e-08
2.032103907367855e-08
-9.397998809814453
4.1181607457474456e-08
4.1181607457474456e-08
4.1181607457474456e-08
-11.537019729614258
-3.506894685756379e-08
-3.506894685756379e-08
-3.506894685756379e-08
-14.347487449645996
-3.163403761163863e-08
-3.163403761163863e-08
-3.163403761163863e-08
-16.516948699951172
3.932937886474974e-08
3.932937886474974e-08
3.932937886474974e-08
-8.73189640045166
8.810022222860425e-08
8.810022222860425e-08
8.810022222860425e-08
-7.328826427459717
4.0944307500012656e-08
4.0944307500012656e-08
4.0944307500012656e-08
-8.88641357421875
7.466515228315984e-08
7.466515228315984e-08
7.466515228315984e-08
3.396453380584717
3.494466938036567e-08
3.494466938036567e-08
3.494466938036567e-08
23.470157623291016
6.90059209773608e-08
6.90059209773608e-08
6.90059209773608e-08
25.617584228515625
2.032103907367855e-08
2.032103907367855e-08
2.032103907367855e-08
8.633130073547363
4.1181607457474456e-08
4.1181607457474456e-08
4.1181607457474456e-08
-3.669090747833252
-3.506894685756379e-08
-3.506894685756379e-08
-3.506894685756379e-08
-3.205132484436035
-3.163403761163863e-08
-3.163403761163863e-08
-3.163403761163863e-08
-14.886441230773926
3.932937886474974e-08
3.932937886474974e-08
3.932937886474974e-08
-10.98929214477539
8.810022222860425e-08
8.810022222860425e-08
8.810022222860425e-08
-9.436300277709961
4.0944307500012656e-08
4.0944307500012656e-08
4.0944307500012656e-08
-8.922280311584473
7.466515228315984e-08
7.466515228315984e-08
7.466515228315984e-08
-4.561755180358887
3.494466938036567e-08
3.494466938036567e-08
3.494466938036567e-08
-0.03886623680591583
6.90059209773608e-08
6.90059209773608e-08
6.90059209773608e-08
-0.3497582674026489
2.032103907367855e-08
2.032103907367855e-08
2.032103907367855e-08
-3.6851119995117188
4.1181607457474456e-08
4.1181607457474456e-08
4.1181607457474456e-08
-3.7064852714538574
-3.506894685756379e-08
-3.506894685756379e-08
-3.506894685756379e-08
6.327810287475586
-3.163403761163863e-08
-3.163403761163863e-08
-3.163403761163863e-08
-3.685112237930298
3.932937886474974e-08
3.932937886474974e-08
3.932937886474974e-08
-3.7064852714538574
8.810022222860425e-08
8.810022222860425e-08
8.810022222860425e-08
6.327810287475586
4.0944307500012656e-08
4.0944307500012656e-08
4.0944307500012656e-08
21.538442611694336
7.466515228315984e-08
7.466515228315984e-08
7.466515228315984e-08
22.736330032348633
3.494466938036567e-08
3.494466938036567e-08
3.494466938036567e-08
5.51361083984375
6.90059209773608e-08
6.90059209773608e-08
6.90059209773608e-08
-7.587329387664795
2.032103907367855e-08
2.032103907367855e-08
2.032103907367855e-08
-2.5049145221710205
4.1181607457474456e-08
4.1181607457474456e-08
4.1181607457474456e-08
7.321545600891113
-3.506894685756379e-08
-3.506894685756379e-08
-3.506894685756379e-08
6.448780059814453
-3.163403761163863e-08
-3.163403761163863e-08
-3.163403761163863e-08
2.060748338699341
3.932937886474974e-08
3.932937886474974e-08
3.932937886474974e-08
-3.8356475830078125
8.810022222860425e-08
8.810022222860425e-08
8.810022222860425e-08
-12.230441093444824
4.0944307500012656e-08
4.0944307500012656e-08
4.0944307500012656e-08
-14.853128433227539
7.466515228315984e-08
7.466515228315984e-08
7.466515228315984e-08
-7.441104412078857
3.494466938036567e-08
3.494466938036567e-08
3.494466938036567e-08
7.27007532119751
6.90059209773608e-08
6.90059209773608e-08
6.90059209773608e-08
18.481916427612305
2.032103907367855e-08
2.032103907367855e-08
2.032103907367855e-08
17.846975326538086
4.1181607457474456e-08
4.1181607457474456e-08
4.1181607457474456e-08
6.109767913818359
-3.506894685756379e-08
-3.506894685756379e-08
-3.506894685756379e-08
-7.467992782592773
-3.163403761163863e-08
-3.163403761163863e-08
-3.163403761163863e-08
7.27007532119751
3.932937886474974e-08
3.932937886474974e-08
3.932937886474974e-08
18.481916427612305
8.810022222860425e-08
8.810022222860425e-08
8.810022222860425e-08
17.846975326538086
4.0944307500012656e-08
4.0944307500012656e-08
4.0944307500012656e-08
6.109767913818359
7.466515228315984e-08
7.466515228315984e-08
7.466515228315984e-08
-7.467992782592773
3.494466938036567e-08
3.494466938036567e-08
3.494466938036567e-08
-8.541620254516602
6.90059209773608e-08
6.90059209773608e-08
6.90059209773608e-08
2.856229066848755
2.032103907367855e-08
2.032103907367855e-08
2.032103907367855e-08
8.836636543273926
4.1181607457474456e-08
4.1181607457474456e-08
4.1181607457474456e-08
4.234880447387695
-3.506894685756379e-08
-3.506894685756379e-08
-3.506894685756379e-08
0.04279514029622078
-3.163403761163863e-08
-3.163403761163863e-08
-3.163403761163863e-08
11.765250205993652
3.932937886474974e-08
3.932937886474974e-08
3.932937886474974e-08
27.61164093017578
8.810022222860425e-08
8.810022222860425e-08
8.810022222860425e-08
24.67408561706543
4.0944307500012656e-08
4.0944307500012656e-08
4.0944307500012656e-08
11.038564682006836
7.466515228315984e-08
7.466515228315984e-08
7.466515228315984e-08
0.9893100261688232
3.494466938036567e-08
3.494466938036567e-08
3.494466938036567e-08
-4.044572830200195
6.90059209773608e-08
6.90059209773608e-08
6.90059209773608e-08
-8.545585632324219
2.032103907367855e-08
2.032103907367855e-08
2.032103907367855e-08
-15.268580436706543
4.1181607457474456e-08
4.1181607457474456e-08
4.1181607457474456e-08
-23.154451370239258
-3.506894685756379e-08
-3.506894685756379e-08
-3.506894685756379e-08
-27.18295669555664
-3.163403761163863e-08
-3.163403761163863e-08
-3.163403761163863e-08
-23.154451370239258
3.932937886474974e-08
3.932937886474974e-08
3.932937886474974e-08
-27.18295669555664
8.810022222860425e-08
8.810022222860425e-08
8.810022222860425e-08
-24.533300399780273
4.0944307500012656e-08
4.0944307500012656e-08
4.0944307500012656e-08
-23.568252563476562
7.466515228315984e-08
7.466515228315984e-08
7.466515228315984e-08
-32.71778869628906
3.494466938036567e-08
3.494466938036567e-08
3.494466938036567e-08
-36.484031677246094
6.90059209773608e-08
6.90059209773608e-08
6.90059209773608e-08
-16.778852462768555
2.032103907367855e-08
2.032103907367855e-08
2.032103907367855e-08
7.678495407104492
4.1181607457474456e-08
4.1181607457474456e-08
4.1181607457474456e-08
8.05580997467041
-3.506894685756379e-08
-3.506894685756379e-08
-3.506894685756379e-08
-9.466511726379395
-3.163403761163863e-08
-3.163403761163863e-08
-3.163403761163863e-08
-6.199578762054443
3.932937886474974e-08
3.932937886474974e-08
3.932937886474974e-08
7.14314079284668
8.810022222860425e-08
8.810022222860425e-08
8.810022222860425e-08
6.913388729095459
4.0944307500012656e-08
4.0944307500012656e-08
4.0944307500012656e-08
1.1510179042816162
7.466515228315984e-08
7.466515228315984e-08
7.466515228315984e-08
5.712208271026611
3.494466938036567e-08
3.494466938036567e-08
3.494466938036567e-08
18.10292625427246
6.90059209773608e-08
6.90059209773608e-08
6.90059209773608e-08
20.229642868041992
2.032103907367855e-08
2.032103907367855e-08
2.032103907367855e-08
9.584399223327637
4.1181607457474456e-08
4.1181607457474456e-08
4.1181607457474456e-08
8.893948554992676
-3.506894685756379e-08
-3.506894685756379e-08
-3.506894685756379e-08
26.501808166503906
-3.163403761163863e-08
-3.163403761163863e-08
-3.163403761163863e-08
3.096900701522827
3.932937886474974e-08
3.932937886474974e-08
3.932937886474974e-08
-17.92494773864746
8.810022222860425e-08
8.810022222860425e-08
8.810022222860425e-08
-24.861276626586914
4.0944307500012656e-08
4.0944307500012656e-08
4.0944307500012656e-08
-13.1149320602417
7.466515228315984e-08
7.466515228315984e-08
7.466515228315984e-08
4.5613322257995605
3.494466938036567e-08
3.494466938036567e-08
3.494466938036567e-08
8.218975067138672
6.90059209773608e-08
6.90059209773608e-08
6.90059209773608e-08
-5.957603454589844
2.032103907367855e-08
2.032103907367855e-08
2.032103907367855e-08
-16.923221588134766
4.1181607457474456e-08
4.1181607457474456e-08
4.1181607457474456e-08
-5.654069423675537
-3.506894685756379e-08
-3.506894685756379e-08
-3.506894685756379e-08
15.844268798828125
-3.163403761163863e-08
-3.163403761163863e-08
-3.163403761163863e-08
-5.957603454589844
3.932937886474974e-08
3.932937886474974e-08
3.932937886474974e-08
-16.923221588134766
8.810022222860425e-08
8.810022222860425e-08
8.810022222860425e-08
-5.654069423675537
4.0944307500012656e-08
4.0944307500012656e-08
4.0944307500012656e-08
15.844268798828125
7.466515228315984e-08
7.466515228315984e-08
7.466515228315984e-08
22.364179611206055
3.494466938036567e-08
3.494466938036567e-08
3.494466938036567e-08
13.089010238647461
6.90059209773608e-08
6.90059209773608e-08
6.90059209773608e-08
4.637455940246582
2.032103907367855e-08
2.032103907367855e-08
2.032103907367855e-08
3.122443199157715
4.1181607457474456e-08
4.1181607457474456e-08
4.1181607457474456e-08
2.6450271606445312
-3.506894685756379e-08
-3.506894685756379e-08
-3.506894685756379e-08
-2.532086133956909
-3.163403761163863e-08
-3.163403761163863e-08
-3.163403761163863e-08
-6.6013383865356445
3.932937886474974e-08
3.932937886474974e-08
3.932937886474974e-08
3.3387515544891357
8.810022222860425e-08
8.810022222860425e-08
8.810022222860425e-08
6.661952018737793
4.0944307500012656e-08
4.0944307500012656e-08
4.0944307500012656e-08
2.6579642295837402
7.466515228315984e-08
7.466515228315984e-08
7.466515228315984e-08
8.1484956741333
3.494466938036567e-08
3.494466938036567e-08
3.494466938036567e-08
20.145828247070312
6.90059209773608e-08
6.90059209773608e-08
6.90059209773608e-08
18.110122680664062
2.032103907367855e-08
2.032103907367855e-08
2.032103907367855e-08
6.168764114379883
4.1181607457474456e-08
4.1181607457474456e-08
4.1181607457474456e-08
1.6804883480072021
-3.506894685756379e-08
-3.506894685756379e-08
-3.506894685756379e-08
0.6380720734596252
-3.163403761163863e-08
-3.163403761163863e-08
-3.163403761163863e-08
-13.759449005126953
3.932937886474974e-08
3.932937886474974e-08
3.932937886474974e-08
-16.036014556884766
8.810022222860425e-08
8.810022222860425e-08
8.810022222860425e-08
-12.78990650177002
4.0944307500012656e-08
4.0944307500012656e-08
4.0944307500012656e-08
-3.4613938331604004
7.466515228315984e-08
7.466515228315984e-08
7.466515228315984e-08
6.765704154968262
3.494466938036567e-08
3.494466938036567e-08
3.494466938036567e-08
8.149079322814941
6.90059209773608e-08
6.90059209773608e-08
6.90059209773608e-08
2.452706813812256
2.032103907367855e-08
2.032103907367855e-08
2.032103907367855e-08
-0.17297044396400452
4.1181607457474456e-08
4.1181607457474456e-08
4.1181607457474456e-08
-1.6446185111999512
-3.506894685756379e-08
-3.506894685756379e-08
-3.506894685756379e-08
-11.261828422546387
-3.163403761163863e-08
-3.163403761163863e-08
-3.163403761163863e-08
8.149079322814941
3.932937886474974e-08
3.932937886474974e-08
3.932937886474974e-08
2.452706813812256
8.810022222860425e-08
8.810022222860425e-08
8.810022222860425e-08
-0.1729704737663269
4.0944307500012656e-08
4.0944307500012656e-08
4.0944307500012656e-08
-1.6446183919906616
7.466515228315984e-08
7.466515228315984e-08
7.466515228315984e-08
-11.261828422546387
3.494466938036567e-08
3.494466938036567e-08
3.494466938036567e-08
-21.55919075012207
6.90059209773608e-08
6.90059209773608e-08
6.90059209773608e-08
-14.933637619018555
2.032103907367855e-08
2.032103907367855e-08
2.032103907367855e-08
3.9838292598724365
4.1181607457474456e-08
4.1181607457474456e-08
4.1181607457474456e-08
13.80051326751709
-3.506894685756379e-08
-3.506894685756379e-08
-3.506894685756379e-08
11.720046997070312
-3.163403761163863e-08
-3.163403761163863e-08
-3.163403761163863e-08
7.3697028160095215
3.932937886474974e-08
3.932937886474974e-08
3.932937886474974e-08
1.8136186599731445
8.810022222860425e-08
8.810022222860425e-08
8.810022222860425e-08
-4.738990306854248
4.0944307500012656e-08
4.0944307500012656e-08
4.0944307500012656e-08
-5.515560626983643
7.466515228315984e-08
7.466515228315984e-08
7.466515228315984e-08
1.8419561386108398
3.494466938036567e-08
3.494466938036567e-08
3.494466938036567e-08
10.38570785522461
6.90059209773608e-08
6.90059209773608e-08
6.90059209773608e-08
11.406633377075195
2.032103907367855e-08
2.032103907367855e-08
2.032103907367855e-08
4.831688404083252
4.1181607457474456e-08
4.1181607457474456e-08
4.1181607457474456e-08
-3.1013190746307373
-3.506894685756379e-08
-3.506894685756379e-08
-3.506894685756379e-08
-7.74636173248291
-3.163403761163863e-08
-3.163403761163863e-08
-3.163403761163863e-08
-8.880178451538086
3.932937886474974e-08
3.932937886474974e-08
3.932937886474974e-08
2.7455923557281494
8.810022222860425e-08
8.810022222860425e-08
8.810022222860425e-08
15.069129943847656
4.0944307500012656e-08
4.0944307500012656e-08
4.0944307500012656e-08
18.143646240234375
7.466515228315984e-08
7.466515228315984e-08
7.466515228315984e-08
13.83200740814209
3.494466938036567e-08
3.494466938036567e-08
3.494466938036567e-08
0.8383339643478394
6.90059209773608e-08
6.90059209773608e-08
6.90059209773608e-08
-13.810710906982422
2.032103907367855e-08
2.032103907367855e-08
2.032103907367855e-08
-12.568441390991211
4.1181607457474456e-08
4.1181607457474456e-08
4.1181607457474456e-08
1.9006184339523315
-3.506894685756379e-08
-3.506894685756379e-08
-3.506894685756379e-08
7.219663143157959
-3.163403761163863e-08
-3.163403761163863e-08
-3.163403761163863e-08
1.9006184339523315
3.932937886474974e-08
3.932937886474974e-08
3.932937886474974e-08
7.219663143157959
8.810022222860425e-08
8.810022222860425e-08
8.810022222860425e-08
-2.7933428287506104
4.0944307500012656e-08
4.0944307500012656e-08
4.0944307500012656e-08
-13.58566665649414
7.466515228315984e-08
7.466515228315984e-08
7.466515228315984e-08
-15.578031539916992
3.494466938036567e-08
3.494466938036567e-08
3.494466938036567e-08
-10.970667839050293
6.90059209773608e-08
6.90059209773608e-08
6.90059209773608e-08
-3.1085028648376465
2.032103907367855e-08
2.032103907367855e-08
2.032103907367855e-08
6.691394805908203
4.1181607457474456e-08
4.1181607457474456e-08
4.1181607457474456e-08
14.212118148803711
-3.506894685756379e-08
-3.506894685756379e-08
-3.506894685756379e-08
14.41982650756836
-3.163403761163863e-08
-3.163403761163863e-08
-3.163403761163863e-08
-9.520633697509766
3.932937886474974e-08
3.932937886474974e-08
3.932937886474974e-08
-7.860982894897461
8.810022222860425e-08
8.810022222860425e-08
8.810022222860425e-08
-4.2351274490356445
4.0944307500012656e-08
4.0944307500012656e-08
4.0944307500012656e-08
-3.8501596450805664
7.466515228315984e-08
7.466515228315984e-08
7.466515228315984e-08
-9.424593925476074
3.494466938036567e-08
3.494466938036567e-08
3.494466938036567e-08
-11.110443115234375
6.90059209773608e-08
6.90059209773608e-08
6.90059209773608e-08
2.822601318359375
2.032103907367855e-08
2.032103907367855e-08
2.032103907367855e-08
23.976730346679688
4.1181607457474456e-08
4.1181607457474456e-08
4.1181607457474456e-08
32.30521774291992
-3.506894685756379e-08
-3.506894685756379e-08
-3.506894685756379e-08
19.354394912719727
-3.163403761163863e-08
-3.163403761163863e-08
-3.163403761163863e-08
2.822601318359375
3.932937886474974e-08
3.932937886474974e-08
3.932937886474974e-08
23.976730346679688
8.810022222860425e-08
8.810022222860425e-08
8.810022222860425e-08
32.30521774291992
4.0944307500012656e-08
4.0944307500012656e-08
4.0944307500012656e-08
19.354394912719727
7.466515228315984e-08
7.466515228315984e-08
7.466515228315984e-08
-5.751651287078857
3.494466938036567e-08
3.494466938036567e-08
3.494466938036567e-08
-22.21399688720703
6.90059209773608e-08
6.90059209773608e-08
6.90059209773608e-08
-17.499740600585938
2.032103907367855e-08
2.032103907367855e-08
2.032103907367855e-08
-4.700252532958984
4.1181607457474456e-08
4.1181607457474456e-08
4.1181607457474456e-08
-4.468714237213135
-3.506894685756379e-08
-3.506894685756379e-08
-3.506894685756379e-08
-16.429561614990234
-3.163403761163863e-08
-3.163403761163863e-08
-3.163403761163863e-08
-16.429561614990234
3.932937886474974e-08
3.932937886474974e-08
3.932937886474974e-08
-25.117996215820312
8.810022222860425e-08
8.810022222860425e-08
8.810022222860425e-08
-25.01354217529297
4.0944307500012656e-08
4.0944307500012656e-08
4.0944307500012656e-08
-22.500350952148438
7.466515228315984e-08
7.466515228315984e-08
7.466515228315984e-08
-17.772890090942383
3.494466938036567e-08
3.494466938036567e-08
3.494466938036567e-08
-4.14422082901001
6.90059209773608e-08
6.90059209773608e-08
6.90059209773608e-08
10.345422744750977
2.032103907367855e-08
2.032103907367855e-08
2.032103907367855e-08
9.66144847869873
4.1181607457474456e-08
4.1181607457474456e-08
4.1181607457474456e-08
2.617482900619507
-3.506894685756379e-08
-3.506894685756379e-08
-3.506894685756379e-08
6.319980621337891
-3.163403761163863e-08
-3.163403761163863e-08
-3.163403761163863e-08
10.23804759979248
3.932937886474974e-08
3.932937886474974e-08
3.932937886474974e-08
-0.4050273597240448
8.810022222860425e-08
8.810022222860425e-08
8.810022222860425e-08
-14.243825912475586
4.0944307500012656e-08
4.0944307500012656e-08
4.0944307500012656e-08
-14.277315139770508
7.466515228315984e-08
7.466515228315984e-08
7.466515228315984e-08
-4.933899879455566
3.494466938036567e-08
3.494466938036567e-08
3.494466938036567e-08
-2.9669559001922607
6.90059209773608e-08
6.90059209773608e-08
6.90059209773608e-08
-11.8212251663208
2.032103907367855e-08
2.032103907367855e-08
2.032103907367855e-08
-16.863008499145508
4.1181607457474456e-08
4.1181607457474456e-08
4.1181607457474456e-08
-5.1736273765563965
-3.506894685756379e-08
-3.506894685756379e-08
-3.506894685756379e-08
16.239721298217773
-3.163403761163863e-08
-3.163403761163863e-08
-3.163403761163863e-08
-5.696866989135742
3.932937886474974e-08
3.932937886474974e-08
3.932937886474974e-08
1.6106477975845337
8.810022222860425e-08
8.810022222860425e-08
8.810022222860425e-08
10.76002311706543
4.0944307500012656e-08
4.0944307500012656e-08
4.0944307500012656e-08
8.539053916931152
7.466515228315984e-08
7.466515228315984e-08
7.466515228315984e-08
1.9991800785064697
3.494466938036567e-08
3.494466938036567e-08
3.494466938036567e-08
4.278019428253174
6.90059209773608e-08
6.90059209773608e-08
6.90059209773608e-08
6.730495929718018
2.032103907367855e-08
2.032103907367855e-08
2.032103907367855e-08
-2.5780529975891113
4.1181607457474456e-08
4.1181607457474456e-08
4.1181607457474456e-08
-12.151572227478027
-3.506894685756379e-08
-3.506894685756379e-08
-3.506894685756379e-08
-5.716119766235352
-3.163403761163863e-08
-3.163403761163863e-08
-3.163403761163863e-08
6.730495929718018
3.932937886474974e-08
3.932937886474974e-08
3.932937886474974e-08
-2.5780529975891113
8.810022222860425e-08
8.810022222860425e-08
8.810022222860425e-08
-12.151572227478027
4.0944307500012656e-08
4.0944307500012656e-08
4.0944307500012656e-08
-5.716119766235352
7.466515228315984e-08
7.466515228315984e-08
7.466515228315984e-08
11.09439468383789
3.494466938036567e-08
3.494466938036567e-08
3.494466938036567e-08
19.208091735839844
6.90059209773608e-08
6.90059209773608e-08
6.90059209773608e-08
15.025890350341797
2.032103907367855e-08
2.032103907367855e-08
2.032103907367855e-08
11.068333625793457
4.1181607457474456e-08
4.1181607457474456e-08
4.1181607457474456e-08
9.356979370117188
-3.506894685756379e-08
-3.506894685756379e-08
-3.506894685756379e-08
0.46068090200424194
-3.163403761163863e-08
-3.163403761163863e-08
-3.163403761163863e-08
-14.412384033203125
3.932937886474974e-08
3.932937886474974e-08
3.932937886474974e-08
-20.73582649230957
8.810022222860425e-08
8.810022222860425e-08
8.810022222860425e-08
-13.93702220916748
4.0944307500012656e-08
4.0944307500012656e-08
4.0944307500012656e-08
0.2575531601905823
7.466515228315984e-08
7.466515228315984e-08
7.466515228315984e-08
8.977592468261719
3.494466938036567e-08
3.494466938036567e-08
3.494466938036567e-08
7.020944595336914
6.90059209773608e-08
6.90059209773608e-08
6.90059209773608e-08
1.5372947454452515
2.032103907367855e-08
2.032103907367855e-08
2.032103907367855e-08
4.704323768615723
4.1181607457474456e-08
4.1181607457474456e-08
4.1181607457474456e-08
18.23126792907715
-3.506894685756379e-08
-3.506894685756379e-08
-3.506894685756379e-08
31.764692306518555
-3.163403761163863e-08
-3.163403761163863e-08
-3.163403761163863e-08
1.5372947454452515
3.932937886474974e-08
3.932937886474974e-08
3.932937886474974e-08
4.704323768615723
8.810022222860425e-08
8.810022222860425e-08
8.810022222860425e-08
18.23126792907715
4.0944307500012656e-08
4.0944307500012656e-08
4.0944307500012656e-08
31.764692306518555
7.466515228315984e-08
7.466515228315984e-08
7.466515228315984e-08
33.56748580932617
3.494466938036567e-08
3.494466938036567e-08
3.494466938036567e-08
18.586023330688477
6.90059209773608e-08
6.90059209773608e-08
6.90059209773608e-08
-4.119956016540527
2.032103907367855e-08
2.032103907367855e-08
2.032103907367855e-08
-14.713113784790039
4.1181607457474456e-08
4.1181607457474456e-08
4.1181607457474456e-08
-7.528682708740234
-3.506894685756379e-08
-3.506894685756379e-08
-3.506894685756379e-08
-0.10297752171754837
-3.163403761163863e-08
-3.163403761163863e-08
-3.163403761163863e-08
-38.81405258178711
3.932937886474974e-08
3.932937886474974e-08
3.932937886474974e-08
-33.055721282958984
8.810022222860425e-08
8.810022222860425e-08
8.810022222860425e-08
-19.08273696899414
4.0944307500012656e-08
4.0944307500012656e-08
4.0944307500012656e-08
-7.8228983879089355
7.466515228315984e-08
7.466515228315984e-08
7.466515228315984e-08
-2.887145519256592
3.494466938036567e-08
3.494466938036567e-08
3.494466938036567e-08
-0.869101881980896
6.90059209773608e-08
6.90059209773608e-08
6.90059209773608e-08
6.714656352996826
2.032103907367855e-08
2.032103907367855e-08
2.032103907367855e-08
22.456132888793945
4.1181607457474456e-08
4.1181607457474456e-08
4.1181607457474456e-08
32.0706901550293
-3.506894685756379e-08
-3.506894685756379e-08
-3.506894685756379e-08
26.23337173461914
-3.163403761163863e-08
-3.163403761163863e-08
-3.163403761163863e-08
22.456132888793945
3.932937886474974e-08
3.932937886474974e-08
3.932937886474974e-08
32.0706901550293
8.810022222860425e-08
8.810022222860425e-08
8.810022222860425e-08
26.23337173461914
4.0944307500012656e-08
4.0944307500012656e-08
4.0944307500012656e-08
13.681530952453613
7.466515228315984e-08
7.466515228315984e-08
7.466515228315984e-08
2.0922417640686035
3.494466938036567e-08
3.494466938036567e-08
3.494466938036567e-08
-5.314545154571533
6.90059209773608e-08
6.90059209773608e-08
6.90059209773608e-08
-3.085068941116333
2.032103907367855e-08
2.032103907367855e-08
2.032103907367855e-08
4.61979866027832
4.1181607457474456e-08
4.1181607457474456e-08
4.1181607457474456e-08
4.564488887786865
-3.506894685756379e-08
-3.506894685756379e-08
-3.506894685756379e-08
-2.9611003398895264
-3.163403761163863e-08
-3.163403761163863e-08
-3.163403761163863e-08
2.8195981979370117
3.932937886474974e-08
3.932937886474974e-08
3.932937886474974e-08
25.396583557128906
8.810022222860425e-08
8.810022222860425e-08
8.810022222860425e-08
41.06938934326172
4.0944307500012656e-08
4.0944307500012656e-08
4.0944307500012656e-08
31.61590003967285
7.466515228315984e-08
7.466515228315984e-08
7.466515228315984e-08
13.471768379211426
3.494466938036567e-08
3.494466938036567e-08
3.494466938036567e-08
7.218279838562012
6.90059209773608e-08
6.90059209773608e-08
6.90059209773608e-08
7.730223178863525
2.032103907367855e-08
2.032103907367855e-08
2.032103907367855e-08
1.978893518447876
4.1181607457474456e-08
4.1181607457474456e-08
4.1181607457474456e-08
-7.668734073638916
-3.506894685756379e-08
-3.506894685756379e-08
-3.506894685756379e-08
-12.658517837524414
-3.163403761163863e-08
-3.163403761163863e-08
-3.163403761163863e-08
7.218279838562012
3.932937886474974e-08
3.932937886474974e-08
3.932937886474974e-08
7.730223178863525
8.810022222860425e-08
8.810022222860425e-08
8.810022222860425e-08
1.978893518447876
4.0944307500012656e-08
4.0944307500012656e-08
4.0944307500012656e-08
-7.668734073638916
7.466515228315984e-08
7.466515228315984e-08
7.466515228315984e-08
-12.65851879119873
3.494466938036567e-08
3.494466938036567e-08
3.494466938036567e-08
-13.732660293579102
6.90059209773608e-08
6.90059209773608e-08
6.90059209773608e-08
