0
9.133227348327637
8.810022222860425e-08
8.810022222860425e-08
8.810022222860425e-08
6.6087141036987305
4.0944307500012656e-08
4.0944307500012656e-08
4.0944307500012656e-08
3.571108102798462
7.466515228315984e-08
7.466515228315984e-08
7.466515228315984e-08
-7.725632667541504
3.494466938036567e-08
3.494466938036567e-08
3.494466938036567e-08
-30.257749557495117
6.90059209773608e-08
6.90059209773608e-08
6.90059209773608e-08
-40.391014099121094
2.032103907367855e-08
2.032103907367855e-08
2.032103907367855e-08
-23.621658325195312
4.1181607457474456e-08
4.1181607457474456e-08
4.1181607457474456e-08
-1.9626810550689697
-3.506894685756379e-08
-3.506894685756379e-08
-3.506894685756379e-08
2.2524843215942383
-3.163403761163863e-08
-3.163403761163863e-08
-3.163403761163863e-08
6.094147205352783
3.932937886474974e-08
3.932937886474974e-08
3.932937886474974e-08
14.123407363891602
8.810022222860425e-08
8.810022222860425e-08
8.810022222860425e-08
17.491811752319336
4.0944307500012656e-08
4.0944307500012656e-08
4.0944307500012656e-08
9.849180221557617
7.466515228315984e-08
7.466515228315984e-08
7.466515228315984e-08
-2.987717628479004
3.494466938036567e-08
3.494466938036567e-08
3.494466938036567e-08
-7.498898983001709
6.90059209773608e-08
6.90059209773608e-08
6.90059209773608e-08
-1.140054702758789
2.032103907367855e-08
2.032103907367855e-08
2.032103907367855e-08
4.220196723937988
4.1181607457474456e-08
4.1181607457474456e-08
4.1181607457474456e-08
1.9188040494918823
-3.506894685756379e-08
-3.506894685756379e-08
-3.506894685756379e-08
3.483210802078247
-3.163403761163863e-08
-3.163403761163863e-08
-3.163403761163863e-08
-1.140054702758789
3.932937886474974e-08
3.932937886474974e-08
3.932937886474974e-08
4.220196723937988
8.810022222860425e-08
8.810022222860425e-08
8.810022222860425e-08
1.9188040494918823
4.0944307500012656e-08
4.0944307500012656e-08
4.0944307500012656e-08
3.483210802078247
7.466515228315984e-08
7.466515228315984e-08
7.466515228315984e-08
17.725500106811523
3.494466938036567e-08
3.494466938036567e-08
3.494466938036567e-08
34.51129913330078
6.90059209773608e-08
6.90059209773608e-08
6.90059209773608e-08
38.36417007446289
2.032103907367855e-08
2.032103907367855e-08
2.032103907367855e-08
22.005130767822266
4.1181607457474456e-08
4.1181607457474456e-08
4.1181607457474456e-08
-5.277046203613281
-3.506894685756379e-08
-3.506894685756379e-08
-3.506894685756379e-08
-20.519197463989258
-3.163403761163863e-08
-3.163403761163863e-08
-3.163403761163863e-08
-12.60949420928955
3.932937886474974e-08
3.932937886474974e-08
3.932937886474974e-08
-20.93305206298828
8.810022222860425e-08
8.810022222860425e-08
8.810022222860425e-08
-20.62112808227539
4.0944307500012656e-08
4.0944307500012656e-08
4.0944307500012656e-08
-11.2677001953125
7.466515228315984e-08
7.466515228315984e-08
7.466515228315984e-08
9.74185562133789
3.494466938036567e-08
3.494466938036567e-08
3.494466938036567e-08
30.09164047241211
6.90059209773608e-08
6.90059209773608e-08
6.90059209773608e-08
29.910234451293945
2.032103907367855e-08
2.032103907367855e-08
2.032103907367855e-08
11.127121925354004
4.1181607457474456e-08
4.1181607457474456e-08
4.1181607457474456e-08
-8.017765998840332
-3.506894685756379e-08
-3.506894685756379e-08
-3.506894685756379e-08
-17.70486068725586
-3.163403761163863e-08
-3.163403761163863e-08
-3.163403761163863e-08
-14.936237335205078
3.932937886474974e-08
3.932937886474974e-08
3.932937886474974e-08
-12.082308769226074
8.810022222860425e-08
8.810022222860425e-08
8.810022222860425e-08
-9.260307312011719
4.0944307500012656e-08
4.0944307500012656e-08
4.0944307500012656e-08
-5.001306056976318
7.466515228315984e-08
7.466515228315984e-08
7.466515228315984e-08
3.5094873905181885
3.494466938036567e-08
3.494466938036567e-08
3.494466938036567e-08
9.7257080078125
6.90059209773608e-08
6.90059209773608e-08
6.90059209773608e-08
9.740617752075195
2.032103907367855e-08
2.032103907367855e-08
2.032103907367855e-08
9.080111503601074
4.1181607457474456e-08
4.1181607457474456e-08
4.1181607457474456e-08
5.793237686157227
-3.506894685756379e-08
-3.506894685756379e-08
-3.506894685756379e-08
-4.486112117767334
-3.163403761163863e-08
-3.163403761163863e-08
-3.163403761163863e-08
9.740617752075195
3.932937886474974e-08
3.932937886474974e-08
3.932937886474974e-08
9.080111503601074
8.810022222860425e-08
8.810022222860425e-08
8.810022222860425e-08
5.793237686157227
4.0944307500012656e-08
4.0944307500012656e-08
4.0944307500012656e-08
-4.486112117767334
7.466515228315984e-08
7.466515228315984e-08
7.466515228315984e-08
-11.236832618713379
3.494466938036567e-08
3.494466938036567e-08
3.494466938036567e-08
-4.353870868682861
6.90059209773608e-08
6.90059209773608e-08
6.90059209773608e-08
3.445526599884033
2.032103907367855e-08
2.032103907367855e-08
2.032103907367855e-08
-2.539396286010742
4.1181607457474456e-08
4.1181607457474456e-08
4.1181607457474456e-08
-9.591238975524902
-3.506894685756379e-08
-3.506894685756379e-08
-3.506894685756379e-08
-3.084834337234497
-3.163403761163863e-08
-3.163403761163863e-08
-3.163403761163863e-08
-9.148804664611816
3.932937886474974e-08
3.932937886474974e-08
3.932937886474974e-08
-13.945036888122559
8.810022222860425e-08
8.810022222860425e-08
8.810022222860425e-08
-1.344660997390747
4.0944307500012656e-08
4.0944307500012656e-08
4.0944307500012656e-08
9.649044036865234
7.466515228315984e-08
7.466515228315984e-08
7.466515228315984e-08
6.254246711730957
3.494466938036567e-08
3.494466938036567e-08
3.494466938036567e-08
-7.958494663238525
6.90059209773608e-08
6.90059209773608e-08
6.90059209773608e-08
-20.386598587036133
2.032103907367855e-08
2.032103907367855e-08
2.032103907367855e-08
-16.197101593017578
4.1181607457474456e-08
4.1181607457474456e-08
4.1181607457474456e-08
1.4035454988479614
-3.506894685756379e-08
-3.506894685756379e-08
-3.506894685756379e-08
11.947418212890625
-3.163403761163863e-08
-3.163403761163863e-08
-3.163403761163863e-08
-7.958494663238525
3.932937886474974e-08
3.932937886474974e-08
3.932937886474974e-08
-20.386598587036133
8.810022222860425e-08
8.810022222860425e-08
8.810022222860425e-08
-16.197101593017578
4.0944307500012656e-08
4.0944307500012656e-08
4.0944307500012656e-08
1.403545618057251
7.466515228315984e-08
7.466515228315984e-08
7.466515228315984e-08
11.947418212890625
3.494466938036567e-08
3.494466938036567e-08
3.494466938036567e-08
6.896413326263428
6.90059209773608e-08
6.90059209773608e-08
6.90059209773608e-08
-5.070896625518799
2.032103907367855e-08
2.032103907367855e-08
2.032103907367855e-08
-10.933561325073242
4.1181607457474456e-08
4.1181607457474456e-08
4.1181607457474456e-08
-3.0141525268554688
-3.506894685756379e-08
-3.506894685756379e-08
-3.506894685756379e-08
7.455124855041504
-3.163403761163863e-08
-3.163403761163863e-08
-3.163403761163863e-08
-10.46891975402832
3.932937886474974e-08
3.932937886474974e-08
3.932937886474974e-08
3.397700548171997
8.810022222860425e-08
8.810022222860425e-08
8.810022222860425e-08
0.793271541595459
4.0944307500012656e-08
4.0944307500012656e-08
4.0944307500012656e-08
-11.258984565734863
7.466515228315984e-08
7.466515228315984e-08
7.466515228315984e-08
-20.224462509155273
3.494466938036567e-08
3.494466938036567e-08
3.494466938036567e-08
-30.54708480834961
6.90059209773608e-08
6.90059209773608e-08
6.90059209773608e-08
-38.76543045043945
2.032103907367855e-08
2.032103907367855e-08
2.032103907367855e-08
-29.023147583007812
4.1181607457474456e-08
4.1181607457474456e-08
4.1181607457474456e-08
-10.616124153137207
-3.506894685756379e-08
-3.506894685756379e-08
-3.506894685756379e-08
-10.73457145690918
-3.163403761163863e-08
-3.163403761163863e-08
-3.163403761163863e-08
-10.616124153137207
3.932937886474974e-08
3.932937886474974e-08
3.932937886474974e-08
-10.73457145690918
8.810022222860425e-08
8.810022222860425e-08
8.810022222860425e-08
-22.655588150024414
4.0944307500012656e-08
4.0944307500012656e-08
4.0944307500012656e-08
-12.842292785644531
7.466515228315984e-08
7.466515228315984e-08
7.466515228315984e-08
18.401954650878906
3.494466938036567e-08
3.494466938036567e-08
3.494466938036567e-08
38.47983932495117
6.90059209773608e-08
6.90059209773608e-08
6.90059209773608e-08
37.4372444152832
2.032103907367855e-08
2.032103907367855e-08
2.032103907367855e-08
26.774282455444336
4.1181607457474456e-08
4.1181607457474456e-08
4.1181607457474456e-08
9.428041458129883
-3.506894685756379e-08
-3.506894685756379e-08
-3.506894685756379e-08
-5.744680881500244
-3.163403761163863e-08
-3.163403761163863e-08
-3.163403761163863e-08
10.226961135864258
3.932937886474974e-08
3.932937886474974e-08
3.932937886474974e-08
14.685883522033691
8.810022222860425e-08
8.810022222860425e-08
8.810022222860425e-08
10.84679889678955
4.0944307500012656e-08
4.0944307500012656e-08
4.0944307500012656e-08
10.237495422363281
7.466515228315984e-08
7.466515228315984e-08
7.466515228315984e-08
16.20075225830078
3.494466938036567e-08
3.494466938036567e-08
3.494466938036567e-08
22.306716918945312
6.90059209773608e-08
6.90059209773608e-08
6.90059209773608e-08
22.44780921936035
2.032103907367855e-08
2.032103907367855e-08
2.032103907367855e-08
19.226913452148438
4.1181607457474456e-08
4.1181607457474456e-08
4.1181607457474456e-08
15.570428848266602
-3.506894685756379e-08
-3.506894685756379e-08
-3.506894685756379e-08
7.664607524871826
-3.163403761163863e-08
-3.163403761163863e-08
-3.163403761163863e-08
-3.5791549682617188
3.932937886474974e-08
3.932937886474974e-08
3.932937886474974e-08
8.653590202331543
8.810022222860425e-08
8.810022222860425e-08
8.810022222860425e-08
16.45329475402832
4.0944307500012656e-08
4.0944307500012656e-08
4.0944307500012656e-08
17.11875343322754
7.466515228315984e-08
7.466515228315984e-08
7.466515228315984e-08
19.512086868286133
3.494466938036567e-08
3.494466938036567e-08
3.494466938036567e-08
16.697397232055664
6.90059209773608e-08
6.90059209773608e-08
6.90059209773608e-08
3.834407091140747
2.032103907367855e-08
2.032103907367855e-08
2.032103907367855e-08
-3.9703145027160645
4.1181607457474456e-08
4.1181607457474456e-08
4.1181607457474456e-08
0.38738423585891724
-3.506894685756379e-08
-3.506894685756379e-08
-3.506894685756379e-08
6.00352144241333
-3.163403761163863e-08
-3.163403761163863e-08
-3.163403761163863e-08
0.38738423585891724
3.932937886474974e-08
3.932937886474974e-08
3.932937886474974e-08
6.00352144241333
8.810022222860425e-08
8.810022222860425e-08
8.810022222860425e-08
3.6216957569122314
4.0944307500012656e-08
4.0944307500012656e-08
4.0944307500012656e-08
-0.9117714166641235
7.466515228315984e-08
7.466515228315984e-08
7.466515228315984e-08
6.003688335418701
3.494466938036567e-08
3.494466938036567e-08
3.494466938036567e-08
19.109603881835938
6.90059209773608e-08
6.90059209773608e-08
6.90059209773608e-08
21.27909278869629
2.032103907367855e-08
2.032103907367855e-08
2.032103907367855e-08
15.226760864257812
4.1181607457474456e-08
4.1181607457474456e-08
4.1181607457474456e-08
8.687408447265625
-3.506894685756379e-08
-3.506894685756379e-08
-3.506894685756379e-08
-2.730818748474121
-3.163403761163863e-08
-3.163403761163863e-08
-3.163403761163863e-08
15.226759910583496
3.932937886474974e-08
3.932937886474974e-08
3.932937886474974e-08
8.687408447265625
8.810022222860425e-08
8.810022222860425e-08
8.810022222860425e-08
-2.7308189868927
4.0944307500012656e-08
4.0944307500012656e-08
4.0944307500012656e-08
-14.335411071777344
7.466515228315984e-08
7.466515228315984e-08
7.466515228315984e-08
-13.528229713439941
3.494466938036567e-08
3.494466938036567e-08
3.494466938036567e-08
-5.217086315155029
6.90059209773608e-08
6.90059209773608e-08
6.90059209773608e-08
-4.735741138458252
2.032103907367855e-08
2.032103907367855e-08
2.032103907367855e-08
-6.703218460083008
4.1181607457474456e-08
4.1181607457474456e-08
4.1181607457474456e-08
5.379805564880371
-3.506894685756379e-08
-3.506894685756379e-08
-3.506894685756379e-08
21.49587059020996
-3.163403761163863e-08
-3.163403761163863e-08
-3.163403761163863e-08
-3.566429853439331
3.932937886474974e-08
3.932937886474974e-08
3.932937886474974e-08
-9.305619239807129
8.810022222860425e-08
8.810022222860425e-08
8.810022222860425e-08
-6.310328960418701
4.0944307500012656e-08
4.0944307500012656e-08
4.0944307500012656e-08
-2.4001247882843018
7.466515228315984e-08
7.466515228315984e-08
7.466515228315984e-08
-8.581806182861328
3.494466938036567e-08
3.494466938036567e-08
3.494466938036567e-08
-20.225954055786133
6.90059209773608e-08
6.90059209773608e-08
6.90059209773608e-08
-26.04916000366211
2.032103907367855e-08
2.032103907367855e-08
2.032103907367855e-08
-20.557737350463867
4.1181607457474456e-08
4.1181607457474456e-08
4.1181607457474456e-08
-3.4033312797546387
-3.506894685756379e-08
-3.506894685756379e-08
-3.506894685756379e-08
13.706926345825195
-3.163403761163863e-08
-3.163403761163863e-08
-3.163403761163863e-08
-26.04916000366211
3.932937886474974e-08
3.932937886474974e-08
3.932937886474974e-08
-20.557737350463867
8.810022222860425e-08
8.810022222860425e-08
8.810022222860425e-08
-3.4033312797546387
4.0944307500012656e-08
4.0944307500012656e-08
4.0944307500012656e-08
13.706926345825195
7.466515228315984e-08
7.466515228315984e-08
7.466515228315984e-08
12.69550609588623
3.494466938036567e-08
3.494466938036567e-08
3.494466938036567e-08
-5.933943748474121
6.90059209773608e-08
6.90059209773608e-08
6.90059209773608e-08
-24.12472915649414
2.032103907367855e-08
2.032103907367855e-08
2.032103907367855e-08
-28.752391815185547
4.1181607457474456e-08
4.1181607457474456e-08
4.1181607457474456e-08
-20.573862075805664
-3.506894685756379e-08
-3.506894685756379e-08
-3.506894685756379e-08
-12.43890380859375
-3.163403761163863e-08
-3.163403761163863e-08
-3.163403761163863e-08
-29.17819595336914
3.932937886474974e-08
3.932937886474974e-08
3.932937886474974e-08
-19.380229949951172
8.810022222860425e-08
8.810022222860425e-08
8.810022222860425e-08
-4.7497334480285645
4.0944307500012656e-08
4.0944307500012656e-08
4.0944307500012656e-08
11.01492977142334
7.466515228315984e-08
7.466515228315984e-08
7.466515228315984e-08
19.46816062927246
3.494466938036567e-08
3.494466938036567e-08
3.494466938036567e-08
17.83023452758789
6.90059209773608e-08
6.90059209773608e-08
6.90059209773608e-08
9.732004165649414
2.032103907367855e-08
2.032103907367855e-08
2.032103907367855e-08
-7.050034046173096
4.1181607457474456e-08
4.1181607457474456e-08
4.1181607457474456e-08
-26.12579917907715
-3.506894685756379e-08
-3.506894685756379e-08
-3.506894685756379e-08
-29.62629508972168
-3.163403761163863e-08
-3.163403761163863e-08
-3.163403761163863e-08
-16.890514373779297
3.932937886474974e-08
3.932937886474974e-08
3.932937886474974e-08
5.598819255828857
8.810022222860425e-08
8.810022222860425e-08
8.810022222860425e-08
30.936973571777344
4.0944307500012656e-08
4.0944307500012656e-08
4.0944307500012656e-08
28.70768928527832
7.466515228315984e-08
7.466515228315984e-08
7.466515228315984e-08
10.963089942932129
3.494466938036567e-08
3.494466938036567e-08
3.494466938036567e-08
1.4252686500549316
6.90059209773608e-08
6.90059209773608e-08
6.90059209773608e-08
-5.091034889221191
2.032103907367855e-08
2.032103907367855e-08
2.032103907367855e-08
-11.99298095703125
4.1181607457474456e-08
4.1181607457474456e-08
4.1181607457474456e-08
-9.483861923217773
-3.506894685756379e-08
-3.506894685756379e-08
-3.506894685756379e-08
-2.816561698913574
-3.163403761163863e-08
-3.163403761163863e-08
-3.163403761163863e-08
1.425268530845642
3.932937886474974e-08
3.932937886474974e-08
3.932937886474974e-08
-5.091034889221191
8.810022222860425e-08
8.810022222860425e-08
8.810022222860425e-08
-11.99298095703125
4.0944307500012656e-08
4.0944307500012656e-08
4.0944307500012656e-08
-9.483861923217773
7.466515228315984e-08
7.466515228315984e-08
7.466515228315984e-08
-2.816561698913574
3.494466938036567e-08
3.494466938036567e-08
3.494466938036567e-08
-3.2263600826263428
6.90059209773608e-08
6.90059209773608e-08
6.90059209773608e-08
-4.492870807647705
2.032103907367855e-08
2.032103907367855e-08
2.032103907367855e-08
4.189959526062012
4.1181607457474456e-08
4.1181607457474456e-08
4.1181607457474456e-08
16.163494110107422
-3.506894685756379e-08
-3.506894685756379e-08
-3.506894685756379e-08
19.15152931213379
-3.163403761163863e-08
-3.163403761163863e-08
-3.163403761163863e-08
-16.003719329833984
3.932937886474974e-08
3.932937886474974e-08
3.932937886474974e-08
-14.08547592163086
8.810022222860425e-08
8.810022222860425e-08
8.810022222860425e-08
-3.3163912296295166
4.0944307500012656e-08
4.0944307500012656e-08
4.0944307500012656e-08
-3.5194668769836426
7.466515228315984e-08
7.466515228315984e-08
7.466515228315984e-08
-9.332685470581055
3.494466938036567e-08
3.494466938036567e-08
3.494466938036567e-08
-4.537289619445801
6.90059209773608e-08
6.90059209773608e-08
6.90059209773608e-08
7.733857154846191
2.032103907367855e-08
2.032103907367855e-08
2.032103907367855e-08
11.91983699798584
4.1181607457474456e-08
4.1181607457474456e-08
4.1181607457474456e-08
6.0341620445251465
-3.506894685756379e-08
-3.506894685756379e-08
-3.506894685756379e-08
-1.6508466005325317
-3.163403761163863e-08
-3.163403761163863e-08
-3.163403761163863e-08
-9.40324878692627
3.932937886474974e-08
3.932937886474974e-08
3.932937886474974e-08
-4.876150131225586
8.810022222860425e-08
8.810022222860425e-08
8.810022222860425e-08
-1.1208877563476562
4.0944307500012656e-08
4.0944307500012656e-08
4.0944307500012656e-08
-3.8353772163391113
7.466515228315984e-08
7.466515228315984e-08
7.466515228315984e-08
-8.105968475341797
3.494466938036567e-08
3.494466938036567e-08
3.494466938036567e-08
-8.87379264831543
6.90059209773608e-08
6.90059209773608e-08
6.90059209773608e-08
-5.477922439575195
2.032103907367855e-08
2.032103907367855e-08
2.032103907367855e-08
3.083571434020996
4.1181607457474456e-08
4.1181607457474456e-08
4.1181607457474456e-08
13.252803802490234
-3.506894685756379e-08
-3.506894685756379e-08
-3.506894685756379e-08
16.867938995361328
-3.163403761163863e-08
-3.163403761163863e-08
-3.163403761163863e-08
3.083571434020996
3.932937886474974e-08
3.932937886474974e-08
3.932937886474974e-08
13.252803802490234
8.810022222860425e-08
8.810022222860425e-08
8.810022222860425e-08
16.867938995361328
4.0944307500012656e-08
4.0944307500012656e-08
4.0944307500012656e-08
11.735966682434082
7.466515228315984e-08
7.466515228315984e-08
7.466515228315984e-08
2.0085976123809814
3.494466938036567e-08
3.494466938036567e-08
3.494466938036567e-08
-7.186176300048828
6.90059209773608e-08
6.90059209773608e-08
6.90059209773608e-08
-12.596758842468262
2.032103907367855e-08
2.032103907367855e-08
2.032103907367855e-08
-16.072473526000977
4.1181607457474456e-08
4.1181607457474456e-08
4.1181607457474456e-08
-19.957345962524414
-3.506894685756379e-08
-3.506894685756379e-08
-3.506894685756379e-08
-21.723360061645508
-3.163403761163863e-08
-3.163403761163863e-08
-3.163403761163863e-08
14.558721542358398
3.932937886474974e-08
3.932937886474974e-08
3.932937886474974e-08
11.931015968322754
8.810022222860425e-08
8.810022222860425e-08
8.810022222860425e-08
1.3656197786331177
4.0944307500012656e-08
4.0944307500012656e-08
4.0944307500012656e-08
-10.534175872802734
7.466515228315984e-08
7.466515228315984e-08
7.466515228315984e-08
-15.248848915100098
3.494466938036567e-08
3.494466938036567e-08
3.494466938036567e-08
-12.881426811218262
6.90059209773608e-08
6.90059209773608e-08
6.90059209773608e-08
-12.844653129577637
2.032103907367855e-08
2.032103907367855e-08
2.032103907367855e-08
-19.803974151611328
4.1181607457474456e-08
4.1181607457474456e-08
4.1181607457474456e-08
-27.565454483032227
-3.506894685756379e-08
-3.506894685756379e-08
-3.506894685756379e-08
-29.33534049987793
-3.163403761163863e-08
-3.163403761163863e-08
-3.163403761163863e-08
-19.803974151611328
3.932937886474974e-08
3.932937886474974e-08
3.932937886474974e-08
-27.565454483032227
8.810022222860425e-08
8.810022222860425e-08
8.810022222860425e-08
-29.33534049987793
4.0944307500012656e-08
4.0944307500012656e-08
4.0944307500012656e-08
-19.37765884399414
7.466515228315984e-08
7.466515228315984e-08
7.466515228315984e-08
2.5011112689971924
3.494466938036567e-08
3.494466938036567e-08
3.494466938036567e-08
19.975818634033203
6.90059209773608e-08
6.90059209773608e-08
6.90059209773608e-08
18.60053825378418
2.032103907367855e-08
2.032103907367855e-08
2.032103907367855e-08
5.718236446380615
4.1181607457474456e-08
4.1181607457474456e-08
4.1181607457474456e-08
-3.1539506912231445
-3.506894685756379e-08
-3.506894685756379e-08
-3.506894685756379e-08
-0.9362841844558716
-3.163403761163863e-08
-3.163403761163863e-08
-3.163403761163863e-08
1.5074862241744995
3.932937886474974e-08
3.932937886474974e-08
3.932937886474974e-08
16.914127349853516
8.810022222860425e-08
8.810022222860425e-08
8.810022222860425e-08
19.879823684692383
4.0944307500012656e-08
4.0944307500012656e-08
4.0944307500012656e-08
20.440052032470703
7.466515228315984e-08
7.466515228315984e-08
7.466515228315984e-08
18.341781616210938
3.494466938036567e-08
3.494466938036567e-08
3.494466938036567e-08
6.6251139640808105
6.90059209773608e-08
6.90059209773608e-08
6.90059209773608e-08
-3.799797773361206
2.032103907367855e-08
2.032103907367855e-08
2.032103907367855e-08
-0.4990674555301666
4.1181607457474456e-08
4.1181607457474456e-08
4.1181607457474456e-08
7.563769817352295
-3.506894685756379e-08
-3.506894685756379e-08
-3.506894685756379e-08
8.953184127807617
-3.163403761163863e-08
-3.163403761163863e-08
-3.163403761163863e-08
-0.499067485332489
3.932937886474974e-08
3.932937886474974e-08
3.932937886474974e-08
7.563769817352295
8.810022222860425e-08
8.810022222860425e-08
8.810022222860425e-08
8.953184127807617
4.0944307500012656e-08
4.0944307500012656e-08
4.0944307500012656e-08
10.333454132080078
7.466515228315984e-08
7.466515228315984e-08
7.466515228315984e-08
16.20304298400879
3.494466938036567e-08
3.494466938036567e-08
3.494466938036567e-08
19.6019344329834
6.90059209773608e-08
6.90059209773608e-08
6.90059209773608e-08
22.654294967651367
2.032103907367855e-08
2.032103907367855e-08
2.032103907367855e-08
27.540990829467773
4.1181607457474456e-08
4.1181607457474456e-08
4.1181607457474456e-08
20.387842178344727
-3.506894685756379e-08
-3.506894685756379e-08
-3.506894685756379e-08
-1.9371109008789062
-3.163403761163863e-08
-3.163403761163863e-08
-3.163403761163863e-08
27.540990829467773
3.932937886474974e-08
3.932937886474974e-08
3.932937886474974e-08
20.387842178344727
8.810022222860425e-08
8.810022222860425e-08
8.810022222860425e-08
-1.9371109008789062
4.0944307500012656e-08
4.0944307500012656e-08
4.0944307500012656e-08
-16.77496337890625
7.466515228315984e-08
7.466515228315984e-08
7.466515228315984e-08
-11.832498550415039
3.494466938036567e-08
3.494466938036567e-08
3.494466938036567e-08
-6.976185321807861
6.90059209773608e-08
6.90059209773608e-08
6.90059209773608e-08
-18.084089279174805
2.032103907367855e-08
2.032103907367855e-08
2.032103907367855e-08
-28.029052734375
4.1181607457474456e-08
4.1181607457474456e-08
4.1181607457474456e-08
-17.60858154296875
-3.506894685756379e-08
-3.506894685756379e-08
-3.506894685756379e-08
1.0194716453552246
-3.163403761163863e-08
-3.163403761163863e-08
-3.163403761163863e-08
-7.372732639312744
3.932937886474974e-08
3.932937886474974e-08
3.932937886474974e-08
-9.317442893981934
8.810022222860425e-08
8.810022222860425e-08
8.810022222860425e-08
-11.369977951049805
4.0944307500012656e-08
4.0944307500012656e-08
4.0944307500012656e-08
-9.438331604003906
7.466515228315984e-08
7.466515228315984e-08
7.466515228315984e-08
1.6572840213775635
3.494466938036567e-08
3.494466938036567e-08
3.494466938036567e-08
17.205154418945312
6.90059209773608e-08
6.90059209773608e-08
6.90059209773608e-08
24.67896270751953
2.032103907367855e-08
2.032103907367855e-08
2.032103907367855e-08
22.639007568359375
4.1181607457474456e-08
4.1181607457474456e-08
4.1181607457474456e-08
22.827123641967773
-3.506894685756379e-08
-3.506894685756379e-08
-3.506894685756379e-08
22.656253814697266
-3.163403761163863e-08
-3.163403761163863e-08
-3.163403761163863e-08
24.67896270751953
3.932937886474974e-08
3.932937886474974e-08
3.932937886474974e-08
22.639007568359375
8.810022222860425e-08
8.810022222860425e-08
8.810022222860425e-08
22.827123641967773
4.0944307500012656e-08
4.0944307500012656e-08
4.0944307500012656e-08
22.656253814697266
7.466515228315984e-08
7.466515228315984e-08
7.466515228315984e-08
9.664350509643555
3.494466938036567e-08
3.494466938036567e-08
3.494466938036567e-08
-5.133993625640869
6.90059209773608e-08
6.90059209773608e-08
6.90059209773608e-08
-3.7452216148376465
2.032103907367855e-08
2.032103907367855e-08
2.032103907367855e-08
6.090583801269531
4.1181607457474456e-08
4.1181607457474456e-08
4.1181607457474456e-08
8.383123397827148
-3.506894685756379e-08
-3.506894685756379e-08
-3.506894685756379e-08
5.603069305419922
-3.163403761163863e-08
-3.163403761163863e-08
-3.163403761163863e-08
4.664521217346191
3.932937886474974e-08
3.932937886474974e-08
3.932937886474974e-08
-7.5943922996521
8.810022222860425e-08
8.810022222860425e-08
8.810022222860425e-08
-6.769392967224121
4.0944307500012656e-08
4.0944307500012656e-08
4.0944307500012656e-08
3.337519407272339
7.466515228315984e-08
7.466515228315984e-08
7.466515228315984e-08
9.133149147033691
3.494466938036567e-08
3.494466938036567e-08
3.494466938036567e-08
7.169967174530029
6.90059209773608e-08
6.90059209773608e-08
6.90059209773608e-08
6.129604816436768
2.032103907367855e-08
2.032103907367855e-08
2.032103907367855e-08
9.140331268310547
4.1181607457474456e-08
4.1181607457474456e-08
4.1181607457474456e-08
7.440389633178711
-3.506894685756379e-08
-3.506894685756379e-08
-3.506894685756379e-08
-2.094468116760254
-3.163403761163863e-08
-3.163403761163863e-08
-3.163403761163863e-08
6.129604816436768
3.932937886474974e-08
3.932937886474974e-08
3.932937886474974e-08
9.140331268310547
8.810022222860425e-08
8.810022222860425e-08
8.810022222860425e-08
7.440389633178711
4.0944307500012656e-08
4.0944307500012656e-08
4.0944307500012656e-08
-2.094468116760254
7.466515228315984e-08
7.466515228315984e-08
7.466515228315984e-08
-9.697574615478516
3.494466938036567e-08
3.494466938036567e-08
3.494466938036567e-08
-12.097879409790039
6.90059209773608e-08
6.90059209773608e-08
6.90059209773608e-08
-16.456134796142578
2.032103907367855e-08
2.032103907367855e-08
2.032103907367855e-08
-19.684734344482422
4.1181607457474456e-08
4.1181607457474456e-08
4.1181607457474456e-08
-13.042759895324707
-3.506894685756379e-08
-3.506894685756379e-08
-3.506894685756379e-08
-3.4030959606170654
-3.163403761163863e-08
-3.163403761163863e-08
-3.163403761163863e-08
5.785238265991211
3.932937886474974e-08
3.932937886474974e-08
3.932937886474974e-08
-8.183663368225098
8.810022222860425e-08
8.810022222860425e-08
8.810022222860425e-08
-7.535557270050049
4.0944307500012656e-08
4.0944307500012656e-08
4.0944307500012656e-08
5.349188327789307
7.466515228315984e-08
7.466515228315984e-08
7.466515228315984e-08
11.605724334716797
3.494466938036567e-08
3.494466938036567e-08
3.494466938036567e-08
6.755382061004639
6.90059209773608e-08
6.90059209773608e-08
6.90059209773608e-08
2.934323310852051
2.032103907367855e-08
2.032103907367855e-08
2.032103907367855e-08
3.8775548934936523
4.1181607457474456e-08
4.1181607457474456e-08
4.1181607457474456e-08
5.855631351470947
-3.506894685756379e-08
-3.506894685756379e-08
-3.506894685756379e-08
12.429218292236328
-3.163403761163863e-08
-3.163403761163863e-08
-3.163403761163863e-08
3.8775548934936523
3.932937886474974e-08
3.932937886474974e-08
3.932937886474974e-08
5.855631351470947
8.810022222860425e-08
8.810022222860425e-08
8.810022222860425e-08
12.429218292236328
4.0944307500012656e-08
4.0944307500012656e-08
4.0944307500012656e-08
24.67947006225586
7.466515228315984e-08
7.466515228315984e-08
7.466515228315984e-08
30.966283798217773
3.494466938036567e-08
3.494466938036567e-08
3.494466938036567e-08
19.217164993286133
6.90059209773608e-08
6.90059209773608e-08
6.90059209773608e-08
-6.063313007354736
2.032103907367855e-08
2.032103907367855e-08
2.032103907367855e-08
-23.757883071899414
4.1181607457474456e-08
4.1181607457474456e-08
4.1181607457474456e-08
-20.33348846435547
-3.506894685756379e-08
-3.506894685756379e-08
-3.506894685756379e-08
-7.108650207519531
-3.163403761163863e-08
-3.163403761163863e-08
-3.163403761163863e-08
-20.33348846435547
3.932937886474974e-08
3.932937886474974e-08
3.932937886474974e-08
-7.108650207519531
8.810022222860425e-08
8.810022222860425e-08
8.810022222860425e-08
-0.5654045343399048
4.0944307500012656e-08
4.0944307500012656e-08
4.0944307500012656e-08
0.09847849607467651
7.466515228315984e-08
7.466515228315984e-08
7.466515228315984e-08
2.086559534072876
3.494466938036567e-08
3.494466938036567e-08
3.494466938036567e-08
5.383906841278076
6.90059209773608e-08
6.90059209773608e-08
6.90059209773608e-08
8.265822410583496
2.032103907367855e-08
2.032103907367855e-08
2.032103907367855e-08
9.218138694763184
4.1181607457474456e-08
4.1181607457474456e-08
4.1181607457474456e-08
4.219778537750244
-3.506894685756379e-08
-3.506894685756379e-08
-3.506894685756379e-08
-5.751497745513916
-3.163403761163863e-08
-3.163403761163863e-08
-3.163403761163863e-08
-12.524669647216797
3.932937886474974e-08
3.932937886474974e-08
3.932937886474974e-08
-9.286271095275879
8.810022222860425e-08
8.810022222860425e-08
8.810022222860425e-08
8.556218147277832
4.0944307500012656e-08
4.0944307500012656e-08
4.0944307500012656e-08
24.830739974975586
7.466515228315984e-08
7.466515228315984e-08
7.466515228315984e-08
22.710861206054688
3.494466938036567e-08
3.494466938036567e-08
3.494466938036567e-08
7.700022220611572
6.90059209773608e-08
6.90059209773608e-08
6.90059209773608e-08
-11.784751892089844
2.032103907367855e-08
2.032103907367855e-08
2.032103907367855e-08
-28.385639190673828
4.1181607457474456e-08
4.1181607457474456e-08
4.1181607457474456e-08
-31.02130889892578
-3.506894685756379e-08
-3.506894685756379e-08
-3.506894685756379e-08
-21.23596954345703
-3.163403761163863e-08
-3.163403761163863e-08
-3.163403761163863e-08
-22.882797241210938
3.932937886474974e-08
3.932937886474974e-08
3.932937886474974e-08
-10.018138885498047
8.810022222860425e-08
8.810022222860425e-08
8.810022222860425e-08
12.260111808776855
4.0944307500012656e-08
4.0944307500012656e-08
4.0944307500012656e-08
27.944015502929688
7.466515228315984e-08
7.466515228315984e-08
7.466515228315984e-08
21.675432205200195
3.494466938036567e-08
3.494466938036567e-08
3.494466938036567e-08
0.16011667251586914
6.90059209773608e-08
6.90059209773608e-08
6.90059209773608e-08
-13.585662841796875
2.032103907367855e-08
2.032103907367855e-08
2.032103907367855e-08
-9.118413925170898
4.1181607457474456e-08
4.1181607457474456e-08
4.1181607457474456e-08
-0.2745552957057953
-3.506894685756379e-08
-3.506894685756379e-08
-3.506894685756379e-08
-2.0403404235839844
-3.163403761163863e-08
-3.163403761163863e-08
-3.163403761163863e-08
-13.585662841796875
3.932937886474974e-08
3.932937886474974e-08
3.932937886474974e-08
-9.118413925170898
8.810022222860425e-08
8.810022222860425e-08
8.810022222860425e-08
-0.2745552957057953
4.0944307500012656e-08
4.0944307500012656e-08
4.0944307500012656e-08
-2.0403404235839844
7.466515228315984e-08
7.466515228315984e-08
7.466515228315984e-08
-9.656598091125488
3.494466938036567e-08
3.494466938036567e-08
3.494466938036567e-08
-11.6477632522583
6.90059209773608e-08
6.90059209773608e-08
6.90059209773608e-08
-11.237356185913086
2.032103907367855e-08
2.032103907367855e-08
2.032103907367855e-08
-14.638824462890625
4.1181607457474456e-08
4.1181607457474456e-08
4.1181607457474456e-08
-9.370650291442871
-3.506894685756379e-08
-3.506894685756379e-08
-3.506894685756379e-08
11.144092559814453
-3.163403761163863e-08
-3.163403761163863e-08
-3.163403761163863e-08
22.27205467224121
3.932937886474974e-08
3.932937886474974e-08
3.932937886474974e-08
7.629989147186279
8.810022222860425e-08
8.810022222860425e-08
8.810022222860425e-08
-11.24824047088623
4.0944307500012656e-08
4.0944307500012656e-08
4.0944307500012656e-08
-13.43639850616455
7.466515228315984e-08
7.466515228315984e-08
7.466515228315984e-08
-7.132236480712891
3.494466938036567e-08
3.494466938036567e-08
3.494466938036567e-08
-6.463399887084961
6.90059209773608e-08
6.90059209773608e-08
6.90059209773608e-08
-12.240703582763672
2.032103907367855e-08
2.032103907367855e-08
2.032103907367855e-08
-18.450973510742188
4.1181607457474456e-08
4.1181607457474456e-08
4.1181607457474456e-08
-19.24895668029785
-3.506894685756379e-08
-3.506894685756379e-08
-3.506894685756379e-08
-13.49437427520752
-3.163403761163863e-08
-3.163403761163863e-08
-3.163403761163863e-08
-5.320859432220459
3.932937886474974e-08
3.932937886474974e-08
3.932937886474974e-08
3.891402006149292
8.810022222860425e-08
8.810022222860425e-08
8.810022222860425e-08
14.37803840637207
4.0944307500012656e-08
4.0944307500012656e-08
4.0944307500012656e-08
18.00839614868164
7.466515228315984e-08
7.466515228315984e-08
7.466515228315984e-08
4.386802673339844
3.494466938036567e-08
3.494466938036567e-08
3.494466938036567e-08
-20.952884674072266
6.90059209773608e-08
6.90059209773608e-08
6.90059209773608e-08
-35.90532684326172
2.032103907367855e-08
2.032103907367855e-08
2.032103907367855e-08
-27.33673667907715
4.1181607457474456e-08
4.1181607457474456e-08
4.1181607457474456e-08
-10.776516914367676
-3.506894685756379e-08
-3.506894685756379e-08
-3.506894685756379e-08
-10.128291130065918
-3.163403761163863e-08
-3.163403761163863e-08
-3.163403761163863e-08
-23.714794158935547
3.932937886474974e-08
3.932937886474974e-08
3.932937886474974e-08
-29.67930793762207
8.810022222860425e-08
8.810022222860425e-08
8.810022222860425e-08
-20.346784591674805
4.0944307500012656e-08
4.0944307500012656e-08
4.0944307500012656e-08
-7.447972297668457
7.466515228315984e-08
7.466515228315984e-08
7.466515228315984e-08
1.333193063735962
3.494466938036567e-08
3.494466938036567e-08
3.494466938036567e-08
4.168707847595215
6.90059209773608e-08
6.90059209773608e-08
6.90059209773608e-08
0.9052119851112366
2.032103907367855e-08
2.032103907367855e-08
2.032103907367855e-08
1.2534704208374023
4.1181607457474456e-08
4.1181607457474456e-08
4.1181607457474456e-08
6.482759952545166
-3.506894685756379e-08
-3.506894685756379e-08
-3.506894685756379e-08
0.34283068776130676
-3.163403761163863e-08
-3.163403761163863e-08
-3.163403761163863e-08
-22.02080726623535
3.932937886474974e-08
3.932937886474974e-08
3.932937886474974e-08
-15.23095989227295
8.810022222860425e-08
8.810022222860425e-08
8.810022222860425e-08
-11.234465599060059
4.0944307500012656e-08
4.0944307500012656e-08
4.0944307500012656e-08
-7.805346965789795
7.466515228315984e-08
7.466515228315984e-08
7.466515228315984e-08
10.455273628234863
3.494466938036567e-08
3.494466938036567e-08
3.494466938036567e-08
31.968156814575195
6.90059209773608e-08
6.90059209773608e-08
6.90059209773608e-08
29.87389373779297
2.032103907367855e-08
2.032103907367855e-08
2.032103907367855e-08
11.715688705444336
4.1181607457474456e-08
4.1181607457474456e-08
4.1181607457474456e-08
2.550053834915161
-3.506894685756379e-08
-3.506894685756379e-08
-3.506894685756379e-08
-0.6601753234863281
-3.163403761163863e-08
-3.163403761163863e-08
-3.163403761163863e-08
10.783864974975586
3.932937886474974e-08
3.932937886474974e-08
3.932937886474974e-08
14.501568794250488
8.810022222860425e-08
8.810022222860425e-08
8.810022222860425e-08
15.297542572021484
4.0944307500012656e-08
4.0944307500012656e-08
4.0944307500012656e-08
12.965426445007324
7.466515228315984e-08
7.466515228315984e-08
7.466515228315984e-08
7.235825061798096
3.494466938036567e-08
3.494466938036567e-08
3.494466938036567e-08
-0.12443102151155472
6.90059209773608e-08
6.90059209773608e-08
6.90059209773608e-08
-6.613318920135498
2.032103907367855e-08
2.032103907367855e-08
2.032103907367855e-08
-5.629148960113525
4.1181607457474456e-08
4.1181607457474456e-08
4.1181607457474456e-08
2.5456907749176025
-3.506894685756379e-08
-3.506894685756379e-08
-3.506894685756379e-08
4.263550758361816
-3.163403761163863e-08
-3.163403761163863e-08
-3.163403761163863e-08
-6.613318920135498
3.932937886474974e-08
3.932937886474974e-08
3.932937886474974e-08
-5.629148960113525
8.810022222860425e-08
8.810022222860425e-08
8.810022222860425e-08
2.5456907749176025
4.0944307500012656e-08
4.0944307500012656e-08
4.0944307500012656e-08
4.263550758361816
7.466515228315984e-08
7.466515228315984e-08
7.466515228315984e-08
-0.40804949402809143
3.494466938036567e-08
3.494466938036567e-08
3.494466938036567e-08
3.6124157905578613
6.90059209773608e-08
6.90059209773608e-08
6.90059209773608e-08
9.078299522399902
2.032103907367855e-08
2.032103907367855e-08
2.032103907367855e-08
2.9990456104278564
4.1181607457474456e-08
4.1181607457474456e-08
4.1181607457474456e-08
1.0400837659835815
-3.506894685756379e-08
-3.506894685756379e-08
-3.506894685756379e-08
10.355128288269043
-3.163403761163863e-08
-3.163403761163863e-08
-3.163403761163863e-08
-5.149778842926025
3.932937886474974e-08
3.932937886474974e-08
3.932937886474974e-08
-7.669384479522705
8.810022222860425e-08
8.810022222860425e-08
8.810022222860425e-08
4.161733150482178
4.0944307500012656e-08
4.0944307500012656e-08
4.0944307500012656e-08
13.115973472595215
7.466515228315984e-08
7.466515228315984e-08
7.466515228315984e-08
18.20159149169922
3.494466938036567e-08
3.494466938036567e-08
3.494466938036567e-08
24.12824821472168
6.90059209773608e-08
6.90059209773608e-08
6.90059209773608e-08
25.440168380737305
2.032103907367855e-08
2.032103907367855e-08
2.032103907367855e-08
23.34914207458496
4.1181607457474456e-08
4.1181607457474456e-08
4.1181607457474456e-08
22.936351776123047
-3.506894685756379e-08
-3.506894685756379e-08
-3.506894685756379e-08
18.7918758392334
-3.163403761163863e-08
-3.163403761163863e-08
-3.163403761163863e-08
23.4801025390625
3.932937886474974e-08
3.932937886474974e-08
3.932937886474974e-08
14.03016471862793
8.810022222860425e-08
8.810022222860425e-08
8.810022222860425e-08
-5.111867904663086
4.0944307500012656e-08
4.0944307500012656e-08
4.0944307500012656e-08
-21.652416229248047
7.466515228315984e-08
7.466515228315984e-08
7.466515228315984e-08
-16.480134963989258
3.494466938036567e-08
3.494466938036567e-08
3.494466938036567e-08
3.6348118782043457
6.90059209773608e-08
6.90059209773608e-08
6.90059209773608e-08
12.13640022277832
2.032103907367855e-08
2.032103907367855e-08
2.032103907367855e-08
3.7778537273406982
4.1181607457474456e-08
4.1181607457474456e-08
4.1181607457474456e-08
-7.204503059387207
-3.506894685756379e-08
-3.506894685756379e-08
-3.506894685756379e-08
-16.69065284729004
-3.163403761163863e-08
-3.163403761163863e-08
-3.163403761163863e-08
3.6348118782043457
3.932937886474974e-08
3.932937886474974e-08
3.932937886474974e-08
12.13640022277832
8.810022222860425e-08
8.810022222860425e-08
8.810022222860425e-08
3.777853488922119
4.0944307500012656e-08
4.0944307500012656e-08
4.0944307500012656e-08
-7.204503059387207
7.466515228315984e-08
7.466515228315984e-08
7.466515228315984e-08
-16.69065284729004
3.494466938036567e-08
3.494466938036567e-08
3.494466938036567e-08
-24.271228790283203
6.90059209773608e-08
6.90059209773608e-08
6.90059209773608e-08
-22.622814178466797
2.032103907367855e-08
2.032103907367855e-08
2.032103907367855e-08
-15.771787643432617
4.1181607457474456e-08
4.1181607457474456e-08
4.1181607457474456e-08
-16.605627059936523
-3.506894685756379e-08
-3.506894685756379e-08
-3.506894685756379e-08
-19.06866455078125
-3.163403761163863e-08
-3.163403761163863e-08
-3.163403761163863e-08
40.676795959472656
3.932937886474974e-08
3.932937886474974e-08
3.932937886474974e-08
33.05368423461914
8.810022222860425e-08
8.810022222860425e-08
8.810022222860425e-08
16.765914916992188
4.0944307500012656e-08
4.0944307500012656e-08
4.0944307500012656e-08
-0.4277161955833435
7.466515228315984e-08
7.466515228315984e-08
7.466515228315984e-08
-3.999460458755493
3.494466938036567e-08
3.494466938036567e-08
3.494466938036567e-08
-0.20999987423419952
6.90059209773608e-08
6.90059209773608e-08
6.90059209773608e-08
-3.4051878452301025
2.032103907367855e-08
2.032103907367855e-08
2.032103907367855e-08
-9.491552352905273
4.1181607457474456e-08
4.1181607457474456e-08
4.1181607457474456e-08
-5.266460418701172
-3.506894685756379e-08
-3.506894685756379e-08
-3.506894685756379e-08
9.675773620605469
-3.163403761163863e-08
-3.163403761163863e-08
-3.163403761163863e-08
-0.2099999189376831
3.932937886474974e-08
3.932937886474974e-08
3.932937886474974e-08
-3.4051878452301025
8.810022222860425e-08
8.810022222860425e-08
8.810022222860425e-08
-9.491552352905273
4.0944307500012656e-08
4.0944307500012656e-08
4.0944307500012656e-08
-5.266460418701172
7.466515228315984e-08
7.466515228315984e-08
7.466515228315984e-08
9.675773620605469
3.494466938036567e-08
3.494466938036567e-08
3.494466938036567e-08
22.9611759185791
6.90059209773608e-08
6.90059209773608e-08
6.90059209773608e-08
29.033424377441406
2.032103907367855e-08
2.032103907367855e-08
2.032103907367855e-08
29.83351707458496
4.1181607457474456e-08
4.1181607457474456e-08
4.1181607457474456e-08
21.677654266357422
-3.506894685756379e-08
-3.506894685756379e-08
-3.506894685756379e-08
4.994004726409912
-3.163403761163863e-08
-3.163403761163863e-08
-3.163403761163863e-08
-8.620807647705078
3.932937886474974e-08
3.932937886474974e-08
3.932937886474974e-08
-12.210411071777344
8.810022222860425e-08
8.810022222860425e-08
8.810022222860425e-08
-8.896261215209961
4.0944307500012656e-08
4.0944307500012656e-08
4.0944307500012656e-08
-3.0312399864196777
7.466515228315984e-08
7.466515228315984e-08
7.466515228315984e-08
-0.9403921961784363
3.494466938036567e-08
3.494466938036567e-08
3.494466938036567e-08
-6.864175319671631
6.90059209773608e-08
6.90059209773608e-08
6.90059209773608e-08
-10.482589721679688
2.032103907367855e-08
2.032103907367855e-08
2.032103907367855e-08
-0.17112895846366882
4.1181607457474456e-08
4.1181607457474456e-08
4.1181607457474456e-08
15.24449634552002
-3.506894685756379e-08
-3.506894685756379e-08
-3.506894685756379e-08
17.240894317626953
-3.163403761163863e-08
-3.163403761163863e-08
-3.163403761163863e-08
5.939792156219482
3.932937886474974e-08
3.932937886474974e-08
3.932937886474974e-08
4.710134983062744
8.810022222860425e-08
8.810022222860425e-08
8.810022222860425e-08
-9.170808792114258
4.0944307500012656e-08
4.0944307500012656e-08
4.0944307500012656e-08
-19.184419631958008
7.466515228315984e-08
7.466515228315984e-08
7.466515228315984e-08
-13.063593864440918
3.494466938036567e-08
3.494466938036567e-08
3.494466938036567e-08
0.8401793241500854
6.90059209773608e-08
6.90059209773608e-08
6.90059209773608e-08
