0
-4.649074077606201
1.999999987845058e-08
1.999999987845058e-08
1.999999987845058e-08
5.341213226318359
-1.999999987845058e-08
-1.999999987845058e-08
-1.999999987845058e-08
12.262947082519531
1.999999987845058e-08
1.999999987845058e-08
1.999999987845058e-08
14.092080116271973
-1.999999987845058e-08
-1.999999987845058e-08
-1.999999987845058e-08
10.911317825317383
1.999999987845058e-08
1.999999987845058e-08
1.999999987845058e-08
4.81843376159668
-1.999999987845058e-08
-1.999999987845058e-08
-1.999999987845058e-08
0.4132530391216278
1.999999987845058e-08
1.999999987845058e-08
1.999999987845058e-08
0.4407711625099182
-1.999999987845058e-08
-1.999999987845058e-08
-1.999999987845058e-08
3.1684086322784424
1.999999987845058e-08
1.999999987845058e-08
1.999999987845058e-08
0.4407711625099182
-1.999999987845058e-08
-1.999999987845058e-08
-1.999999987845058e-08
3.1684086322784424
1.999999987845058e-08
1.999999987845058e-08
1.999999987845058e-08
5.598642826080322
-1.999999987845058e-08
-1.999999987845058e-08
-1.999999987845058e-08
7.600604057312012
1.999999987845058e-08
1.999999987845058e-08
1.999999987845058e-08
11.567636489868164
-1.999999987845058e-08
-1.999999987845058e-08
-1.999999987845058e-08
16.78968620300293
1.999999987845058e-08
1.999999987845058e-08
1.999999987845058e-08
15.939400672912598
-1.999999987845058e-08
-1.999999987845058e-08
-1.999999987845058e-08
4.131753444671631
1.999999987845058e-08
1.999999987845058e-08
1.999999987845058e-08
-10.631903648376465
-1.999999987845058e-08
-1.999999987845058e-08
-1.999999987845058e-08
-18.633865356445312
1.999999987845058e-08
1.999999987845058e-08
1.999999987845058e-08
-22.769432067871094
-1.999999987845058e-08
-1.999999987845058e-08
-1.999999987845058e-08
-27.962852478027344
1.999999987845058e-08
1.999999987845058e-08
1.999999987845058e-08
-30.45905303955078
-1.999999987845058e-08
-1.999999987845058e-08
-1.999999987845058e-08
-28.799312591552734
1.999999987845058e-08
1.999999987845058e-08
1.999999987845058e-08
-29.396713256835938
-1.999999987845058e-08
-1.999999987845058e-08
-1.999999987845058e-08
-33.18985366821289
1.999999987845058e-08
1.999999987845058e-08
1.999999987845058e-08
-30.841602325439453
-1.999999987845058e-08
-1.999999987845058e-08
-1.999999987845058e-08
-17.955549240112305
1.999999987845058e-08
1.999999987845058e-08
1.999999987845058e-08
-2.9780068397521973
-1.999999987845058e-08
-1.999999987845058e-08
-1.999999987845058e-08
6.353542804718018
1.999999987845058e-08
1.999999987845058e-08
1.999999987845058e-08
20.698043823242188
-1.999999987845058e-08
-1.999999987845058e-08
-1.999999987845058e-08
26.725788116455078
1.999999987845058e-08
1.999999987845058e-08
1.999999987845058e-08
27.664247512817383
-1.999999987845058e-08
-1.999999987845058e-08
-1.999999987845058e-08
22.1523380279541
1.999999987845058e-08
1.999999987845058e-08
1.999999987845058e-08
7.8081955909729
-1.999999987845058e-08
-1.999999987845058e-08
-1.999999987845058e-08
-10.369285583496094
1.999999987845058e-08
1.999999987845058e-08
1.999999987845058e-08
-17.071996688842773
-1.999999987845058e-08
-1.999999987845058e-08
-1.999999987845058e-08
-7.478179931640625
1.999999987845058e-08
1.999999987845058e-08
1.999999987845058e-08
3.287825584411621
-1.999999987845058e-08
-1.999999987845058e-08
-1.999999987845058e-08
3.208085775375366
1.999999987845058e-08
1.999999987845058e-08
1.999999987845058e-08
-2.7746169567108154
-1.999999987845058e-08
-1.999999987845058e-08
-1.999999987845058e-08
8.380314826965332
1.999999987845058e-08
1.999999987845058e-08
1.999999987845058e-08
20.14930534362793
-1.999999987845058e-08
-1.999999987845058e-08
-1.999999987845058e-08
20.576269149780273
1.999999987845058e-08
1.999999987845058e-08
1.999999987845058e-08
9.356549263000488
-1.999999987845058e-08
-1.999999987845058e-08
-1.999999987845058e-08
-0.4076027572154999
1.999999987845058e-08
1.999999987845058e-08
1.999999987845058e-08
-0.17137858271598816
-1.999999987845058e-08
-1.999999987845058e-08
-1.999999987845058e-08
5.137701511383057
1.999999987845058e-08
1.999999987845058e-08
1.999999987845058e-08
7.726378440856934
-1.999999987845058e-08
-1.999999987845058e-08
-1.999999987845058e-08
7.184210777282715
1.999999987845058e-08
1.999999987845058e-08
1.999999987845058e-08
7.726378440856934
-1.999999987845058e-08
-1.999999987845058e-08
-1.999999987845058e-08
7.184210777282715
1.999999987845058e-08
1.999999987845058e-08
1.999999987845058e-08
7.674283027648926
-1.999999987845058e-08
-1.999999987845058e-08
-1.999999987845058e-08
11.21615982055664
1.999999987845058e-08
1.999999987845058e-08
1.999999987845058e-08
15.390726089477539
-1.999999987845058e-08
-1.999999987845058e-08
-1.999999987845058e-08
15.684529304504395
1.999999987845058e-08
1.999999987845058e-08
1.999999987845058e-08
9.942078590393066
-1.999999987845058e-08
-1.999999987845058e-08
-1.999999987845058e-08
-0.08408074080944061
1.999999987845058e-08
1.999999987845058e-08
1.999999987845058e-08
-11.497983932495117
-1.999999987845058e-08
-1.999999987845058e-08
-1.999999987845058e-08
-21.357128143310547
1.999999987845058e-08
1.999999987845058e-08
1.999999987845058e-08
-16.88442039489746
-1.999999987845058e-08
-1.999999987845058e-08
-1.999999987845058e-08
-3.900240421295166
1.999999987845058e-08
1.999999987845058e-08
1.999999987845058e-08
2.189415693283081
-1.999999987845058e-08
-1.999999987845058e-08
-1.999999987845058e-08
-5.252889633178711
1.999999987845058e-08
1.999999987845058e-08
1.999999987845058e-08
-20.51715850830078
-1.999999987845058e-08
-1.999999987845058e-08
-1.999999987845058e-08
-31.16004180908203
1.999999987845058e-08
1.999999987845058e-08
1.999999987845058e-08
-27.32594108581543
-1.999999987845058e-08
-1.999999987845058e-08
-1.999999987845058e-08
-9.033205032348633
1.999999987845058e-08
1.999999987845058e-08
1.999999987845058e-08
13.360595703125
-1.999999987845058e-08
-1.999999987845058e-08
-1.999999987845058e-08
28.450578689575195
1.999999987845058e-08
1.999999987845058e-08
1.999999987845058e-08
30.18653106689453
-1.999999987845058e-08
-1.999999987845058e-08
-1.999999987845058e-08
17.517345428466797
1.999999987845058e-08
1.999999987845058e-08
1.999999987845058e-08
-1.711350440979004
-1.999999987845058e-08
-1.999999987845058e-08
-1.999999987845058e-08
-11.82650089263916
1.999999987845058e-08
1.999999987845058e-08
1.999999987845058e-08
-5.584691524505615
-1.999999987845058e-08
-1.999999987845058e-08
-1.999999987845058e-08
5.9799885749816895
1.999999987845058e-08
1.999999987845058e-08
1.999999987845058e-08
6.806692123413086
-1.999999987845058e-08
-1.999999987845058e-08
-1.999999987845058e-08
-6.103692054748535
1.999999987845058e-08
1.999999987845058e-08
1.999999987845058e-08
-20.282817840576172
-1.999999987845058e-08
-1.999999987845058e-08
-1.999999987845058e-08
-20.24372100830078
1.999999987845058e-08
1.999999987845058e-08
1.999999987845058e-08
17.804567337036133
-1.999999987845058e-08
-1.999999987845058e-08
-1.999999987845058e-08
10.030685424804688
1.999999987845058e-08
1.999999987845058e-08
1.999999987845058e-08
-0.17491580545902252
-1.999999987845058e-08
-1.999999987845058e-08
-1.999999987845058e-08
-5.881471633911133
1.999999987845058e-08
1.999999987845058e-08
1.999999987845058e-08
-5.971005439758301
-1.999999987845058e-08
-1.999999987845058e-08
-1.999999987845058e-08
-2.8587350845336914
1.999999987845058e-08
1.999999987845058e-08
1.999999987845058e-08
0.8108868598937988
-1.999999987845058e-08
-1.999999987845058e-08
-1.999999987845058e-08
3.3561806678771973
1.999999987845058e-08
1.999999987845058e-08
1.999999987845058e-08
3.525099277496338
-1.999999987845058e-08
-1.999999987845058e-08
-1.999999987845058e-08
0.7844501733779907
1.999999987845058e-08
1.999999987845058e-08
1.999999987845058e-08
3.3561806678771973
-1.999999987845058e-08
-1.999999987845058e-08
-1.999999987845058e-08
3.525099277496338
1.999999987845058e-08
1.999999987845058e-08
1.999999987845058e-08
0.784450113773346
-1.999999987845058e-08
-1.999999987845058e-08
-1.999999987845058e-08
-2.42952036857605
1.999999987845058e-08
1.999999987845058e-08
1.999999987845058e-08
-1.5295798778533936
-1.999999987845058e-08
-1.999999987845058e-08
-1.999999987845058e-08
2.9504356384277344
1.999999987845058e-08
1.999999987845058e-08
1.999999987845058e-08
4.9116058349609375
-1.999999987845058e-08
-1.999999987845058e-08
-1.999999987845058e-08
3.74169921875
1.999999987845058e-08
1.999999987845058e-08
1.999999987845058e-08
6.264018535614014
-1.999999987845058e-08
-1.999999987845058e-08
-1.999999987845058e-08
14.51913833618164
1.999999987845058e-08
1.999999987845058e-08
1.999999987845058e-08
-24.145978927612305
-1.999999987845058e-08
-1.999999987845058e-08
-1.999999987845058e-08
-19.95132827758789
1.999999987845058e-08
1.999999987845058e-08
1.999999987845058e-08
-7.70954704284668
-1.999999987845058e-08
-1.999999987845058e-08
-1.999999987845058e-08
-2.7096822261810303
1.999999987845058e-08
1.999999987845058e-08
1.999999987845058e-08
-5.866494655609131
-1.999999987845058e-08
-1.999999987845058e-08
-1.999999987845058e-08
-8.318536758422852
1.999999987845058e-08
1.999999987845058e-08
1.999999987845058e-08
-3.6083340644836426
-1.999999987845058e-08
-1.999999987845058e-08
-1.999999987845058e-08
8.007894515991211
1.999999987845058e-08
1.999999987845058e-08
1.999999987845058e-08
18.648195266723633
-1.999999987845058e-08
-1.999999987845058e-08
-1.999999987845058e-08
21.062124252319336
1.999999987845058e-08
1.999999987845058e-08
1.999999987845058e-08
8.007894515991211
-1.999999987845058e-08
-1.999999987845058e-08
-1.999999987845058e-08
18.648195266723633
1.999999987845058e-08
1.999999987845058e-08
1.999999987845058e-08
21.062124252319336
-1.999999987845058e-08
-1.999999987845058e-08
-1.999999987845058e-08
16.35704231262207
1.999999987845058e-08
1.999999987845058e-08
1.999999987845058e-08
7.560457229614258
-1.999999987845058e-08
-1.999999987845058e-08
-1.999999987845058e-08
-2.4442007541656494
1.999999987845058e-08
1.999999987845058e-08
1.999999987845058e-08
-7.524308681488037
-1.999999987845058e-08
-1.999999987845058e-08
-1.999999987845058e-08
-6.938778877258301
1.999999987845058e-08
1.999999987845058e-08
1.999999987845058e-08
-9.345076560974121
-1.999999987845058e-08
-1.999999987845058e-08
-1.999999987845058e-08
-18.571044921875
1.999999987845058e-08
1.999999987845058e-08
1.999999987845058e-08
-25.665138244628906
-1.999999987845058e-08
-1.999999987845058e-08
-1.999999987845058e-08
-21.9671688079834
1.999999987845058e-08
1.999999987845058e-08
1.999999987845058e-08
-11.038670539855957
-1.999999987845058e-08
-1.999999987845058e-08
-1.999999987845058e-08
-1.7922618389129639
1.999999987845058e-08
1.999999987845058e-08
1.999999987845058e-08
0.937932550907135
-1.999999987845058e-08
-1.999999987845058e-08
-1.999999987845058e-08
-3.590315103530884
1.999999987845058e-08
1.999999987845058e-08
1.999999987845058e-08
-10.750663757324219
-1.999999987845058e-08
-1.999999987845058e-08
-1.999999987845058e-08
-12.314443588256836
1.999999987845058e-08
1.999999987845058e-08
1.999999987845058e-08
-7.883866310119629
-1.999999987845058e-08
-1.999999987845058e-08
-1.999999987845058e-08
-4.637606620788574
1.999999987845058e-08
1.999999987845058e-08
1.999999987845058e-08
-4.637606620788574
-1.999999987845058e-08
-1.999999987845058e-08
-1.999999987845058e-08
-3.3220977783203125
1.999999987845058e-08
1.999999987845058e-08
1.999999987845058e-08
1.1075026988983154
-1.999999987845058e-08
-1.999999987845058e-08
-1.999999987845058e-08
8.180953979492188
1.999999987845058e-08
1.999999987845058e-08
1.999999987845058e-08
12.876358985900879
-1.999999987845058e-08
-1.999999987845058e-08
-1.999999987845058e-08
13.249507904052734
1.999999987845058e-08
1.999999987845058e-08
1.999999987845058e-08
10.920539855957031
-1.999999987845058e-08
-1.999999987845058e-08
-1.999999987845058e-08
6.043473243713379
1.999999987845058e-08
1.999999987845058e-08
1.999999987845058e-08
-2.6932928562164307
-1.999999987845058e-08
-1.999999987845058e-08
-1.999999987845058e-08
-12.283841133117676
1.999999987845058e-08
1.999999987845058e-08
1.999999987845058e-08
-16.943984985351562
-1.999999987845058e-08
-1.999999987845058e-08
-1.999999987845058e-08
-17.848928451538086
1.999999987845058e-08
1.999999987845058e-08
1.999999987845058e-08
-21.02924919128418
-1.999999987845058e-08
-1.999999987845058e-08
-1.999999987845058e-08
-20.983190536499023
1.999999987845058e-08
1.999999987845058e-08
1.999999987845058e-08
-3.918109178543091
-1.999999987845058e-08
-1.999999987845058e-08
-1.999999987845058e-08
25.3113956451416
1.999999987845058e-08
1.999999987845058e-08
1.999999987845058e-08
42.93717575073242
-1.999999987845058e-08
-1.999999987845058e-08
-1.999999987845058e-08
37.96241760253906
1.999999987845058e-08
1.999999987845058e-08
1.999999987845058e-08
22.134252548217773
-1.999999987845058e-08
-1.999999987845058e-08
-1.999999987845058e-08
9.39877700805664
1.999999987845058e-08
1.999999987845058e-08
1.999999987845058e-08
-3.095933675765991
-1.999999987845058e-08
-1.999999987845058e-08
-1.999999987845058e-08
-6.36875581741333
1.999999987845058e-08
1.999999987845058e-08
1.999999987845058e-08
-5.339221477508545
-1.999999987845058e-08
-1.999999987845058e-08
-1.999999987845058e-08
-3.1452739238739014
1.999999987845058e-08
1.999999987845058e-08
1.999999987845058e-08
-6.284285068511963
-1.999999987845058e-08
-1.999999987845058e-08
-1.999999987845058e-08
-12.046544075012207
1.999999987845058e-08
1.999999987845058e-08
1.999999987845058e-08
-9.339805603027344
-1.999999987845058e-08
-1.999999987845058e-08
-1.999999987845058e-08
4.511521816253662
1.999999987845058e-08
1.999999987845058e-08
1.999999987845058e-08
18.220245361328125
-1.999999987845058e-08
-1.999999987845058e-08
-1.999999987845058e-08
19.636005401611328
1.999999987845058e-08
1.999999987845058e-08
1.999999987845058e-08
-3.4135568141937256
-1.999999987845058e-08
-1.999999987845058e-08
-1.999999987845058e-08
-5.2697672843933105
1.999999987845058e-08
1.999999987845058e-08
1.999999987845058e-08
1.7239854335784912
-1.999999987845058e-08
-1.999999987845058e-08
-1.999999987845058e-08
6.051331043243408
1.999999987845058e-08
1.999999987845058e-08
1.999999987845058e-08
2.9109628200531006
-1.999999987845058e-08
-1.999999987845058e-08
-1.999999987845058e-08
-0.34502869844436646
1.999999987845058e-08
1.999999987845058e-08
1.999999987845058e-08
-0.0780656635761261
-1.999999987845058e-08
-1.999999987845058e-08
-1.999999987845058e-08
-1.705865502357483
1.999999987845058e-08
1.999999987845058e-08
1.999999987845058e-08
-4.471234321594238
-1.999999987845058e-08
-1.999999987845058e-08
-1.999999987845058e-08
0.3267492949962616
1.999999987845058e-08
1.999999987845058e-08
1.999999987845058e-08
11.662538528442383
-1.999999987845058e-08
-1.999999987845058e-08
-1.999999987845058e-08
16.255338668823242
1.999999987845058e-08
1.999999987845058e-08
1.999999987845058e-08
7.4733452796936035
-1.999999987845058e-08
-1.999999987845058e-08
-1.999999987845058e-08
-5.8066020011901855
1.999999987845058e-08
1.999999987845058e-08
1.999999987845058e-08
-10.884081840515137
-1.999999987845058e-08
-1.999999987845058e-08
-1.999999987845058e-08
-4.522381782531738
1.999999987845058e-08
1.999999987845058e-08
1.999999987845058e-08
4.232982158660889
-1.999999987845058e-08
-1.999999987845058e-08
-1.999999987845058e-08
5.724915981292725
1.999999987845058e-08
1.999999987845058e-08
1.999999987845058e-08
2.9808247089385986
-1.999999987845058e-08
-1.999999987845058e-08
-1.999999987845058e-08
2.7060420513153076
1.999999987845058e-08
1.999999987845058e-08
1.999999987845058e-08
-1.0761113166809082
-1.999999987845058e-08
-1.999999987845058e-08
-1.999999987845058e-08
-5.229742527008057
1.999999987845058e-08
1.999999987845058e-08
1.999999987845058e-08
-5.817869186401367
-1.999999987845058e-08
-1.999999987845058e-08
-1.999999987845058e-08
-4.587200164794922
1.999999987845058e-08
1.999999987845058e-08
1.999999987845058e-08
-9.307355880737305
-1.999999987845058e-08
-1.999999987845058e-08
-1.999999987845058e-08
-22.203615188598633
1.999999987845058e-08
1.999999987845058e-08
1.999999987845058e-08
-32.85213088989258
-1.999999987845058e-08
-1.999999987845058e-08
-1.999999987845058e-08
-31.433929443359375
1.999999987845058e-08
1.999999987845058e-08
1.999999987845058e-08
-20.234163284301758
-1.999999987845058e-08
-1.999999987845058e-08
-1.999999987845058e-08
-5.740617275238037
1.999999987845058e-08
1.999999987845058e-08
1.999999987845058e-08
-5.740617275238037
-1.999999987845058e-08
-1.999999987845058e-08
-1.999999987845058e-08
7.019984722137451
1.999999987845058e-08
1.999999987845058e-08
1.999999987845058e-08
11.035614967346191
-1.999999987845058e-08
-1.999999987845058e-08
-1.999999987845058e-08
5.569116592407227
1.999999987845058e-08
1.999999987845058e-08
1.999999987845058e-08
3.555725336074829
-1.999999987845058e-08
-1.999999987845058e-08
-1.999999987845058e-08
14.055380821228027
1.999999987845058e-08
1.999999987845058e-08
1.999999987845058e-08
28.204280853271484
-1.999999987845058e-08
-1.999999987845058e-08
-1.999999987845058e-08
33.90402603149414
1.999999987845058e-08
1.999999987845058e-08
1.999999987845058e-08
29.459020614624023
-1.999999987845058e-08
-1.999999987845058e-08
-1.999999987845058e-08
19.64705467224121
1.999999987845058e-08
1.999999987845058e-08
1.999999987845058e-08
11.366508483886719
-1.999999987845058e-08
-1.999999987845058e-08
-1.999999987845058e-08
10.397849082946777
1.999999987845058e-08
1.999999987845058e-08
1.999999987845058e-08
14.824090957641602
-1.999999987845058e-08
-1.999999987845058e-08
-1.999999987845058e-08
15.51435375213623
1.999999987845058e-08
1.999999987845058e-08
1.999999987845058e-08
6.525259017944336
-1.999999987845058e-08
-1.999999987845058e-08
-1.999999987845058e-08
-6.094723701477051
1.999999987845058e-08
1.999999987845058e-08
1.999999987845058e-08
-7.93513822555542
-1.999999987845058e-08
-1.999999987845058e-08
-1.999999987845058e-08
7.552654266357422
1.999999987845058e-08
1.999999987845058e-08
1.999999987845058e-08
29.834749221801758
-1.999999987845058e-08
-1.999999987845058e-08
-1.999999987845058e-08
41.36354446411133
1.999999987845058e-08
1.999999987845058e-08
1.999999987845058e-08
31.21717643737793
-1.999999987845058e-08
-1.999999987845058e-08
-1.999999987845058e-08
4.331216335296631
1.999999987845058e-08
1.999999987845058e-08
1.999999987845058e-08
-16.487613677978516
-1.999999987845058e-08
-1.999999987845058e-08
-1.999999987845058e-08
-11.619990348815918
1.999999987845058e-08
1.999999987845058e-08
1.999999987845058e-08
9.701756477355957
-1.999999987845058e-08
-1.999999987845058e-08
-1.999999987845058e-08
21.904436111450195
1.999999987845058e-08
1.999999987845058e-08
1.999999987845058e-08
15.861818313598633
-1.999999987845058e-08
-1.999999987845058e-08
-1.999999987845058e-08
3.769237518310547
1.999999987845058e-08
1.999999987845058e-08
1.999999987845058e-08
-0.3932082951068878
-1.999999987845058e-08
-1.999999987845058e-08
-1.999999987845058e-08
4.713849067687988
1.999999987845058e-08
1.999999987845058e-08
1.999999987845058e-08
11.020963668823242
-1.999999987845058e-08
-1.999999987845058e-08
-1.999999987845058e-08
11.918068885803223
1.999999987845058e-08
1.999999987845058e-08
1.999999987845058e-08
5.6993794441223145
-1.999999987845058e-08
-1.999999987845058e-08
-1.999999987845058e-08
-4.194617748260498
1.999999987845058e-08
1.999999987845058e-08
1.999999987845058e-08
-8.890666007995605
-1.999999987845058e-08
-1.999999987845058e-08
-1.999999987845058e-08
-2.334988832473755
1.999999987845058e-08
1.999999987845058e-08
1.999999987845058e-08
8.51652717590332
-1.999999987845058e-08
-1.999999987845058e-08
-1.999999987845058e-08
11.56400203704834
1.999999987845058e-08
1.999999987845058e-08
1.999999987845058e-08
8.487384796142578
-1.999999987845058e-08
-1.999999987845058e-08
-1.999999987845058e-08
9.650875091552734
1.999999987845058e-08
1.999999987845058e-08
1.999999987845058e-08
19.676448822021484
-1.999999987845058e-08
-1.999999987845058e-08
-1.999999987845058e-08
19.960420608520508
1.999999987845058e-08
1.999999987845058e-08
1.999999987845058e-08
10.37804126739502
-1.999999987845058e-08
-1.999999987845058e-08
-1.999999987845058e-08
-5.616391181945801
1.999999987845058e-08
1.999999987845058e-08
1.999999987845058e-08
-11.276771545410156
-1.999999987845058e-08
-1.999999987845058e-08
-1.999999987845058e-08
-1.1144815683364868
1.999999987845058e-08
1.999999987845058e-08
1.999999987845058e-08
9.490235328674316
-1.999999987845058e-08
-1.999999987845058e-08
-1.999999987845058e-08
6.180224418640137
1.999999987845058e-08
1.999999987845058e-08
1.999999987845058e-08
-6.963486671447754
-1.999999987845058e-08
-1.999999987845058e-08
-1.999999987845058e-08
-13.787359237670898
1.999999987845058e-08
1.999999987845058e-08
1.999999987845058e-08
6.180224418640137
-1.999999987845058e-08
-1.999999987845058e-08
-1.999999987845058e-08
-6.963486671447754
1.999999987845058e-08
1.999999987845058e-08
1.999999987845058e-08
-13.787359237670898
-1.999999987845058e-08
-1.999999987845058e-08
-1.999999987845058e-08
-6.964534759521484
1.999999987845058e-08
1.999999987845058e-08
1.999999987845058e-08
3.439624071121216
-1.999999987845058e-08
-1.999999987845058e-08
-1.999999987845058e-08
7.198902606964111
1.999999987845058e-08
1.999999987845058e-08
1.999999987845058e-08
4.525637626647949
-1.999999987845058e-08
-1.999999987845058e-08
-1.999999987845058e-08
-3.09250807762146
1.999999987845058e-08
1.999999987845058e-08
1.999999987845058e-08
-11.432693481445312
-1.999999987845058e-08
-1.999999987845058e-08
-1.999999987845058e-08
-10.42744255065918
1.999999987845058e-08
1.999999987845058e-08
1.999999987845058e-08
-2.8057003021240234
-1.999999987845058e-08
-1.999999987845058e-08
-1.999999987845058e-08
-16.310928344726562
1.999999987845058e-08
1.999999987845058e-08
1.999999987845058e-08
-22.649045944213867
-1.999999987845058e-08
-1.999999987845058e-08
-1.999999987845058e-08
-8.485376358032227
1.999999987845058e-08
1.999999987845058e-08
1.999999987845058e-08
11.841142654418945
-1.999999987845058e-08
-1.999999987845058e-08
-1.999999987845058e-08
17.05222511291504
1.999999987845058e-08
1.999999987845058e-08
1.999999987845058e-08
6.980574131011963
-1.999999987845058e-08
-1.999999987845058e-08
-1.999999987845058e-08
-3.896939992904663
1.999999987845058e-08
1.999999987845058e-08
1.999999987845058e-08
-8.798871994018555
-1.999999987845058e-08
-1.999999987845058e-08
-1.999999987845058e-08
-9.764543533325195
1.999999987845058e-08
1.999999987845058e-08
1.999999987845058e-08
-5.656572341918945
-1.999999987845058e-08
-1.999999987845058e-08
-1.999999987845058e-08
-12.926671028137207
1.999999987845058e-08
1.999999987845058e-08
1.999999987845058e-08
-23.65060043334961
-1.999999987845058e-08
-1.999999987845058e-08
-1.999999987845058e-08
-21.106021881103516
1.999999987845058e-08
1.999999987845058e-08
1.999999987845058e-08
-5.488492012023926
-1.999999987845058e-08
-1.999999987845058e-08
-1.999999987845058e-08
6.917002201080322
1.999999987845058e-08
1.999999987845058e-08
1.999999987845058e-08
7.694143295288086
-1.999999987845058e-08
-1.999999987845058e-08
-1.999999987845058e-08
-0.8862658739089966
1.999999987845058e-08
1.999999987845058e-08
1.999999987845058e-08
-12.591836929321289
-1.999999987845058e-08
-1.999999987845058e-08
-1.999999987845058e-08
-17.062894821166992
1.999999987845058e-08
1.999999987845058e-08
1.999999987845058e-08
-8.35127067565918
-1.999999987845058e-08
-1.999999987845058e-08
-1.999999987845058e-08
4.0159220695495605
1.999999987845058e-08
1.999999987845058e-08
1.999999987845058e-08
4.54495906829834
-1.999999987845058e-08
-1.999999987845058e-08
-1.999999987845058e-08
-6.871567249298096
1.999999987845058e-08
1.999999987845058e-08
1.999999987845058e-08
-13.553370475769043
-1.999999987845058e-08
-1.999999987845058e-08
-1.999999987845058e-08
-6.141695499420166
1.999999987845058e-08
1.999999987845058e-08
1.999999987845058e-08
2.6938133239746094
-1.999999987845058e-08
-1.999999987845058e-08
-1.999999987845058e-08
-1.6252027750015259
1.999999987845058e-08
1.999999987845058e-08
1.999999987845058e-08
-12.562475204467773
-1.999999987845058e-08
-1.999999987845058e-08
-1.999999987845058e-08
-15.810606956481934
1.999999987845058e-08
1.999999987845058e-08
1.999999987845058e-08
-12.066417694091797
-1.999999987845058e-08
-1.999999987845058e-08
-1.999999987845058e-08
-15.267539024353027
1.999999987845058e-08
1.999999987845058e-08
1.999999987845058e-08
-18.00135040283203
-1.999999987845058e-08
-1.999999987845058e-08
-1.999999987845058e-08
-17.915691375732422
1.999999987845058e-08
1.999999987845058e-08
1.999999987845058e-08
-14.192490577697754
-1.999999987845058e-08
-1.999999987845058e-08
-1.999999987845058e-08
-8.474035263061523
1.999999987845058e-08
1.999999987845058e-08
1.999999987845058e-08
-4.304523944854736
-1.999999987845058e-08
-1.999999987845058e-08
-1.999999987845058e-08
-3.857557773590088
1.999999987845058e-08
1.999999987845058e-08
1.999999987845058e-08
-5.739671230316162
-1.999999987845058e-08
-1.999999987845058e-08
-1.999999987845058e-08
-6.203526020050049
1.999999987845058e-08
1.999999987845058e-08
1.999999987845058e-08
-4.078580856323242
-1.999999987845058e-08
-1.999999987845058e-08
-1.999999987845058e-08
-1.6668791770935059
1.999999987845058e-08
1.999999987845058e-08
1.999999987845058e-08
-1.0366365909576416
-1.999999987845058e-08
-1.999999987845058e-08
-1.999999987845058e-08
-4.552028179168701
1.999999987845058e-08
1.999999987845058e-08
1.999999987845058e-08
-12.51913070678711
-1.999999987845058e-08
-1.999999987845058e-08
-1.999999987845058e-08
-16.32036781311035
1.999999987845058e-08
1.999999987845058e-08
1.999999987845058e-08
-7.6056294441223145
-1.999999987845058e-08
-1.999999987845058e-08
-1.999999987845058e-08
7.505858421325684
1.999999987845058e-08
1.999999987845058e-08
1.999999987845058e-08
15.670982360839844
-1.999999987845058e-08
-1.999999987845058e-08
-1.999999987845058e-08
9.28999137878418
1.999999987845058e-08
1.999999987845058e-08
1.999999987845058e-08
-25.116050720214844
-1.999999987845058e-08
-1.999999987845058e-08
-1.999999987845058e-08
-27.41825294494629
1.999999987845058e-08
1.999999987845058e-08
1.999999987845058e-08
-19.641958236694336
-1.999999987845058e-08
-1.999999987845058e-08
-1.999999987845058e-08
-13.454983711242676
1.999999987845058e-08
1.999999987845058e-08
1.999999987845058e-08
-12.008227348327637
-1.999999987845058e-08
-1.999999987845058e-08
-1.999999987845058e-08
-10.507115364074707
1.999999987845058e-08
1.999999987845058e-08
1.999999987845058e-08
-6.453336238861084
-1.999999987845058e-08
-1.999999987845058e-08
-1.999999987845058e-08
-2.7428104877471924
1.999999987845058e-08
1.999999987845058e-08
1.999999987845058e-08
-0.9961134195327759
-1.999999987845058e-08
-1.999999987845058e-08
-1.999999987845058e-08
0.9727888107299805
1.999999987845058e-08
1.999999987845058e-08
1.999999987845058e-08
-6.453335762023926
-1.999999987845058e-08
-1.999999987845058e-08
-1.999999987845058e-08
-2.7428104877471924
1.999999987845058e-08
1.999999987845058e-08
1.999999987845058e-08
-0.9961134195327759
-1.999999987845058e-08
-1.999999987845058e-08
-1.999999987845058e-08
0.9727888107299805
1.999999987845058e-08
1.999999987845058e-08
1.999999987845058e-08
0.9954173564910889
-1.999999987845058e-08
-1.999999987845058e-08
-1.999999987845058e-08
-6.066849708557129
1.999999987845058e-08
1.999999987845058e-08
1.999999987845058e-08
-14.334229469299316
-1.999999987845058e-08
-1.999999987845058e-08
-1.999999987845058e-08
-11.474946975708008
1.999999987845058e-08
1.999999987845058e-08
1.999999987845058e-08
0.6795163750648499
-1.999999987845058e-08
-1.999999987845058e-08
-1.999999987845058e-08
7.0096659660339355
1.999999987845058e-08
1.999999987845058e-08
1.999999987845058e-08
-12.12854290008545
-1.999999987845058e-08
-1.999999987845058e-08
-1.999999987845058e-08
-14.863225936889648
1.999999987845058e-08
1.999999987845058e-08
1.999999987845058e-08
-4.906099796295166
-1.999999987845058e-08
-1.999999987845058e-08
-1.999999987845058e-08
9.027338981628418
1.999999987845058e-08
1.999999987845058e-08
1.999999987845058e-08
15.101530075073242
-1.999999987845058e-08
-1.999999987845058e-08
-1.999999987845058e-08
7.031942367553711
1.999999987845058e-08
1.999999987845058e-08
1.999999987845058e-08
-10.725374221801758
-1.999999987845058e-08
-1.999999987845058e-08
-1.999999987845058e-08
-22.85630226135254
1.999999987845058e-08
1.999999987845058e-08
1.999999987845058e-08
-16.604021072387695
-1.999999987845058e-08
-1.999999987845058e-08
-1.999999987845058e-08
0.7732969522476196
1.999999987845058e-08
1.999999987845058e-08
1.999999987845058e-08
0.7732969522476196
-1.999999987845058e-08
-1.999999987845058e-08
-1.999999987845058e-08
10.52322006225586
1.999999987845058e-08
1.999999987845058e-08
1.999999987845058e-08
6.701908588409424
-1.999999987845058e-08
-1.999999987845058e-08
-1.999999987845058e-08
-2.5257585048675537
1.999999987845058e-08
1.999999987845058e-08
1.999999987845058e-08
-9.001195907592773
-1.999999987845058e-08
-1.999999987845058e-08
-1.999999987845058e-08
-6.282650470733643
1.999999987845058e-08
1.999999987845058e-08
1.999999987845058e-08
9.14156436920166
-1.999999987845058e-08
-1.999999987845058e-08
-1.999999987845058e-08
26.40464973449707
1.999999987845058e-08
1.999999987845058e-08
1.999999987845058e-08
27.12019920349121
-1.999999987845058e-08
-1.999999987845058e-08
-1.999999987845058e-08
12.469318389892578
1.999999987845058e-08
1.999999987845058e-08
1.999999987845058e-08
1.0156539678573608
-1.999999987845058e-08
-1.999999987845058e-08
-1.999999987845058e-08
-2.3102011680603027
1.999999987845058e-08
1.999999987845058e-08
1.999999987845058e-08
-9.164407730102539
-1.999999987845058e-08
-1.999999987845058e-08
-1.999999987845058e-08
-8.574427604675293
1.999999987845058e-08
1.999999987845058e-08
1.999999987845058e-08
-2.285815715789795
-1.999999987845058e-08
-1.999999987845058e-08
-1.999999987845058e-08
-3.271657705307007
1.999999987845058e-08
1.999999987845058e-08
1.999999987845058e-08
-12.544873237609863
-1.999999987845058e-08
-1.999999987845058e-08
-1.999999987845058e-08
-17.846403121948242
1.999999987845058e-08
1.999999987845058e-08
1.999999987845058e-08
-10.503922462463379
-1.999999987845058e-08
-1.999999987845058e-08
-1.999999987845058e-08
8.241540908813477
1.999999987845058e-08
1.999999987845058e-08
1.999999987845058e-08
39.697975158691406
-1.999999987845058e-08
-1.999999987845058e-08
-1.999999987845058e-08
32.13461685180664
1.999999987845058e-08
1.999999987845058e-08
1.999999987845058e-08
12.223917961120605
-1.999999987845058e-08
-1.999999987845058e-08
-1.999999987845058e-08
-7.498207092285156
1.999999987845058e-08
1.999999987845058e-08
1.999999987845058e-08
-17.63597869873047
-1.999999987845058e-08
-1.999999987845058e-08
-1.999999987845058e-08
-18.438018798828125
1.999999987845058e-08
1.999999987845058e-08
1.999999987845058e-08
-18.340688705444336
-1.999999987845058e-08
-1.999999987845058e-08
-1.999999987845058e-08
-23.411495208740234
1.999999987845058e-08
1.999999987845058e-08
1.999999987845058e-08
-28.202611923217773
-1.999999987845058e-08
-1.999999987845058e-08
-1.999999987845058e-08
-22.823261260986328
1.999999987845058e-08
1.999999987845058e-08
1.999999987845058e-08
0.5308572053909302
-1.999999987845058e-08
-1.999999987845058e-08
-1.999999987845058e-08
-11.62052059173584
1.999999987845058e-08
1.999999987845058e-08
1.999999987845058e-08
-23.51753044128418
-1.999999987845058e-08
-1.999999987845058e-08
-1.999999987845058e-08
-20.952287673950195
1.999999987845058e-08
1.999999987845058e-08
1.999999987845058e-08
-0.9144444465637207
-1.999999987845058e-08
-1.999999987845058e-08
-1.999999987845058e-08
21.05403709411621
1.999999987845058e-08
1.999999987845058e-08
1.999999987845058e-08
27.282407760620117
-1.999999987845058e-08
-1.999999987845058e-08
-1.999999987845058e-08
17.269853591918945
1.999999987845058e-08
1.999999987845058e-08
1.999999987845058e-08
4.226288795471191
-1.999999987845058e-08
-1.999999987845058e-08
-1.999999987845058e-08
-0.5243568420410156
1.999999987845058e-08
1.999999987845058e-08
1.999999987845058e-08
17.269853591918945
-1.999999987845058e-08
-1.999999987845058e-08
-1.999999987845058e-08
4.226288795471191
1.999999987845058e-08
1.999999987845058e-08
1.999999987845058e-08
-0.5243568420410156
-1.999999987845058e-08
-1.999999987845058e-08
-1.999999987845058e-08
6.068307399749756
1.999999987845058e-08
1.999999987845058e-08
1.999999987845058e-08
19.894899368286133
-1.999999987845058e-08
-1.999999987845058e-08
-1.999999987845058e-08
31.13254737854004
1.999999987845058e-08
1.999999987845058e-08
1.999999987845058e-08
32.50316619873047
-1.999999987845058e-08
-1.999999987845058e-08
-1.999999987845058e-08
26.297340393066406
1.999999987845058e-08
1.999999987845058e-08
1.999999987845058e-08
18.418766021728516
-1.999999987845058e-08
-1.999999987845058e-08
-1.999999987845058e-08
11.784906387329102
1.999999987845058e-08
1.999999987845058e-08
1.999999987845058e-08
7.178178787231445
-1.999999987845058e-08
-1.999999987845058e-08
-1.999999987845058e-08
5.827430725097656
1.999999987845058e-08
1.999999987845058e-08
1.999999987845058e-08
8.71805477142334
-1.999999987845058e-08
-1.999999987845058e-08
-1.999999987845058e-08
13.992552757263184
1.999999987845058e-08
1.999999987845058e-08
1.999999987845058e-08
19.376989364624023
-1.999999987845058e-08
-1.999999987845058e-08
-1.999999987845058e-08
23.516517639160156
1.999999987845058e-08
1.999999987845058e-08
1.999999987845058e-08
23.083541870117188
-1.999999987845058e-08
-1.999999987845058e-08
-1.999999987845058e-08
17.54570960998535
1.999999987845058e-08
1.999999987845058e-08
1.999999987845058e-08
10.086259841918945
-1.999999987845058e-08
-1.999999987845058e-08
-1.999999987845058e-08
0.3283994495868683
1.999999987845058e-08
1.999999987845058e-08
1.999999987845058e-08
-7.785679817199707
-1.999999987845058e-08
-1.999999987845058e-08
-1.999999987845058e-08
-1.6178948879241943
1.999999987845058e-08
1.999999987845058e-08
1.999999987845058e-08
18.60222625732422
-1.999999987845058e-08
-1.999999987845058e-08
-1.999999987845058e-08
33.09558868408203
1.999999987845058e-08
1.999999987845058e-08
1.999999987845058e-08
28.876529693603516
-1.999999987845058e-08
-1.999999987845058e-08
-1.999999987845058e-08
13.982596397399902
1.999999987845058e-08
1.999999987845058e-08
1.999999987845058e-08
2.349846601486206
-1.999999987845058e-08
-1.999999987845058e-08
-1.999999987845058e-08
-0.23417510092258453
1.999999987845058e-08
1.999999987845058e-08
1.999999987845058e-08
4.266886234283447
-1.999999987845058e-08
-1.999999987845058e-08
-1.999999987845058e-08
10.464197158813477
1.999999987845058e-08
1.999999987845058e-08
1.999999987845058e-08
13.159527778625488
-1.999999987845058e-08
-1.999999987845058e-08
-1.999999987845058e-08
10.777810096740723
1.999999987845058e-08
1.999999987845058e-08
1.999999987845058e-08
5.777061462402344
-1.999999987845058e-08
-1.999999987845058e-08
-1.999999987845058e-08
1.2805805206298828
1.999999987845058e-08
1.999999987845058e-08
1.999999987845058e-08
0.8251964449882507
-1.999999987845058e-08
-1.999999987845058e-08
-1.999999987845058e-08
7.650836944580078
1.999999987845058e-08
1.999999987845058e-08
1.999999987845058e-08
17.00740623474121
-1.999999987845058e-08
-1.999999987845058e-08
-1.999999987845058e-08
19.4312744140625
1.999999987845058e-08
1.999999987845058e-08
1.999999987845058e-08
14.192256927490234
-1.999999987845058e-08
-1.999999987845058e-08
-1.999999987845058e-08
7.3621320724487305
1.999999987845058e-08
1.999999987845058e-08
1.999999987845058e-08
2.777052879333496
-1.999999987845058e-08
-1.999999987845058e-08
-1.999999987845058e-08
2.337340831756592
1.999999987845058e-08
1.999999987845058e-08
1.999999987845058e-08
6.030311107635498
-1.999999987845058e-08
-1.999999987845058e-08
-1.999999987845058e-08
8.66312313079834
1.999999987845058e-08
1.999999987845058e-08
1.999999987845058e-08
5.416628360748291
-1.999999987845058e-08
-1.999999987845058e-08
-1.999999987845058e-08
-0.4722781479358673
1.999999987845058e-08
1.999999987845058e-08
1.999999987845058e-08
-4.841559886932373
-1.999999987845058e-08
-1.999999987845058e-08
-1.999999987845058e-08
-7.9897003173828125
1.999999987845058e-08
1.999999987845058e-08
1.999999987845058e-08
-5.798800945281982
-1.999999987845058e-08
-1.999999987845058e-08
-1.999999987845058e-08
6.601402282714844
1.999999987845058e-08
1.999999987845058e-08
1.999999987845058e-08
19.214008331298828
-1.999999987845058e-08
-1.999999987845058e-08
-1.999999987845058e-08
15.101113319396973
1.999999987845058e-08
1.999999987845058e-08
1.999999987845058e-08
-4.433122158050537
-1.999999987845058e-08
-1.999999987845058e-08
-1.999999987845058e-08
-19.51356315612793
1.999999987845058e-08
1.999999987845058e-08
1.999999987845058e-08
-18.4272518157959
-1.999999987845058e-08
-1.999999987845058e-08
-1.999999987845058e-08
-9.213838577270508
1.999999987845058e-08
1.999999987845058e-08
1.999999987845058e-08
-2.886650800704956
-1.999999987845058e-08
-1.999999987845058e-08
-1.999999987845058e-08
-1.3060693740844727
1.999999987845058e-08
1.999999987845058e-08
1.999999987845058e-08
-2.788477659225464
-1.999999987845058e-08
-1.999999987845058e-08
-1.999999987845058e-08
-6.609652996063232
1.999999987845058e-08
1.999999987845058e-08
1.999999987845058e-08
-11.0437650680542
-1.999999987845058e-08
-1.999999987845058e-08
-1.999999987845058e-08
-11.82887077331543
1.999999987845058e-08
1.999999987845058e-08
1.999999987845058e-08
-5.628824234008789
-1.999999987845058e-08
-1.999999987845058e-08
-1.999999987845058e-08
4.53596830368042
1.999999987845058e-08
1.999999987845058e-08
1.999999987845058e-08
12.17047119140625
-1.999999987845058e-08
-1.999999987845058e-08
-1.999999987845058e-08
12.991077423095703
1.999999987845058e-08
1.999999987845058e-08
1.999999987845058e-08
5.922263145446777
-1.999999987845058e-08
-1.999999987845058e-08
-1.999999987845058e-08
-4.623284816741943
1.999999987845058e-08
1.999999987845058e-08
1.999999987845058e-08
-11.133038520812988
-1.999999987845058e-08
-1.999999987845058e-08
-1.999999987845058e-08
-11.538570404052734
1.999999987845058e-08
1.999999987845058e-08
1.999999987845058e-08
-7.564790725708008
-1.999999987845058e-08
-1.999999987845058e-08
-1.999999987845058e-08
-5.864816665649414
1.999999987845058e-08
1.999999987845058e-08
1.999999987845058e-08
-1.4856693744659424
-1.999999987845058e-08
-1.999999987845058e-08
-1.999999987845058e-08
7.131914138793945
1.999999987845058e-08
1.999999987845058e-08
1.999999987845058e-08
16.95318603515625
-1.999999987845058e-08
-1.999999987845058e-08
-1.999999987845058e-08
22.8259220123291
1.999999987845058e-08
1.999999987845058e-08
1.999999987845058e-08
18.532787322998047
-1.999999987845058e-08
-1.999999987845058e-08
-1.999999987845058e-08
0.07865409553050995
1.999999987845058e-08
1.999999987845058e-08
1.999999987845058e-08
-22.262584686279297
-1.999999987845058e-08
-1.999999987845058e-08
-1.999999987845058e-08
-29.22016716003418
1.999999987845058e-08
1.999999987845058e-08
1.999999987845058e-08
-7.488506317138672
-1.999999987845058e-08
-1.999999987845058e-08
-1.999999987845058e-08
-11.35232162475586
1.999999987845058e-08
1.999999987845058e-08
1.999999987845058e-08
-26.13992691040039
-1.999999987845058e-08
-1.999999987845058e-08
-1.999999987845058e-08
-38.995113372802734
1.999999987845058e-08
1.999999987845058e-08
1.999999987845058e-08
-39.98053741455078
-1.999999987845058e-08
-1.999999987845058e-08
-1.999999987845058e-08
-26.691774368286133
1.999999987845058e-08
1.999999987845058e-08
1.999999987845058e-08
-7.733898639678955
-1.999999987845058e-08
-1.999999987845058e-08
-1.999999987845058e-08
2.8544113636016846
1.999999987845058e-08
1.999999987845058e-08
1.999999987845058e-08
1.5714174509048462
-1.999999987845058e-08
-1.999999987845058e-08
-1.999999987845058e-08
-3.031489849090576
1.999999987845058e-08
1.999999987845058e-08
1.999999987845058e-08
2.8544113636016846
-1.999999987845058e-08
-1.999999987845058e-08
-1.999999987845058e-08
1.5714174509048462
1.999999987845058e-08
1.999999987845058e-08
1.999999987845058e-08
-3.031489849090576
-1.999999987845058e-08
-1.999999987845058e-08
-1.999999987845058e-08
-5.31586217880249
1.999999987845058e-08
1.999999987845058e-08
1.999999987845058e-08
-6.335568904876709
-1.999999987845058e-08
-1.999999987845058e-08
-1.999999987845058e-08
-6.57197380065918
1.999999987845058e-08
1.999999987845058e-08
1.999999987845058e-08
-6.963733196258545
-1.999999987845058e-08
-1.999999987845058e-08
-1.999999987845058e-08
-9.848128318786621
1.999999987845058e-08
1.999999987845058e-08
1.999999987845058e-08
-12.345758438110352
-1.999999987845058e-08
-1.999999987845058e-08
-1.999999987845058e-08
-9.497472763061523
1.999999987845058e-08
1.999999987845058e-08
1.999999987845058e-08
-8.652992248535156
-1.999999987845058e-08
-1.999999987845058e-08
-1.999999987845058e-08
-15.365262985229492
1.999999987845058e-08
1.999999987845058e-08
1.999999987845058e-08
-14.463281631469727
-1.999999987845058e-08
-1.999999987845058e-08
-1.999999987845058e-08
-5.536283016204834
1.999999987845058e-08
1.999999987845058e-08
1.999999987845058e-08
3.534032106399536
-1.999999987845058e-08
-1.999999987845058e-08
-1.999999987845058e-08
8.71920108795166
1.999999987845058e-08
1.999999987845058e-08
1.999999987845058e-08
7.003737449645996
-1.999999987845058e-08
-1.999999987845058e-08
-1.999999987845058e-08
-4.013278484344482
1.999999987845058e-08
1.999999987845058e-08
1.999999987845058e-08
-17.162944793701172
-1.999999987845058e-08
-1.999999987845058e-08
-1.999999987845058e-08
-20.932754516601562
1.999999987845058e-08
1.999999987845058e-08
1.999999987845058e-08
-1.7509214878082275
-1.999999987845058e-08
-1.999999987845058e-08
-1.999999987845058e-08
5.319427013397217
1.999999987845058e-08
1.999999987845058e-08
1.999999987845058e-08
3.5887367725372314
-1.999999987845058e-08
-1.999999987845058e-08
-1.999999987845058e-08
-5.369145393371582
1.999999987845058e-08
1.999999987845058e-08
1.999999987845058e-08
-13.34060001373291
-1.999999987845058e-08
-1.999999987845058e-08
-1.999999987845058e-08
-10.184367179870605
1.999999987845058e-08
1.999999987845058e-08
1.999999987845058e-08
3.0439798831939697
-1.999999987845058e-08
-1.999999987845058e-08
-1.999999987845058e-08
13.22026538848877
1.999999987845058e-08
1.999999987845058e-08
1.999999987845058e-08
12.4044189453125
-1.999999987845058e-08
-1.999999987845058e-08
-1.999999987845058e-08
3.4260833263397217
1.999999987845058e-08
1.999999987845058e-08
1.999999987845058e-08
3.4260833263397217
-1.999999987845058e-08
-1.999999987845058e-08
-1.999999987845058e-08
-8.034810066223145
1.999999987845058e-08
1.999999987845058e-08
1.999999987845058e-08
-14.417618751525879
-1.999999987845058e-08
-1.999999987845058e-08
-1.999999987845058e-08
-10.034132957458496
1.999999987845058e-08
1.999999987845058e-08
1.999999987845058e-08
-0.7810748815536499
-1.999999987845058e-08
-1.999999987845058e-08
-1.999999987845058e-08
2.281832218170166
1.999999987845058e-08
1.999999987845058e-08
1.999999987845058e-08
