0
-3.5765833854675293
1.999999987845058e-08
1.999999987845058e-08
1.999999987845058e-08
-7.7381110191345215
-1.999999987845058e-08
-1.999999987845058e-08
-1.999999987845058e-08
-11.921573638916016
1.999999987845058e-08
1.999999987845058e-08
1.999999987845058e-08
-15.203125953674316
-1.999999987845058e-08
-1.999999987845058e-08
-1.999999987845058e-08
-20.44585418701172
1.999999987845058e-08
1.999999987845058e-08
1.999999987845058e-08
-26.7687931060791
-1.999999987845058e-08
-1.999999987845058e-08
-1.999999987845058e-08
-29.953365325927734
1.999999987845058e-08
1.999999987845058e-08
1.999999987845058e-08
-26.829265594482422
-1.999999987845058e-08
-1.999999987845058e-08
-1.999999987845058e-08
-18.287076950073242
1.999999987845058e-08
1.999999987845058e-08
1.999999987845058e-08
-10.058591842651367
-1.999999987845058e-08
-1.999999987845058e-08
-1.999999987845058e-08
-5.706665992736816
1.999999987845058e-08
1.999999987845058e-08
1.999999987845058e-08
-1.4361636638641357
-1.999999987845058e-08
-1.999999987845058e-08
-1.999999987845058e-08
4.129886150360107
1.999999987845058e-08
1.999999987845058e-08
1.999999987845058e-08
4.109195232391357
-1.999999987845058e-08
-1.999999987845058e-08
-1.999999987845058e-08
-4.618868827819824
1.999999987845058e-08
1.999999987845058e-08
1.999999987845058e-08
-13.920123100280762
-1.999999987845058e-08
-1.999999987845058e-08
-1.999999987845058e-08
-15.344212532043457
1.999999987845058e-08
1.999999987845058e-08
1.999999987845058e-08
-10.775599479675293
-1.999999987845058e-08
-1.999999987845058e-08
-1.999999987845058e-08
-6.66895055770874
1.999999987845058e-08
1.999999987845058e-08
1.999999987845058e-08
-4.601639270782471
-1.999999987845058e-08
-1.999999987845058e-08
-1.999999987845058e-08
-2.9650352001190186
1.999999987845058e-08
1.999999987845058e-08
1.999999987845058e-08
-0.6299517154693604
-1.999999987845058e-08
-1.999999987845058e-08
-1.999999987845058e-08
2.6005637645721436
1.999999987845058e-08
1.999999987845058e-08
1.999999987845058e-08
4.813009738922119
-1.999999987845058e-08
-1.999999987845058e-08
-1.999999987845058e-08
6.9982008934021
1.999999987845058e-08
1.999999987845058e-08
1.999999987845058e-08
14.234259605407715
-1.999999987845058e-08
-1.999999987845058e-08
-1.999999987845058e-08
21.758081436157227
1.999999987845058e-08
1.999999987845058e-08
1.999999987845058e-08
15.39999771118164
-1.999999987845058e-08
-1.999999987845058e-08
-1.999999987845058e-08
-4.085979461669922
1.999999987845058e-08
1.999999987845058e-08
1.999999987845058e-08
-17.87311363220215
-1.999999987845058e-08
-1.999999987845058e-08
-1.999999987845058e-08
-12.887502670288086
1.999999987845058e-08
1.999999987845058e-08
1.999999987845058e-08
-8.259480476379395
-1.999999987845058e-08
-1.999999987845058e-08
-1.999999987845058e-08
0.1271730214357376
1.999999987845058e-08
1.999999987845058e-08
1.999999987845058e-08
10.0639009475708
-1.999999987845058e-08
-1.999999987845058e-08
-1.999999987845058e-08
14.44708251953125
1.999999987845058e-08
1.999999987845058e-08
1.999999987845058e-08
15.99520492553711
-1.999999987845058e-08
-1.999999987845058e-08
-1.999999987845058e-08
21.571758270263672
1.999999987845058e-08
1.999999987845058e-08
1.999999987845058e-08
25.152658462524414
-1.999999987845058e-08
-1.999999987845058e-08
-1.999999987845058e-08
16.524229049682617
1.999999987845058e-08
1.999999987845058e-08
1.999999987845058e-08
1.5262495279312134
-1.999999987845058e-08
-1.999999987845058e-08
-1.999999987845058e-08
-6.8068060874938965
1.999999987845058e-08
1.999999987845058e-08
1.999999987845058e-08
-6.533710956573486
-1.999999987845058e-08
-1.999999987845058e-08
-1.999999987845058e-08
-3.2625324726104736
1.999999987845058e-08
1.999999987845058e-08
1.999999987845058e-08
-1.731171727180481
-1.999999987845058e-08
-1.999999987845058e-08
-1.999999987845058e-08
-3.201796293258667
1.999999987845058e-08
1.999999987845058e-08
1.999999987845058e-08
-5.011451244354248
-1.999999987845058e-08
-1.999999987845058e-08
-1.999999987845058e-08
-4.992648124694824
1.999999987845058e-08
1.999999987845058e-08
1.999999987845058e-08
-2.9137485027313232
-1.999999987845058e-08
-1.999999987845058e-08
-1.999999987845058e-08
2.363304615020752
1.999999987845058e-08
1.999999987845058e-08
1.999999987845058e-08
12.011886596679688
-1.999999987845058e-08
-1.999999987845058e-08
-1.999999987845058e-08
23.213058471679688
1.999999987845058e-08
1.999999987845058e-08
1.999999987845058e-08
26.0037784576416
-1.999999987845058e-08
-1.999999987845058e-08
-1.999999987845058e-08
12.163142204284668
1.999999987845058e-08
1.999999987845058e-08
1.999999987845058e-08
-9.416237831115723
-1.999999987845058e-08
-1.999999987845058e-08
-1.999999987845058e-08
-20.217411041259766
1.999999987845058e-08
1.999999987845058e-08
1.999999987845058e-08
-15.226401329040527
-1.999999987845058e-08
-1.999999987845058e-08
-1.999999987845058e-08
-5.606332302093506
1.999999987845058e-08
1.999999987845058e-08
1.999999987845058e-08
-1.5537818670272827
-1.999999987845058e-08
-1.999999987845058e-08
-1.999999987845058e-08
-1.6358377933502197
1.999999987845058e-08
1.999999987845058e-08
1.999999987845058e-08
1.4374570846557617
-1.999999987845058e-08
-1.999999987845058e-08
-1.999999987845058e-08
9.480740547180176
1.999999987845058e-08
1.999999987845058e-08
1.999999987845058e-08
17.748411178588867
-1.999999987845058e-08
-1.999999987845058e-08
-1.999999987845058e-08
22.474111557006836
1.999999987845058e-08
1.999999987845058e-08
1.999999987845058e-08
22.054550170898438
-1.999999987845058e-08
-1.999999987845058e-08
-1.999999987845058e-08
14.106462478637695
1.999999987845058e-08
1.999999987845058e-08
1.999999987845058e-08
0.3013739585876465
-1.999999987845058e-08
-1.999999987845058e-08
-1.999999987845058e-08
-9.405667304992676
1.999999987845058e-08
1.999999987845058e-08
1.999999987845058e-08
-6.5648932456970215
-1.999999987845058e-08
-1.999999987845058e-08
-1.999999987845058e-08
3.9704647064208984
1.999999987845058e-08
1.999999987845058e-08
1.999999987845058e-08
9.11693286895752
-1.999999987845058e-08
-1.999999987845058e-08
-1.999999987845058e-08
3.283022403717041
1.999999987845058e-08
1.999999987845058e-08
1.999999987845058e-08
-3.4831953048706055
-1.999999987845058e-08
-1.999999987845058e-08
-1.999999987845058e-08
2.424143075942993
1.999999987845058e-08
1.999999987845058e-08
1.999999987845058e-08
16.491426467895508
-1.999999987845058e-08
-1.999999987845058e-08
-1.999999987845058e-08
21.30832862854004
1.999999987845058e-08
1.999999987845058e-08
1.999999987845058e-08
13.61860179901123
-1.999999987845058e-08
-1.999999987845058e-08
-1.999999987845058e-08
6.446034908294678
1.999999987845058e-08
1.999999987845058e-08
1.999999987845058e-08
7.703394412994385
-1.999999987845058e-08
-1.999999987845058e-08
-1.999999987845058e-08
12.370037078857422
1.999999987845058e-08
1.999999987845058e-08
1.999999987845058e-08
12.193177223205566
-1.999999987845058e-08
-1.999999987845058e-08
-1.999999987845058e-08
5.6188459396362305
1.999999987845058e-08
1.999999987845058e-08
1.999999987845058e-08
-1.1704083681106567
-1.999999987845058e-08
-1.999999987845058e-08
-1.999999987845058e-08
-3.5302317142486572
1.999999987845058e-08
1.999999987845058e-08
1.999999987845058e-08
-2.8418173789978027
-1.999999987845058e-08
-1.999999987845058e-08
-1.999999987845058e-08
1.4724539518356323
1.999999987845058e-08
1.999999987845058e-08
1.999999987845058e-08
10.832111358642578
-1.999999987845058e-08
-1.999999987845058e-08
-1.999999987845058e-08
19.068944931030273
1.999999987845058e-08
1.999999987845058e-08
1.999999987845058e-08
17.386445999145508
-1.999999987845058e-08
-1.999999987845058e-08
-1.999999987845058e-08
3.334120988845825
1.999999987845058e-08
1.999999987845058e-08
1.999999987845058e-08
-30.576929092407227
-1.999999987845058e-08
-1.999999987845058e-08
-1.999999987845058e-08
-30.132051467895508
1.999999987845058e-08
1.999999987845058e-08
1.999999987845058e-08
-19.8933048248291
-1.999999987845058e-08
-1.999999987845058e-08
-1.999999987845058e-08
-11.00439739227295
1.999999987845058e-08
1.999999987845058e-08
1.999999987845058e-08
-8.897311210632324
-1.999999987845058e-08
-1.999999987845058e-08
-1.999999987845058e-08
-10.678990364074707
1.999999987845058e-08
1.999999987845058e-08
1.999999987845058e-08
-10.953158378601074
-1.999999987845058e-08
-1.999999987845058e-08
-1.999999987845058e-08
-4.733510971069336
1.999999987845058e-08
1.999999987845058e-08
1.999999987845058e-08
10.50154972076416
-1.999999987845058e-08
-1.999999987845058e-08
-1.999999987845058e-08
28.595130920410156
1.999999987845058e-08
1.999999987845058e-08
1.999999987845058e-08
28.595130920410156
-1.999999987845058e-08
-1.999999987845058e-08
-1.999999987845058e-08
35.17144012451172
1.999999987845058e-08
1.999999987845058e-08
1.999999987845058e-08
24.188968658447266
-1.999999987845058e-08
-1.999999987845058e-08
-1.999999987845058e-08
9.72522258758545
1.999999987845058e-08
1.999999987845058e-08
1.999999987845058e-08
8.913347244262695
-1.999999987845058e-08
-1.999999987845058e-08
-1.999999987845058e-08
19.06505584716797
1.999999987845058e-08
1.999999987845058e-08
1.999999987845058e-08
24.468273162841797
-1.999999987845058e-08
-1.999999987845058e-08
-1.999999987845058e-08
19.220748901367188
1.999999987845058e-08
1.999999987845058e-08
1.999999987845058e-08
11.782343864440918
-1.999999987845058e-08
-1.999999987845058e-08
-1.999999987845058e-08
10.775777816772461
1.999999987845058e-08
1.999999987845058e-08
1.999999987845058e-08
10.775777816772461
-1.999999987845058e-08
-1.999999987845058e-08
-1.999999987845058e-08
16.471302032470703
1.999999987845058e-08
1.999999987845058e-08
1.999999987845058e-08
24.270633697509766
-1.999999987845058e-08
-1.999999987845058e-08
-1.999999987845058e-08
26.981094360351562
1.999999987845058e-08
1.999999987845058e-08
1.999999987845058e-08
19.370071411132812
-1.999999987845058e-08
-1.999999987845058e-08
-1.999999987845058e-08
7.679932594299316
1.999999987845058e-08
1.999999987845058e-08
1.999999987845058e-08
3.1227409839630127
-1.999999987845058e-08
-1.999999987845058e-08
-1.999999987845058e-08
5.241441249847412
1.999999987845058e-08
1.999999987845058e-08
1.999999987845058e-08
7.469908714294434
-1.999999987845058e-08
-1.999999987845058e-08
-1.999999987845058e-08
12.351784706115723
1.999999987845058e-08
1.999999987845058e-08
1.999999987845058e-08
21.693735122680664
-1.999999987845058e-08
-1.999999987845058e-08
-1.999999987845058e-08
25.493053436279297
1.999999987845058e-08
1.999999987845058e-08
1.999999987845058e-08
19.078392028808594
-1.999999987845058e-08
-1.999999987845058e-08
-1.999999987845058e-08
10.971209526062012
1.999999987845058e-08
1.999999987845058e-08
1.999999987845058e-08
5.560557842254639
-1.999999987845058e-08
-1.999999987845058e-08
-1.999999987845058e-08
0.3091873824596405
1.999999987845058e-08
1.999999987845058e-08
1.999999987845058e-08
-2.2709639072418213
-1.999999987845058e-08
-1.999999987845058e-08
-1.999999987845058e-08
1.144163727760315
1.999999987845058e-08
1.999999987845058e-08
1.999999987845058e-08
5.210981369018555
-1.999999987845058e-08
-1.999999987845058e-08
-1.999999987845058e-08
3.1634788513183594
1.999999987845058e-08
1.999999987845058e-08
1.999999987845058e-08
-3.618366241455078
-1.999999987845058e-08
-1.999999987845058e-08
-1.999999987845058e-08
-7.986155986785889
1.999999987845058e-08
1.999999987845058e-08
1.999999987845058e-08
-4.774868488311768
-1.999999987845058e-08
-1.999999987845058e-08
-1.999999987845058e-08
3.6710662841796875
1.999999987845058e-08
1.999999987845058e-08
1.999999987845058e-08
10.965681076049805
-1.999999987845058e-08
-1.999999987845058e-08
-1.999999987845058e-08
13.807186126708984
1.999999987845058e-08
1.999999987845058e-08
1.999999987845058e-08
11.36218547821045
-1.999999987845058e-08
-1.999999987845058e-08
-1.999999987845058e-08
5.204607963562012
1.999999987845058e-08
1.999999987845058e-08
1.999999987845058e-08
1.3010456562042236
-1.999999987845058e-08
-1.999999987845058e-08
-1.999999987845058e-08
1.4494633674621582
1.999999987845058e-08
1.999999987845058e-08
1.999999987845058e-08
-0.4817168712615967
-1.999999987845058e-08
-1.999999987845058e-08
-1.999999987845058e-08
-5.907529830932617
1.999999987845058e-08
1.999999987845058e-08
1.999999987845058e-08
-9.48853874206543
-1.999999987845058e-08
-1.999999987845058e-08
-1.999999987845058e-08
-10.381072044372559
1.999999987845058e-08
1.999999987845058e-08
1.999999987845058e-08
-10.529165267944336
-1.999999987845058e-08
-1.999999987845058e-08
-1.999999987845058e-08
-8.01756763458252
1.999999987845058e-08
1.999999987845058e-08
1.999999987845058e-08
-1.6100492477416992
-1.999999987845058e-08
-1.999999987845058e-08
-1.999999987845058e-08
5.836052894592285
1.999999987845058e-08
1.999999987845058e-08
1.999999987845058e-08
10.358750343322754
-1.999999987845058e-08
-1.999999987845058e-08
-1.999999987845058e-08
7.678643703460693
1.999999987845058e-08
1.999999987845058e-08
1.999999987845058e-08
-4.371117115020752
-1.999999987845058e-08
-1.999999987845058e-08
-1.999999987845058e-08
-20.118513107299805
1.999999987845058e-08
1.999999987845058e-08
1.999999987845058e-08
-28.696561813354492
-1.999999987845058e-08
-1.999999987845058e-08
-1.999999987845058e-08
-23.721296310424805
1.999999987845058e-08
1.999999987845058e-08
1.999999987845058e-08
-8.888469696044922
-1.999999987845058e-08
-1.999999987845058e-08
-1.999999987845058e-08
4.831394672393799
1.999999987845058e-08
1.999999987845058e-08
1.999999987845058e-08
9.650708198547363
-1.999999987845058e-08
-1.999999987845058e-08
-1.999999987845058e-08
6.763746738433838
1.999999987845058e-08
1.999999987845058e-08
1.999999987845058e-08
0.9788044095039368
-1.999999987845058e-08
-1.999999987845058e-08
-1.999999987845058e-08
-4.245652675628662
1.999999987845058e-08
1.999999987845058e-08
1.999999987845058e-08
-6.94905948638916
-1.999999987845058e-08
-1.999999987845058e-08
-1.999999987845058e-08
-6.070679664611816
1.999999987845058e-08
1.999999987845058e-08
1.999999987845058e-08
-6.337310314178467
-1.999999987845058e-08
-1.999999987845058e-08
-1.999999987845058e-08
-7.117753982543945
1.999999987845058e-08
1.999999987845058e-08
1.999999987845058e-08
-5.381913185119629
-1.999999987845058e-08
-1.999999987845058e-08
-1.999999987845058e-08
0.0601634606719017
1.999999987845058e-08
1.999999987845058e-08
1.999999987845058e-08
4.914908409118652
-1.999999987845058e-08
-1.999999987845058e-08
-1.999999987845058e-08
1.7337361574172974
1.999999987845058e-08
1.999999987845058e-08
1.999999987845058e-08
-12.037549018859863
-1.999999987845058e-08
-1.999999987845058e-08
-1.999999987845058e-08
-27.855361938476562
1.999999987845058e-08
1.999999987845058e-08
1.999999987845058e-08
-31.838796615600586
-1.999999987845058e-08
-1.999999987845058e-08
-1.999999987845058e-08
-20.37160873413086
1.999999987845058e-08
1.999999987845058e-08
1.999999987845058e-08
-6.408660888671875
-1.999999987845058e-08
-1.999999987845058e-08
-1.999999987845058e-08
-5.801161766052246
1.999999987845058e-08
1.999999987845058e-08
1.999999987845058e-08
-18.718339920043945
-1.999999987845058e-08
-1.999999987845058e-08
-1.999999987845058e-08
-30.53834342956543
1.999999987845058e-08
1.999999987845058e-08
1.999999987845058e-08
-31.163259506225586
-1.999999987845058e-08
-1.999999987845058e-08
-1.999999987845058e-08
-22.524147033691406
1.999999987845058e-08
1.999999987845058e-08
1.999999987845058e-08
-9.628561019897461
-1.999999987845058e-08
-1.999999987845058e-08
-1.999999987845058e-08
2.559082269668579
1.999999987845058e-08
1.999999987845058e-08
1.999999987845058e-08
9.86789321899414
-1.999999987845058e-08
-1.999999987845058e-08
-1.999999987845058e-08
11.692852020263672
1.999999987845058e-08
1.999999987845058e-08
1.999999987845058e-08
7.425274848937988
-1.999999987845058e-08
-1.999999987845058e-08
-1.999999987845058e-08
-1.5917065143585205
1.999999987845058e-08
1.999999987845058e-08
1.999999987845058e-08
-7.0545148849487305
-1.999999987845058e-08
-1.999999987845058e-08
-1.999999987845058e-08
-4.414060592651367
1.999999987845058e-08
1.999999987845058e-08
1.999999987845058e-08
-0.9809108972549438
-1.999999987845058e-08
-1.999999987845058e-08
-1.999999987845058e-08
-3.2525322437286377
1.999999987845058e-08
1.999999987845058e-08
1.999999987845058e-08
-6.896883964538574
-1.999999987845058e-08
-1.999999987845058e-08
-1.999999987845058e-08
-6.674435138702393
1.999999987845058e-08
1.999999987845058e-08
1.999999987845058e-08
-6.942488193511963
-1.999999987845058e-08
-1.999999987845058e-08
-1.999999987845058e-08
-12.240559577941895
1.999999987845058e-08
1.999999987845058e-08
1.999999987845058e-08
-16.16177749633789
-1.999999987845058e-08
-1.999999987845058e-08
-1.999999987845058e-08
-12.08798885345459
1.999999987845058e-08
1.999999987845058e-08
1.999999987845058e-08
-3.114793300628662
-1.999999987845058e-08
-1.999999987845058e-08
-1.999999987845058e-08
5.355319976806641
1.999999987845058e-08
1.999999987845058e-08
1.999999987845058e-08
9.497944831848145
-1.999999987845058e-08
-1.999999987845058e-08
-1.999999987845058e-08
7.783023834228516
1.999999987845058e-08
1.999999987845058e-08
1.999999987845058e-08
3.9949662685394287
-1.999999987845058e-08
-1.999999987845058e-08
-1.999999987845058e-08
1.1552391052246094
1.999999987845058e-08
1.999999987845058e-08
1.999999987845058e-08
-2.50042986869812
-1.999999987845058e-08
-1.999999987845058e-08
-1.999999987845058e-08
-6.3394670486450195
1.999999987845058e-08
1.999999987845058e-08
1.999999987845058e-08
-5.576327800750732
-1.999999987845058e-08
-1.999999987845058e-08
-1.999999987845058e-08
0.9831686019897461
1.999999987845058e-08
1.999999987845058e-08
1.999999987845058e-08
6.4693732261657715
-1.999999987845058e-08
-1.999999987845058e-08
-1.999999987845058e-08
1.659162998199463
1.999999987845058e-08
1.999999987845058e-08
1.999999987845058e-08
-11.088235855102539
-1.999999987845058e-08
-1.999999987845058e-08
-1.999999987845058e-08
-14.38521957397461
1.999999987845058e-08
1.999999987845058e-08
1.999999987845058e-08
1.3425079584121704
-1.999999987845058e-08
-1.999999987845058e-08
-1.999999987845058e-08
21.186031341552734
1.999999987845058e-08
1.999999987845058e-08
1.999999987845058e-08
1.659162998199463
-1.999999987845058e-08
-1.999999987845058e-08
-1.999999987845058e-08
-11.088235855102539
1.999999987845058e-08
1.999999987845058e-08
1.999999987845058e-08
-14.38521957397461
-1.999999987845058e-08
-1.999999987845058e-08
-1.999999987845058e-08
1.3425079584121704
1.999999987845058e-08
1.999999987845058e-08
1.999999987845058e-08
21.186031341552734
-1.999999987845058e-08
-1.999999987845058e-08
-1.999999987845058e-08
26.570587158203125
1.999999987845058e-08
1.999999987845058e-08
1.999999987845058e-08
17.329252243041992
-1.999999987845058e-08
-1.999999987845058e-08
-1.999999987845058e-08
3.4796109199523926
1.999999987845058e-08
1.999999987845058e-08
1.999999987845058e-08
-7.509340286254883
-1.999999987845058e-08
-1.999999987845058e-08
-1.999999987845058e-08
-11.342300415039062
1.999999987845058e-08
1.999999987845058e-08
1.999999987845058e-08
-1.5110089778900146
-1.999999987845058e-08
-1.999999987845058e-08
-1.999999987845058e-08
2.3924520015716553
1.999999987845058e-08
1.999999987845058e-08
1.999999987845058e-08
6.720023155212402
-1.999999987845058e-08
-1.999999987845058e-08
-1.999999987845058e-08
13.834455490112305
1.999999987845058e-08
1.999999987845058e-08
1.999999987845058e-08
22.57362174987793
-1.999999987845058e-08
-1.999999987845058e-08
-1.999999987845058e-08
25.668006896972656
1.999999987845058e-08
1.999999987845058e-08
1.999999987845058e-08
20.407392501831055
-1.999999987845058e-08
-1.999999987845058e-08
-1.999999987845058e-08
12.507535934448242
1.999999987845058e-08
1.999999987845058e-08
1.999999987845058e-08
4.663791656494141
-1.999999987845058e-08
-1.999999987845058e-08
-1.999999987845058e-08
-6.063247203826904
1.999999987845058e-08
1.999999987845058e-08
1.999999987845058e-08
-22.954204559326172
-1.999999987845058e-08
-1.999999987845058e-08
-1.999999987845058e-08
-19.289344787597656
1.999999987845058e-08
1.999999987845058e-08
1.999999987845058e-08
-13.322306632995605
-1.999999987845058e-08
-1.999999987845058e-08
-1.999999987845058e-08
-13.131599426269531
1.999999987845058e-08
1.999999987845058e-08
1.999999987845058e-08
-16.604114532470703
-1.999999987845058e-08
-1.999999987845058e-08
-1.999999987845058e-08
-11.361373901367188
1.999999987845058e-08
1.999999987845058e-08
1.999999987845058e-08
6.159333229064941
-1.999999987845058e-08
-1.999999987845058e-08
-1.999999987845058e-08
21.215553283691406
1.999999987845058e-08
1.999999987845058e-08
1.999999987845058e-08
18.87906265258789
-1.999999987845058e-08
-1.999999987845058e-08
-1.999999987845058e-08
0.6446976661682129
1.999999987845058e-08
1.999999987845058e-08
1.999999987845058e-08
-22.5434513092041
-1.999999987845058e-08
-1.999999987845058e-08
-1.999999987845058e-08
-8.516927719116211
1.999999987845058e-08
1.999999987845058e-08
1.999999987845058e-08
10.573005676269531
-1.999999987845058e-08
-1.999999987845058e-08
-1.999999987845058e-08
19.069345474243164
1.999999987845058e-08
1.999999987845058e-08
1.999999987845058e-08
14.147150039672852
-1.999999987845058e-08
-1.999999987845058e-08
-1.999999987845058e-08
4.705556392669678
1.999999987845058e-08
1.999999987845058e-08
1.999999987845058e-08
0.30365368723869324
-1.999999987845058e-08
-1.999999987845058e-08
-1.999999987845058e-08
4.911462783813477
1.999999987845058e-08
1.999999987845058e-08
1.999999987845058e-08
15.661067962646484
-1.999999987845058e-08
-1.999999987845058e-08
-1.999999987845058e-08
23.190832138061523
1.999999987845058e-08
1.999999987845058e-08
1.999999987845058e-08
4.911462306976318
-1.999999987845058e-08
-1.999999987845058e-08
-1.999999987845058e-08
15.661067962646484
1.999999987845058e-08
1.999999987845058e-08
1.999999987845058e-08
23.190832138061523
-1.999999987845058e-08
-1.999999987845058e-08
-1.999999987845058e-08
16.400802612304688
1.999999987845058e-08
1.999999987845058e-08
1.999999987845058e-08
-4.304782390594482
-1.999999987845058e-08
-1.999999987845058e-08
-1.999999987845058e-08
-19.80080223083496
1.999999987845058e-08
1.999999987845058e-08
1.999999987845058e-08
-13.296134948730469
-1.999999987845058e-08
-1.999999987845058e-08
-1.999999987845058e-08
5.753718376159668
1.999999987845058e-08
1.999999987845058e-08
1.999999987845058e-08
15.227304458618164
-1.999999987845058e-08
-1.999999987845058e-08
-1.999999987845058e-08
8.234370231628418
1.999999987845058e-08
1.999999987845058e-08
1.999999987845058e-08
-15.74500846862793
-1.999999987845058e-08
-1.999999987845058e-08
-1.999999987845058e-08
-10.2971773147583
1.999999987845058e-08
1.999999987845058e-08
1.999999987845058e-08
-5.469175338745117
-1.999999987845058e-08
-1.999999987845058e-08
-1.999999987845058e-08
-4.086175918579102
1.999999987845058e-08
1.999999987845058e-08
1.999999987845058e-08
-5.744298934936523
-1.999999987845058e-08
-1.999999987845058e-08
-1.999999987845058e-08
-8.756787300109863
1.999999987845058e-08
1.999999987845058e-08
1.999999987845058e-08
-13.98542594909668
-1.999999987845058e-08
-1.999999987845058e-08
-1.999999987845058e-08
-19.19923210144043
1.999999987845058e-08
1.999999987845058e-08
1.999999987845058e-08
-15.438765525817871
-1.999999987845058e-08
-1.999999987845058e-08
-1.999999987845058e-08
-0.2931700646877289
1.999999987845058e-08
1.999999987845058e-08
1.999999987845058e-08
14.724915504455566
-1.999999987845058e-08
-1.999999987845058e-08
-1.999999987845058e-08
18.210983276367188
1.999999987845058e-08
1.999999987845058e-08
1.999999987845058e-08
9.65201187133789
-1.999999987845058e-08
-1.999999987845058e-08
-1.999999987845058e-08
-5.6067705154418945
1.999999987845058e-08
1.999999987845058e-08
1.999999987845058e-08
-20.873592376708984
-1.999999987845058e-08
-1.999999987845058e-08
-1.999999987845058e-08
-27.06207847595215
1.999999987845058e-08
1.999999987845058e-08
1.999999987845058e-08
-19.716632843017578
-1.999999987845058e-08
-1.999999987845058e-08
-1.999999987845058e-08
-7.525897979736328
1.999999987845058e-08
1.999999987845058e-08
1.999999987845058e-08
-2.1729354858398438
-1.999999987845058e-08
-1.999999987845058e-08
-1.999999987845058e-08
-6.474425315856934
1.999999987845058e-08
1.999999987845058e-08
1.999999987845058e-08
-7.525897979736328
-1.999999987845058e-08
-1.999999987845058e-08
-1.999999987845058e-08
-2.1729354858398438
1.999999987845058e-08
1.999999987845058e-08
1.999999987845058e-08
-6.474425315856934
-1.999999987845058e-08
-1.999999987845058e-08
-1.999999987845058e-08
-18.262338638305664
1.999999987845058e-08
1.999999987845058e-08
1.999999987845058e-08
-32.092933654785156
-1.999999987845058e-08
-1.999999987845058e-08
-1.999999987845058e-08
-38.41966247558594
1.999999987845058e-08
1.999999987845058e-08
1.999999987845058e-08
-31.787782669067383
-1.999999987845058e-08
-1.999999987845058e-08
-1.999999987845058e-08
-17.008033752441406
1.999999987845058e-08
1.999999987845058e-08
1.999999987845058e-08
-4.219027519226074
-1.999999987845058e-08
-1.999999987845058e-08
-1.999999987845058e-08
0.7071341872215271
1.999999987845058e-08
1.999999987845058e-08
1.999999987845058e-08
-4.456701755523682
-1.999999987845058e-08
-1.999999987845058e-08
-1.999999987845058e-08
4.535556316375732
1.999999987845058e-08
1.999999987845058e-08
1.999999987845058e-08
17.292016983032227
-1.999999987845058e-08
-1.999999987845058e-08
-1.999999987845058e-08
24.919870376586914
1.999999987845058e-08
1.999999987845058e-08
1.999999987845058e-08
22.895618438720703
-1.999999987845058e-08
-1.999999987845058e-08
-1.999999987845058e-08
14.93969440460205
1.999999987845058e-08
1.999999987845058e-08
1.999999987845058e-08
6.951481342315674
-1.999999987845058e-08
-1.999999987845058e-08
-1.999999987845058e-08
2.6518166065216064
1.999999987845058e-08
1.999999987845058e-08
1.999999987845058e-08
2.431300401687622
-1.999999987845058e-08
-1.999999987845058e-08
-1.999999987845058e-08
5.434907913208008
1.999999987845058e-08
1.999999987845058e-08
1.999999987845058e-08
2.6518166065216064
-1.999999987845058e-08
-1.999999987845058e-08
-1.999999987845058e-08
2.431300401687622
1.999999987845058e-08
1.999999987845058e-08
1.999999987845058e-08
5.434907913208008
-1.999999987845058e-08
-1.999999987845058e-08
-1.999999987845058e-08
11.95146369934082
1.999999987845058e-08
1.999999987845058e-08
1.999999987845058e-08
17.444169998168945
-1.999999987845058e-08
-1.999999987845058e-08
-1.999999987845058e-08
13.539915084838867
1.999999987845058e-08
1.999999987845058e-08
1.999999987845058e-08
3.5987730026245117
-1.999999987845058e-08
-1.999999987845058e-08
-1.999999987845058e-08
0.5433992147445679
1.999999987845058e-08
1.999999987845058e-08
1.999999987845058e-08
8.116778373718262
-1.999999987845058e-08
-1.999999987845058e-08
-1.999999987845058e-08
19.259235382080078
1.999999987845058e-08
1.999999987845058e-08
1.999999987845058e-08
-7.56393575668335
-1.999999987845058e-08
-1.999999987845058e-08
-1.999999987845058e-08
1.12069571018219
1.999999987845058e-08
1.999999987845058e-08
1.999999987845058e-08
7.552692890167236
-1.999999987845058e-08
-1.999999987845058e-08
-1.999999987845058e-08
4.12148904800415
1.999999987845058e-08
1.999999987845058e-08
1.999999987845058e-08
-4.710402011871338
-1.999999987845058e-08
-1.999999987845058e-08
-1.999999987845058e-08
-10.793373107910156
1.999999987845058e-08
1.999999987845058e-08
1.999999987845058e-08
-5.722590446472168
-1.999999987845058e-08
-1.999999987845058e-08
-1.999999987845058e-08
9.545716285705566
1.999999987845058e-08
1.999999987845058e-08
1.999999987845058e-08
21.67399024963379
-1.999999987845058e-08
-1.999999987845058e-08
-1.999999987845058e-08
21.191051483154297
1.999999987845058e-08
1.999999987845058e-08
1.999999987845058e-08
21.67399024963379
-1.999999987845058e-08
-1.999999987845058e-08
-1.999999987845058e-08
21.191051483154297
1.999999987845058e-08
1.999999987845058e-08
1.999999987845058e-08
11.39015007019043
-1.999999987845058e-08
-1.999999987845058e-08
-1.999999987845058e-08
1.6773420572280884
1.999999987845058e-08
1.999999987845058e-08
1.999999987845058e-08
0.1427314579486847
-1.999999987845058e-08
-1.999999987845058e-08
-1.999999987845058e-08
6.79444694519043
1.999999987845058e-08
1.999999987845058e-08
1.999999987845058e-08
12.897768020629883
-1.999999987845058e-08
-1.999999987845058e-08
-1.999999987845058e-08
11.870899200439453
1.999999987845058e-08
1.999999987845058e-08
1.999999987845058e-08
5.931569576263428
-1.999999987845058e-08
-1.999999987845058e-08
-1.999999987845058e-08
-0.22034049034118652
1.999999987845058e-08
1.999999987845058e-08
1.999999987845058e-08
12.897768020629883
-1.999999987845058e-08
-1.999999987845058e-08
-1.999999987845058e-08
11.870899200439453
1.999999987845058e-08
1.999999987845058e-08
1.999999987845058e-08
5.931569576263428
-1.999999987845058e-08
-1.999999987845058e-08
-1.999999987845058e-08
-0.22034049034118652
1.999999987845058e-08
1.999999987845058e-08
1.999999987845058e-08
-3.1238927841186523
-1.999999987845058e-08
-1.999999987845058e-08
-1.999999987845058e-08
1.1600829362869263
1.999999987845058e-08
1.999999987845058e-08
1.999999987845058e-08
11.054226875305176
-1.999999987845058e-08
-1.999999987845058e-08
-1.999999987845058e-08
17.023414611816406
1.999999987845058e-08
1.999999987845058e-08
1.999999987845058e-08
16.01926040649414
-1.999999987845058e-08
-1.999999987845058e-08
-1.999999987845058e-08
14.750271797180176
1.999999987845058e-08
1.999999987845058e-08
1.999999987845058e-08
16.8834228515625
-1.999999987845058e-08
-1.999999987845058e-08
-1.999999987845058e-08
16.61812973022461
1.999999987845058e-08
1.999999987845058e-08
1.999999987845058e-08
6.126258373260498
-1.999999987845058e-08
-1.999999987845058e-08
-1.999999987845058e-08
0.07161323726177216
1.999999987845058e-08
1.999999987845058e-08
1.999999987845058e-08
9.216551780700684
-1.999999987845058e-08
-1.999999987845058e-08
-1.999999987845058e-08
26.459665298461914
1.999999987845058e-08
1.999999987845058e-08
1.999999987845058e-08
33.433998107910156
-1.999999987845058e-08
-1.999999987845058e-08
-1.999999987845058e-08
20.66596221923828
1.999999987845058e-08
1.999999987845058e-08
1.999999987845058e-08
-2.7934813499450684
-1.999999987845058e-08
-1.999999987845058e-08
-1.999999987845058e-08
-19.435340881347656
1.999999987845058e-08
1.999999987845058e-08
1.999999987845058e-08
-14.364361763000488
-1.999999987845058e-08
-1.999999987845058e-08
-1.999999987845058e-08
-6.956714153289795
1.999999987845058e-08
1.999999987845058e-08
1.999999987845058e-08
-2.767879009246826
-1.999999987845058e-08
-1.999999987845058e-08
-1.999999987845058e-08
-2.8174068927764893
1.999999987845058e-08
1.999999987845058e-08
1.999999987845058e-08
-4.809360504150391
-1.999999987845058e-08
-1.999999987845058e-08
-1.999999987845058e-08
-3.0382421016693115
1.999999987845058e-08
1.999999987845058e-08
1.999999987845058e-08
5.861447811126709
-1.999999987845058e-08
-1.999999987845058e-08
-1.999999987845058e-08
15.925850868225098
1.999999987845058e-08
1.999999987845058e-08
1.999999987845058e-08
13.921224594116211
-1.999999987845058e-08
-1.999999987845058e-08
-1.999999987845058e-08
-3.896045446395874
1.999999987845058e-08
1.999999987845058e-08
1.999999987845058e-08
-27.40748405456543
-1.999999987845058e-08
-1.999999987845058e-08
-1.999999987845058e-08
-21.774072647094727
1.999999987845058e-08
1.999999987845058e-08
1.999999987845058e-08
-17.41167640686035
-1.999999987845058e-08
-1.999999987845058e-08
-1.999999987845058e-08
-11.826869010925293
1.999999987845058e-08
1.999999987845058e-08
1.999999987845058e-08
3.341223955154419
-1.999999987845058e-08
-1.999999987845058e-08
-1.999999987845058e-08
19.933189392089844
1.999999987845058e-08
1.999999987845058e-08
1.999999987845058e-08
21.733882904052734
-1.999999987845058e-08
-1.999999987845058e-08
-1.999999987845058e-08
7.3985466957092285
1.999999987845058e-08
1.999999987845058e-08
1.999999987845058e-08
-9.152416229248047
-1.999999987845058e-08
-1.999999987845058e-08
-1.999999987845058e-08
-14.55901050567627
1.999999987845058e-08
1.999999987845058e-08
1.999999987845058e-08
7.3985466957092285
-1.999999987845058e-08
-1.999999987845058e-08
-1.999999987845058e-08
-9.152416229248047
1.999999987845058e-08
1.999999987845058e-08
1.999999987845058e-08
-14.55901050567627
-1.999999987845058e-08
-1.999999987845058e-08
-1.999999987845058e-08
-8.384653091430664
1.999999987845058e-08
1.999999987845058e-08
1.999999987845058e-08
-2.0072078704833984
-1.999999987845058e-08
-1.999999987845058e-08
-1.999999987845058e-08
-5.354587078094482
1.999999987845058e-08
1.999999987845058e-08
1.999999987845058e-08
-15.967765808105469
-1.999999987845058e-08
-1.999999987845058e-08
-1.999999987845058e-08
-21.802021026611328
1.999999987845058e-08
1.999999987845058e-08
1.999999987845058e-08
-14.688673973083496
-1.999999987845058e-08
-1.999999987845058e-08
-1.999999987845058e-08
0.44775390625
1.999999987845058e-08
1.999999987845058e-08
1.999999987845058e-08
11.487704277038574
-1.999999987845058e-08
-1.999999987845058e-08
-1.999999987845058e-08
9.4995756149292
1.999999987845058e-08
1.999999987845058e-08
1.999999987845058e-08
-6.184410572052002
-1.999999987845058e-08
-1.999999987845058e-08
-1.999999987845058e-08
-25.024707794189453
1.999999987845058e-08
1.999999987845058e-08
1.999999987845058e-08
-30.062644958496094
-1.999999987845058e-08
-1.999999987845058e-08
-1.999999987845058e-08
-14.292327880859375
1.999999987845058e-08
1.999999987845058e-08
1.999999987845058e-08
7.790341377258301
-1.999999987845058e-08
-1.999999987845058e-08
-1.999999987845058e-08
13.445332527160645
1.999999987845058e-08
1.999999987845058e-08
1.999999987845058e-08
-0.6623384356498718
-1.999999987845058e-08
-1.999999987845058e-08
-1.999999987845058e-08
-13.673966407775879
1.999999987845058e-08
1.999999987845058e-08
1.999999987845058e-08
-7.953411102294922
-1.999999987845058e-08
-1.999999987845058e-08
-1.999999987845058e-08
8.977472305297852
1.999999987845058e-08
1.999999987845058e-08
1.999999987845058e-08
16.25902557373047
-1.999999987845058e-08
-1.999999987845058e-08
-1.999999987845058e-08
4.2496137619018555
1.999999987845058e-08
1.999999987845058e-08
1.999999987845058e-08
-17.9008846282959
-1.999999987845058e-08
-1.999999987845058e-08
-1.999999987845058e-08
-32.64791488647461
1.999999987845058e-08
1.999999987845058e-08
1.999999987845058e-08
-30.02628517150879
-1.999999987845058e-08
-1.999999987845058e-08
-1.999999987845058e-08
-15.393110275268555
1.999999987845058e-08
1.999999987845058e-08
1.999999987845058e-08
-2.251080274581909
-1.999999987845058e-08
-1.999999987845058e-08
-1.999999987845058e-08
1.2855209112167358
1.999999987845058e-08
1.999999987845058e-08
1.999999987845058e-08
-0.43367716670036316
-1.999999987845058e-08
-1.999999987845058e-08
-1.999999987845058e-08
1.1284663677215576
1.999999987845058e-08
1.999999987845058e-08
1.999999987845058e-08
6.357386589050293
-1.999999987845058e-08
-1.999999987845058e-08
-1.999999987845058e-08
10.565853118896484
1.999999987845058e-08
1.999999987845058e-08
1.999999987845058e-08
9.504545211791992
-1.999999987845058e-08
-1.999999987845058e-08
-1.999999987845058e-08
-0.2687670588493347
1.999999987845058e-08
1.999999987845058e-08
1.999999987845058e-08
-13.313094139099121
-1.999999987845058e-08
-1.999999987845058e-08
-1.999999987845058e-08
-17.841567993164062
1.999999987845058e-08
1.999999987845058e-08
1.999999987845058e-08
-13.4118070602417
-1.999999987845058e-08
-1.999999987845058e-08
-1.999999987845058e-08
-10.551287651062012
1.999999987845058e-08
1.999999987845058e-08
1.999999987845058e-08
-13.638266563415527
-1.999999987845058e-08
-1.999999987845058e-08
-1.999999987845058e-08
-16.042306900024414
1.999999987845058e-08
1.999999987845058e-08
1.999999987845058e-08
-11.456992149353027
-1.999999987845058e-08
-1.999999987845058e-08
-1.999999987845058e-08
-3.144282817840576
1.999999987845058e-08
1.999999987845058e-08
1.999999987845058e-08
0.6662778854370117
-1.999999987845058e-08
-1.999999987845058e-08
-1.999999987845058e-08
-2.4355173110961914
1.999999987845058e-08
1.999999987845058e-08
1.999999987845058e-08
-6.055452823638916
-1.999999987845058e-08
-1.999999987845058e-08
-1.999999987845058e-08
-3.9311037063598633
1.999999987845058e-08
1.999999987845058e-08
1.999999987845058e-08
2.306401252746582
-1.999999987845058e-08
-1.999999987845058e-08
-1.999999987845058e-08
6.9203410148620605
1.999999987845058e-08
1.999999987845058e-08
1.999999987845058e-08
5.27720308303833
-1.999999987845058e-08
-1.999999987845058e-08
-1.999999987845058e-08
-4.539329528808594
1.999999987845058e-08
1.999999987845058e-08
1.999999987845058e-08
-17.901792526245117
-1.999999987845058e-08
-1.999999987845058e-08
-1.999999987845058e-08
-23.04452896118164
1.999999987845058e-08
1.999999987845058e-08
1.999999987845058e-08
-12.537249565124512
-1.999999987845058e-08
-1.999999987845058e-08
-1.999999987845058e-08
5.860050201416016
1.999999987845058e-08
1.999999987845058e-08
1.999999987845058e-08
18.816282272338867
-1.999999987845058e-08
-1.999999987845058e-08
-1.999999987845058e-08
22.03164291381836
1.999999987845058e-08
1.999999987845058e-08
1.999999987845058e-08
17.069236755371094
-1.999999987845058e-08
-1.999999987845058e-08
-1.999999987845058e-08
7.062077522277832
1.999999987845058e-08
1.999999987845058e-08
1.999999987845058e-08
-0.4156842827796936
-1.999999987845058e-08
-1.999999987845058e-08
-1.999999987845058e-08
2.617008686065674
1.999999987845058e-08
1.999999987845058e-08
1.999999987845058e-08
3.590541124343872
-1.999999987845058e-08
-1.999999987845058e-08
-1.999999987845058e-08
2.410782814025879
1.999999987845058e-08
1.999999987845058e-08
1.999999987845058e-08
-0.402597576379776
-1.999999987845058e-08
-1.999999987845058e-08
-1.999999987845058e-08
-5.391757965087891
1.999999987845058e-08
1.999999987845058e-08
1.999999987845058e-08
-11.86190414428711
-1.999999987845058e-08
-1.999999987845058e-08
-1.999999987845058e-08
-17.21429443359375
1.999999987845058e-08
1.999999987845058e-08
1.999999987845058e-08
-18.68658447265625
-1.999999987845058e-08
-1.999999987845058e-08
-1.999999987845058e-08
-15.823372840881348
1.999999987845058e-08
1.999999987845058e-08
1.999999987845058e-08
-9.45355224609375
-1.999999987845058e-08
-1.999999987845058e-08
-1.999999987845058e-08
-1.2343815565109253
1.999999987845058e-08
1.999999987845058e-08
1.999999987845058e-08
4.734047889709473
-1.999999987845058e-08
-1.999999987845058e-08
-1.999999987845058e-08
6.65310001373291
1.999999987845058e-08
1.999999987845058e-08
1.999999987845058e-08
6.319568157196045
-1.999999987845058e-08
-1.999999987845058e-08
-1.999999987845058e-08
1.9995841979980469
1.999999987845058e-08
1.999999987845058e-08
1.999999987845058e-08
-7.41974401473999
-1.999999987845058e-08
-1.999999987845058e-08
-1.999999987845058e-08
-13.282888412475586
1.999999987845058e-08
1.999999987845058e-08
1.999999987845058e-08
-6.294950008392334
-1.999999987845058e-08
-1.999999987845058e-08
-1.999999987845058e-08
9.74013614654541
1.999999987845058e-08
1.999999987845058e-08
1.999999987845058e-08
1.9995840787887573
-1.999999987845058e-08
-1.999999987845058e-08
-1.999999987845058e-08
-7.41974401473999
1.999999987845058e-08
1.999999987845058e-08
1.999999987845058e-08
-13.282888412475586
-1.999999987845058e-08
-1.999999987845058e-08
-1.999999987845058e-08
-6.294950008392334
1.999999987845058e-08
1.999999987845058e-08
1.999999987845058e-08
9.74013614654541
-1.999999987845058e-08
-1.999999987845058e-08
-1.999999987845058e-08
21.43280792236328
1.999999987845058e-08
1.999999987845058e-08
1.999999987845058e-08
18.270421981811523
-1.999999987845058e-08
-1.999999987845058e-08
-1.999999987845058e-08
2.0155766010284424
1.999999987845058e-08
1.999999987845058e-08
1.999999987845058e-08
-13.056138038635254
-1.999999987845058e-08
-1.999999987845058e-08
-1.999999987845058e-08
-14.161216735839844
1.999999987845058e-08
1.999999987845058e-08
1.999999987845058e-08
-11.121138572692871
-1.999999987845058e-08
-1.999999987845058e-08
-1.999999987845058e-08
-11.46238899230957
1.999999987845058e-08
1.999999987845058e-08
1.999999987845058e-08
-8.441267967224121
-1.999999987845058e-08
-1.999999987845058e-08
-1.999999987845058e-08
-3.571910858154297
1.999999987845058e-08
1.999999987845058e-08
1.999999987845058e-08
-1.1082457304000854
-1.999999987845058e-08
-1.999999987845058e-08
-1.999999987845058e-08
-2.7864654064178467
1.999999987845058e-08
1.999999987845058e-08
1.999999987845058e-08
-0.357039213180542
-1.999999987845058e-08
-1.999999987845058e-08
-1.999999987845058e-08
12.202125549316406
1.999999987845058e-08
1.999999987845058e-08
1.999999987845058e-08
26.571598052978516
-1.999999987845058e-08
-1.999999987845058e-08
-1.999999987845058e-08
29.565202713012695
1.999999987845058e-08
1.999999987845058e-08
1.999999987845058e-08
-0.35592547059059143
-1.999999987845058e-08
-1.999999987845058e-08
-1.999999987845058e-08
-2.602959156036377
1.999999987845058e-08
1.999999987845058e-08
1.999999987845058e-08
15.93860912322998
-1.999999987845058e-08
-1.999999987845058e-08
-1.999999987845058e-08
36.175960540771484
1.999999987845058e-08
1.999999987845058e-08
1.999999987845058e-08
36.93947982788086
-1.999999987845058e-08
-1.999999987845058e-08
-1.999999987845058e-08
20.217653274536133
1.999999987845058e-08
1.999999987845058e-08
1.999999987845058e-08
3.5914947986602783
-1.999999987845058e-08
-1.999999987845058e-08
-1.999999987845058e-08
-3.0940234661102295
1.999999987845058e-08
1.999999987845058e-08
1.999999987845058e-08
-1.2708606719970703
-1.999999987845058e-08
-1.999999987845058e-08
-1.999999987845058e-08
8.02206039428711
1.999999987845058e-08
1.999999987845058e-08
1.999999987845058e-08
39.93234634399414
-1.999999987845058e-08
-1.999999987845058e-08
-1.999999987845058e-08
47.017391204833984
1.999999987845058e-08
1.999999987845058e-08
1.999999987845058e-08
42.20613479614258
-1.999999987845058e-08
-1.999999987845058e-08
-1.999999987845058e-08
26.664278030395508
1.999999987845058e-08
1.999999987845058e-08
1.999999987845058e-08
7.194765090942383
-1.999999987845058e-08
-1.999999987845058e-08
-1.999999987845058e-08
-4.455504894256592
1.999999987845058e-08
1.999999987845058e-08
1.999999987845058e-08
-1.4311901330947876
-1.999999987845058e-08
-1.999999987845058e-08
-1.999999987845058e-08
10.29895305633545
1.999999987845058e-08
1.999999987845058e-08
1.999999987845058e-08
18.274538040161133
-1.999999987845058e-08
-1.999999987845058e-08
-1.999999987845058e-08
16.02236557006836
1.999999987845058e-08
1.999999987845058e-08
1.999999987845058e-08
-2.800776243209839
-1.999999987845058e-08
-1.999999987845058e-08
-1.999999987845058e-08
-0.9979750514030457
1.999999987845058e-08
1.999999987845058e-08
1.999999987845058e-08
8.700157165527344
-1.999999987845058e-08
-1.999999987845058e-08
-1.999999987845058e-08
13.111077308654785
1.999999987845058e-08
1.999999987845058e-08
1.999999987845058e-08
8.109526634216309
-1.999999987845058e-08
-1.999999987845058e-08
-1.999999987845058e-08
2.706085443496704
1.999999987845058e-08
1.999999987845058e-08
1.999999987845058e-08
