0
-40.377811431884766
2.601027727127075
6.7053351402282715
1.999999987845058e-08
-42.25457000732422
0.3946600556373596
4.350225448608398
-1.999999987845058e-08
-28.170743942260742
0.9322513937950134
2.0431196689605713
1.999999987845058e-08
-3.6166322231292725
7.1948933601379395
4.688560485839844
-1.999999987845058e-08
16.132579803466797
11.417698860168457
7.699258804321289
1.999999987845058e-08
18.731983184814453
10.368243217468262
7.916631698608398
-1.999999987845058e-08
10.636180877685547
11.317455291748047
9.165085792541504
1.999999987845058e-08
8.943632125854492
15.325984954833984
10.86650562286377
-1.999999987845058e-08
16.50802230834961
16.35015869140625
9.517927169799805
1.999999987845058e-08
21.496383666992188
16.765268325805664
9.3711576461792
-1.999999987845058e-08
16.816299438476562
21.443132400512695
14.50875186920166
1.999999987845058e-08
7.276985168457031
24.59548568725586
18.338773727416992
-1.999999987845058e-08
1.5607051849365234
22.167211532592773
16.194103240966797
1.999999987845058e-08
-1.1063183546066284
20.90768814086914
15.305402755737305
-1.999999987845058e-08
-11.230484962463379
21.408220291137695
18.725982666015625
1.999999987845058e-08
-28.34665298461914
15.428128242492676
17.224889755249023
-1.999999987845058e-08
-35.85576248168945
5.709832668304443
7.9282636642456055
1.999999987845058e-08
-27.438264846801758
2.188356637954712
-0.19920937716960907
-1.999999987845058e-08
-16.829853057861328
3.3838706016540527
-3.2993664741516113
1.999999987845058e-08
-10.018424034118652
6.564760684967041
-4.790316104888916
-1.999999987845058e-08
-2.827618360519409
11.65226936340332
-1.3403372764587402
1.999999987845058e-08
2.9866976737976074
14.416370391845703
3.4468088150024414
-1.999999987845058e-08
2.2002928256988525
14.710558891296387
7.0292744636535645
1.999999987845058e-08
-6.798428058624268
13.4559965133667
7.526020050048828
-1.999999987845058e-08
-20.580463409423828
7.145253658294678
3.16977858543396
1.999999987845058e-08
-27.533414840698242
-0.6472582221031189
-2.0463063716888428
-1.999999987845058e-08
-21.152236938476562
-0.1497233808040619
-2.039313316345215
1.999999987845058e-08
-12.39645004272461
5.338705062866211
-1.2496281862258911
-1.999999987845058e-08
-13.301244735717773
4.569097518920898
-6.433413505554199
1.999999987845058e-08
-20.342361450195312
1.081101417541504
-4.365209102630615
-1.999999987845058e-08
-12.147054672241211
2.803030014038086
2.467400312423706
1.999999987845058e-08
-1.0610145330429077
-0.1568405032157898
2.4929890632629395
-1.999999987845058e-08
4.501429080963135
-0.7665734887123108
4.249953746795654
1.999999987845058e-08
2.9356849193573
4.230669975280762
11.723138809204102
-1.999999987845058e-08
-3.0635080337524414
4.038174629211426
13.65174674987793
1.999999987845058e-08
-13.240408897399902
-4.459344863891602
7.972192287445068
-1.999999987845058e-08
-25.254186630249023
-7.97397518157959
7.779374599456787
1.999999987845058e-08
-32.121944427490234
-2.0598485469818115
14.372796058654785
-1.999999987845058e-08
-28.7435359954834
1.3289605379104614
14.329225540161133
1.999999987845058e-08
-25.254186630249023
-7.973975658416748
7.779374599456787
-1.999999987845058e-08
-32.121944427490234
-2.0598483085632324
14.372796058654785
1.999999987845058e-08
-28.7435359954834
1.3289604187011719
14.329225540161133
-1.999999987845058e-08
-15.8941011428833
-1.2445086240768433
6.2352399826049805
1.999999987845058e-08
0.06546712666749954
0.4036671817302704
2.5284159183502197
-1.999999987845058e-08
8.249106407165527
8.386581420898438
7.339134216308594
1.999999987845058e-08
2.461019515991211
13.489952087402344
13.56165599822998
-1.999999987845058e-08
-9.077920913696289
11.33829116821289
15.652284622192383
1.999999987845058e-08
-14.11089038848877
5.575430870056152
12.61745834350586
-1.999999987845058e-08
-9.139192581176758
0.683052122592926
6.13296365737915
1.999999987845058e-08
1.240011215209961
-1.2043275833129883
1.393795132637024
-1.999999987845058e-08
7.101560592651367
-2.4590187072753906
1.3231942653656006
1.999999987845058e-08
3.099109649658203
-6.301599979400635
1.616803526878357
-1.999999987845058e-08
-6.868594646453857
-9.371143341064453
0.6046409010887146
1.999999987845058e-08
-18.53273582458496
-9.084752082824707
2.0170881748199463
-1.999999987845058e-08
-25.714113235473633
-13.104473114013672
1.482432246208191
1.999999987845058e-08
-22.78867530822754
-24.32740592956543
-6.837408065795898
-1.999999987845058e-08
-18.359651565551758
-29.831016540527344
-13.48086166381836
1.999999987845058e-08
-21.263504028320312
-24.418405532836914
-11.811490058898926
-1.999999987845058e-08
-20.035722732543945
-21.84869384765625
-13.296259880065918
1.999999987845058e-08
20.744056701660156
-18.824722290039062
-14.749996185302734
-1.999999987845058e-08
36.62984085083008
-3.2943625450134277
-0.576076328754425
1.999999987845058e-08
33.957645416259766
0.3293810486793518
3.1663529872894287
-1.999999987845058e-08
10.361431121826172
-11.426816940307617
-3.9440507888793945
1.999999987845058e-08
-15.561456680297852
-18.89102554321289
-6.0684967041015625
-1.999999987845058e-08
-16.249666213989258
-13.961883544921875
-2.9607656002044678
1.999999987845058e-08
8.671213150024414
-6.223608016967773
-3.7047905921936035
-1.999999987845058e-08
30.456802368164062
-0.22603143751621246
-4.2936506271362305
1.999999987845058e-08
29.188575744628906
4.57498025894165
0.9532739520072937
-1.999999987845058e-08
14.218626022338867
3.5022263526916504
4.607495307922363
1.999999987845058e-08
5.543826580047607
-3.289268970489502
1.5009701251983643
-1.999999987845058e-08
9.983351707458496
-6.646125793457031
-1.1233782768249512
1.999999987845058e-08
18.81404685974121
-4.246743202209473
1.0418944358825684
-1.999999987845058e-08
20.525360107421875
-2.4678142070770264
3.4544575214385986
1.999999987845058e-08
13.15275764465332
-2.3540608882904053
4.773470878601074
-1.999999987845058e-08
7.106582164764404
-1.26444411277771
6.582454204559326
1.999999987845058e-08
13.176429748535156
-1.5017536878585815
5.472762584686279
-1.999999987845058e-08
26.06708335876465
-3.715574264526367
0.8620370626449585
1.999999987845058e-08
29.745506286621094
-2.850950241088867
0.1743680238723755
-1.999999987845058e-08
19.35801124572754
1.314002513885498
5.4528584480285645
1.999999987845058e-08
29.745506286621094
-2.850950241088867
0.1743680238723755
-1.999999987845058e-08
19.35801124572754
1.314002513885498
5.4528584480285645
1.999999987845058e-08
5.184928894042969
2.270080089569092
8.29653263092041
-1.999999987845058e-08
-4.220197677612305
-1.7646334171295166
3.9806175231933594
1.999999987845058e-08
-11.047630310058594
-5.908793926239014
-1.9961673021316528
-1.999999987845058e-08
-15.697612762451172
-6.579996585845947
-4.331136703491211
1.999999987845058e-08
-9.945298194885254
-4.046363353729248
-4.820947170257568
-1.999999987845058e-08
6.786625862121582
-1.813928484916687
-8.338930130004883
1.999999987845058e-08
23.466514587402344
-3.4757614135742188
-16.064556121826172
-1.999999987845058e-08
32.59365463256836
-5.230900287628174
-20.394508361816406
1.999999987845058e-08
14.361300468444824
4.45537805557251
-0.013548885472118855
-1.999999987845058e-08
-8.002374649047852
-0.6567158699035645
0.9320970773696899
1.999999987845058e-08
-18.556413650512695
-8.36148452758789
-6.6479363441467285
-1.999999987845058e-08
-9.067846298217773
-4.0199127197265625
-6.643251419067383
1.999999987845058e-08
12.734759330749512
5.646007537841797
-1.9578125476837158
-1.999999987845058e-08
34.042354583740234
5.72116231918335
-6.190614223480225
1.999999987845058e-08
43.389320373535156
2.466167449951172
-11.809547424316406
-1.999999987845058e-08
33.787841796875
7.667497158050537
-3.389232635498047
1.999999987845058e-08
9.992575645446777
12.388781547546387
10.284632682800293
-1.999999987845058e-08
-9.332870483398438
6.886437892913818
11.387660026550293
1.999999987845058e-08
-9.332870483398438
6.886437892913818
11.387660026550293
-1.999999987845058e-08
-4.3044891357421875
4.198836326599121
4.794942378997803
1.999999987845058e-08
23.23367691040039
16.397584915161133
6.551232814788818
-1.999999987845058e-08
47.87724304199219
31.02171516418457
16.61717987060547
1.999999987845058e-08
53.15394592285156
33.10710906982422
24.104930877685547
-1.999999987845058e-08
45.89768981933594
26.611568450927734
25.32309913635254
1.999999987845058e-08
31.392972946166992
19.921924591064453
22.805997848510742
-1.999999987845058e-08
6.294427394866943
13.266525268554688
18.14044189453125
1.999999987845058e-08
-21.63458251953125
6.415125370025635
12.053956985473633
-1.999999987845058e-08
-36.25797653198242
0.8439383506774902
3.6816537380218506
1.999999987845058e-08
-32.698753356933594
-3.957892894744873
-8.212493896484375
-1.999999987845058e-08
-18.331710815429688
-6.158011436462402
-18.76915168762207
1.999999987845058e-08
-4.510984420776367
-3.149561882019043
-21.257343292236328
-1.999999987845058e-08
-2.2237305641174316
0.191154345870018
-18.766033172607422
1.999999987845058e-08
-11.986997604370117
-1.3385611772537231
-18.992305755615234
-1.999999987845058e-08
-20.352970123291016
-2.9067375659942627
-21.20992660522461
1.999999987845058e-08
-18.425506591796875
-0.23742620646953583
-20.96901512145996
-1.999999987845058e-08
-16.022632598876953
0.8805596232414246
-19.42391586303711
1.999999987845058e-08
-24.24738883972168
-3.4675698280334473
-19.772823333740234
-1.999999987845058e-08
-30.430191040039062
-7.513243198394775
-23.6209716796875
1.999999987845058e-08
26.011796951293945
-1.4401534795761108
-32.850830078125
-1.999999987845058e-08
48.24483108520508
3.1696653366088867
-24.43070411682129
1.999999987845058e-08
40.3712272644043
4.042387962341309
-12.87210750579834
-1.999999987845058e-08
20.387989044189453
-0.4530383050441742
-9.879015922546387
1.999999987845058e-08
4.832161903381348
-5.249827861785889
-10.40071964263916
-1.999999987845058e-08
-6.793812274932861
-4.8546905517578125
-5.977481365203857
1.999999987845058e-08
-14.519527435302734
-3.4850776195526123
-5.479422092437744
-1.999999987845058e-08
-13.447086334228516
-6.147792339324951
-15.047022819519043
1.999999987845058e-08
-5.470808506011963
-7.249281406402588
-19.393653869628906
-1.999999987845058e-08
1.0011812448501587
-2.6231961250305176
-10.27959156036377
1.999999987845058e-08
-0.7234911918640137
0.3900081515312195
-4.51184606552124
-1.999999987845058e-08
-11.294703483581543
-1.844417691230774
-10.55301570892334
1.999999987845058e-08
-21.94373893737793
-1.3814365863800049
-11.841775894165039
-1.999999987845058e-08
-21.003995895385742
3.979506731033325
-1.7390100955963135
1.999999987845058e-08
-11.885910987854004
4.908616065979004
1.9038630723953247
-1.999999987845058e-08
-10.327523231506348
-1.4696677923202515
-8.397624969482422
1.999999987845058e-08
-18.445837020874023
-7.533107757568359
-16.12544822692871
-1.999999987845058e-08
-21.438369750976562
-10.02060317993164
-12.090011596679688
1.999999987845058e-08
-12.861557006835938
-10.920730590820312
-7.518742561340332
-1.999999987845058e-08
-4.0318603515625
-9.45322322845459
-9.912260055541992
1.999999987845058e-08
-4.460492134094238
-6.837482929229736
-11.927877426147461
-1.999999987845058e-08
-7.33050012588501
-7.011261463165283
-6.91555118560791
1.999999987845058e-08
-0.23480695486068726
-6.862452030181885
1.1352629661560059
-1.999999987845058e-08
15.313650131225586
-1.4583778381347656
4.877743721008301
1.999999987845058e-08
24.94707489013672
4.931407928466797
4.906345844268799
-1.999999987845058e-08
24.59842872619629
7.934554100036621
9.198844909667969
1.999999987845058e-08
25.77620506286621
10.527484893798828
18.447298049926758
-1.999999987845058e-08
33.44447326660156
12.212715148925781
21.403339385986328
1.999999987845058e-08
38.07093811035156
9.276498794555664
14.3507080078125
-1.999999987845058e-08
34.922569274902344
7.10828161239624
10.716913223266602
1.999999987845058e-08
34.07407760620117
12.550538063049316
21.85029411315918
-1.999999987845058e-08
30.193681716918945
5.951310634613037
15.456103324890137
1.999999987845058e-08
14.811434745788574
1.023534893989563
9.67193603515625
-1.999999987845058e-08
-5.061313152313232
1.674595832824707
11.205423355102539
1.999999987845058e-08
-16.355756759643555
-2.4828479290008545
10.039706230163574
-1.999999987845058e-08
-10.899001121520996
-11.332679748535156
1.8813436031341553
1.999999987845058e-08
6.359622955322266
-11.661895751953125
-3.6266930103302
-1.999999987845058e-08
20.22974967956543
-4.182714939117432
-1.8595656156539917
1.999999987845058e-08
21.385417938232422
-1.9705289602279663
2.369436264038086
-1.999999987845058e-08
17.94216537475586
-4.4438862800598145
6.37402868270874
1.999999987845058e-08
17.94216537475586
-4.4438862800598145
6.37402868270874
-1.999999987845058e-08
24.028583526611328
-2.2506914138793945
8.21326732635498
1.999999987845058e-08
34.866722106933594
1.1235302686691284
5.329177379608154
-1.999999987845058e-08
31.294727325439453
-1.8791190385818481
3.5171430110931396
1.999999987845058e-08
13.652710914611816
-6.54488468170166
9.56283950805664
-1.999999987845058e-08
0.6902221441268921
-6.984173774719238
16.084468841552734
1.999999987845058e-08
0.7084062099456787
-6.051428318023682
12.980548858642578
-1.999999987845058e-08
11.855049133300781
-5.327003002166748
5.554433345794678
1.999999987845058e-08
30.099340438842773
-3.2543535232543945
4.191425800323486
-1.999999987845058e-08
42.92720413208008
-2.2734971046447754
7.472235202789307
1.999999987845058e-08
42.92720413208008
-2.2734971046447754
7.472235202789307
-1.999999987845058e-08
36.04374313354492
-4.201381683349609
9.14387321472168
1.999999987845058e-08
11.850452423095703
-5.937736988067627
9.263408660888672
-1.999999987845058e-08
-10.06904411315918
-6.414650917053223
8.764947891235352
1.999999987845058e-08
-16.77989387512207
-8.196505546569824
5.254305839538574
-1.999999987845058e-08
-15.877301216125488
-10.875861167907715
-1.0248417854309082
1.999999987845058e-08
-15.460898399353027
-11.298992156982422
-6.610894203186035
-1.999999987845058e-08
-9.399837493896484
-8.747780799865723
-9.315404891967773
1.999999987845058e-08
4.141190528869629
-4.257964611053467
-8.207685470581055
-1.999999987845058e-08
15.061281204223633
0.9453455209732056
-4.971488952636719
1.999999987845058e-08
3.2641379833221436
3.975583076477051
7.423381805419922
-1.999999987845058e-08
6.988493919372559
8.165148735046387
8.547658920288086
1.999999987845058e-08
14.884373664855957
8.173941612243652
3.8558084964752197
-1.999999987845058e-08
16.411640167236328
8.75284194946289
4.693608283996582
1.999999987845058e-08
6.91241979598999
11.56332778930664
10.282211303710938
-1.999999987845058e-08
-8.760743141174316
11.104691505432129
9.378809928894043
1.999999987845058e-08
-24.138986587524414
6.217108726501465
2.820578098297119
-1.999999987845058e-08
-36.615562438964844
0.8303442001342773
-0.03144455328583717
1.999999987845058e-08
-45.404869079589844
-4.079559803009033
-1.6205776929855347
-1.999999987845058e-08
-49.05522537231445
-7.790717601776123
-9.496600151062012
1.999999987845058e-08
-49.05522537231445
-7.790717601776123
-9.496600151062012
-1.999999987845058e-08
-45.50349807739258
-6.991552829742432
-18.43561553955078
1.999999987845058e-08
-33.95309829711914
-3.104029655456543
-19.612642288208008
-1.999999987845058e-08
-18.981056213378906
-1.578373670578003
-16.33043098449707
1.999999987845058e-08
-11.028707504272461
-1.6502741575241089
-14.866677284240723
-1.999999987845058e-08
-14.355110168457031
0.4113312065601349
-13.177099227905273
1.999999987845058e-08
-17.988662719726562
1.6759060621261597
-9.058008193969727
-1.999999987845058e-08
-10.899852752685547
0.0009512187680229545
-5.079609394073486
1.999999987845058e-08
3.2695531845092773
1.4050370454788208
-2.1144750118255615
-1.999999987845058e-08
14.510038375854492
7.041784286499023
0.8640390038490295
1.999999987845058e-08
3.2695531845092773
1.4050370454788208
-2.1144750118255615
-1.999999987845058e-08
14.510038375854492
7.041784286499023
0.8640390038490295
1.999999987845058e-08
14.127630233764648
7.164865016937256
3.827892541885376
-1.999999987845058e-08
-3.1589882373809814
-1.2868847846984863
6.9796223640441895
1.999999987845058e-08
-28.36981773376465
-7.749398231506348
9.068236351013184
-1.999999987845058e-08
-39.9041862487793
-5.561493873596191
7.133786678314209
1.999999987845058e-08
-28.120615005493164
-0.2411402314901352
3.00655460357666
-1.999999987845058e-08
-7.962367534637451
2.81178617477417
3.4014956951141357
1.999999987845058e-08
0.8345336318016052
4.245176315307617
8.445192337036133
-1.999999987845058e-08
-2.3211934566497803
4.966042995452881
9.57568359375
1.999999987845058e-08
20.664154052734375
10.661956787109375
1.8782588243484497
-1.999999987845058e-08
23.886892318725586
13.653233528137207
1.0659728050231934
1.999999987845058e-08
14.050628662109375
17.628854751586914
4.031802654266357
-1.999999987845058e-08
4.675043106079102
16.718387603759766
4.117701053619385
1.999999987845058e-08
6.276050090789795
11.341550827026367
-0.05924495309591293
-1.999999987845058e-08
8.373649597167969
8.980497360229492
0.6425848007202148
1.999999987845058e-08
4.995532512664795
11.056695938110352
5.5464253425598145
-1.999999987845058e-08
8.204315185546875
12.33123779296875
4.57523250579834
1.999999987845058e-08
22.24712371826172
12.349943161010742
0.02683134190738201
-1.999999987845058e-08
30.635520935058594
13.614824295043945
2.318601608276367
1.999999987845058e-08
18.877111434936523
12.972373962402344
9.542651176452637
-1.999999987845058e-08
-5.191091537475586
7.6095290184021
12.830421447753906
1.999999987845058e-08
-22.329601287841797
1.8393340110778809
12.240837097167969
-1.999999987845058e-08
-27.068695068359375
-1.1160261631011963
11.472538948059082
1.999999987845058e-08
-30.702743530273438
-3.474771022796631
9.175555229187012
-1.999999987845058e-08
-39.522552490234375
-4.7533721923828125
6.096014499664307
1.999999987845058e-08
-46.49297332763672
-2.8838918209075928
6.5490193367004395
-1.999999987845058e-08
-46.05296325683594
-1.9848753213882446
7.512054920196533
1.999999987845058e-08
-41.52065658569336
-4.71876859664917
2.292464256286621
-1.999999987845058e-08
-37.27986145019531
-5.534521579742432
-5.762035369873047
1.999999987845058e-08
-29.67117691040039
-2.6565558910369873
-9.533682823181152
-1.999999987845058e-08
-12.891838073730469
-1.3757187128067017
-9.254888534545898
1.999999987845058e-08
2.7996585369110107
-0.7624779343605042
-5.576531410217285
-1.999999987845058e-08
1.7970608472824097
3.9843149185180664
2.0658047199249268
1.999999987845058e-08
-9.628706932067871
7.559786319732666
7.5206122398376465
-1.999999987845058e-08
-15.049792289733887
3.5916287899017334
7.232154369354248
1.999999987845058e-08
-7.463932514190674
1.220735788345337
9.206160545349121
-1.999999987845058e-08
10.488792419433594
9.8527193069458
17.941701889038086
1.999999987845058e-08
22.60654067993164
19.417098999023438
25.5236759185791
-1.999999987845058e-08
15.848998069763184
18.061201095581055
25.523303985595703
1.999999987845058e-08
2.028430461883545
10.616809844970703
20.099716186523438
-1.999999987845058e-08
-3.358156681060791
4.718698978424072
11.902527809143066
1.999999987845058e-08
-2.65087890625
1.319287657737732
3.8102800846099854
-1.999999987845058e-08
-1.6371513605117798
2.8587520122528076
2.62575364112854
1.999999987845058e-08
5.1982951164245605
10.639424324035645
8.856424331665039
-1.999999987845058e-08
23.323204040527344
17.98534393310547
12.585990905761719
1.999999987845058e-08
38.13900375366211
19.2299861907959
10.616517066955566
-1.999999987845058e-08
26.888513565063477
16.22336769104004
10.514275550842285
1.999999987845058e-08
-5.028682231903076
10.054593086242676
12.041200637817383
-1.999999987845058e-08
-27.392780303955078
-0.013005893677473068
7.549795150756836
1.999999987845058e-08
-26.365827560424805
-8.605481147766113
-0.29167330265045166
-1.999999987845058e-08
-17.205345153808594
-10.778115272521973
-4.166836261749268
1.999999987845058e-08
-19.097396850585938
-12.41396427154541
-7.009568691253662
-1.999999987845058e-08
-32.275638580322266
-19.391130447387695
-12.94721508026123
1.999999987845058e-08
-42.43827438354492
-25.653024673461914
-16.67400360107422
-1.999999987845058e-08
-41.442588806152344
-25.440027236938477
-15.707465171813965
1.999999987845058e-08
-34.22222900390625
-23.78976821899414
-16.99940299987793
-1.999999987845058e-08
-27.628206253051758
-24.43390655517578
-21.599720001220703
1.999999987845058e-08
-19.534000396728516
-22.910198211669922
-21.733360290527344
-1.999999987845058e-08
-2.966948986053467
-17.16864585876465
-16.93405532836914
1.999999987845058e-08
20.061555862426758
-10.09036922454834
-13.133687973022461
-1.999999987845058e-08
36.47572708129883
-3.1548922061920166
-9.344465255737305
1.999999987845058e-08
34.62135314941406
1.0421913862228394
-2.4211490154266357
-1.999999987845058e-08
16.76244354248047
-1.0583289861679077
3.9703409671783447
1.999999987845058e-08
-3.1583430767059326
-5.360132217407227
7.122714996337891
-1.999999987845058e-08
-12.127922058105469
-4.053672790527344
9.826905250549316
1.999999987845058e-08
-2.4978878498077393
1.960966944694519
11.779679298400879
-1.999999987845058e-08
24.087411880493164
7.289358139038086
11.968222618103027
1.999999987845058e-08
51.38700866699219
12.520031929016113
16.366918563842773
-1.999999987845058e-08
59.1130485534668
17.707487106323242
26.6583309173584
1.999999987845058e-08
24.087411880493164
7.289358139038086
11.968222618103027
-1.999999987845058e-08
51.38700866699219
12.520031929016113
16.366918563842773
1.999999987845058e-08
59.1130485534668
17.707487106323242
26.6583309173584
-1.999999987845058e-08
39.46622848510742
15.862736701965332
33.06971740722656
1.999999987845058e-08
4.276328086853027
5.012547492980957
30.958223342895508
-1.999999987845058e-08
-19.878284454345703
-5.5949578285217285
26.697071075439453
1.999999987845058e-08
-12.33118724822998
-8.188007354736328
22.559274673461914
-1.999999987845058e-08
18.964092254638672
-3.152796506881714
16.671728134155273
1.999999987845058e-08
43.46554183959961
6.0439629554748535
15.025362014770508
-1.999999987845058e-08
42.076019287109375
13.279748916625977
22.585542678833008
1.999999987845058e-08
23.736629486083984
12.408233642578125
31.491586685180664
-1.999999987845058e-08
6.976992607116699
7.396116733551025
33.83677291870117
1.999999987845058e-08
0.69351726770401
8.0874662399292
32.24891662597656
-1.999999987845058e-08
0.09422799199819565
13.050827980041504
29.855491638183594
1.999999987845058e-08
-7.18921422958374
12.25510025024414
25.4260311126709
-1.999999987845058e-08
-20.602956771850586
5.695876121520996
19.695899963378906
1.999999987845058e-08
-20.84600067138672
2.273238182067871
14.780138969421387
-1.999999987845058e-08
-2.2604565620422363
4.0127153396606445
11.086036682128906
1.999999987845058e-08
12.766867637634277
6.481287956237793
10.035662651062012
-1.999999987845058e-08
6.92163610458374
7.223651885986328
12.102278709411621
1.999999987845058e-08
-10.938199996948242
4.016617298126221
11.64995002746582
-1.999999987845058e-08
-23.845129013061523
-3.5176150798797607
3.892564535140991
1.999999987845058e-08
-26.083738327026367
-8.57641887664795
-6.364953994750977
-1.999999987845058e-08
-21.95459747314453
-6.913621425628662
-12.925543785095215
1.999999987845058e-08
-17.08332633972168
-5.358678340911865
-16.871288299560547
-1.999999987845058e-08
-12.489129066467285
-7.549054145812988
-19.155025482177734
1.999999987845058e-08
-3.5062596797943115
-5.704091548919678
-17.209903717041016
-1.999999987845058e-08
11.686193466186523
2.002441167831421
-13.324065208435059
1.999999987845058e-08
25.46584129333496
5.869287490844727
-12.38731861114502
-1.999999987845058e-08
31.10068702697754
4.567131042480469
-11.772539138793945
1.999999987845058e-08
24.421611785888672
13.660502433776855
0.6054685711860657
-1.999999987845058e-08
5.545304298400879
6.130678176879883
3.7864487171173096
1.999999987845058e-08
-13.072403907775879
0.6191437840461731
7.666868209838867
-1.999999987845058e-08
-20.463960647583008
-0.6850917935371399
7.476192951202393
1.999999987845058e-08
-21.108062744140625
-0.985245406627655
5.171521186828613
-1.999999987845058e-08
-19.356590270996094
-1.0778694152832031
4.483092784881592
1.999999987845058e-08
-7.722125053405762
-1.4610538482666016
1.35202157497406
-1.999999987845058e-08
16.652034759521484
-1.4841431379318237
-5.558628082275391
1.999999987845058e-08
40.5223388671875
1.6795697212219238
-9.20534896850586
-1.999999987845058e-08
47.28529739379883
5.034832954406738
-7.671095371246338
1.999999987845058e-08
34.97198486328125
1.5620683431625366
-6.440396308898926
-1.999999987845058e-08
20.674013137817383
-5.4057841300964355
-5.915235996246338
1.999999987845058e-08
24.735990524291992
-4.908078670501709
-2.8646743297576904
-1.999999987845058e-08
45.82895278930664
2.683149814605713
-0.4977553188800812
1.999999987845058e-08
58.207645416259766
5.857707500457764
-2.2776639461517334
-1.999999987845058e-08
41.82518005371094
0.73625248670578
-3.0885446071624756
1.999999987845058e-08
9.22821044921875
-5.550405025482178
0.07831990718841553
-1.999999987845058e-08
-9.12519359588623
-7.4409966468811035
0.01028869953006506
1.999999987845058e-08
-1.452895164489746
-5.23250675201416
-6.776471138000488
-1.999999987845058e-08
17.092405319213867
-2.424523115158081
-12.705138206481934
1.999999987845058e-08
17.092405319213867
-2.424523115158081
-12.705138206481934
-1.999999987845058e-08
25.379310607910156
-4.271608829498291
-12.932806968688965
1.999999987845058e-08
14.647757530212402
-11.446606636047363
-11.251873016357422
-1.999999987845058e-08
-5.312402248382568
-16.828086853027344
-10.097710609436035
1.999999987845058e-08
-15.48566722869873
-16.707040786743164
-8.5291109085083
-1.999999987845058e-08
-10.799890518188477
-16.998313903808594
-8.242622375488281
1.999999987845058e-08
-7.050053119659424
-21.20001792907715
-10.56844711303711
-1.999999987845058e-08
-16.501005172729492
-24.769779205322266
-12.845661163330078
1.999999987845058e-08
-29.604549407958984
-25.85266876220703
-14.562521934509277
-1.999999987845058e-08
-32.68125915527344
-26.165298461914062
-16.80430793762207
1.999999987845058e-08
-24.340456008911133
-15.725529670715332
-13.066383361816406
-1.999999987845058e-08
-18.462242126464844
-11.646747589111328
-14.688227653503418
1.999999987845058e-08
-10.585088729858398
-12.520238876342773
-20.617597579956055
-1.999999987845058e-08
-11.354263305664062
-12.61693000793457
-22.105182647705078
1.999999987845058e-08
-25.78244400024414
-12.825000762939453
-20.92535972595215
-1.999999987845058e-08
-42.48084259033203
-17.01694679260254
-25.91378402709961
1.999999987845058e-08
-46.81017303466797
-18.689231872558594
-34.0244140625
-1.999999987845058e-08
-34.94466018676758
-12.292619705200195
-36.98465347290039
1.999999987845058e-08
-16.63507652282715
-7.124502182006836
-36.9468879699707
-1.999999987845058e-08
-9.082971572875977
-10.997096061706543
-37.329681396484375
1.999999987845058e-08
-34.66642379760742
-15.813529968261719
-24.39324378967285
-1.999999987845058e-08
-32.857784271240234
-15.195412635803223
-19.038740158081055
1.999999987845058e-08
-19.256088256835938
-17.09819793701172
-18.74551010131836
-1.999999987845058e-08
-12.33813762664795
-16.355180740356445
-17.530412673950195
1.999999987845058e-08
-12.858449935913086
-12.720194816589355
-16.102670669555664
-1.999999987845058e-08
-8.199579238891602
-11.237330436706543
-18.506521224975586
1.999999987845058e-08
3.43485164642334
-11.155519485473633
-20.58330535888672
-1.999999987845058e-08
11.171381950378418
-9.80813217163086
-17.29823875427246
1.999999987845058e-08
10.077794075012207
-9.410115242004395
-12.186100959777832
-1.999999987845058e-08
7.438980579376221
-9.292771339416504
-8.477960586547852
1.999999987845058e-08
11.171381950378418
-9.80813217163086
-17.29823875427246
-1.999999987845058e-08
10.077794075012207
-9.410115242004395
-12.186100959777832
1.999999987845058e-08
7.438980579376221
-9.292771339416504
-8.477960586547852
-1.999999987845058e-08
5.037197589874268
-6.01987886428833
-4.337630748748779
1.999999987845058e-08
-6.2636895179748535
-4.56158971786499
-2.6107776165008545
-1.999999987845058e-08
-25.90523910522461
-9.971713066101074
-7.7800421714782715
1.999999987845058e-08
-35.370357513427734
-13.226624488830566
-14.22016716003418
-1.999999987845058e-08
-20.889318466186523
-6.126596927642822
-14.166543960571289
1.999999987845058e-08
2.6887669563293457
2.2222862243652344
-9.112346649169922
-1.999999987845058e-08
7.44743537902832
1.8295639753341675
-3.007007360458374
1.999999987845058e-08
-6.853343486785889
-1.936777949333191
-0.42297083139419556
-1.999999987845058e-08
9.854883193969727
-0.4618697166442871
-2.697476625442505
1.999999987845058e-08
14.848466873168945
1.8415333032608032
0.7331663370132446
-1.999999987845058e-08
0.805674135684967
1.148245930671692
2.722304105758667
1.999999987845058e-08
-21.13649559020996
-3.455378293991089
-1.4967858791351318
-1.999999987845058e-08
-30.30191993713379
-7.480997562408447
-8.226490020751953
1.999999987845058e-08
-22.301578521728516
-11.5855131149292
-15.176822662353516
-1.999999987845058e-08
-15.534258842468262
-17.394166946411133
-20.402372360229492
1.999999987845058e-08
-21.954347610473633
-18.04010581970215
-18.265127182006836
-1.999999987845058e-08
-29.965160369873047
-10.999755859375
-10.968300819396973
1.999999987845058e-08
-29.965160369873047
-10.999755859375
-10.968300819396973
-1.999999987845058e-08
-26.601837158203125
-6.526592254638672
-9.9503173828125
1.999999987845058e-08
-14.833320617675781
-9.564315795898438
-17.236278533935547
-1.999999987845058e-08
-1.2335959672927856
-11.873833656311035
-22.939590454101562
1.999999987845058e-08
11.080475807189941
-9.845196723937988
-23.301239013671875
-1.999999987845058e-08
16.8821964263916
-7.450404644012451
-21.08441734313965
1.999999987845058e-08
16.663875579833984
-1.3713710308074951
-13.378458976745605
-1.999999987845058e-08
18.927839279174805
11.467883110046387
-0.005033114459365606
1.999999987845058e-08
24.771806716918945
20.544862747192383
7.610589504241943
-1.999999987845058e-08
27.64456558227539
18.542577743530273
3.8485801219940186
1.999999987845058e-08
23.840240478515625
13.632762908935547
-1.3056039810180664
-1.999999987845058e-08
14.522992134094238
11.611294746398926
-1.8332157135009766
1.999999987845058e-08
5.796480178833008
9.560713768005371
-3.292135715484619
-1.999999987845058e-08
3.0242598056793213
9.676187515258789
-5.779566764831543
1.999999987845058e-08
4.236124038696289
14.967484474182129
-4.326687335968018
-1.999999987845058e-08
4.800503730773926
17.601181030273438
-3.4765870571136475
1.999999987845058e-08
2.9794702529907227
12.178560256958008
-8.46700668334961
-1.999999987845058e-08
-0.18489134311676025
7.507655620574951
-12.406615257263184
1.999999987845058e-08
0.5415606498718262
10.174182891845703
-9.826821327209473
-1.999999987845058e-08
10.128952026367188
13.471488952636719
-7.083209037780762
1.999999987845058e-08
10.128952026367188
13.471488952636719
-7.083209037780762
-1.999999987845058e-08
21.500890731811523
12.682002067565918
-7.310811996459961
1.999999987845058e-08
22.3017520904541
12.803534507751465
-4.7625885009765625
-1.999999987845058e-08
13.468249320983887
14.900869369506836
0.13258327543735504
1.999999987845058e-08
4.119333744049072
13.309866905212402
1.472814679145813
-1.999999987845058e-08
-1.9875980615615845
8.989280700683594
2.219278335571289
1.999999987845058e-08
-2.0574281215667725
8.479231834411621
7.49393892288208
-1.999999987845058e-08
4.212268829345703
11.65044116973877
12.605714797973633
1.999999987845058e-08
7.181321620941162
14.004691123962402
12.75235652923584
-1.999999987845058e-08
3.8621773719787598
15.048800468444824
10.725349426269531
1.999999987845058e-08
6.145354747772217
15.610292434692383
8.822221755981445
-1.999999987845058e-08
16.189489364624023
14.871362686157227
6.889705181121826
1.999999987845058e-08
19.220428466796875
12.999072074890137
6.035354137420654
-1.999999987845058e-08
6.358089447021484
9.50924015045166
4.78212833404541
1.999999987845058e-08
-16.235605239868164
2.3808109760284424
-0.996088981628418
-1.999999987845058e-08
-38.277889251708984
-6.199885368347168
-9.590987205505371
1.999999987845058e-08
-49.827415466308594
-11.211052894592285
-15.497873306274414
-1.999999987845058e-08
-41.87509536743164
-13.469069480895996
-19.83480453491211
1.999999987845058e-08
-19.20182228088379
-16.156558990478516
-25.24462890625
-1.999999987845058e-08
-3.7506916522979736
-16.50723648071289
-26.223602294921875
1.999999987845058e-08
-30.55361557006836
-11.621230125427246
-10.913591384887695
-1.999999987845058e-08
-42.83461380004883
-13.474690437316895
-8.314294815063477
1.999999987845058e-08
-35.28802490234375
-10.374180793762207
-7.058645248413086
-1.999999987845058e-08
-11.034326553344727
-0.8993781208992004
-3.6577208042144775
1.999999987845058e-08
19.1643123626709
6.775171279907227
-1.1317834854125977
-1.999999987845058e-08
44.365020751953125
11.50969409942627
1.79390549659729
1.999999987845058e-08
56.10271072387695
18.466205596923828
9.79673957824707
-1.999999987845058e-08
51.492156982421875
23.980663299560547
18.35202980041504
1.999999987845058e-08
32.45536422729492
21.473081588745117
20.605222702026367
-1.999999987845058e-08
7.565427780151367
15.735623359680176
19.75270652770996
1.999999987845058e-08
-7.425632476806641
13.521893501281738
19.476612091064453
-1.999999987845058e-08
-6.157894611358643
11.892650604248047
16.96072769165039
1.999999987845058e-08
0.3887311518192291
8.743992805480957
13.643065452575684
-1.999999987845058e-08
2.6793816089630127
8.13720703125
14.577113151550293
1.999999987845058e-08
2.730142831802368
8.556234359741211
16.075960159301758
-1.999999987845058e-08
3.657202959060669
4.325263500213623
11.456430435180664
1.999999987845058e-08
5.154777526855469
-1.661277174949646
4.349563121795654
-1.999999987845058e-08
8.922852516174316
-2.4563920497894287
2.446037530899048
1.999999987845058e-08
19.3165340423584
2.073312759399414
6.380450248718262
-1.999999987845058e-08
34.319793701171875
8.323321342468262
13.315306663513184
1.999999987845058e-08
34.319793701171875
8.323321342468262
13.315306663513184
-1.999999987845058e-08
41.79876708984375
13.630505561828613
21.097780227661133
1.999999987845058e-08
32.64512634277344
14.878090858459473
25.731142044067383
-1.999999987845058e-08
12.72542667388916
11.334402084350586
24.67911148071289
1.999999987845058e-08
-2.6942989826202393
7.374809741973877
20.725921630859375
-1.999999987845058e-08
-4.1708173751831055
5.902451038360596
16.26400375366211
1.999999987845058e-08
2.9650425910949707
5.100191593170166
11.43891429901123
-1.999999987845058e-08
6.142746925354004
5.3125410079956055
10.258987426757812
1.999999987845058e-08
0.2619849145412445
8.061120986938477
15.596545219421387
-1.999999987845058e-08
-8.622542381286621
8.726451873779297
19.718360900878906
1.999999987845058e-08
-13.316641807556152
4.0444865226745605
15.220221519470215
-1.999999987845058e-08
-16.014190673828125
0.4480416178703308
8.465940475463867
1.999999987845058e-08
-23.55349349975586
1.1346757411956787
6.287232875823975
-1.999999987845058e-08
-32.27947235107422
-0.7036299109458923
3.845632791519165
1.999999987845058e-08
-27.47026824951172
-4.342963218688965
-0.40404823422431946
-1.999999987845058e-08
-3.9904520511627197
0.4856100082397461
1.5493879318237305
1.999999987845058e-08
24.39240264892578
11.694070816040039
9.427535057067871
-1.999999987845058e-08
44.600555419921875
17.317781448364258
14.093976020812988
1.999999987845058e-08
54.408714294433594
17.515506744384766
16.44586181640625
-1.999999987845058e-08
50.04975891113281
18.748489379882812
22.694477081298828
1.999999987845058e-08
-24.394262313842773
1.0643004179000854
14.28799819946289
-1.999999987845058e-08
-23.517799377441406
-1.4569213390350342
10.831401824951172
1.999999987845058e-08
-12.654711723327637
-3.4469876289367676
9.21118450164795
-1.999999987845058e-08
-4.09654426574707
-5.950058937072754
6.166183948516846
1.999999987845058e-08
-0.8183849453926086
-5.121091842651367
4.322359561920166
-1.999999987845058e-08
-3.525794744491577
-3.4119386672973633
3.9541988372802734
1.999999987845058e-08
-11.060635566711426
-4.329980850219727
2.5365450382232666
-1.999999987845058e-08
-14.523232460021973
-3.389600992202759
1.5126577615737915
1.999999987845058e-08
-5.693082809448242
1.7853078842163086
2.7586779594421387
-1.999999987845058e-08
10.32198715209961
5.5200724601745605
4.9705281257629395
1.999999987845058e-08
19.333419799804688
6.077491283416748
9.27825927734375
-1.999999987845058e-08
14.858906745910645
7.482654094696045
17.073387145996094
1.999999987845058e-08
7.723291397094727
9.575577735900879
23.055530548095703
-1.999999987845058e-08
13.0150785446167
11.139511108398438
23.490753173828125
1.999999987845058e-08
28.70365333557129
15.75467300415039
24.489540100097656
-1.999999987845058e-08
42.04273223876953
23.39997673034668
29.743789672851562
1.999999987845058e-08
49.040138244628906
27.620878219604492
32.61857986450195
-1.999999987845058e-08
46.94886016845703
26.856325149536133
30.249736785888672
1.999999987845058e-08
30.516551971435547
25.49122428894043
28.4912052154541
-1.999999987845058e-08
10.455113410949707
23.239484786987305
28.45505714416504
1.999999987845058e-08
3.7563862800598145
17.590551376342773
26.430713653564453
-1.999999987845058e-08
7.976754188537598
12.371379852294922
23.55134391784668
1.999999987845058e-08
12.356380462646484
10.659586906433105
20.850034713745117
-1.999999987845058e-08
14.887611389160156
7.989522933959961
15.721733093261719
1.999999987845058e-08
12.154399871826172
2.842127561569214
11.290596961975098
-1.999999987845058e-08
0.44559144973754883
1.3467473983764648
13.177456855773926
1.999999987845058e-08
-8.23738956451416
4.788775444030762
16.15889549255371
-1.999999987845058e-08
0.9711141586303711
7.729531288146973
13.196879386901855
1.999999987845058e-08
19.928226470947266
10.10211181640625
11.033745765686035
-1.999999987845058e-08
27.215909957885742
14.064892768859863
16.143634796142578
1.999999987845058e-08
19.0898380279541
14.325536727905273
18.839101791381836
-1.999999987845058e-08
9.276402473449707
8.578859329223633
12.193790435791016
1.999999987845058e-08
1.0822622776031494
4.747710704803467
7.015819072723389
-1.999999987845058e-08
-11.816041946411133
5.213592529296875
9.372182846069336
1.999999987845058e-08
-20.13939094543457
2.687494993209839
8.23029613494873
-1.999999987845058e-08
-10.374863624572754
-2.2649900913238525
-0.10193602740764618
1.999999987845058e-08
6.3843889236450195
-1.6338775157928467
-3.7058796882629395
-1.999999987845058e-08
9.61977767944336
2.6172261238098145
0.9080661535263062
1.999999987845058e-08
0.25549638271331787
2.3494551181793213
3.815049409866333
-1.999999987845058e-08
-6.818418502807617
-1.2972859144210815
0.7434040307998657
1.999999987845058e-08
6.153250694274902
-1.396425485610962
-8.862509727478027
-1.999999987845058e-08
-2.1188952922821045
-3.322896718978882
-3.9665675163269043
1.999999987845058e-08
-26.716503143310547
-8.860718727111816
-0.3200114071369171
-1.999999987845058e-08
-49.9852180480957
-14.76650619506836
-3.673590660095215
1.999999987845058e-08
-54.68103790283203
-16.564071655273438
-11.36318302154541
-1.999999987845058e-08
-40.64665222167969
-16.871740341186523
-20.531774520874023
1.999999987845058e-08
