0
45.3054313659668
17.721540451049805
4.068200588226318
1.999999987845058e-08
30.504886627197266
14.419791221618652
4.594369888305664
-1.999999987845058e-08
1.2098438739776611
9.388155937194824
7.098658561706543
1.999999987845058e-08
-22.184673309326172
6.7768754959106445
10.256756782531738
-1.999999987845058e-08
-27.90517234802246
6.536787986755371
9.092905044555664
1.999999987845058e-08
-19.681549072265625
8.274144172668457
5.041727542877197
-1.999999987845058e-08
-9.434393882751465
9.169756889343262
1.8460553884506226
1.999999987845058e-08
-6.387332439422607
6.967921257019043
-0.576711893081665
-1.999999987845058e-08
-13.415717124938965
5.41034460067749
-2.392091751098633
1.999999987845058e-08
-28.35002326965332
0.22054685652256012
-10.067026138305664
-1.999999987845058e-08
-19.27525520324707
-8.737525939941406
-17.23687744140625
1.999999987845058e-08
-9.616501808166504
-9.666769981384277
-17.67005729675293
-1.999999987845058e-08
-12.509089469909668
-2.0265512466430664
-11.29483699798584
1.999999987845058e-08
-25.582876205444336
0.05044611170887947
-7.7942399978637695
-1.999999987845058e-08
-34.15410614013672
-6.331082344055176
-9.547189712524414
1.999999987845058e-08
-28.73283576965332
-8.521637916564941
-9.083253860473633
-1.999999987845058e-08
-11.054142951965332
-4.1409735679626465
-6.879875659942627
1.999999987845058e-08
9.721577644348145
-3.7867839336395264
-10.650747299194336
-1.999999987845058e-08
18.29680824279785
-8.575848579406738
-16.315635681152344
1.999999987845058e-08
9.721577644348145
-3.7867839336395264
-10.650747299194336
-1.999999987845058e-08
18.29680824279785
-8.575848579406738
-16.315635681152344
1.999999987845058e-08
6.997922897338867
-11.349513053894043
-14.380284309387207
-1.999999987845058e-08
-11.329895973205566
-12.487021446228027
-9.053439140319824
1.999999987845058e-08
-21.7424259185791
-14.068282127380371
-8.554052352905273
-1.999999987845058e-08
-27.20828628540039
-13.184426307678223
-10.152153968811035
1.999999987845058e-08
-37.32905578613281
-12.330402374267578
-9.971420288085938
-1.999999987845058e-08
-50.00762176513672
-15.609533309936523
-9.313715934753418
1.999999987845058e-08
-48.75844955444336
-14.260614395141602
-6.740747451782227
-1.999999987845058e-08
-21.649173736572266
-1.4345512390136719
-1.965531349182129
1.999999987845058e-08
17.507061004638672
9.699203491210938
-1.1051818132400513
-1.999999987845058e-08
42.861141204833984
8.463007926940918
-3.876868486404419
1.999999987845058e-08
41.41366195678711
5.240737438201904
-1.0726559162139893
-1.999999987845058e-08
17.490339279174805
7.075449466705322
5.622856140136719
1.999999987845058e-08
-9.774445533752441
4.540552139282227
3.7999706268310547
-1.999999987845058e-08
-21.238508224487305
-4.046669960021973
-4.717069625854492
1.999999987845058e-08
-15.142570495605469
-6.802284240722656
-6.668057441711426
-1.999999987845058e-08
-0.9139401912689209
-2.433453321456909
-3.457148790359497
1.999999987845058e-08
8.589097023010254
-1.9595838785171509
-5.160090446472168
-1.999999987845058e-08
1.3168941736221313
-7.235079288482666
-8.455403327941895
1.999999987845058e-08
3.8150694370269775
-6.260251045227051
-7.17574405670166
-1.999999987845058e-08
23.609281539916992
-2.928872585296631
-10.341621398925781
1.999999987845058e-08
21.363601684570312
-0.8497070670127869
-8.840733528137207
-1.999999987845058e-08
1.7760632038116455
-1.399363398551941
-4.199334144592285
1.999999987845058e-08
-12.426350593566895
-1.5163761377334595
1.049181580543518
-1.999999987845058e-08
-6.610239028930664
0.46802636981010437
3.6423840522766113
1.999999987845058e-08
7.414828777313232
0.5973569750785828
1.720698356628418
-1.999999987845058e-08
6.004315376281738
-2.1062724590301514
1.1852777004241943
1.999999987845058e-08
-12.102028846740723
-3.8397762775421143
6.757330894470215
-1.999999987845058e-08
-19.331113815307617
-4.855543613433838
9.558839797973633
1.999999987845058e-08
-12.102028846740723
-3.8397762775421143
6.757330894470215
-1.999999987845058e-08
-19.331113815307617
-4.855543613433838
9.558839797973633
1.999999987845058e-08
3.523138999938965
-6.955504417419434
2.107851266860962
-1.999999987845058e-08
36.98992919921875
-6.830860137939453
-4.715400695800781
1.999999987845058e-08
45.81655502319336
-4.44690465927124
-0.39836469292640686
-1.999999987845058e-08
21.889413833618164
-6.882570743560791
6.297528266906738
1.999999987845058e-08
-12.645807266235352
-14.111767768859863
5.505495548248291
-1.999999987845058e-08
-36.26082992553711
-17.631258010864258
1.7806124687194824
1.999999987845058e-08
-42.73875427246094
-17.63500213623047
-1.3770489692687988
-1.999999987845058e-08
-34.8333740234375
-21.047950744628906
-7.931280136108398
1.999999987845058e-08
-7.9950852394104
-10.38912296295166
-4.0714430809021
-1.999999987845058e-08
17.879064559936523
-4.466001033782959
-2.3128271102905273
1.999999987845058e-08
49.89946365356445
-0.05710059776902199
-2.939180850982666
-1.999999987845058e-08
65.08479309082031
5.315765857696533
-0.6479220986366272
1.999999987845058e-08
55.3092155456543
7.173684597015381
0.37382933497428894
-1.999999987845058e-08
32.62284851074219
5.368508338928223
-1.1397508382797241
1.999999987845058e-08
16.226057052612305
5.689479351043701
0.3412453532218933
-1.999999987845058e-08
17.66695213317871
6.872011661529541
2.5912680625915527
1.999999987845058e-08
31.32771873474121
4.768667221069336
-0.2382885068655014
-1.999999987845058e-08
38.234588623046875
3.981905937194824
-2.1075825691223145
1.999999987845058e-08
38.234588623046875
3.981905937194824
-2.1075825691223145
-1.999999987845058e-08
26.425024032592773
6.730305194854736
3.4627628326416016
1.999999987845058e-08
8.691143035888672
5.500851154327393
8.622342109680176
-1.999999987845058e-08
7.114695072174072
1.017802119255066
7.270962238311768
1.999999987845058e-08
19.863889694213867
3.6153411865234375
6.210280895233154
-1.999999987845058e-08
24.083330154418945
10.46063232421875
8.226164817810059
1.999999987845058e-08
8.590530395507812
8.8832368850708
7.593020439147949
-1.999999987845058e-08
-13.956327438354492
0.18529680371284485
4.474612236022949
1.999999987845058e-08
-23.862123489379883
-4.638500213623047
2.847850799560547
-1.999999987845058e-08
-15.283257484436035
-4.126914024353027
1.1239670515060425
1.999999987845058e-08
-23.862123489379883
-4.638500213623047
2.847850799560547
-1.999999987845058e-08
-15.283257484436035
-4.126914024353027
1.1239670515060425
1.999999987845058e-08
0.6850864887237549
-3.125018358230591
-1.8216006755828857
-1.999999987845058e-08
6.250676155090332
-3.0887832641601562
-2.5135884284973145
1.999999987845058e-08
-10.976775169372559
-4.946081161499023
-0.2036786675453186
-1.999999987845058e-08
-41.10079574584961
-7.7158203125
2.2254483699798584
1.999999987845058e-08
-53.578556060791016
-5.740610599517822
3.623337984085083
-1.999999987845058e-08
-31.721628189086914
0.4751591682434082
2.5771970748901367
1.999999987845058e-08
8.04639720916748
2.4921021461486816
-3.0578670501708984
-1.999999987845058e-08
38.63933181762695
1.2454956769943237
-8.116310119628906
1.999999987845058e-08
50.17738723754883
6.123342037200928
-4.365320205688477
-1.999999987845058e-08
51.207279205322266
13.586554527282715
4.002171039581299
1.999999987845058e-08
48.2916374206543
11.969352722167969
7.240807056427002
-1.999999987845058e-08
36.25890350341797
5.184933185577393
9.223896026611328
1.999999987845058e-08
13.67871379852295
4.143335342407227
16.961942672729492
-1.999999987845058e-08
-4.174569606781006
4.212856769561768
21.461069107055664
1.999999987845058e-08
-1.4889098405838013
-2.0628135204315186
14.413862228393555
-1.999999987845058e-08
14.247457504272461
-5.708455562591553
7.982734203338623
1.999999987845058e-08
24.115219116210938
1.355899691581726
13.091992378234863
-1.999999987845058e-08
22.558135986328125
8.86413860321045
19.78411293029785
1.999999987845058e-08
13.04689884185791
6.624024868011475
18.700565338134766
-1.999999987845058e-08
1.3172556161880493
0.8782415390014648
16.39315414428711
1.999999987845058e-08
-2.2732560634613037
0.21614252030849457
17.812246322631836
-1.999999987845058e-08
6.494943141937256
2.7899062633514404
17.283672332763672
1.999999987845058e-08
17.84701156616211
3.7897863388061523
12.007704734802246
-1.999999987845058e-08
22.35312271118164
2.9125232696533203
7.219494342803955
1.999999987845058e-08
22.653654098510742
2.61887526512146
7.192928791046143
-1.999999987845058e-08
18.169538497924805
4.169457912445068
11.309167861938477
1.999999987845058e-08
1.8823506832122803
4.945891857147217
15.153130531311035
-1.999999987845058e-08
-14.240470886230469
2.202540636062622
13.089129447937012
1.999999987845058e-08
-39.44341278076172
-15.909536361694336
-11.522134780883789
-1.999999987845058e-08
-37.46662139892578
-12.363907814025879
-11.157411575317383
1.999999987845058e-08
-25.335060119628906
-5.873087406158447
-11.5905122756958
-1.999999987845058e-08
-10.319252967834473
-6.337783336639404
-18.4626522064209
1.999999987845058e-08
-6.5741143226623535
-7.933707237243652
-20.581974029541016
-1.999999987845058e-08
-16.222620010375977
-3.024613857269287
-11.785720825195312
1.999999987845058e-08
-26.021617889404297
0.9109115600585938
-5.150270938873291
-1.999999987845058e-08
-31.00785255432129
-3.03059458732605
-8.281861305236816
1.999999987845058e-08
-31.953540802001953
-6.626370429992676
-11.39490032196045
-1.999999987845058e-08
-23.598709106445312
-2.9311280250549316
-8.241042137145996
1.999999987845058e-08
31.9303035736084
16.43164825439453
7.336811065673828
-1.999999987845058e-08
41.127357482910156
18.115446090698242
6.411571979522705
1.999999987845058e-08
29.294198989868164
14.657733917236328
6.216337203979492
-1.999999987845058e-08
4.038233757019043
6.965256214141846
6.063318729400635
1.999999987845058e-08
-8.781096458435059
5.120419502258301
8.767861366271973
-1.999999987845058e-08
0.9777112007141113
9.29491901397705
11.661643028259277
1.999999987845058e-08
16.356470108032227
10.69473648071289
11.307621955871582
-1.999999987845058e-08
22.24721336364746
9.060881614685059
12.036478042602539
1.999999987845058e-08
17.824539184570312
9.671066284179688
17.334087371826172
-1.999999987845058e-08
6.069387912750244
9.530717849731445
20.163585662841797
1.999999987845058e-08
0.9777112007141113
9.294918060302734
11.661643028259277
-1.999999987845058e-08
16.356470108032227
10.69473648071289
11.307621955871582
1.999999987845058e-08
22.24721336364746
9.060881614685059
12.036478042602539
-1.999999987845058e-08
17.824539184570312
9.671066284179688
17.334087371826172
1.999999987845058e-08
6.069387912750244
9.530717849731445
20.163585662841797
-1.999999987845058e-08
-7.443408489227295
4.205776691436768
14.406450271606445
1.999999987845058e-08
-16.513410568237305
-1.6261593103408813
6.468537330627441
-1.999999987845058e-08
-20.69388771057129
-2.82655668258667
4.150059223175049
1.999999987845058e-08
-20.741783142089844
-1.1998493671417236
4.8310160636901855
-1.999999987845058e-08
-13.18993854522705
0.8846855163574219
2.58463716506958
1.999999987845058e-08
-31.08673095703125
0.6743327379226685
-7.150038242340088
-1.999999987845058e-08
-26.1629638671875
-0.054754823446273804
-9.191628456115723
1.999999987845058e-08
-7.339008331298828
-2.4454450607299805
-12.352739334106445
-1.999999987845058e-08
10.731639862060547
-0.16492769122123718
-9.135497093200684
1.999999987845058e-08
19.616952896118164
4.9960527420043945
-1.5505056381225586
-1.999999987845058e-08
15.098812103271484
2.2179722785949707
0.17541058361530304
1.999999987845058e-08
1.115941047668457
-5.7013678550720215
-3.0222816467285156
-1.999999987845058e-08
-11.824273109436035
-4.100522518157959
0.6140204071998596
1.999999987845058e-08
-16.920738220214844
4.537615776062012
9.33926773071289
-1.999999987845058e-08
-11.0676908493042
5.047613143920898
9.130603790283203
1.999999987845058e-08
19.616952896118164
4.9960527420043945
-1.5505056381225586
-1.999999987845058e-08
15.098812103271484
2.2179722785949707
0.17541058361530304
1.999999987845058e-08
1.115941047668457
-5.7013678550720215
-3.0222816467285156
-1.999999987845058e-08
-11.824273109436035
-4.100522518157959
0.6140204071998596
1.999999987845058e-08
-16.920738220214844
4.537615776062012
9.33926773071289
-1.999999987845058e-08
-11.0676908493042
5.047613143920898
9.130603790283203
1.999999987845058e-08
5.706559181213379
0.7508754134178162
2.226085901260376
-1.999999987845058e-08
24.003557205200195
5.085143089294434
3.8790063858032227
1.999999987845058e-08
30.110607147216797
11.78693675994873
12.1420316696167
-1.999999987845058e-08
20.29378890991211
7.136541366577148
12.760088920593262
1.999999987845058e-08
17.699604034423828
7.188353538513184
16.902599334716797
-1.999999987845058e-08
44.949493408203125
10.76595687866211
16.503009796142578
1.999999987845058e-08
57.114871978759766
9.792644500732422
12.078843116760254
-1.999999987845058e-08
44.42279815673828
10.09554672241211
11.123703002929688
1.999999987845058e-08
15.698718070983887
11.247788429260254
12.43310546875
-1.999999987845058e-08
-15.476409912109375
9.19764232635498
11.120960235595703
1.999999987845058e-08
-30.818317413330078
2.338148355484009
4.321599960327148
-1.999999987845058e-08
-18.454404830932617
-5.095580101013184
-5.769650459289551
1.999999987845058e-08
5.422180652618408
-4.606801986694336
-9.987467765808105
-1.999999987845058e-08
11.253634452819824
3.0016379356384277
-4.874000072479248
1.999999987845058e-08
5.422180652618408
-4.606801986694336
-9.987467765808105
-1.999999987845058e-08
11.253634452819824
3.0016379356384277
-4.874000072479248
1.999999987845058e-08
-8.060283660888672
2.1652774810791016
-2.7170310020446777
-1.999999987845058e-08
-34.235313415527344
-11.250957489013672
-10.054427146911621
1.999999987845058e-08
-47.5804443359375
-11.489140510559082
-8.527390480041504
-1.999999987845058e-08
-41.45148849487305
18.92384147644043
14.470499038696289
1.999999987845058e-08
-27.043209075927734
51.88859176635742
36.48079299926758
-1.999999987845058e-08
-24.895265579223633
52.33026123046875
33.400962829589844
1.999999987845058e-08
-34.32670211791992
27.903823852539062
13.263618469238281
-1.999999987845058e-08
-29.53249168395996
6.671159744262695
-6.459778308868408
1.999999987845058e-08
2.188589572906494
2.679168701171875
-5.974644660949707
-1.999999987845058e-08
-19.53431510925293
-8.306891441345215
-13.769253730773926
1.999999987845058e-08
-13.158636093139648
-20.05695343017578
-26.603519439697266
-1.999999987845058e-08
2.831784248352051
-23.367568969726562
-31.827556610107422
1.999999987845058e-08
6.251781463623047
-16.520198822021484
-23.805448532104492
-1.999999987845058e-08
-1.7773163318634033
-7.621226787567139
-10.8671875
1.999999987845058e-08
-7.939772129058838
-9.996777534484863
-9.327892303466797
-1.999999987845058e-08
-3.26389479637146
-22.78371810913086
-20.21295928955078
1.999999987845058e-08
12.101311683654785
-25.76559829711914
-23.237815856933594
-1.999999987845058e-08
27.541223526000977
-9.277738571166992
-7.808354377746582
1.999999987845058e-08
-3.26389479637146
-22.78371810913086
-20.21295928955078
-1.999999987845058e-08
12.101311683654785
-25.76559829711914
-23.237815856933594
1.999999987845058e-08
27.541223526000977
-9.277738571166992
-7.808354377746582
-1.999999987845058e-08
30.07162094116211
6.4954023361206055
7.646943092346191
1.999999987845058e-08
19.00843620300293
-0.21548053622245789
3.5630505084991455
-1.999999987845058e-08
3.4547030925750732
-20.609949111938477
-11.414716720581055
1.999999987845058e-08
-12.732152938842773
-29.119787216186523
-16.15094566345215
-1.999999987845058e-08
-26.562959671020508
-18.82244873046875
-8.234984397888184
1.999999987845058e-08
-25.40690803527832
-6.9694695472717285
-2.777712106704712
-1.999999987845058e-08
-2.893440008163452
-7.846267223358154
-7.666019916534424
1.999999987845058e-08
26.746349334716797
-12.631848335266113
-13.206034660339355
-1.999999987845058e-08
45.801673889160156
-5.167359352111816
-7.3745646476745605
1.999999987845058e-08
49.564388275146484
8.316862106323242
4.950823783874512
-1.999999987845058e-08
41.19147872924805
6.806440353393555
8.690102577209473
1.999999987845058e-08
25.670330047607422
-7.610246658325195
4.544701099395752
-1.999999987845058e-08
12.331543922424316
-10.829193115234375
7.464473724365234
1.999999987845058e-08
12.988523483276367
0.04568559303879738
15.855844497680664
-1.999999987845058e-08
26.58683967590332
2.0808820724487305
12.50435733795166
1.999999987845058e-08
34.0182991027832
-9.225622177124023
0.17788857221603394
-1.999999987845058e-08
22.129234313964844
-12.712883949279785
-0.3833514451980591
1.999999987845058e-08
-0.5146324634552002
-3.691251277923584
10.269659042358398
-1.999999987845058e-08
-17.499629974365234
-0.7379927635192871
11.246898651123047
1.999999987845058e-08
-18.66085433959961
-8.303937911987305
-0.2603413760662079
-1.999999987845058e-08
-5.871657371520996
-11.861678123474121
-6.856496334075928
1.999999987845058e-08
5.607315540313721
-7.769172191619873
-2.7927727699279785
-1.999999987845058e-08
1.6440842151641846
-5.817352294921875
1.1842960119247437
1.999999987845058e-08
-12.262516975402832
-8.421321868896484
-0.8655110001564026
-1.999999987845058e-08
-19.270320892333984
-10.444681167602539
-4.886508464813232
1.999999987845058e-08
-18.039241790771484
-10.537720680236816
-6.341815948486328
-1.999999987845058e-08
-23.537464141845703
-9.411786079406738
-3.698530435562134
1.999999987845058e-08
-39.60784149169922
-8.147738456726074
-0.023325692862272263
-1.999999987845058e-08
-49.73973846435547
-11.259668350219727
-2.6935458183288574
1.999999987845058e-08
-41.06333923339844
-18.629215240478516
-12.13808822631836
-1.999999987845058e-08
-23.08102798461914
-20.617952346801758
-17.49901008605957
1.999999987845058e-08
-13.447138786315918
-13.61703109741211
-13.194843292236328
-1.999999987845058e-08
-17.628257751464844
-7.503726005554199
-7.041316032409668
1.999999987845058e-08
-28.68345832824707
-8.241067886352539
-5.157242774963379
-1.999999987845058e-08
-36.985435485839844
-9.38918399810791
-4.148379802703857
1.999999987845058e-08
-36.4075927734375
-6.3061747550964355
-2.2500786781311035
-1.999999987845058e-08
-26.365787506103516
-2.3241403102874756
-3.005129337310791
1.999999987845058e-08
-15.520371437072754
-0.1044454500079155
-5.653010845184326
-1.999999987845058e-08
-13.17404842376709
0.19580979645252228
-6.2535505294799805
1.999999987845058e-08
-12.632095336914062
-0.9216554760932922
-5.615477561950684
-1.999999987845058e-08
-6.519279479980469
0.4478754997253418
-4.242777347564697
1.999999987845058e-08
-4.183914661407471
6.247738838195801
-0.7483015060424805
-1.999999987845058e-08
-7.552343368530273
9.713348388671875
-0.39283832907676697
1.999999987845058e-08
-3.3769938945770264
5.94875431060791
-7.7166290283203125
-1.999999987845058e-08
6.602142810821533
1.3563804626464844
-14.900816917419434
1.999999987845058e-08
6.4618940353393555
1.2144887447357178
-15.072256088256836
-1.999999987845058e-08
-6.997891426086426
1.0713101625442505
-13.145903587341309
1.999999987845058e-08
-24.885177612304688
-1.2683159112930298
-11.73134994506836
-1.999999987845058e-08
-36.403560638427734
-2.1228749752044678
-7.669382572174072
1.999999987845058e-08
-34.05809783935547
-3.3840341567993164
-4.954472064971924
-1.999999987845058e-08
-23.031187057495117
-7.654543399810791
-7.295101165771484
1.999999987845058e-08
-11.726903915405273
-6.703143119812012
-6.324114799499512
-1.999999987845058e-08
0.42023319005966187
3.2859995365142822
1.9288526773452759
1.999999987845058e-08
9.999935150146484
8.697175979614258
5.891665458679199
-1.999999987845058e-08
5.323952674865723
1.3432368040084839
-0.39205285906791687
1.999999987845058e-08
-16.988140106201172
-6.683571815490723
-6.098533630371094
-1.999999987845058e-08
-42.720211029052734
-7.424407005310059
-6.178014278411865
1.999999987845058e-08
-42.720211029052734
-7.424407005310059
-6.178014278411865
-1.999999987845058e-08
-49.474761962890625
-10.335293769836426
-11.24978256225586
1.999999987845058e-08
-30.334028244018555
-18.91998291015625
-23.659589767456055
-1.999999987845058e-08
-7.290050029754639
-21.88844871520996
-29.302642822265625
1.999999987845058e-08
-4.588262557983398
-14.996846199035645
-22.276395797729492
-1.999999987845058e-08
-14.206090927124023
-6.877070903778076
-13.236988067626953
1.999999987845058e-08
-12.523850440979004
-2.907292366027832
-9.824308395385742
-1.999999987845058e-08
3.2239956855773926
-0.8037046790122986
-9.205629348754883
1.999999987845058e-08
19.21729278564453
2.5907254219055176
-7.669318199157715
-1.999999987845058e-08
28.178665161132812
8.730332374572754
-3.519461154937744
1.999999987845058e-08
32.61558532714844
14.823713302612305
2.9401721954345703
-1.999999987845058e-08
33.29233932495117
14.542689323425293
7.721649169921875
1.999999987845058e-08
24.21728515625
9.131086349487305
10.027482032775879
-1.999999987845058e-08
3.600543260574341
8.11953353881836
14.444990158081055
1.999999987845058e-08
-16.422840118408203
10.890877723693848
18.013338088989258
-1.999999987845058e-08
-19.905858993530273
6.290251731872559
11.295235633850098
1.999999987845058e-08
-6.940520286560059
-3.6895034313201904
-1.150339961051941
-1.999999987845058e-08
3.331434488296509
-5.383028507232666
-3.7179110050201416
1.999999987845058e-08
-3.4913220405578613
0.32580167055130005
3.672693967819214
-1.999999987845058e-08
-17.746103286743164
1.861242413520813
7.7628021240234375
1.999999987845058e-08
-7.269149303436279
6.929550647735596
9.985565185546875
-1.999999987845058e-08
6.299814701080322
14.714485168457031
14.296295166015625
1.999999987845058e-08
18.16224479675293
17.55881690979004
13.267252922058105
-1.999999987845058e-08
35.409812927246094
17.970396041870117
8.038476943969727
1.999999987845058e-08
46.55894470214844
18.453704833984375
4.771111488342285
-1.999999987845058e-08
32.82196807861328
15.961888313293457
5.455458164215088
1.999999987845058e-08
3.592776298522949
10.248804092407227
7.949374198913574
-1.999999987845058e-08
-13.8971586227417
4.350924491882324
9.562739372253418
1.999999987845058e-08
-10.743282318115234
-1.5211063623428345
7.63843297958374
-1.999999987845058e-08
1.0531847476959229
-6.48385763168335
2.7059919834136963
1.999999987845058e-08
6.667963027954102
-7.445770740509033
-0.3243759274482727
-1.999999987845058e-08
-1.8448086977005005
-7.209392070770264
-0.5371781587600708
1.999999987845058e-08
-18.936676025390625
-10.944613456726074
-2.525336742401123
-1.999999987845058e-08
-29.17412757873535
-14.643061637878418
-5.751948833465576
1.999999987845058e-08
-25.093769073486328
-12.7483549118042
-6.345788955688477
-1.999999987845058e-08
-15.849691390991211
-10.265180587768555
-7.125002861022949
1.999999987845058e-08
-12.961299896240234
-12.39681625366211
-11.258382797241211
-1.999999987845058e-08
-13.271058082580566
-14.020044326782227
-14.255141258239746
1.999999987845058e-08
-5.435331344604492
-11.155379295349121
-13.461472511291504
-1.999999987845058e-08
13.992269515991211
-7.529724597930908
-13.02031135559082
1.999999987845058e-08
13.992269515991211
-7.529724597930908
-13.02031135559082
-1.999999987845058e-08
40.35858154296875
-3.2294857501983643
-12.30125617980957
1.999999987845058e-08
65.07095336914062
5.987685680389404
-4.172595024108887
-1.999999987845058e-08
74.21192169189453
16.78026008605957
11.048521995544434
1.999999987845058e-08
59.35080337524414
21.505489349365234
23.8848876953125
-1.999999987845058e-08
33.17803192138672
19.917949676513672
28.776968002319336
1.999999987845058e-08
16.082258224487305
15.73422622680664
27.689044952392578
-1.999999987845058e-08
11.362228393554688
10.300261497497559
23.76590347290039
1.999999987845058e-08
9.169506072998047
6.265514850616455
19.99247932434082
-1.999999987845058e-08
4.327425003051758
5.108332633972168
17.971633911132812
1.999999987845058e-08
1.896098017692566
2.1485705375671387
14.428272247314453
-1.999999987845058e-08
7.474598407745361
-3.1207213401794434
8.406922340393066
1.999999987845058e-08
15.754461288452148
-2.154761791229248
7.162540912628174
-1.999999987845058e-08
18.309707641601562
5.798035621643066
12.934317588806152
1.999999987845058e-08
15.659698486328125
8.93871784210205
16.310392379760742
-1.999999987845058e-08
10.000953674316406
4.439052104949951
13.888629913330078
1.999999987845058e-08
-1.924756407737732
3.3161120414733887
14.19255256652832
-1.999999987845058e-08
-15.898306846618652
7.816349983215332
18.007925033569336
1.999999987845058e-08
-13.567805290222168
8.72695255279541
15.7717866897583
-1.999999987845058e-08
11.873835563659668
6.1592559814453125
8.91930866241455
1.999999987845058e-08
11.873835563659668
6.1592559814453125
8.91930866241455
-1.999999987845058e-08
41.192256927490234
8.181995391845703
8.076604843139648
1.999999987845058e-08
56.31498718261719
13.893643379211426
12.007536888122559
-1.999999987845058e-08
56.17497634887695
17.59149932861328
12.5011625289917
1.999999987845058e-08
43.98435592651367
19.017290115356445
10.506514549255371
-1.999999987845058e-08
23.41225814819336
17.004926681518555
9.929612159729004
1.999999987845058e-08
2.8377320766448975
9.049873352050781
9.613401412963867
-1.999999987845058e-08
-10.607316970825195
1.5537062883377075
9.17612361907959
1.999999987845058e-08
-17.78040885925293
1.090781807899475
8.236640930175781
-1.999999987845058e-08
-20.425670623779297
0.6868603825569153
2.3429126739501953
1.999999987845058e-08
-9.901839256286621
-10.533724784851074
-8.356975555419922
-1.999999987845058e-08
-8.86231803894043
-8.317770957946777
-2.151547431945801
1.999999987845058e-08
-6.839026927947998
-6.308801651000977
-0.4408319890499115
-1.999999987845058e-08
6.024423122406006
-6.8251543045043945
-5.178141117095947
1.999999987845058e-08
17.110321044921875
-3.899181842803955
-5.499603748321533
-1.999999987845058e-08
6.18595027923584
1.1749719381332397
0.19109304249286652
1.999999987845058e-08
-22.42466926574707
2.549736976623535
3.6593098640441895
-1.999999987845058e-08
-44.8198127746582
2.58731746673584
2.7818214893341064
1.999999987845058e-08
-45.130943298339844
4.148801803588867
-1.6025358438491821
-1.999999987845058e-08
-29.445043563842773
2.6122031211853027
-11.297529220581055
1.999999987845058e-08
-14.721904754638672
-1.7646971940994263
-21.166627883911133
-1.999999987845058e-08
-7.635922908782959
-1.1749943494796753
-22.00723648071289
1.999999987845058e-08
-3.7536661624908447
3.916818141937256
-15.485547065734863
-1.999999987845058e-08
-0.5528884530067444
5.799169540405273
-9.390847206115723
1.999999987845058e-08
1.234703540802002
4.795925617218018
-4.844969749450684
-1.999999987845058e-08
-0.6236720681190491
5.27703857421875
-1.2862579822540283
1.999999987845058e-08
-9.329241752624512
4.7540082931518555
-1.490544319152832
-1.999999987845058e-08
-19.91064453125
0.9426957964897156
-3.6592514514923096
1.999999987845058e-08
-18.957490921020508
-1.0471702814102173
-2.0054562091827393
-1.999999987845058e-08
-2.090808391571045
2.547664165496826
2.1774375438690186
1.999999987845058e-08
19.190753936767578
7.737663269042969
2.854064464569092
-1.999999987845058e-08
31.644840240478516
9.052816390991211
0.9114303588867188
1.999999987845058e-08
30.80094337463379
5.15532922744751
1.2695502042770386
-1.999999987845058e-08
14.647216796875
-1.3660045862197876
3.5788183212280273
1.999999987845058e-08
-16.856910705566406
-5.378028392791748
5.2116312980651855
-1.999999987845058e-08
-45.30202102661133
-4.664135456085205
4.568063259124756
1.999999987845058e-08
-42.39824676513672
-4.33610200881958
-1.221234917640686
-1.999999987845058e-08
-10.499576568603516
-7.864284992218018
-9.925973892211914
1.999999987845058e-08
14.825505256652832
-9.276713371276855
-11.437625885009766
-1.999999987845058e-08
12.721288681030273
-4.548810005187988
-3.3961238861083984
1.999999987845058e-08
-3.1680140495300293
-1.2429537773132324
0.9257269501686096
-1.999999987845058e-08
4.916276931762695
-1.7716530561447144
-0.17384378612041473
1.999999987845058e-08
8.879335403442383
0.6470608711242676
4.151945114135742
-1.999999987845058e-08
1.9822442531585693
0.8645209670066833
7.304965972900391
1.999999987845058e-08
-8.407747268676758
-1.627959132194519
6.575572490692139
-1.999999987845058e-08
-10.362921714782715
-2.0512099266052246
6.541470527648926
1.999999987845058e-08
-2.788153648376465
-1.137747883796692
7.728104114532471
-1.999999987845058e-08
3.470242500305176
-1.2587172985076904
7.840327262878418
1.999999987845058e-08
3.8072962760925293
1.215553879737854
9.251896858215332
-1.999999987845058e-08
10.711034774780273
7.011709213256836
12.835947036743164
1.999999987845058e-08
32.73259353637695
10.367277145385742
14.804719924926758
-1.999999987845058e-08
48.176700592041016
11.123272895812988
16.726537704467773
1.999999987845058e-08
34.46291732788086
13.459634780883789
21.557796478271484
-1.999999987845058e-08
10.558130264282227
13.757823944091797
22.372604370117188
1.999999987845058e-08
3.665445566177368
8.032550811767578
15.336681365966797
-1.999999987845058e-08
4.552086353302002
3.1674821376800537
10.441734313964844
1.999999987845058e-08
-3.393829345703125
3.936699390411377
11.826723098754883
-1.999999987845058e-08
-11.28600025177002
2.63423752784729
8.715415000915527
1.999999987845058e-08
-9.712566375732422
-4.403628349304199
-1.3546738624572754
-1.999999987845058e-08
-9.866788864135742
-8.392024993896484
-6.335158348083496
1.999999987845058e-08
-21.154996871948242
-6.3741021156311035
-4.421664714813232
-1.999999987845058e-08
-33.35491943359375
-5.966446399688721
-6.636737823486328
1.999999987845058e-08
-32.89287567138672
-7.820004463195801
-13.065483093261719
-1.999999987845058e-08
-21.098112106323242
-6.245993137359619
-14.362505912780762
1.999999987845058e-08
-9.601056098937988
-4.422793865203857
-12.08222770690918
-1.999999987845058e-08
-7.559776306152344
-7.711915016174316
-12.754806518554688
1.999999987845058e-08
-12.294900894165039
-10.567316055297852
-13.084386825561523
-1.999999987845058e-08
-12.202197074890137
-7.635146141052246
-9.667922973632812
1.999999987845058e-08
-8.950626373291016
-4.756810665130615
-6.938748359680176
-1.999999987845058e-08
-20.657514572143555
-6.520179748535156
-6.047171115875244
1.999999987845058e-08
-45.80111312866211
-9.090741157531738
-5.1971049308776855
-1.999999987845058e-08
-51.764034271240234
-10.432969093322754
-9.211047172546387
1.999999987845058e-08
-20.367441177368164
-11.023167610168457
-19.28036880493164
-1.999999987845058e-08
23.75725555419922
-8.15317153930664
-24.94292449951172
1.999999987845058e-08
46.336936950683594
-3.070528984069824
-21.70361328125
-1.999999987845058e-08
38.67682647705078
-2.0123939514160156
-17.33944320678711
1.999999987845058e-08
15.392248153686523
-3.641421318054199
-14.170639038085938
-1.999999987845058e-08
-3.345227003097534
-1.6470162868499756
-7.698106288909912
1.999999987845058e-08
-9.169883728027344
1.672856330871582
-0.9758700728416443
-1.999999987845058e-08
-10.087912559509277
0.5268903374671936
-0.30306464433670044
1.999999987845058e-08
-17.082857131958008
-4.042437553405762
-3.957132339477539
-1.999999987845058e-08
-31.883831024169922
-10.438699722290039
-8.684513092041016
1.999999987845058e-08
-46.9554443359375
-18.9278564453125
-15.33291244506836
-1.999999987845058e-08
-51.734893798828125
-23.861427307128906
-21.381385803222656
1.999999987845058e-08
-40.96089172363281
-20.638164520263672
-22.03862190246582
-1.999999987845058e-08
-22.86393928527832
-16.54779815673828
-19.047426223754883
1.999999987845058e-08
-17.977924346923828
-19.14701271057129
-16.31136703491211
-1.999999987845058e-08
-36.174015045166016
-23.365419387817383
-12.805695533752441
1.999999987845058e-08
-53.29277038574219
-21.741901397705078
-8.692949295043945
-1.999999987845058e-08
-35.612674713134766
-15.29415225982666
-7.639402866363525
1.999999987845058e-08
-35.612674713134766
-15.29415225982666
-7.639402866363525
-1.999999987845058e-08
12.679957389831543
-6.1337890625
-6.923945903778076
1.999999987845058e-08
55.53327560424805
5.730709075927734
0.2950148582458496
-1.999999987845058e-08
70.39774322509766
13.972657203674316
10.874167442321777
1.999999987845058e-08
61.83246612548828
12.628996849060059
17.16374397277832
-1.999999987845058e-08
41.41018295288086
9.266135215759277
21.98341178894043
1.999999987845058e-08
18.65962791442871
12.15955638885498
28.722957611083984
-1.999999987845058e-08
6.1360883712768555
15.493681907653809
29.15837860107422
1.999999987845058e-08
8.699684143066406
14.155717849731445
20.158578872680664
-1.999999987845058e-08
11.07703685760498
13.889509201049805
13.339035034179688
1.999999987845058e-08
11.07703685760498
13.889509201049805
13.339035034179688
-1.999999987845058e-08
-3.6898372173309326
14.895118713378906
13.605435371398926
1.999999987845058e-08
-31.05411148071289
9.57581901550293
11.801055908203125
-1.999999987845058e-08
-48.904300689697266
1.4464293718338013
4.808290481567383
1.999999987845058e-08
-39.185829162597656
0.8474128842353821
-1.3075007200241089
-1.999999987845058e-08
-8.792366981506348
4.406365394592285
-5.93689489364624
1.999999987845058e-08
15.91303825378418
2.5760161876678467
-11.316746711730957
-1.999999987845058e-08
20.886539459228516
-1.532904863357544
-13.600516319274902
1.999999987845058e-08
15.582732200622559
-1.1672582626342773
-10.970622062683105
-1.999999987845058e-08
10.592293739318848
-0.00890724454075098
-8.399889945983887
1.999999987845058e-08
6.085844039916992
2.1749560832977295
-0.27443480491638184
-1.999999987845058e-08
12.838578224182129
7.589677333831787
1.6886675357818604
1.999999987845058e-08
11.681975364685059
9.634925842285156
4.583611488342285
-1.999999987845058e-08
3.322514295578003
7.527934551239014
7.394245147705078
1.999999987845058e-08
-1.3080050945281982
1.4377514123916626
4.036053657531738
-1.999999987845058e-08
0.7767476439476013
-4.3165459632873535
-2.766345500946045
1.999999987845058e-08
2.7470967769622803
-3.9029786586761475
-3.245328903198242
-1.999999987845058e-08
2.431232213973999
-0.4076094925403595
1.4872937202453613
1.999999987845058e-08
3.5284006595611572
-1.382116675376892
2.3629682064056396
-1.999999987845058e-08
7.329875946044922
-4.565642833709717
-0.012175709940493107
1.999999987845058e-08
11.078143119812012
-2.9661076068878174
1.0007327795028687
-1.999999987845058e-08
8.774053573608398
1.8273764848709106
5.095920562744141
1.999999987845058e-08
2.8050014972686768
6.024443626403809
9.07778549194336
-1.999999987845058e-08
8.901374816894531
11.891098022460938
13.536457061767578
1.999999987845058e-08
33.401058197021484
19.37729263305664
17.935396194458008
-1.999999987845058e-08
58.49992370605469
23.5200252532959
19.920955657958984
1.999999987845058e-08
56.72221755981445
22.69219398498535
21.571670532226562
-1.999999987845058e-08
20.92947006225586
18.21617317199707
24.289161682128906
1.999999987845058e-08
-20.49965476989746
11.279165267944336
22.313762664794922
-1.999999987845058e-08
-35.15755844116211
6.2175374031066895
13.945183753967285
1.999999987845058e-08
-35.15755844116211
6.217536926269531
13.945183753967285
-1.999999987845058e-08
-22.6117000579834
6.83562707901001
7.499711036682129
1.999999987845058e-08
-1.279172658920288
8.407475471496582
6.5210418701171875
-1.999999987845058e-08
14.775464057922363
5.013928413391113
5.787481784820557
1.999999987845058e-08
16.865978240966797
1.3172380924224854
5.344900131225586
-1.999999987845058e-08
5.564760684967041
3.1676065921783447
8.88585090637207
1.999999987845058e-08
-5.692788124084473
4.344509601593018
10.873830795288086
-1.999999987845058e-08
-3.521588087081909
-1.2911123037338257
4.885857582092285
1.999999987845058e-08
7.95004940032959
-7.301338195800781
-2.6250224113464355
-1.999999987845058e-08
9.713438034057617
-8.556682586669922
-3.559913158416748
1.999999987845058e-08
-3.6854400634765625
-9.465548515319824
-1.3049893379211426
-1.999999987845058e-08
-13.001255989074707
-9.891347885131836
-0.07666464149951935
1.999999987845058e-08
-3.467947244644165
-4.650142192840576
2.5868160724639893
-1.999999987845058e-08
12.869873046875
1.9617751836776733
5.966240882873535
1.999999987845058e-08
12.010451316833496
2.4041101932525635
6.51664924621582
-1.999999987845058e-08
-10.174542427062988
-0.30653566122055054
6.098754405975342
1.999999987845058e-08
-26.27646255493164
-2.093480110168457
5.30312967300415
-1.999999987845058e-08
-12.418107032775879
-5.8239359855651855
0.7333546876907349
1.999999987845058e-08
14.936285018920898
-9.383182525634766
-3.9043357372283936
-1.999999987845058e-08
20.847843170166016
-6.857407569885254
-2.000929355621338
1.999999987845058e-08
-4.617122650146484
-3.798027992248535
1.9614468812942505
-1.999999987845058e-08
-38.530120849609375
-7.458901882171631
0.3658601641654968
1.999999987845058e-08
-46.36189651489258
-8.711047172546387
-3.66671085357666
-1.999999987845058e-08
-14.922131538391113
1.863049864768982
-4.563511371612549
1.999999987845058e-08
31.960453033447266
14.491693496704102
-4.452638149261475
-1.999999987845058e-08
62.32135009765625
18.116546630859375
-5.0592570304870605
1.999999987845058e-08
63.81077575683594
16.912166595458984
-2.983603000640869
-1.999999987845058e-08
37.959068298339844
15.134587287902832
0.8868324160575867
1.999999987845058e-08
0.266883909702301
10.087718963623047
1.0201399326324463
-1.999999987845058e-08
-20.2582950592041
4.127078533172607
-2.5619893074035645
1.999999987845058e-08
-11.806822776794434
0.8551992774009705
-6.352869987487793
-1.999999987845058e-08
6.05109167098999
-4.157840728759766
-10.826902389526367
1.999999987845058e-08
13.230684280395508
-12.268651008605957
-15.76722240447998
-1.999999987845058e-08
10.987433433532715
-15.840299606323242
-17.19104766845703
1.999999987845058e-08
10.01664924621582
-12.534844398498535
-14.762975692749023
-1.999999987845058e-08
15.796907424926758
-8.624441146850586
-12.06440258026123
1.999999987845058e-08
23.371074676513672
-6.044180870056152
-8.91966438293457
-1.999999987845058e-08
20.859718322753906
-2.7143683433532715
-4.4283576011657715
1.999999987845058e-08
6.237435340881348
-1.3503286838531494
-2.867797374725342
-1.999999987845058e-08
-2.93599534034729
-3.071934700012207
-5.479643821716309
1.999999987845058e-08
8.814868927001953
-1.3225198984146118
-5.696636199951172
-1.999999987845058e-08
29.768674850463867
6.208131790161133
-1.6764898300170898
1.999999987845058e-08
33.763309478759766
11.533742904663086
0.24776922166347504
-1.999999987845058e-08
12.86604118347168
9.248188018798828
-1.1754120588302612
1.999999987845058e-08
-14.037182807922363
3.0564234256744385
-2.214296579360962
-1.999999987845058e-08
-24.30295181274414
-2.3441290855407715
-4.978744983673096
1.999999987845058e-08
-16.476348876953125
-4.226282119750977
-11.3103609085083
-1.999999987845058e-08
-8.058156967163086
-0.6204494833946228
-14.940375328063965
1.999999987845058e-08
-10.955930709838867
3.9893100261688232
-13.886801719665527
-1.999999987845058e-08
-18.521053314208984
1.4402662515640259
-15.851862907409668
1.999999987845058e-08
-22.43596076965332
-5.868635177612305
-21.506925582885742
-1.999999987845058e-08
-25.780799865722656
-8.151853561401367
-22.370067596435547
1.999999987845058e-08
-27.8284912109375
-5.812480926513672
-19.405574798583984
-1.999999987845058e-08
-19.749189376831055
-6.23156213760376
-20.793020248413086
1.999999987845058e-08
-3.771902084350586
-8.021734237670898
-24.25208854675293
-1.999999987845058e-08
8.745370864868164
-6.108465671539307
-23.719379425048828
1.999999987845058e-08
