0
-61.84571075439453
-309.2281494140625
-33.804595947265625
1.999999987845058e-08
-73.48092651367188
-320.9656982421875
-43.695526123046875
-1.999999987845058e-08
-83.22644805908203
-334.0438232421875
-50.128814697265625
1.999999987845058e-08
-85.733642578125
-343.3860168457031
-48.475528717041016
-1.999999987845058e-08
-79.12791442871094
-343.56268310546875
-37.78557586669922
1.999999987845058e-08
-68.65394592285156
-340.2957458496094
-24.7984561920166
-1.999999987845058e-08
-62.71127700805664
-341.20166015625
-18.808670043945312
1.999999987845058e-08
-65.28339385986328
-343.78936767578125
-22.355716705322266
-1.999999987845058e-08
-74.333740234375
-344.88983154296875
-30.9982967376709
1.999999987845058e-08
-74.333740234375
-344.88983154296875
-30.9982967376709
-1.999999987845058e-08
-85.58665466308594
-348.65985107421875
-39.75798797607422
1.999999987845058e-08
-92.83116149902344
-354.3489990234375
-43.75895309448242
-1.999999987845058e-08
-90.47979736328125
-353.46771240234375
-38.97067642211914
1.999999987845058e-08
-82.13636779785156
-346.625244140625
-29.602785110473633
-1.999999987845058e-08
-76.38816833496094
-342.5498352050781
-24.1224422454834
1.999999987845058e-08
-73.47278594970703
-339.9900817871094
-21.67979621887207
-1.999999987845058e-08
-69.13604736328125
-332.58453369140625
-16.77679443359375
1.999999987845058e-08
-66.91402435302734
-324.634521484375
-12.962822914123535
-1.999999987845058e-08
-73.86429595947266
-323.4188537597656
-17.35512924194336
1.999999987845058e-08
-97.10700225830078
-322.6247253417969
-37.41648864746094
-1.999999987845058e-08
-91.41258239746094
-315.5848693847656
-39.21504211425781
1.999999987845058e-08
-77.30915069580078
-300.9397277832031
-35.5273551940918
-1.999999987845058e-08
-60.09083557128906
-283.377197265625
-28.618947982788086
1.999999987845058e-08
-51.936561584472656
-272.645751953125
-28.368762969970703
-1.999999987845058e-08
-55.43976593017578
-269.1828918457031
-36.42121124267578
1.999999987845058e-08
-62.463890075683594
-266.24713134765625
-45.9256477355957
-1.999999987845058e-08
-67.56946563720703
-261.07220458984375
-53.74658203125
1.999999987845058e-08
-70.03944396972656
-253.58595275878906
-59.232948303222656
-1.999999987845058e-08
-67.86344909667969
-242.03662109375
-58.30141830444336
1.999999987845058e-08
-60.85685348510742
-227.3344268798828
-49.895503997802734
-1.999999987845058e-08
-54.657108306884766
-214.83958435058594
-41.54875946044922
1.999999987845058e-08
-52.71839904785156
-207.73275756835938
-39.56468963623047
-1.999999987845058e-08
-52.1588020324707
-203.83482360839844
-41.88701248168945
1.999999987845058e-08
-52.27817916870117
-199.43568420410156
-45.8906135559082
-1.999999987845058e-08
-55.70710754394531
-191.94705200195312
-51.871124267578125
1.999999987845058e-08
-60.492515563964844
-181.69442749023438
-57.74190902709961
-1.999999987845058e-08
-60.487213134765625
-171.55926513671875
-59.34065628051758
1.999999987845058e-08
-52.24618911743164
-160.24668884277344
-54.62333297729492
-1.999999987845058e-08
-39.516300201416016
-143.1766357421875
-46.14065933227539
1.999999987845058e-08
-39.516300201416016
-143.1766357421875
-46.14065933227539
-1.999999987845058e-08
-31.9462833404541
-125.55435943603516
-41.70907974243164
1.999999987845058e-08
-35.848052978515625
-119.24357604980469
-47.891231536865234
-1.999999987845058e-08
-47.16276931762695
-122.17522430419922
-61.33781433105469
1.999999987845058e-08
-56.09375
-119.97241973876953
-71.93445587158203
-1.999999987845058e-08
-57.420230865478516
-109.21614837646484
-74.80878448486328
1.999999987845058e-08
-54.070716857910156
-98.54283142089844
-73.7709732055664
-1.999999987845058e-08
-47.97844314575195
-88.16683197021484
-71.246826171875
1.999999987845058e-08
-36.640193939208984
-70.46826934814453
-64.87565612792969
-1.999999987845058e-08
-24.35951805114746
-49.24829864501953
-57.8108024597168
1.999999987845058e-08
-24.35951805114746
-49.24829864501953
-57.8108024597168
-1.999999987845058e-08
-21.58231544494629
-37.35527420043945
-58.16533660888672
1.999999987845058e-08
-29.29009246826172
-36.3872184753418
-65.57488250732422
-1.999999987845058e-08
-37.91370391845703
-35.233585357666016
-71.74951171875
1.999999987845058e-08
-40.7678337097168
-27.486907958984375
-73.66021728515625
-1.999999987845058e-08
-37.63606643676758
-17.8074951171875
-74.9058609008789
1.999999987845058e-08
-29.527549743652344
-11.494444847106934
-77.33831787109375
-1.999999987845058e-08
-17.84551239013672
-5.579472064971924
-79.43414306640625
1.999999987845058e-08
-4.918554782867432
6.975171089172363
-78.90589904785156
-1.999999987845058e-08
6.964791297912598
24.992347717285156
-74.35753631591797
1.999999987845058e-08
15.036834716796875
37.27544403076172
-68.28546142578125
-1.999999987845058e-08
16.665834426879883
37.4326286315918
-66.22400665283203
1.999999987845058e-08
12.761788368225098
32.79878234863281
-69.89848327636719
-1.999999987845058e-08
7.851396083831787
32.22220230102539
-75.30926513671875
1.999999987845058e-08
6.0374603271484375
34.55607604980469
-76.46765899658203
-1.999999987845058e-08
9.737563133239746
36.980342864990234
-67.66199493408203
1.999999987845058e-08
19.728185653686523
42.76817321777344
-48.882755279541016
-1.999999987845058e-08
32.89710235595703
51.93643569946289
-30.502538681030273
1.999999987845058e-08
41.926063537597656
57.013710021972656
-25.074508666992188
-1.999999987845058e-08
40.21420669555664
55.09107208251953
-35.858116149902344
1.999999987845058e-08
14.238486289978027
56.21321487426758
-85.63797760009766
-1.999999987845058e-08
16.818151473999023
62.5293083190918
-83.82667541503906
1.999999987845058e-08
18.975027084350586
70.00281524658203
-74.84451293945312
-1.999999987845058e-08
18.215980529785156
75.28154754638672
-65.21770477294922
1.999999987845058e-08
17.696849822998047
81.47997283935547
-54.226768493652344
-1.999999987845058e-08
17.315967559814453
93.1917495727539
-36.37531280517578
1.999999987845058e-08
13.160059928894043
103.33307647705078
-12.584134101867676
-1.999999987845058e-08
7.036182880401611
103.47916412353516
8.911209106445312
1.999999987845058e-08
5.451326847076416
101.48589324951172
22.236488342285156
-1.999999987845058e-08
10.35506820678711
109.76776123046875
28.064159393310547
1.999999987845058e-08
18.524904251098633
125.13211822509766
30.49659538269043
-1.999999987845058e-08
25.802173614501953
135.59747314453125
34.3687858581543
1.999999987845058e-08
27.82642936706543
136.89305114746094
41.28016662597656
-1.999999987845058e-08
21.850271224975586
131.8758544921875
46.25270080566406
1.999999987845058e-08
10.670412063598633
124.09841918945312
44.67536926269531
-1.999999987845058e-08
2.580284595489502
118.76082611083984
42.228965759277344
1.999999987845058e-08
5.066950798034668
120.52578735351562
48.45823669433594
-1.999999987845058e-08
18.211515426635742
128.08847045898438
62.02931213378906
1.999999987845058e-08
34.60200119018555
137.12457275390625
72.5450210571289
-1.999999987845058e-08
44.96103286743164
144.12411499023438
73.89447021484375
1.999999987845058e-08
47.32270431518555
145.65975952148438
68.99462127685547
-1.999999987845058e-08
48.629730224609375
142.376708984375
63.77092742919922
1.999999987845058e-08
51.91569900512695
139.87786865234375
59.345211029052734
-1.999999987845058e-08
51.08686065673828
138.73870849609375
52.299686431884766
1.999999987845058e-08
41.62157440185547
131.77626037597656
40.75822830200195
-1.999999987845058e-08
28.27948570251465
117.75507354736328
26.857276916503906
1.999999987845058e-08
21.384984970092773
108.17191314697266
15.408673286437988
-1.999999987845058e-08
25.565675735473633
112.27106475830078
10.447281837463379
1.999999987845058e-08
34.77840805053711
125.6170654296875
13.253747940063477
-1.999999987845058e-08
40.311073303222656
139.0127716064453
22.198238372802734
1.999999987845058e-08
32.460689544677734
147.78961181640625
29.739103317260742
-1.999999987845058e-08
29.3723201751709
144.3890838623047
24.514963150024414
1.999999987845058e-08
32.33797073364258
144.97250366210938
26.266096115112305
-1.999999987845058e-08
38.725372314453125
153.15557861328125
37.24897384643555
1.999999987845058e-08
45.729549407958984
164.24681091308594
47.592987060546875
-1.999999987845058e-08
52.67948913574219
175.37428283691406
51.80205535888672
1.999999987845058e-08
57.50886917114258
187.7753448486328
54.55857467651367
-1.999999987845058e-08
55.720523834228516
196.2681884765625
56.953243255615234
1.999999987845058e-08
46.55282211303711
193.50819396972656
53.083003997802734
-1.999999987845058e-08
35.37909698486328
184.08509826660156
43.27168655395508
1.999999987845058e-08
45.729549407958984
164.24681091308594
47.592987060546875
-1.999999987845058e-08
52.67948913574219
175.37428283691406
51.80205535888672
1.999999987845058e-08
57.50886917114258
187.7753448486328
54.55857467651367
-1.999999987845058e-08
55.720523834228516
196.2681884765625
56.953243255615234
1.999999987845058e-08
46.55282211303711
193.50819396972656
53.083003997802734
-1.999999987845058e-08
35.37909698486328
184.08509826660156
43.27168655395508
1.999999987845058e-08
26.06116485595703
177.43821716308594
35.209346771240234
-1.999999987845058e-08
19.105117797851562
174.1488494873047
32.999168395996094
1.999999987845058e-08
17.394838333129883
172.0740509033203
35.783573150634766
-1.999999987845058e-08
22.204748153686523
173.2479705810547
42.094600677490234
1.999999987845058e-08
1.6397773027420044
149.02398681640625
44.843467712402344
-1.999999987845058e-08
14.657026290893555
150.22174072265625
54.15700912475586
1.999999987845058e-08
28.739599227905273
160.56495666503906
65.49287414550781
-1.999999987845058e-08
36.57729721069336
172.96334838867188
72.46886444091797
1.999999987845058e-08
36.221744537353516
181.19830322265625
74.4420394897461
-1.999999987845058e-08
29.327062606811523
183.77174377441406
73.69054412841797
1.999999987845058e-08
16.12343406677246
180.90451049804688
68.0216064453125
-1.999999987845058e-08
1.2197470664978027
178.62110900878906
57.36653518676758
1.999999987845058e-08
-3.4737932682037354
190.64942932128906
51.453487396240234
-1.999999987845058e-08
7.245244979858398
223.84913635253906
58.356651306152344
1.999999987845058e-08
7.245244979858398
223.84913635253906
58.356651306152344
-1.999999987845058e-08
22.86442756652832
267.8974914550781
71.70549011230469
1.999999987845058e-08
28.7081241607666
307.0941467285156
78.86678314208984
-1.999999987845058e-08
19.63566780090332
331.4857177734375
75.14909362792969
1.999999987845058e-08
2.145840644836426
335.44439697265625
65.82447052001953
-1.999999987845058e-08
-12.583662033081055
320.2407531738281
60.30537033081055
1.999999987845058e-08
-19.779144287109375
296.0849914550781
63.508262634277344
-1.999999987845058e-08
-23.807891845703125
271.4633483886719
70.9892807006836
1.999999987845058e-08
-28.0601749420166
247.42279052734375
77.04995727539062
-1.999999987845058e-08
-29.271373748779297
225.5576629638672
83.66394805908203
1.999999987845058e-08
-25.23372459411621
208.85610961914062
93.59601593017578
-1.999999987845058e-08
-20.3342227935791
193.57015991210938
101.6978759765625
1.999999987845058e-08
-19.700544357299805
173.7332305908203
102.63943481445312
-1.999999987845058e-08
-23.4709415435791
152.36436462402344
99.66915893554688
1.999999987845058e-08
-27.282276153564453
137.12982177734375
98.50618743896484
-1.999999987845058e-08
-25.63128662109375
129.78257751464844
100.42548370361328
1.999999987845058e-08
-17.28740692138672
127.23499298095703
105.13971710205078
-1.999999987845058e-08
-6.7702131271362305
124.71237182617188
113.69850158691406
1.999999987845058e-08
0.39598575234413147
114.55116271972656
124.41557312011719
-1.999999987845058e-08
0.8831457495689392
93.36166381835938
130.26763916015625
1.999999987845058e-08
-6.203895092010498
70.04070281982422
126.26280212402344
-1.999999987845058e-08
-19.033496856689453
53.67380142211914
115.67465209960938
1.999999987845058e-08
-32.50737380981445
39.51138687133789
104.98998260498047
-1.999999987845058e-08
-40.34587097167969
20.962663650512695
97.75190734863281
1.999999987845058e-08
-40.68315887451172
4.426703929901123
94.59989929199219
-1.999999987845058e-08
-36.18975067138672
-1.8627663850784302
95.6977767944336
1.999999987845058e-08
-28.708200454711914
-2.162381410598755
101.26725006103516
-1.999999987845058e-08
-19.086044311523438
-4.432826995849609
109.46206665039062
1.999999987845058e-08
-9.669859886169434
-8.819755554199219
116.0344467163086
-1.999999987845058e-08
-4.933426856994629
-13.901622772216797
116.89697265625
1.999999987845058e-08
-4.933426856994629
-13.901622772216797
116.89697265625
-1.999999987845058e-08
-8.616867065429688
-20.787452697753906
111.63423156738281
1.999999987845058e-08
-16.759435653686523
-25.874406814575195
105.7118911743164
-1.999999987845058e-08
-20.34671974182129
-24.660404205322266
104.44927215576172
1.999999987845058e-08
-16.430248260498047
-20.87494659423828
106.45918273925781
-1.999999987845058e-08
-8.407011985778809
-19.600116729736328
109.51355743408203
1.999999987845058e-08
-0.6942876577377319
-20.6019344329834
114.47644805908203
-1.999999987845058e-08
3.8125100135803223
-23.46897315979004
119.72821044921875
1.999999987845058e-08
6.117245674133301
-27.879562377929688
121.78446960449219
-1.999999987845058e-08
5.215055465698242
-32.79849624633789
118.54087829589844
1.999999987845058e-08
-5.31254243850708
-41.41132736206055
108.0975112915039
-1.999999987845058e-08
-24.07861328125
-55.87651824951172
92.28522491455078
1.999999987845058e-08
-36.525142669677734
-66.94039154052734
80.52880096435547
-1.999999987845058e-08
-30.9167423248291
-62.39314651489258
82.52909851074219
1.999999987845058e-08
-12.71126937866211
-45.56976318359375
95.56681060791016
-1.999999987845058e-08
1.7192012071609497
-32.54877853393555
105.01323699951172
1.999999987845058e-08
3.81402587890625
-31.619300842285156
101.256591796875
-1.999999987845058e-08
-1.458315372467041
-38.21816635131836
88.50535583496094
1.999999987845058e-08
-7.066884994506836
-46.68388748168945
75.0268325805664
-1.999999987845058e-08
-9.83561897277832
-53.14059829711914
66.19322204589844
1.999999987845058e-08
-6.051315784454346
-51.53089904785156
66.14906311035156
-1.999999987845058e-08
6.390191078186035
-39.8390998840332
74.01139068603516
1.999999987845058e-08
21.336740493774414
-24.96225929260254
82.10948181152344
-1.999999987845058e-08
29.680593490600586
-12.797670364379883
85.81143951416016
1.999999987845058e-08
29.754989624023438
-4.159283638000488
87.44091033935547
-1.999999987845058e-08
23.837936401367188
-3.9969491958618164
86.19599914550781
1.999999987845058e-08
12.415189743041992
-16.488731384277344
76.39094543457031
-1.999999987845058e-08
0.3108331859111786
-32.099822998046875
59.791053771972656
1.999999987845058e-08
-5.038895606994629
-39.4379997253418
45.12409210205078
-1.999999987845058e-08
-2.1093578338623047
-39.70671463012695
37.00762176513672
1.999999987845058e-08
19.463043212890625
-26.059473037719727
43.70533752441406
-1.999999987845058e-08
12.8497896194458
-32.29734420776367
36.498504638671875
1.999999987845058e-08
5.146097660064697
-39.337684631347656
24.61707878112793
-1.999999987845058e-08
6.377220630645752
-36.43868637084961
17.79903793334961
1.999999987845058e-08
16.528837203979492
-28.466777801513672
18.158470153808594
-1.999999987845058e-08
24.614013671875
-27.74867057800293
19.166847229003906
1.999999987845058e-08
21.84363555908203
-35.47080993652344
14.742450714111328
-1.999999987845058e-08
12.879373550415039
-42.46366882324219
5.311336994171143
1.999999987845058e-08
9.643335342407227
-42.34981155395508
-3.156532049179077
-1.999999987845058e-08
15.290589332580566
-36.467308044433594
-5.510395526885986
1.999999987845058e-08
15.290589332580566
-36.467308044433594
-5.510395526885986
-1.999999987845058e-08
23.51749610900879
-29.146821975708008
-1.9520256519317627
1.999999987845058e-08
32.30045700073242
-21.703222274780273
5.055476188659668
-1.999999987845058e-08
43.705482482910156
-12.302810668945312
13.144125938415527
1.999999987845058e-08
53.01165771484375
-2.539252281188965
17.76275062561035
-1.999999987845058e-08
51.9962043762207
0.13948234915733337
13.616090774536133
1.999999987845058e-08
41.46626663208008
-7.114770412445068
1.4949513673782349
-1.999999987845058e-08
32.08534622192383
-14.408493041992188
-10.261282920837402
1.999999987845058e-08
31.642683029174805
-12.038386344909668
-15.65498161315918
-1.999999987845058e-08
38.04128646850586
-3.9461944103240967
-16.993947982788086
1.999999987845058e-08
47.384605407714844
3.0859572887420654
-16.336822509765625
-1.999999987845058e-08
58.76654815673828
10.238861083984375
-11.621292114257812
1.999999987845058e-08
68.52082824707031
16.76665496826172
-5.76972770690918
-1.999999987845058e-08
70.19603729248047
16.101030349731445
-6.744267463684082
1.999999987845058e-08
61.29158401489258
7.86953067779541
-16.732370376586914
-1.999999987845058e-08
47.08394241333008
-0.39897480607032776
-30.819440841674805
1.999999987845058e-08
36.694087982177734
-4.75517463684082
-44.77992248535156
-1.999999987845058e-08
34.39686965942383
-6.758081436157227
-56.31642150878906
1.999999987845058e-08
39.0432014465332
-5.776401519775391
-60.40087890625
-1.999999987845058e-08
47.6489143371582
-0.7550613880157471
-54.64293670654297
1.999999987845058e-08
47.6489143371582
-0.7550613880157471
-54.64293670654297
-1.999999987845058e-08
54.62419509887695
4.0996880531311035
-47.056400299072266
1.999999987845058e-08
55.38969039916992
5.1628265380859375
-45.95882034301758
-1.999999987845058e-08
50.659080505371094
3.157172918319702
-50.01248550415039
1.999999987845058e-08
43.39791488647461
-1.5390266180038452
-56.29349136352539
-1.999999987845058e-08
37.74314880371094
-5.8334479331970215
-64.42414093017578
1.999999987845058e-08
40.4475212097168
-1.3284015655517578
-69.41059112548828
-1.999999987845058e-08
55.2652587890625
14.724738121032715
-63.934043884277344
1.999999987845058e-08
74.46126556396484
33.2001838684082
-49.961944580078125
-1.999999987845058e-08
83.03105163574219
43.18439483642578
-38.295108795166016
1.999999987845058e-08
74.46126556396484
33.2001838684082
-49.961944580078125
-1.999999987845058e-08
83.03105163574219
43.18439483642578
-38.295108795166016
1.999999987845058e-08
75.87249755859375
42.01361846923828
-35.7280387878418
-1.999999987845058e-08
62.487083435058594
33.63214874267578
-41.25899124145508
1.999999987845058e-08
53.15277099609375
23.590953826904297
-51.819068908691406
-1.999999987845058e-08
50.23397445678711
17.1700439453125
-63.85465621948242
1.999999987845058e-08
50.511173248291016
15.69335651397705
-74.5250244140625
-1.999999987845058e-08
51.38911819458008
15.78600788116455
-82.18637084960938
1.999999987845058e-08
54.58565902709961
16.270343780517578
-82.8362808227539
-1.999999987845058e-08
59.349857330322266
18.122879028320312
-74.96124267578125
1.999999987845058e-08
44.160831451416016
-4.988763332366943
-77.41781616210938
-1.999999987845058e-08
37.43402099609375
-13.738972663879395
-86.65493774414062
1.999999987845058e-08
35.829559326171875
-17.223697662353516
-90.17767333984375
-1.999999987845058e-08
38.76074981689453
-17.878921508789062
-90.55533599853516
1.999999987845058e-08
45.47932434082031
-13.97060775756836
-88.54719543457031
-1.999999987845058e-08
57.84039306640625
-4.725069046020508
-79.95915985107422
1.999999987845058e-08
73.02879333496094
4.904694080352783
-67.06705474853516
-1.999999987845058e-08
80.5916519165039
11.820490837097168
-60.440731048583984
1.999999987845058e-08
72.84273529052734
15.981843948364258
-66.71626281738281
-1.999999987845058e-08
54.33403015136719
13.7896146774292
-82.07838439941406
1.999999987845058e-08
39.40050506591797
-1.8883448839187622
-91.30936431884766
-1.999999987845058e-08
48.60845184326172
-1.203131079673767
-83.26971435546875
1.999999987845058e-08
52.90621566772461
0.7382112741470337
-76.31565856933594
-1.999999987845058e-08
50.28926086425781
5.497974395751953
-72.47622680664062
1.999999987845058e-08
40.76015853881836
7.701455593109131
-76.67388916015625
-1.999999987845058e-08
27.996278762817383
7.057712078094482
-85.67257690429688
1.999999987845058e-08
21.330764770507812
9.22657299041748
-87.04393768310547
-1.999999987845058e-08
27.73676872253418
14.453413963317871
-75.32160186767578
1.999999987845058e-08
42.60337448120117
18.845806121826172
-57.990142822265625
-1.999999987845058e-08
53.02744674682617
21.455720901489258
-45.412906646728516
1.999999987845058e-08
42.60337448120117
18.845806121826172
-57.990142822265625
-1.999999987845058e-08
53.02744674682617
21.455720901489258
-45.412906646728516
1.999999987845058e-08
49.627281188964844
20.670717239379883
-43.032894134521484
-1.999999987845058e-08
33.42825698852539
12.582472801208496
-50.479488372802734
1.999999987845058e-08
12.682267189025879
-1.3445525169372559
-63.14118194580078
-1.999999987845058e-08
-3.3678603172302246
-13.613996505737305
-74.15414428710938
1.999999987845058e-08
-7.341767311096191
-18.38864517211914
-76.01799011230469
-1.999999987845058e-08
3.0856401920318604
-13.218738555908203
-64.54716491699219
1.999999987845058e-08
21.365201950073242
0.8904480338096619
-44.51348114013672
-1.999999987845058e-08
34.60895919799805
14.822547912597656
-28.63158416748047
1.999999987845058e-08
34.1943359375
17.017576217651367
-25.314451217651367
-1.999999987845058e-08
24.4158992767334
8.633291244506836
-28.464622497558594
1.999999987845058e-08
15.276491165161133
0.9907498955726624
-27.4892578125
-1.999999987845058e-08
10.150041580200195
-0.7607783675193787
-22.277984619140625
1.999999987845058e-08
7.612819671630859
2.235065460205078
-17.28082847595215
-1.999999987845058e-08
7.369164943695068
10.392471313476562
-11.26410961151123
1.999999987845058e-08
10.155265808105469
20.631805419921875
-2.8991732597351074
-1.999999987845058e-08
16.94922637939453
25.272682189941406
4.684576034545898
1.999999987845058e-08
26.486980438232422
23.633785247802734
9.668407440185547
-1.999999987845058e-08
33.244571685791016
21.582895278930664
12.467562675476074
1.999999987845058e-08
31.702415466308594
19.5173397064209
10.652900695800781
-1.999999987845058e-08
22.12148666381836
14.458268165588379
1.7307533025741577
1.999999987845058e-08
10.916964530944824
9.846593856811523
-9.243030548095703
-1.999999987845058e-08
5.016437530517578
10.338520050048828
-13.185457229614258
1.999999987845058e-08
5.6116766929626465
13.040942192077637
-7.894046783447266
-1.999999987845058e-08
8.619744300842285
14.187786102294922
1.8070054054260254
1.999999987845058e-08
9.874503135681152
15.09171199798584
11.33575439453125
-1.999999987845058e-08
8.726541519165039
15.670475006103516
18.068796157836914
1.999999987845058e-08
7.449193954467773
15.012173652648926
22.188261032104492
-1.999999987845058e-08
6.159078121185303
16.928627014160156
27.458040237426758
1.999999987845058e-08
-4.280023097991943
24.896821975708008
47.046817779541016
-1.999999987845058e-08
-5.953042507171631
24.48568344116211
58.59304428100586
1.999999987845058e-08
1.006691575050354
30.291345596313477
71.63143920898438
-1.999999987845058e-08
11.097192764282227
43.65758514404297
82.64797973632812
1.999999987845058e-08
15.855698585510254
53.44137954711914
85.77574920654297
-1.999999987845058e-08
14.825614929199219
53.00522232055664
82.98200225830078
1.999999987845058e-08
11.188332557678223
45.264129638671875
80.3050308227539
-1.999999987845058e-08
4.177095413208008
32.8071403503418
76.68805694580078
1.999999987845058e-08
-5.174405097961426
18.677461624145508
68.56587982177734
-1.999999987845058e-08
-11.935973167419434
9.676910400390625
58.843780517578125
1.999999987845058e-08
-5.174405097961426
18.677461624145508
68.56587982177734
-1.999999987845058e-08
-11.935973167419434
9.676910400390625
58.843780517578125
1.999999987845058e-08
-13.89772891998291
7.697070121765137
53.87028121948242
-1.999999987845058e-08
-13.01132869720459
6.336065292358398
55.47521209716797
1.999999987845058e-08
-12.007344245910645
2.1826529502868652
59.7039909362793
-1.999999987845058e-08
-11.739673614501953
-0.2734318971633911
62.13155746459961
1.999999987845058e-08
-13.205155372619629
0.7144720554351807
59.36171340942383
-1.999999987845058e-08
-18.12883758544922
1.3255219459533691
49.9890022277832
1.999999987845058e-08
-23.461021423339844
2.1669600009918213
39.46592330932617
-1.999999987845058e-08
-25.516422271728516
5.183329105377197
33.51726150512695
1.999999987845058e-08
2.921236753463745
19.01195526123047
49.99101638793945
-1.999999987845058e-08
4.517388820648193
24.544050216674805
52.75236892700195
1.999999987845058e-08
-8.976447105407715
19.525598526000977
41.30249786376953
-1.999999987845058e-08
-26.982891082763672
7.438790321350098
24.599477767944336
1.999999987845058e-08
-39.22218704223633
-5.324935436248779
12.373308181762695
-1.999999987845058e-08
-43.34221267700195
-12.033777236938477
8.298644065856934
1.999999987845058e-08
-40.88047790527344
-10.202326774597168
12.142373085021973
-1.999999987845058e-08
-31.969350814819336
-6.114277362823486
22.12262535095215
1.999999987845058e-08
-19.342815399169922
-6.725446701049805
33.91351318359375
-1.999999987845058e-08
-11.38076114654541
-9.753021240234375
41.0002326965332
1.999999987845058e-08
-11.38076114654541
-9.753021240234375
41.0002326965332
-1.999999987845058e-08
-15.052397727966309
-10.774680137634277
39.31346130371094
1.999999987845058e-08
-26.70172882080078
-11.637431144714355
33.24259567260742
-1.999999987845058e-08
-34.5959358215332
-12.732178688049316
32.68276596069336
1.999999987845058e-08
-32.980342864990234
-9.511561393737793
40.73993682861328
-1.999999987845058e-08
-26.70956039428711
-2.8818957805633545
50.225990295410156
1.999999987845058e-08
-21.68828010559082
-0.01683279499411583
52.74150085449219
-1.999999987845058e-08
-19.895017623901367
-2.839352607727051
46.216217041015625
1.999999987845058e-08
-21.55159568786621
-7.188042640686035
34.97008514404297
-1.999999987845058e-08
-25.05777359008789
-10.814112663269043
25.251632690429688
1.999999987845058e-08
-27.23162078857422
-12.449408531188965
21.227636337280273
-1.999999987845058e-08
-27.070533752441406
-9.6892728805542
23.292064666748047
1.999999987845058e-08
-26.497817993164062
-5.371026039123535
27.81875228881836
-1.999999987845058e-08
-27.844497680664062
-6.761046886444092
29.443761825561523
1.999999987845058e-08
-34.07257843017578
-15.226293563842773
24.271730422973633
-1.999999987845058e-08
-45.23894500732422
-25.30706214904785
13.524920463562012
1.999999987845058e-08
-53.80206298828125
-32.79252243041992
4.88326358795166
-1.999999987845058e-08
-52.56181716918945
-35.80493927001953
5.516894817352295
1.999999987845058e-08
-43.94874954223633
-31.770614624023438
14.20294189453125
-1.999999987845058e-08
-36.10299301147461
-22.975006103515625
22.281225204467773
1.999999987845058e-08
-41.00428771972656
-33.497371673583984
8.11955738067627
-1.999999987845058e-08
-49.33039855957031
-38.70097351074219
0.6489827632904053
1.999999987845058e-08
-60.79640197753906
-43.063941955566406
-8.978370666503906
-1.999999987845058e-08
-71.12899017333984
-47.21561050415039
-16.896127700805664
1.999999987845058e-08
-74.09862518310547
-47.0816764831543
-17.56805992126465
-1.999999987845058e-08
-67.46145629882812
-42.49824142456055
-11.817485809326172
1.999999987845058e-08
-57.68658447265625
-37.738609313964844
-5.149738311767578
-1.999999987845058e-08
-51.74128341674805
-33.4180793762207
0.6112402677536011
1.999999987845058e-08
-49.254188537597656
-27.962509155273438
6.4319891929626465
-1.999999987845058e-08
-49.42146301269531
-24.015472412109375
8.009661674499512
1.999999987845058e-08
-74.09862518310547
-47.0816764831543
-17.56805992126465
-1.999999987845058e-08
-67.46145629882812
-42.49824142456055
-11.817485809326172
1.999999987845058e-08
-57.68658447265625
-37.738609313964844
-5.149738311767578
-1.999999987845058e-08
-51.74128341674805
-33.4180793762207
0.6112402677536011
1.999999987845058e-08
-49.254188537597656
-27.962509155273438
6.4319891929626465
-1.999999987845058e-08
-49.42146301269531
-24.015472412109375
8.009661674499512
1.999999987845058e-08
-53.057769775390625
-24.237459182739258
1.6106709241867065
-1.999999987845058e-08
-56.24422836303711
-26.82143783569336
-6.235719203948975
1.999999987845058e-08
-55.466426849365234
-30.02335548400879
-8.673558235168457
-1.999999987845058e-08
-55.06389617919922
-33.71859359741211
-9.439629554748535
1.999999987845058e-08
-60.62776565551758
-43.45439529418945
-23.484298706054688
-1.999999987845058e-08
-43.448204040527344
-27.717159271240234
-11.425848960876465
1.999999987845058e-08
-30.297697067260742
-10.902946472167969
-1.5387314558029175
-1.999999987845058e-08
-29.081588745117188
-6.950970649719238
-2.197756767272949
1.999999987845058e-08
-35.75944519042969
-11.079658508300781
-8.331365585327148
-1.999999987845058e-08
-44.045894622802734
-13.727181434631348
-13.398194313049316
1.999999987845058e-08
-50.94764709472656
-17.75284767150879
-18.176834106445312
-1.999999987845058e-08
-51.827964782714844
-25.16702651977539
-20.65471649169922
1.999999987845058e-08
-45.58527374267578
-27.49248695373535
-17.079898834228516
-1.999999987845058e-08
-40.54573440551758
-20.70095443725586
-14.043612480163574
1.999999987845058e-08
-41.15903854370117
-10.415791511535645
-18.852806091308594
-1.999999987845058e-08
-42.14250183105469
-1.7324961423873901
-26.327783584594727
1.999999987845058e-08
-41.6959342956543
1.554071068763733
-30.2936954498291
-1.999999987845058e-08
-41.91974639892578
-2.877774715423584
-32.3138313293457
1.999999987845058e-08
-39.29553985595703
-8.78699016571045
-32.067012786865234
-1.999999987845058e-08
-31.73223876953125
-8.36909008026123
-27.809213638305664
1.999999987845058e-08
-26.120330810546875
-5.751854419708252
-25.48065948486328
-1.999999987845058e-08
-28.192636489868164
-8.592040061950684
-30.618532180786133
1.999999987845058e-08
-35.02910614013672
-13.504981994628906
-38.04056167602539
-1.999999987845058e-08
-40.12629699707031
-14.886446952819824
-40.58786392211914
1.999999987845058e-08
-38.34215545654297
-16.238054275512695
-38.4467887878418
-1.999999987845058e-08
-28.027536392211914
-18.94556427001953
-33.3481559753418
1.999999987845058e-08
-13.920561790466309
-15.563075065612793
-24.61469841003418
-1.999999987845058e-08
-6.047525405883789
-5.984273433685303
-16.62786865234375
1.999999987845058e-08
-10.023712158203125
-2.5802927017211914
-17.559110641479492
-1.999999987845058e-08
-19.530847549438477
-11.101105690002441
-25.537044525146484
1.999999987845058e-08
-24.30445098876953
-22.483478546142578
-29.915878295898438
-1.999999987845058e-08
-23.47536277770996
-27.732576370239258
-28.756088256835938
1.999999987845058e-08
-23.57426643371582
-27.3973331451416
-29.2289981842041
-1.999999987845058e-08
-27.087177276611328
-25.579151153564453
-32.39992141723633
1.999999987845058e-08
-31.498289108276367
-25.15630340576172
-34.25053787231445
-1.999999987845058e-08
-34.674224853515625
-26.25838851928711
-35.718170166015625
1.999999987845058e-08
-34.26706314086914
-24.480178833007812
-37.805145263671875
-1.999999987845058e-08
-25.641132354736328
-16.688631057739258
-34.81262969970703
1.999999987845058e-08
-8.324713706970215
-7.779975414276123
-23.239715576171875
-1.999999987845058e-08
6.170629978179932
-4.448185920715332
-11.508838653564453
1.999999987845058e-08
5.683719635009766
-6.217989444732666
-10.632416725158691
-1.999999987845058e-08
-4.741076469421387
-9.202835083007812
-18.89109230041504
1.999999987845058e-08
-9.823878288269043
-11.444366455078125
-24.930212020874023
-1.999999987845058e-08
-3.4455738067626953
-8.927053451538086
-22.03219223022461
1.999999987845058e-08
-3.4455738067626953
-8.927053451538086
-22.03219223022461
-1.999999987845058e-08
7.5263495445251465
1.2304611206054688
-14.139727592468262
1.999999987845058e-08
14.501694679260254
11.845654487609863
-9.397024154663086
-1.999999987845058e-08
17.526519775390625
15.089600563049316
-8.749095916748047
1.999999987845058e-08
21.59927749633789
15.419958114624023
-6.068612098693848
-1.999999987845058e-08
25.870115280151367
18.321306228637695
-1.4937992095947266
1.999999987845058e-08
23.831741333007812
18.1554012298584
-3.413116455078125
-1.999999987845058e-08
13.364316940307617
10.507559776306152
-13.431266784667969
1.999999987845058e-08
1.1889928579330444
2.4651668071746826
-22.47031593322754
-1.999999987845058e-08
-4.248966693878174
0.09458952397108078
-25.306608200073242
1.999999987845058e-08
6.169974327087402
-1.2175623178482056
-23.893848419189453
-1.999999987845058e-08
15.119657516479492
-0.661403238773346
-18.336761474609375
1.999999987845058e-08
22.536104202270508
2.6456682682037354
-11.668152809143066
-1.999999987845058e-08
25.67926025390625
7.0840277671813965
-10.311614036560059
1.999999987845058e-08
24.19634437561035
11.841038703918457
-15.576028823852539
-1.999999987845058e-08
20.529983520507812
15.663715362548828
-23.206514358520508
1.999999987845058e-08
18.809064865112305
17.192026138305664
-28.248279571533203
-1.999999987845058e-08
21.05739974975586
18.098119735717773
-29.070011138916016
1.999999987845058e-08
22.04633331298828
19.39365005493164
-29.83292579650879
-1.999999987845058e-08
15.21998405456543
19.37061882019043
-35.75080871582031
1.999999987845058e-08
15.21998405456543
19.37061882019043
-35.75080871582031
-1.999999987845058e-08
6.000844955444336
21.11433219909668
-42.9436149597168
1.999999987845058e-08
7.555295467376709
30.566198348999023
-41.11001968383789
-1.999999987845058e-08
22.281251907348633
44.77872085571289
-28.902896881103516
1.999999987845058e-08
39.09147262573242
56.921077728271484
-16.53630828857422
-1.999999987845058e-08
47.35870361328125
68.30607604980469
-12.37506103515625
1.999999987845058e-08
44.24467468261719
78.55745697021484
-16.939340591430664
-1.999999987845058e-08
31.583087921142578
76.49411010742188
-29.258426666259766
1.999999987845058e-08
13.446027755737305
59.44047546386719
-48.69466781616211
-1.999999987845058e-08
-2.9043052196502686
42.82984924316406
-69.16934204101562
1.999999987845058e-08
19.02045249938965
26.831279754638672
-60.44171142578125
-1.999999987845058e-08
38.84909439086914
43.9573860168457
-39.540771484375
1.999999987845058e-08
48.903961181640625
64.80994415283203
-23.634170532226562
-1.999999987845058e-08
45.87924575805664
58.72682571411133
-18.254989624023438
1.999999987845058e-08
34.12326431274414
34.60132598876953
-22.04729461669922
-1.999999987845058e-08
20.384586334228516
34.397674560546875
-31.062374114990234
1.999999987845058e-08
12.109746932983398
61.631996154785156
-40.021541595458984
-1.999999987845058e-08
15.061141014099121
75.53682708740234
-40.56245803833008
1.999999987845058e-08
26.6170597076416
64.9278335571289
-28.906875610351562
-1.999999987845058e-08
36.27354431152344
60.668243408203125
-14.682376861572266
1.999999987845058e-08
36.27354431152344
60.668243408203125
-14.682376861572266
-1.999999987845058e-08
38.10163116455078
70.31966400146484
-9.9097318649292
1.999999987845058e-08
36.397850036621094
70.09154510498047
-12.45883560180664
-1.999999987845058e-08
33.374698638916016
60.130332946777344
-14.859542846679688
1.999999987845058e-08
25.780858993530273
64.1990966796875
-18.621057510375977
-1.999999987845058e-08
17.28321075439453
80.87842559814453
-24.896076202392578
1.999999987845058e-08
15.514336585998535
86.17630767822266
-27.362653732299805
-1.999999987845058e-08
20.547666549682617
75.64803314208984
-23.718170166015625
1.999999987845058e-08
28.033653259277344
65.65079498291016
-19.289052963256836
-1.999999987845058e-08
34.61528396606445
62.750057220458984
-16.987152099609375
1.999999987845058e-08
34.61528396606445
62.750057220458984
-16.987152099609375
-1.999999987845058e-08
36.903297424316406
58.96605682373047
-14.890631675720215
1.999999987845058e-08
31.458803176879883
47.63984680175781
-14.302574157714844
-1.999999987845058e-08
17.798145294189453
27.600439071655273
-20.432140350341797
1.999999987845058e-08
3.339151382446289
3.4998340606689453
-31.43662452697754
-1.999999987845058e-08
0.32142144441604614
-10.327275276184082
-37.065635681152344
1.999999987845058e-08
11.837777137756348
-4.907094955444336
-32.446937561035156
-1.999999987845058e-08
28.93019676208496
1.4375451803207397
-22.221158981323242
1.999999987845058e-08
41.405364990234375
-16.336288452148438
-12.433622360229492
-1.999999987845058e-08
42.50087356567383
-46.272216796875
-8.980439186096191
1.999999987845058e-08
11.396951675415039
-78.81877899169922
-35.40986251831055
-1.999999987845058e-08
12.872822761535645
-85.22026062011719
-35.62449264526367
1.999999987845058e-08
13.751935958862305
-54.79069519042969
-34.98905944824219
-1.999999987845058e-08
19.17610740661621
-41.41218948364258
-28.150041580200195
1.999999987845058e-08
26.30452537536621
-69.1564712524414
-16.897621154785156
-1.999999987845058e-08
27.348712921142578
-85.20445251464844
-8.856719017028809
1.999999987845058e-08
23.151050567626953
-58.738304138183594
-6.426990985870361
-1.999999987845058e-08
19.46468162536621
-42.00239562988281
-7.634063720703125
1.999999987845058e-08
16.585865020751953
-72.21733093261719
-11.970691680908203
-1.999999987845058e-08
12.540541648864746
-99.81352233886719
-18.420576095581055
1.999999987845058e-08
27.348712921142578
-85.20445251464844
-8.856719017028809
-1.999999987845058e-08
23.151050567626953
-58.738304138183594
-6.426990985870361
1.999999987845058e-08
19.46468162536621
-42.00239562988281
-7.634063720703125
-1.999999987845058e-08
16.585865020751953
-72.21733093261719
-11.970691680908203
1.999999987845058e-08
12.54054069519043
-99.81352233886719
-18.420576095581055
-1.999999987845058e-08
9.567270278930664
-81.62138366699219
-23.947603225708008
1.999999987845058e-08
12.803751945495605
-61.35482406616211
-25.02195167541504
-1.999999987845058e-08
23.302734375
-88.59520721435547
-19.30353355407715
1.999999987845058e-08
33.65192413330078
-133.47372436523438
-10.352750778198242
-1.999999987845058e-08
34.817893981933594
-147.1511688232422
-6.956600189208984
1.999999987845058e-08
6.351774215698242
-178.2566375732422
-30.88394546508789
-1.999999987845058e-08
9.31411361694336
-166.54800415039062
-31.16716766357422
1.999999987845058e-08
22.893905639648438
-127.72879791259766
-20.78030014038086
-1.999999987845058e-08
39.3936882019043
-100.13233184814453
-2.497589349746704
1.999999987845058e-08
47.83264923095703
-96.32048797607422
12.065719604492188
-1.999999987845058e-08
44.73521041870117
-94.97550964355469
13.368956565856934
1.999999987845058e-08
34.70986557006836
-87.76809692382812
3.6473567485809326
-1.999999987845058e-08
23.535261154174805
-92.09931945800781
-7.770461082458496
1.999999987845058e-08
16.38146209716797
-112.50350952148438
-13.37843132019043
-1.999999987845058e-08
16.664936065673828
-126.17984771728516
-10.769017219543457
1.999999987845058e-08
20.004413604736328
-82.02249908447266
-3.995378017425537
-1.999999987845058e-08
16.204038619995117
-76.49818420410156
-8.865992546081543
1.999999987845058e-08
15.256855010986328
-77.82878875732422
-8.722993850708008
-1.999999987845058e-08
17.60309600830078
-80.3140640258789
-4.628036022186279
1.999999987845058e-08
21.40971565246582
-73.23958587646484
-0.9937856793403625
-1.999999987845058e-08
23.303199768066406
-55.39875030517578
0.17953377962112427
1.999999987845058e-08
