0
-6.2483344078063965
29.609655380249023
4.171733379364014
1.999999987845058e-08
-4.251699447631836
32.63997268676758
10.049971580505371
-1.999999987845058e-08
-5.798845291137695
35.30553436279297
11.307528495788574
1.999999987845058e-08
-8.302207946777344
32.50364303588867
6.42951774597168
-1.999999987845058e-08
-11.933552742004395
28.219249725341797
-0.2924339175224304
1.999999987845058e-08
-17.225276947021484
25.988969802856445
-4.578783988952637
-1.999999987845058e-08
-23.65431022644043
20.838407516479492
-9.038972854614258
1.999999987845058e-08
-27.80953025817871
13.870244979858398
-14.078841209411621
-1.999999987845058e-08
-26.157421112060547
12.431023597717285
-15.604077339172363
1.999999987845058e-08
-26.157421112060547
12.431023597717285
-15.604077339172363
-1.999999987845058e-08
-19.713825225830078
14.817923545837402
-14.491048812866211
1.999999987845058e-08
-12.518401145935059
16.44505500793457
-14.06460189819336
-1.999999987845058e-08
-8.962060928344727
19.406892776489258
-13.651618957519531
1.999999987845058e-08
-11.383856773376465
22.076778411865234
-12.852807998657227
-1.999999987845058e-08
-17.82656478881836
17.910463333129883
-13.957711219787598
1.999999987845058e-08
-24.30988311767578
10.388032913208008
-16.600435256958008
-1.999999987845058e-08
-26.72118377685547
10.32662296295166
-15.883321762084961
1.999999987845058e-08
-21.873537063598633
17.32369041442871
-9.504709243774414
-1.999999987845058e-08
-11.978636741638184
21.53095817565918
-1.8972368240356445
1.999999987845058e-08
-5.294890880584717
20.618938446044922
2.1375505924224854
-1.999999987845058e-08
-8.94823932647705
18.120100021362305
0.4526015818119049
1.999999987845058e-08
-20.64200782775879
14.135843276977539
-7.697113513946533
-1.999999987845058e-08
-29.738128662109375
9.90466594696045
-17.5046443939209
1.999999987845058e-08
-29.123384475708008
8.743962287902832
-20.38487434387207
-1.999999987845058e-08
-21.07451629638672
10.829292297363281
-13.724133491516113
1.999999987845058e-08
-11.850665092468262
15.593409538269043
-2.95116925239563
-1.999999987845058e-08
-7.4918951988220215
21.316007614135742
4.384023189544678
1.999999987845058e-08
-10.84164047241211
22.170196533203125
4.14980936050415
-1.999999987845058e-08
-18.830280303955078
15.906719207763672
-1.9646588563919067
1.999999987845058e-08
-29.98693084716797
2.2092268466949463
-11.70081901550293
-1.999999987845058e-08
-27.394058227539062
-1.8943253755569458
-10.340900421142578
1.999999987845058e-08
-25.49622917175293
-4.190004348754883
-9.641347885131836
-1.999999987845058e-08
-26.079429626464844
-3.076953172683716
-10.697994232177734
1.999999987845058e-08
-26.52031898498535
-1.2767646312713623
-13.99726390838623
-1.999999987845058e-08
-23.38396644592285
1.3324788808822632
-17.57282257080078
1.999999987845058e-08
-16.48432159423828
7.524180889129639
-16.86602783203125
-1.999999987845058e-08
-8.145577430725098
15.446941375732422
-9.754977226257324
1.999999987845058e-08
-1.58414888381958
19.736278533935547
-0.3569470942020416
-1.999999987845058e-08
1.4600955247879028
19.28803062438965
6.287009239196777
1.999999987845058e-08
-8.145577430725098
15.446941375732422
-9.754977226257324
-1.999999987845058e-08
-1.58414888381958
19.736278533935547
-0.35694703459739685
1.999999987845058e-08
1.4600955247879028
19.28803062438965
6.287009239196777
-1.999999987845058e-08
1.0220036506652832
17.189193725585938
8.933289527893066
1.999999987845058e-08
-2.5009236335754395
15.162175178527832
7.797297954559326
-1.999999987845058e-08
-7.231047630310059
14.046804428100586
3.8075108528137207
1.999999987845058e-08
-10.336617469787598
14.468836784362793
-0.5572991967201233
-1.999999987845058e-08
-9.719488143920898
14.828643798828125
-2.2847518920898438
1.999999987845058e-08
-5.37120246887207
14.157525062561035
0.16981980204582214
-1.999999987845058e-08
-1.3917150497436523
13.634357452392578
4.145488739013672
1.999999987845058e-08
-3.742117166519165
3.545623302459717
4.162046432495117
-1.999999987845058e-08
-5.743285179138184
4.783368110656738
6.754383563995361
1.999999987845058e-08
-7.938533782958984
6.466202735900879
6.533389091491699
-1.999999987845058e-08
-8.897783279418945
7.8386616706848145
3.2410895824432373
1.999999987845058e-08
-7.1812052726745605
9.750597953796387
0.3673876225948334
-1.999999987845058e-08
-4.196463108062744
8.943791389465332
-1.2897953987121582
1.999999987845058e-08
-3.4451191425323486
2.921269416809082
-3.3742899894714355
-1.999999987845058e-08
-6.593680381774902
-4.138428688049316
-5.043039798736572
1.999999987845058e-08
-12.030284881591797
-9.598729133605957
-5.540762901306152
-1.999999987845058e-08
-14.33161735534668
-14.38221263885498
-5.33522891998291
1.999999987845058e-08
-8.880044937133789
-13.96835994720459
-2.772366762161255
-1.999999987845058e-08
1.2528736591339111
-5.165302753448486
2.554380416870117
1.999999987845058e-08
9.509771347045898
4.062262058258057
7.001269817352295
-1.999999987845058e-08
13.478275299072266
7.472217559814453
8.87180233001709
1.999999987845058e-08
12.974791526794434
8.728745460510254
10.099957466125488
-1.999999987845058e-08
6.875035285949707
7.906900882720947
9.90234088897705
1.999999987845058e-08
-3.261420726776123
0.37204495072364807
5.9950737953186035
-1.999999987845058e-08
-11.770925521850586
-9.0459566116333
1.0145105123519897
1.999999987845058e-08
-14.8347749710083
-11.848748207092285
-1.5764412879943848
-1.999999987845058e-08
-12.058537483215332
-10.045295715332031
-2.104778528213501
1.999999987845058e-08
-12.058537483215332
-10.045295715332031
-2.104778528213501
-1.999999987845058e-08
-3.3771867752075195
-8.311623573303223
0.42955195903778076
1.999999987845058e-08
8.050690650939941
-4.844388484954834
8.252902030944824
-1.999999987845058e-08
15.341361999511719
-0.4010353088378906
17.8983211517334
1.999999987845058e-08
15.097614288330078
-0.3971780240535736
22.245460510253906
-1.999999987845058e-08
9.307003021240234
-3.8327081203460693
18.55509376525879
1.999999987845058e-08
1.7237039804458618
-4.910142421722412
10.496908187866211
-1.999999987845058e-08
-3.0619640350341797
-4.224659442901611
3.9689786434173584
1.999999987845058e-08
-1.528281569480896
-4.5547966957092285
3.131540536880493
-1.999999987845058e-08
5.3606696128845215
-1.9459733963012695
9.602495193481445
1.999999987845058e-08
-1.528281569480896
-4.5547966957092285
3.131540536880493
-1.999999987845058e-08
5.3606696128845215
-1.9459733963012695
9.602495193481445
1.999999987845058e-08
12.792713165283203
4.1185407638549805
19.981712341308594
-1.999999987845058e-08
16.67810821533203
4.1422576904296875
25.992279052734375
1.999999987845058e-08
16.767854690551758
-3.360851526260376
24.586441040039062
-1.999999987845058e-08
14.169983863830566
-6.802690029144287
20.7308292388916
1.999999987845058e-08
8.874532699584961
-3.885531425476074
15.935626983642578
-1.999999987845058e-08
2.4523088932037354
-5.054325103759766
7.259218215942383
1.999999987845058e-08
-0.24224881827831268
-10.67688274383545
-1.1882013082504272
-1.999999987845058e-08
4.493037700653076
-9.756573677062988
-1.2804993391036987
1.999999987845058e-08
22.646833419799805
8.770853042602539
7.712568759918213
-1.999999987845058e-08
18.831851959228516
7.330737113952637
3.4728076457977295
1.999999987845058e-08
11.357190132141113
-0.9816387891769409
-3.4592490196228027
-1.999999987845058e-08
5.877834320068359
-9.206151962280273
-8.218082427978516
1.999999987845058e-08
5.42307186126709
-8.342373847961426
-6.2467756271362305
-1.999999987845058e-08
6.941550254821777
-3.2240471839904785
-2.0899646282196045
1.999999987845058e-08
8.310103416442871
-1.4521832466125488
-1.1193691492080688
-1.999999987845058e-08
9.863297462463379
0.6029568314552307
-0.8888073563575745
1.999999987845058e-08
8.623990058898926
3.945239305496216
-0.6317055821418762
-1.999999987845058e-08
-0.25782349705696106
-1.6588411331176758
-6.827671051025391
1.999999987845058e-08
-0.25782355666160583
-1.6588412523269653
-6.827671527862549
-1.999999987845058e-08
-15.27222728729248
-17.602294921875
-20.558879852294922
1.999999987845058e-08
-27.69901466369629
-28.640106201171875
-32.457645416259766
-1.999999987845058e-08
-31.104148864746094
-26.164024353027344
-36.399288177490234
1.999999987845058e-08
-26.82597541809082
-18.90460968017578
-35.36219787597656
-1.999999987845058e-08
-18.328529357910156
-14.403255462646484
-30.621347427368164
1.999999987845058e-08
-8.389960289001465
-9.653780937194824
-19.53299331665039
-1.999999987845058e-08
-1.8314297199249268
-3.6310811042785645
-6.124895095825195
1.999999987845058e-08
-0.33846908807754517
-0.5458040237426758
1.0373656749725342
-1.999999987845058e-08
0.42659804224967957
-0.7930800318717957
0.20872148871421814
1.999999987845058e-08
0.4265980124473572
-0.7930800318717957
0.20872145891189575
-1.999999987845058e-08
3.0540733337402344
-1.5247284173965454
-4.350351333618164
1.999999987845058e-08
6.806804656982422
-0.15633927285671234
-7.31284236907959
-1.999999987845058e-08
11.662735939025879
6.154449939727783
-4.045940399169922
1.999999987845058e-08
17.898765563964844
15.43889331817627
4.537652492523193
-1.999999987845058e-08
24.865610122680664
20.188262939453125
12.191948890686035
1.999999987845058e-08
30.2314510345459
19.297027587890625
16.533279418945312
-1.999999987845058e-08
31.434247970581055
19.644689559936523
21.3445987701416
1.999999987845058e-08
28.981189727783203
22.038820266723633
27.02312469482422
-1.999999987845058e-08
25.4949951171875
21.04473304748535
28.28305435180664
1.999999987845058e-08
23.37375259399414
18.515575408935547
24.65045738220215
-1.999999987845058e-08
23.66084098815918
20.609722137451172
21.107492446899414
1.999999987845058e-08
24.739904403686523
25.580530166625977
18.316091537475586
-1.999999987845058e-08
24.067758560180664
27.554203033447266
14.466928482055664
1.999999987845058e-08
21.137371063232422
25.87791633605957
11.920829772949219
-1.999999987845058e-08
17.638120651245117
22.97893714904785
12.800389289855957
1.999999987845058e-08
15.695751190185547
20.158863067626953
14.621926307678223
-1.999999987845058e-08
15.659123420715332
18.788053512573242
14.931044578552246
1.999999987845058e-08
15.526694297790527
18.908321380615234
13.865056037902832
-1.999999987845058e-08
13.097922325134277
17.32665252685547
11.080781936645508
1.999999987845058e-08
10.182661056518555
13.89054012298584
7.723040580749512
-1.999999987845058e-08
12.537535667419434
14.467318534851074
8.670921325683594
1.999999987845058e-08
19.99884033203125
20.72871971130371
13.79797649383545
-1.999999987845058e-08
23.486345291137695
25.586843490600586
14.941657066345215
1.999999987845058e-08
18.48368263244629
23.705167770385742
9.03757095336914
-1.999999987845058e-08
9.549189567565918
15.811643600463867
1.6020491123199463
1.999999987845058e-08
1.10117769241333
4.255608558654785
-3.9843549728393555
-1.999999987845058e-08
-2.328507900238037
-3.079681396484375
-6.256993770599365
1.999999987845058e-08
5.323195457458496
3.9957220554351807
-1.5998903512954712
-1.999999987845058e-08
21.748912811279297
20.264530181884766
8.333251953125
1.999999987845058e-08
39.68641662597656
33.317237854003906
22.11726951599121
-1.999999987845058e-08
28.768726348876953
29.883377075195312
18.458757400512695
1.999999987845058e-08
12.116605758666992
20.500070571899414
8.624808311462402
-1.999999987845058e-08
-0.5272033214569092
12.933247566223145
0.32669392228126526
1.999999987845058e-08
-3.296531915664673
9.634857177734375
-1.2643139362335205
-1.999999987845058e-08
0.41192370653152466
6.226540565490723
0.9352412223815918
1.999999987845058e-08
7.640719890594482
6.307487964630127
5.94667387008667
-1.999999987845058e-08
17.715076446533203
13.41353702545166
14.086054801940918
1.999999987845058e-08
26.169109344482422
19.37086296081543
19.708520889282227
-1.999999987845058e-08
27.50986671447754
19.836559295654297
18.03353500366211
1.999999987845058e-08
27.50986671447754
19.836559295654297
18.03353500366211
-1.999999987845058e-08
20.79285430908203
20.52064323425293
11.183609008789062
1.999999987845058e-08
9.637577056884766
19.44498062133789
2.03346586227417
-1.999999987845058e-08
-1.7740777730941772
9.724085807800293
-8.480438232421875
1.999999987845058e-08
-11.461750030517578
-0.07494380325078964
-16.40933609008789
-1.999999987845058e-08
-15.875282287597656
3.5920753479003906
-15.75346565246582
1.999999987845058e-08
-8.928584098815918
14.638463973999023
-6.6302571296691895
-1.999999987845058e-08
7.941893577575684
20.0726261138916
4.230321884155273
1.999999987845058e-08
22.86910057067871
24.52250099182129
12.622926712036133
-1.999999987845058e-08
27.181739807128906
35.918113708496094
18.155292510986328
1.999999987845058e-08
23.32541275024414
44.671600341796875
18.126358032226562
-1.999999987845058e-08
18.583824157714844
41.754638671875
12.258868217468262
1.999999987845058e-08
18.710708618164062
37.32862091064453
8.324707984924316
-1.999999987845058e-08
24.752365112304688
41.0301399230957
11.079378128051758
1.999999987845058e-08
30.50904655456543
44.47421646118164
13.423100471496582
-1.999999987845058e-08
27.50419044494629
38.34539031982422
7.7372355461120605
1.999999987845058e-08
15.62536907196045
26.326011657714844
-3.1356544494628906
-1.999999987845058e-08
1.3212494850158691
13.346487998962402
-14.269643783569336
1.999999987845058e-08
-12.09932804107666
0.4914766550064087
-26.113685607910156
-1.999999987845058e-08
-21.69083023071289
-6.160409450531006
-35.756103515625
1.999999987845058e-08
-5.634883403778076
2.4021551609039307
-23.617332458496094
-1.999999987845058e-08
-0.38608503341674805
2.4570868015289307
-17.401485443115234
1.999999987845058e-08
0.7507051229476929
4.584418296813965
-12.515484809875488
-1.999999987845058e-08
0.7114726305007935
3.6179401874542236
-10.705495834350586
1.999999987845058e-08
-0.7840843200683594
-1.383278727531433
-12.483807563781738
-1.999999987845058e-08
-6.190792560577393
-5.68909215927124
-16.114274978637695
1.999999987845058e-08
-11.679950714111328
-7.351479530334473
-18.681331634521484
-1.999999987845058e-08
-10.941043853759766
-7.87240743637085
-17.3018741607666
1.999999987845058e-08
-5.806811809539795
-6.360920429229736
-11.64119815826416
-1.999999987845058e-08
-3.833757162094116
-2.6703898906707764
-7.307013511657715
1.999999987845058e-08
-5.806811809539795
-6.360920429229736
-11.64119815826416
-1.999999987845058e-08
-3.833757162094116
-2.6703898906707764
-7.307013511657715
1.999999987845058e-08
-8.227042198181152
-3.2099905014038086
-11.118256568908691
-1.999999987845058e-08
-16.0278377532959
-12.1852445602417
-21.32921028137207
1.999999987845058e-08
-23.080135345458984
-23.8120059967041
-30.651430130004883
-1.999999987845058e-08
-26.521114349365234
-30.732257843017578
-36.02433776855469
1.999999987845058e-08
-25.89923667907715
-30.86241340637207
-37.28784942626953
-1.999999987845058e-08
-23.054054260253906
-27.01347541809082
-33.74077224731445
1.999999987845058e-08
-18.552692413330078
-25.427383422851562
-27.596010208129883
-1.999999987845058e-08
-12.820356369018555
-27.657197952270508
-22.93284034729004
1.999999987845058e-08
-13.241114616394043
-25.90774917602539
-18.00582504272461
-1.999999987845058e-08
-17.16504669189453
-29.413095474243164
-16.8133602142334
1.999999987845058e-08
-18.736722946166992
-36.524879455566406
-17.74802589416504
-1.999999987845058e-08
-20.518587112426758
-37.65371322631836
-19.71583366394043
1.999999987845058e-08
-24.805477142333984
-35.117977142333984
-22.511343002319336
-1.999999987845058e-08
-28.899967193603516
-36.862117767333984
-25.31165885925293
1.999999987845058e-08
-25.84554672241211
-36.390193939208984
-21.459165573120117
-1.999999987845058e-08
-13.705077171325684
-26.3732852935791
-8.266716003417969
1.999999987845058e-08
-0.6908360719680786
-17.885066986083984
3.9846370220184326
-1.999999987845058e-08
5.615993976593018
-21.27900505065918
6.803706169128418
1.999999987845058e-08
3.8928723335266113
-28.684673309326172
3.652221441268921
-1.999999987845058e-08
-5.579751014709473
-31.463661193847656
-1.3155933618545532
1.999999987845058e-08
-19.70953941345215
-33.52395248413086
-8.651182174682617
-1.999999987845058e-08
-31.99715805053711
-38.8488883972168
-16.568119049072266
1.999999987845058e-08
-38.752601623535156
-43.78696823120117
-20.837310791015625
-1.999999987845058e-08
-40.15037536621094
-45.731666564941406
-20.895248413085938
1.999999987845058e-08
-36.19917297363281
-44.780845642089844
-17.930984497070312
-1.999999987845058e-08
-28.43661880493164
-39.19305419921875
-11.033452987670898
1.999999987845058e-08
-20.85747528076172
-31.316659927368164
-1.364150047302246
-1.999999987845058e-08
-15.320276260375977
-29.437152862548828
5.4167985916137695
1.999999987845058e-08
-11.53145694732666
-34.59294509887695
5.585566997528076
-1.999999987845058e-08
-9.810110092163086
-37.6551628112793
1.706944227218628
1.999999987845058e-08
-10.475502967834473
-35.80010223388672
-2.5918750762939453
-1.999999987845058e-08
-12.694960594177246
-35.96575164794922
-5.953380584716797
1.999999987845058e-08
-14.078929901123047
-38.30319595336914
-5.334616184234619
-1.999999987845058e-08
-13.007102966308594
-37.11663055419922
1.2904126644134521
1.999999987845058e-08
-11.625706672668457
-35.2678337097168
9.323333740234375
-1.999999987845058e-08
-11.952651023864746
-36.74418640136719
14.485776901245117
1.999999987845058e-08
-12.124903678894043
-36.95435333251953
17.99028205871582
-1.999999987845058e-08
-11.128328323364258
-34.31167984008789
18.786243438720703
1.999999987845058e-08
-11.726062774658203
-34.43109130859375
13.19867992401123
-1.999999987845058e-08
-16.512348175048828
-39.42087173461914
3.6299033164978027
1.999999987845058e-08
-23.390161514282227
-46.63374328613281
-3.2681031227111816
-1.999999987845058e-08
-26.41290855407715
-52.388465881347656
-4.685750484466553
1.999999987845058e-08
-23.78866958618164
-51.53090286254883
-2.355334520339966
-1.999999987845058e-08
-18.715152740478516
-43.2543830871582
1.7782918214797974
1.999999987845058e-08
-10.984248161315918
-35.07094192504883
7.357138633728027
-1.999999987845058e-08
-0.4921606481075287
-31.84154510498047
13.30136489868164
1.999999987845058e-08
6.248506546020508
-28.910627365112305
17.149150848388672
-1.999999987845058e-08
4.2162346839904785
-24.528242111206055
16.72138214111328
1.999999987845058e-08
4.2162346839904785
-24.528242111206055
16.72138214111328
-1.999999987845058e-08
-4.37797737121582
-26.68263053894043
10.515045166015625
1.999999987845058e-08
-14.974793434143066
-36.91136169433594
0.6061433553695679
-1.999999987845058e-08
-22.61586570739746
-42.76520538330078
-5.622978210449219
1.999999987845058e-08
-21.52797508239746
-37.58430099487305
-2.415210008621216
-1.999999987845058e-08
-10.583488464355469
-29.461545944213867
8.243499755859375
1.999999987845058e-08
3.242882251739502
-23.120710372924805
19.883243560791016
-1.999999987845058e-08
11.444791793823242
-15.262406349182129
26.224712371826172
1.999999987845058e-08
10.806082725524902
-9.961122512817383
23.182008743286133
-1.999999987845058e-08
3.495760679244995
-15.45121955871582
12.724495887756348
1.999999987845058e-08
-5.12119722366333
-27.22985076904297
3.800184726715088
-1.999999987845058e-08
-10.407451629638672
-33.78267288208008
2.5032386779785156
1.999999987845058e-08
-11.30185604095459
-32.74104690551758
5.239316940307617
-1.999999987845058e-08
-8.805858612060547
-28.496065139770508
7.181776523590088
1.999999987845058e-08
-5.694143772125244
-24.68326759338379
8.314199447631836
-1.999999987845058e-08
-4.25377082824707
-23.53816795349121
9.387372970581055
1.999999987845058e-08
-1.695876121520996
-22.80596160888672
11.625255584716797
-1.999999987845058e-08
3.864631414413452
-18.297788619995117
16.36343765258789
1.999999987845058e-08
6.975693225860596
-13.870299339294434
19.723100662231445
-1.999999987845058e-08
3.6708261966705322
-17.180286407470703
15.801623344421387
1.999999987845058e-08
3.6708261966705322
-17.180286407470703
15.801623344421387
-1.999999987845058e-08
-0.8348632454872131
-24.67390251159668
7.309169292449951
1.999999987845058e-08
1.054640531539917
-24.78182029724121
3.9914042949676514
-1.999999987845058e-08
9.706602096557617
-16.398672103881836
8.925671577453613
1.999999987845058e-08
18.381628036499023
-9.572296142578125
15.599320411682129
-1.999999987845058e-08
21.253616333007812
-8.730415344238281
18.84193229675293
1.999999987845058e-08
16.87125015258789
-11.22874927520752
17.883153915405273
-1.999999987845058e-08
6.612083911895752
-17.693029403686523
11.641992568969727
1.999999987845058e-08
-4.62278413772583
-27.850942611694336
1.9818229675292969
-1.999999987845058e-08
-11.990387916564941
-35.45317077636719
-5.152092456817627
1.999999987845058e-08
-13.528599739074707
-26.982995986938477
-7.381295680999756
-1.999999987845058e-08
-7.298041820526123
-21.97767448425293
-5.237807750701904
1.999999987845058e-08
-1.4685062170028687
-20.1263484954834
-3.4397807121276855
-1.999999987845058e-08
1.0727900266647339
-18.462684631347656
-3.8201489448547363
1.999999987845058e-08
1.690238356590271
-12.740355491638184
-4.418465614318848
-1.999999987845058e-08
3.377089738845825
-6.550578594207764
-2.505399227142334
1.999999987845058e-08
4.149529457092285
-7.541044235229492
-0.0419926755130291
-1.999999987845058e-08
1.9975587129592896
-13.634110450744629
0.8301327228546143
1.999999987845058e-08
1.6199562549591064
-15.750871658325195
1.782335877418518
-1.999999987845058e-08
7.8975348472595215
-11.75111198425293
4.018260955810547
1.999999987845058e-08
25.838167190551758
1.895235538482666
11.651388168334961
-1.999999987845058e-08
21.93836784362793
5.391181468963623
11.694323539733887
1.999999987845058e-08
8.964132308959961
2.763688802719116
4.480090141296387
-1.999999987845058e-08
-2.243671178817749
-0.9424445629119873
-4.257183074951172
1.999999987845058e-08
-2.7242789268493652
-0.5791022181510925
-5.486966609954834
-1.999999987845058e-08
5.82721471786499
0.9850761294364929
1.3197228908538818
1.999999987845058e-08
14.989831924438477
1.7628998756408691
10.120199203491211
-1.999999987845058e-08
19.9827938079834
4.896203994750977
17.378915786743164
1.999999987845058e-08
20.645675659179688
7.865832328796387
20.838518142700195
-1.999999987845058e-08
16.51361846923828
4.417089939117432
17.351970672607422
1.999999987845058e-08
16.51361846923828
4.417089939117432
17.35196876525879
-1.999999987845058e-08
8.077413558959961
-1.9383600950241089
8.941436767578125
1.999999987845058e-08
-1.0906187295913696
-4.236668109893799
1.9328787326812744
-1.999999987845058e-08
-6.2508769035339355
-5.115108013153076
-1.3329955339431763
1.999999987845058e-08
-5.74551248550415
-8.410218238830566
-2.471437454223633
-1.999999987845058e-08
-4.868784427642822
-10.218748092651367
-3.1287081241607666
1.999999987845058e-08
-8.947693824768066
-8.874164581298828
-5.713197708129883
-1.999999987845058e-08
-13.299960136413574
-8.754281997680664
-11.455595970153809
1.999999987845058e-08
-10.571455955505371
-9.087322235107422
-16.259769439697266
-1.999999987845058e-08
-4.447249412536621
-5.572964668273926
-16.033458709716797
1.999999987845058e-08
-4.447249412536621
-5.572964668273926
-16.03346061706543
-1.999999987845058e-08
-5.7308125495910645
-3.3879823684692383
-15.334245681762695
1.999999987845058e-08
-14.189549446105957
-8.389616966247559
-18.783952713012695
-1.999999987845058e-08
-14.48155403137207
-10.43300724029541
-17.58578109741211
1.999999987845058e-08
1.880124568939209
0.6191844940185547
-2.762181520462036
-1.999999987845058e-08
22.22184944152832
14.787680625915527
15.99307632446289
1.999999987845058e-08
30.828105926513672
20.622547149658203
23.964115142822266
-1.999999987845058e-08
28.366579055786133
22.163619995117188
21.39055633544922
1.999999987845058e-08
24.857751846313477
22.724523544311523
16.54953384399414
-1.999999987845058e-08
24.11699676513672
19.022050857543945
13.112791061401367
1.999999987845058e-08
17.1201229095459
16.04538917541504
8.271462440490723
-1.999999987845058e-08
15.156037330627441
20.993743896484375
7.088769435882568
1.999999987845058e-08
21.055646896362305
25.6719913482666
9.633654594421387
-1.999999987845058e-08
29.962623596191406
30.38984489440918
16.07229995727539
1.999999987845058e-08
31.807920455932617
32.672237396240234
21.130918502807617
-1.999999987845058e-08
23.29799461364746
28.934316635131836
19.628028869628906
1.999999987845058e-08
12.498655319213867
23.415122985839844
13.827052116394043
-1.999999987845058e-08
7.878024101257324
21.422203063964844
8.989877700805664
1.999999987845058e-08
6.378294944763184
19.260875701904297
4.803906440734863
-1.999999987845058e-08
0.8407512307167053
13.082530975341797
-1.2517812252044678
1.999999987845058e-08
0.8407512307167053
13.082530975341797
-1.2517812252044678
-1.999999987845058e-08
-5.218799114227295
7.9493021965026855
-6.230467796325684
1.999999987845058e-08
-2.781492233276367
8.780984878540039
-5.781653881072998
-1.999999987845058e-08
6.977844715118408
14.105120658874512
-2.165411949157715
1.999999987845058e-08
15.257211685180664
22.13934326171875
-0.20451834797859192
-1.999999987845058e-08
19.48947525024414
31.2838077545166
0.45729348063468933
1.999999987845058e-08
24.051467895507812
37.62106704711914
2.8751986026763916
-1.999999987845058e-08
28.500261306762695
39.14781951904297
6.176126480102539
1.999999987845058e-08
24.358198165893555
35.682289123535156
5.03531551361084
-1.999999987845058e-08
9.579070091247559
26.828176498413086
-2.5156261920928955
1.999999987845058e-08
9.579070091247559
26.828176498413086
-2.5156261920928955
-1.999999987845058e-08
-4.113760471343994
17.302553176879883
-9.860877990722656
1.999999987845058e-08
-6.693715572357178
15.10316276550293
-10.493929862976074
-1.999999987845058e-08
-1.1217504739761353
20.019874572753906
-6.717973709106445
1.999999987845058e-08
4.660083293914795
24.084604263305664
-4.2469706535339355
-1.999999987845058e-08
7.239731788635254
24.46921157836914
-3.907356023788452
1.999999987845058e-08
8.040191650390625
25.066307067871094
-2.7725415229797363
-1.999999987845058e-08
8.12605094909668
25.624927520751953
-1.1482837200164795
1.999999987845058e-08
5.879887104034424
23.067277908325195
-2.765828847885132
-1.999999987845058e-08
1.85430109500885
21.28470230102539
-6.764257431030273
1.999999987845058e-08
18.60319709777832
32.882843017578125
3.442697286605835
-1.999999987845058e-08
16.978126525878906
37.43532943725586
8.202239036560059
1.999999987845058e-08
7.596736431121826
34.44053649902344
7.362606048583984
-1.999999987845058e-08
-1.9052655696868896
22.48158836364746
0.6635525822639465
1.999999987845058e-08
-2.9540979862213135
12.89691162109375
-4.043626308441162
-1.999999987845058e-08
5.503877639770508
12.860886573791504
-1.7429382801055908
1.999999987845058e-08
16.585412979125977
18.602142333984375
4.231273651123047
-1.999999987845058e-08
23.219900131225586
25.3989315032959
8.935012817382812
1.999999987845058e-08
23.67827033996582
29.972896575927734
10.484099388122559
-1.999999987845058e-08
19.739116668701172
28.70229721069336
9.074019432067871
1.999999987845058e-08
23.219900131225586
25.3989315032959
8.935012817382812
-1.999999987845058e-08
23.67827033996582
29.972896575927734
10.484099388122559
1.999999987845058e-08
19.739116668701172
28.70229721069336
9.074019432067871
-1.999999987845058e-08
14.89101791381836
23.901756286621094
7.847289085388184
1.999999987845058e-08
12.56417465209961
22.525888442993164
10.707387924194336
-1.999999987845058e-08
12.709888458251953
24.438547134399414
15.592180252075195
1.999999987845058e-08
12.996122360229492
23.903411865234375
16.589656829833984
-1.999999987845058e-08
12.097965240478516
21.743881225585938
13.192216873168945
1.999999987845058e-08
10.010669708251953
22.09746551513672
9.887063980102539
-1.999999987845058e-08
7.80136251449585
22.0200138092041
8.07929801940918
1.999999987845058e-08
15.914755821228027
23.043413162231445
9.507811546325684
-1.999999987845058e-08
17.180461883544922
26.144620895385742
10.627483367919922
1.999999987845058e-08
14.651688575744629
25.374488830566406
8.190052032470703
-1.999999987845058e-08
11.626550674438477
25.85397720336914
4.911324977874756
1.999999987845058e-08
9.508892059326172
27.598251342773438
2.091204881668091
-1.999999987845058e-08
8.60595989227295
27.376850128173828
0.3489243984222412
1.999999987845058e-08
7.589538097381592
25.48796272277832
0.6421766877174377
-1.999999987845058e-08
3.079401731491089
21.52920150756836
0.3978184163570404
1.999999987845058e-08
-4.000510215759277
15.625255584716797
-3.3457884788513184
-1.999999987845058e-08
-8.844999313354492
13.582697868347168
-8.55997085571289
1.999999987845058e-08
-11.289139747619629
16.871662139892578
-13.299753189086914
-1.999999987845058e-08
-13.96570873260498
16.07674789428711
-19.494258880615234
1.999999987845058e-08
-13.908548355102539
9.036598205566406
-24.261323928833008
-1.999999987845058e-08
-6.334995746612549
8.876673698425293
-19.230541229248047
1.999999987845058e-08
5.35310173034668
19.86016082763672
-5.531627178192139
-1.999999987845058e-08
13.03348445892334
28.336196899414062
5.543420791625977
1.999999987845058e-08
14.424118995666504
27.434261322021484
9.026290893554688
-1.999999987845058e-08
11.409801483154297
24.610374450683594
8.11629867553711
1.999999987845058e-08
4.299232006072998
22.27332878112793
3.824366807937622
-1.999999987845058e-08
-4.180406093597412
16.282127380371094
-3.154850721359253
1.999999987845058e-08
-7.893160343170166
10.343857765197754
-6.976050853729248
-1.999999987845058e-08
-5.34878396987915
10.857747077941895
-4.4197678565979
1.999999987845058e-08
-1.2903614044189453
14.411456108093262
-1.2028498649597168
-1.999999987845058e-08
-0.6881814002990723
15.004729270935059
-2.8806896209716797
1.999999987845058e-08
-3.9704432487487793
13.921142578125
-6.231407165527344
-1.999999987845058e-08
-5.1137824058532715
14.5470552444458
-4.602993488311768
1.999999987845058e-08
1.1147332191467285
16.656618118286133
2.29060435295105
-1.999999987845058e-08
10.04916763305664
19.0963134765625
8.662314414978027
1.999999987845058e-08
13.548529624938965
20.833072662353516
10.721250534057617
-1.999999987845058e-08
8.877012252807617
18.7115478515625
7.860029697418213
1.999999987845058e-08
8.877012252807617
18.7115478515625
7.860029697418213
-1.999999987845058e-08
-3.16839337348938
10.714274406433105
-0.4285924732685089
1.999999987845058e-08
-18.396154403686523
-0.11873390525579453
-11.877876281738281
-1.999999987845058e-08
-29.597572326660156
-10.655840873718262
-21.585044860839844
1.999999987845058e-08
-32.06352615356445
-18.591135025024414
-25.3751220703125
-1.999999987845058e-08
-25.30873680114746
-17.38517951965332
-19.94063949584961
1.999999987845058e-08
-14.6806058883667
-6.250619411468506
-8.354555130004883
-1.999999987845058e-08
-10.192138671875
1.2651466131210327
-2.1145973205566406
1.999999987845058e-08
-15.250496864318848
-4.1512064933776855
-6.503768444061279
-1.999999987845058e-08
-22.682758331298828
-14.137435913085938
-13.447423934936523
1.999999987845058e-08
-22.682758331298828
-14.137435913085938
-13.447423934936523
-1.999999987845058e-08
-24.8717041015625
-18.373764038085938
-15.072954177856445
1.999999987845058e-08
-20.865379333496094
-15.797990798950195
-11.720418930053711
-1.999999987845058e-08
-13.650796890258789
-7.093081474304199
-4.907487869262695
1.999999987845058e-08
-5.845915794372559
5.00183629989624
4.716824054718018
-1.999999987845058e-08
-1.058163046836853
10.719389915466309
11.860553741455078
1.999999987845058e-08
-3.9715521335601807
5.6990156173706055
10.562806129455566
-1.999999987845058e-08
-13.908504486083984
-0.9243829846382141
2.665882110595703
1.999999987845058e-08
-24.77571678161621
-3.216994524002075
-6.684100151062012
-1.999999987845058e-08
-31.7298526763916
-5.840075492858887
-15.183609008789062
1.999999987845058e-08
-31.58738136291504
-8.145994186401367
-18.58461570739746
-1.999999987845058e-08
-23.720056533813477
-4.762929439544678
-13.370543479919434
1.999999987845058e-08
-14.849842071533203
-0.5461716651916504
-6.417896747589111
-1.999999987845058e-08
-13.097387313842773
-1.3334567546844482
-6.4925360679626465
1.999999987845058e-08
-16.441211700439453
-0.44143804907798767
-9.847412109375
-1.999999987845058e-08
-17.404375076293945
6.1754841804504395
-9.053848266601562
1.999999987845058e-08
-15.666459083557129
8.910421371459961
-6.526224136352539
-1.999999987845058e-08
-14.1884183883667
3.4322052001953125
-5.512526988983154
1.999999987845058e-08
-11.018330574035645
0.17749062180519104
-1.9308838844299316
-1.999999987845058e-08
-5.6301350593566895
4.789658069610596
4.29464054107666
1.999999987845058e-08
-17.583454132080078
0.7167959213256836
-11.897137641906738
-1.999999987845058e-08
-23.006393432617188
-2.937161445617676
-15.917156219482422
1.999999987845058e-08
-21.111852645874023
-2.1317551136016846
-12.646244049072266
-1.999999987845058e-08
-13.439998626708984
2.6405367851257324
-5.476077556610107
1.999999987845058e-08
-4.1661200523376465
7.046207427978516
0.5324668288230896
-1.999999987845058e-08
2.7017054557800293
8.377601623535156
2.8027005195617676
1.999999987845058e-08
5.405730724334717
9.710195541381836
3.0282421112060547
-1.999999987845058e-08
3.703767776489258
11.224180221557617
2.0277316570281982
1.999999987845058e-08
-2.1692326068878174
8.089815139770508
-2.5525472164154053
-1.999999987845058e-08
-9.213319778442383
2.422919750213623
-9.225050926208496
1.999999987845058e-08
-9.213319778442383
2.422919750213623
-9.225050926208496
-1.999999987845058e-08
-13.285490989685059
0.8900595903396606
-12.905012130737305
1.999999987845058e-08
-12.700709342956543
1.7145081758499146
-12.988701820373535
-1.999999987845058e-08
-7.0833635330200195
1.2700982093811035
-11.054964065551758
1.999999987845058e-08
0.859021008014679
4.485604286193848
-5.949951648712158
-1.999999987845058e-08
4.359493732452393
12.177306175231934
0.5883245468139648
1.999999987845058e-08
0.4964444935321808
12.471298217773438
2.1218981742858887
-1.999999987845058e-08
-6.233752250671387
0.4827819764614105
-2.648561477661133
1.999999987845058e-08
-9.427252769470215
-10.209330558776855
-6.526538848876953
-1.999999987845058e-08
-6.636840343475342
-9.178759574890137
-5.339832782745361
1.999999987845058e-08
-1.5632656812667847
-3.3328564167022705
-3.740844249725342
-1.999999987845058e-08
0.8764753937721252
-0.9113755822181702
-4.771502494812012
1.999999987845058e-08
-1.0143758058547974
-1.6862435340881348
-5.790566444396973
-1.999999987845058e-08
-6.920021057128906
-5.176204681396484
-7.063415050506592
1.999999987845058e-08
-13.106919288635254
-10.697548866271973
-10.822981834411621
-1.999999987845058e-08
-14.588194847106934
-13.190189361572266
-14.759791374206543
1.999999987845058e-08
-12.539776802062988
-10.516080856323242
-16.675249099731445
-1.999999987845058e-08
-11.316779136657715
-7.198531627655029
-18.25480842590332
1.999999987845058e-08
-10.90474796295166
-5.337077617645264
-19.149368286132812
-1.999999987845058e-08
-9.757919311523438
-2.620863914489746
-16.441110610961914
1.999999987845058e-08
-6.530603408813477
-0.23013070225715637
-7.829639911651611
-1.999999987845058e-08
-0.7539785504341125
2.4064793586730957
-4.163998126983643
1.999999987845058e-08
3.7886803150177
7.154046058654785
-0.4731089472770691
-1.999999987845058e-08
-1.8830615282058716
4.209693908691406
-2.7571470737457275
1.999999987845058e-08
-15.68726921081543
-6.792196273803711
-11.023703575134277
-1.999999987845058e-08
-24.88680648803711
-12.256746292114258
-15.249752044677734
1.999999987845058e-08
-21.86284637451172
-7.068962574005127
-10.56983470916748
-1.999999987845058e-08
-10.19968032836914
-0.16439101099967957
-1.8766093254089355
1.999999987845058e-08
1.706108808517456
4.029711723327637
6.820766925811768
-1.999999987845058e-08
7.439181327819824
8.315463066101074
13.759736061096191
1.999999987845058e-08
6.590784072875977
11.585017204284668
15.632311820983887
-1.999999987845058e-08
3.8201231956481934
12.02096176147461
12.140445709228516
1.999999987845058e-08
3.3635966777801514
12.578185081481934
8.075815200805664
-1.999999987845058e-08
5.414333820343018
13.631284713745117
6.684223175048828
1.999999987845058e-08
6.867921829223633
11.9326171875
6.831484794616699
-1.999999987845058e-08
5.455356597900391
9.542764663696289
7.635824680328369
1.999999987845058e-08
2.0613300800323486
9.644255638122559
8.642546653747559
-1.999999987845058e-08
-2.113619327545166
7.876104831695557
6.582200527191162
1.999999987845058e-08
-7.279101848602295
2.4390501976013184
-0.08421417325735092
-1.999999987845058e-08
-13.07827377319336
-0.06861896812915802
-7.654485702514648
1.999999987845058e-08
-13.07827377319336
-0.068619005382061
-7.654485702514648
-1.999999987845058e-08
-17.95845603942871
0.5872224569320679
-13.635477066040039
1.999999987845058e-08
-21.7657527923584
-3.553874969482422
-19.76109504699707
-1.999999987845058e-08
-24.699703216552734
-11.289779663085938
-24.775114059448242
1.999999987845058e-08
-22.226778030395508
-12.35793399810791
-22.33673858642578
-1.999999987845058e-08
-9.705220222473145
-4.934380531311035
-10.785826683044434
1.999999987845058e-08
6.73671817779541
3.786012649536133
2.6913857460021973
-1.999999987845058e-08
13.47744083404541
9.703963279724121
10.116406440734863
1.999999987845058e-08
5.049813747406006
10.763422966003418
8.529603958129883
-1.999999987845058e-08
-8.584829330444336
4.515669822692871
0.8869869709014893
1.999999987845058e-08
-3.2384581565856934
-3.333362340927124
1.4903432130813599
-1.999999987845058e-08
9.29830551147461
2.946479082107544
12.174093246459961
1.999999987845058e-08
17.191978454589844
8.867701530456543
20.898082733154297
-1.999999987845058e-08
20.38389015197754
13.029766082763672
25.968957901000977
1.999999987845058e-08
21.167890548706055
13.322845458984375
26.79944610595703
-1.999999987845058e-08
22.70580291748047
9.657468795776367
24.08818244934082
1.999999987845058e-08
26.46084976196289
11.285194396972656
22.77401351928711
-1.999999987845058e-08
28.628591537475586
21.10966682434082
24.124347686767578
1.999999987845058e-08
25.812198638916016
26.104652404785156
22.656435012817383
-1.999999987845058e-08
19.78970718383789
19.547557830810547
16.7998104095459
1.999999987845058e-08
19.78970718383789
19.547557830810547
16.7998104095459
-1.999999987845058e-08
12.811966896057129
11.563844680786133
11.460284233093262
1.999999987845058e-08
4.548319339752197
7.576481819152832
7.240482330322266
-1.999999987845058e-08
-4.39430046081543
1.7209224700927734
0.13503795862197876
1.999999987845058e-08
-10.767974853515625
-4.787688255310059
-7.300707817077637
-1.999999987845058e-08
-10.64668083190918
-4.730008602142334
-7.460426330566406
1.999999987845058e-08
-2.786372423171997
-1.1982080936431885
-0.1258089542388916
-1.999999987845058e-08
9.139809608459473
-0.019171899184584618
8.290518760681152
1.999999987845058e-08
20.089271545410156
3.3138113021850586
14.761070251464844
-1.999999987845058e-08
26.005868911743164
10.558107376098633
17.327957153320312
1.999999987845058e-08
22.6365909576416
12.254992485046387
11.448162078857422
-1.999999987845058e-08
10.23990249633789
5.917762279510498
-0.5492601990699768
1.999999987845058e-08
-3.2132163047790527
1.036987543106079
-8.54308032989502
-1.999999987845058e-08
-8.268437385559082
0.8293583393096924
-7.740905284881592
1.999999987845058e-08
-1.588096022605896
1.1361949443817139
-0.8627774715423584
-1.999999987845058e-08
10.497027397155762
2.934088945388794
8.396217346191406
1.999999987845058e-08
