0
-8.161884307861328
-27.336090087890625
19.945802688598633
1.999999987845058e-08
-3.6232240200042725
-27.014375686645508
24.637632369995117
-1.999999987845058e-08
0.43636012077331543
-24.506389617919922
28.314359664916992
1.999999987845058e-08
-4.886996269226074
-30.006311416625977
22.625673294067383
-1.999999987845058e-08
-18.35517120361328
-39.21295928955078
10.01685905456543
1.999999987845058e-08
-26.91932487487793
-42.823699951171875
1.6836105585098267
-1.999999987845058e-08
-22.594499588012695
-43.220245361328125
2.8076930046081543
1.999999987845058e-08
-11.717069625854492
-46.62125778198242
9.464827537536621
-1.999999987845058e-08
-4.914618968963623
-50.60979461669922
15.576716423034668
1.999999987845058e-08
-20.808361053466797
-58.35337448120117
5.8641839027404785
-1.999999987845058e-08
-37.256717681884766
-67.64558410644531
-6.809590816497803
1.999999987845058e-08
-45.48175048828125
-73.92717742919922
-13.23613452911377
-1.999999987845058e-08
-40.014434814453125
-73.67450714111328
-11.115113258361816
1.999999987845058e-08
-26.11804962158203
-67.81827545166016
-2.6379032135009766
-1.999999987845058e-08
-12.624246597290039
-58.7043342590332
9.506689071655273
1.999999987845058e-08
-5.196091175079346
-51.89571762084961
18.735668182373047
-1.999999987845058e-08
-5.486525535583496
-50.79661560058594
18.675552368164062
1.999999987845058e-08
-10.851555824279785
-51.36423873901367
12.468152046203613
-1.999999987845058e-08
-15.921826362609863
-51.245059967041016
8.29084300994873
1.999999987845058e-08
-17.435935974121094
-54.49224090576172
8.393197059631348
-1.999999987845058e-08
-15.437374114990234
-60.493534088134766
10.66818904876709
1.999999987845058e-08
-12.5137300491333
-62.4781608581543
13.5008544921875
-1.999999987845058e-08
-12.831647872924805
-59.429107666015625
13.85736083984375
1.999999987845058e-08
-17.727039337158203
-55.751121520996094
9.112157821655273
-1.999999987845058e-08
-23.6467227935791
-51.976715087890625
2.090640068054199
1.999999987845058e-08
-24.55435562133789
-46.29958724975586
-1.365114688873291
-1.999999987845058e-08
-16.47026252746582
-39.61194610595703
0.9182916283607483
1.999999987845058e-08
-2.1567752361297607
-32.11599349975586
6.811089515686035
-1.999999987845058e-08
11.152200698852539
-22.891420364379883
13.795095443725586
1.999999987845058e-08
15.736787796020508
-16.579853057861328
16.514677047729492
-1.999999987845058e-08
5.5138654708862305
-19.281007766723633
6.486612319946289
1.999999987845058e-08
-13.54747200012207
-26.04349708557129
-12.658318519592285
-1.999999987845058e-08
-22.013111114501953
-25.980297088623047
-22.27313804626465
1.999999987845058e-08
-10.313773155212402
-17.9731388092041
-14.151901245117188
-1.999999987845058e-08
8.756983757019043
-8.307150840759277
-1.2834333181381226
1.999999987845058e-08
19.422901153564453
-0.01493311021476984
3.485029697418213
-1.999999987845058e-08
19.443233489990234
4.644745826721191
1.0768778324127197
1.999999987845058e-08
12.712285041809082
2.1210360527038574
-3.482473611831665
-1.999999987845058e-08
1.296926498413086
-5.587780952453613
-9.423589706420898
1.999999987845058e-08
1.296926498413086
-5.587780952453613
-9.423589706420898
-1.999999987845058e-08
-10.991761207580566
-12.715984344482422
-17.073274612426758
1.999999987845058e-08
-18.610027313232422
-18.662900924682617
-24.179893493652344
-1.999999987845058e-08
-17.87312889099121
-24.40508460998535
-25.21091651916504
1.999999987845058e-08
-8.126546859741211
-25.48345947265625
-15.63337516784668
-1.999999987845058e-08
4.7760515213012695
-20.239276885986328
-1.3275034427642822
1.999999987845058e-08
11.638396263122559
-15.28746509552002
5.167621612548828
-1.999999987845058e-08
9.600411415100098
-14.927364349365234
0.6884101629257202
1.999999987845058e-08
0.8773099184036255
-18.557615280151367
-8.843171119689941
-1.999999987845058e-08
-11.003329277038574
-27.47380256652832
-19.57710075378418
1.999999987845058e-08
-11.003329277038574
-27.47380256652832
-19.57710075378418
-1.999999987845058e-08
-19.05467414855957
-39.69988250732422
-28.338287353515625
1.999999987845058e-08
-18.34325408935547
-46.7679328918457
-29.922786712646484
-1.999999987845058e-08
-11.461947441101074
-45.82843780517578
-23.533174514770508
1.999999987845058e-08
-1.891230583190918
-42.98137664794922
-13.785552978515625
-1.999999987845058e-08
9.225678443908691
-41.2288932800293
-4.305261135101318
1.999999987845058e-08
16.736461639404297
-39.580101013183594
2.5833053588867188
-1.999999987845058e-08
12.500179290771484
-41.87009811401367
2.1772665977478027
1.999999987845058e-08
-2.9247233867645264
-50.36148452758789
-7.8009138107299805
-1.999999987845058e-08
-18.040929794311523
-57.54700469970703
-20.887027740478516
1.999999987845058e-08
-18.040929794311523
-57.54700469970703
-20.88702964782715
-1.999999987845058e-08
-24.567073822021484
-59.19157791137695
-29.036575317382812
1.999999987845058e-08
-23.347806930541992
-61.102176666259766
-29.9071044921875
-1.999999987845058e-08
-15.083827018737793
-62.68937301635742
-22.26605987548828
1.999999987845058e-08
-1.6929614543914795
-56.09697341918945
-7.905528545379639
-1.999999987845058e-08
6.965878963470459
-45.438262939453125
1.8234741687774658
1.999999987845058e-08
3.369845390319824
-41.91443634033203
-3.0485684871673584
-1.999999987845058e-08
-7.952911376953125
-44.0403938293457
-16.639223098754883
1.999999987845058e-08
-18.582796096801758
-43.77302932739258
-25.271568298339844
-1.999999987845058e-08
-25.718900680541992
-41.52392578125
-25.148494720458984
1.999999987845058e-08
-27.70816993713379
-31.581111907958984
-12.640092849731445
-1.999999987845058e-08
-21.2783203125
-29.401962280273438
-5.699243068695068
1.999999987845058e-08
-18.475719451904297
-31.7669734954834
-1.3133080005645752
-1.999999987845058e-08
-22.146570205688477
-35.169677734375
-0.6792311668395996
1.999999987845058e-08
-31.221614837646484
-38.956974029541016
-4.920705318450928
-1.999999987845058e-08
-43.45185852050781
-43.40369415283203
-15.909100532531738
1.999999987845058e-08
-52.6275749206543
-44.96103286743164
-28.77745246887207
-1.999999987845058e-08
-52.4454231262207
-42.634456634521484
-34.64230728149414
1.999999987845058e-08
-45.14324951171875
-39.72540283203125
-32.00824737548828
-1.999999987845058e-08
-37.63438415527344
-35.746315002441406
-25.55513572692871
1.999999987845058e-08
-37.63438415527344
-35.746315002441406
-25.55513572692871
-1.999999987845058e-08
-33.351783752441406
-29.94313621520996
-19.304250717163086
1.999999987845058e-08
-33.404380798339844
-28.317060470581055
-16.660594940185547
-1.999999987845058e-08
-38.08281707763672
-33.499996185302734
-18.091506958007812
1.999999987845058e-08
-44.8060417175293
-38.50981903076172
-18.55016326904297
-1.999999987845058e-08
-50.27841567993164
-39.726402282714844
-15.545562744140625
1.999999987845058e-08
-52.61404800415039
-40.259822845458984
-12.98392391204834
-1.999999987845058e-08
-50.21720886230469
-38.65319061279297
-11.71162223815918
1.999999987845058e-08
-44.348167419433594
-32.13417053222656
-8.369292259216309
-1.999999987845058e-08
-40.62186050415039
-26.345996856689453
-4.964245319366455
1.999999987845058e-08
-40.62186050415039
-26.345996856689453
-4.964245319366455
-1.999999987845058e-08
-43.52526092529297
-26.988300323486328
-7.407657623291016
1.999999987845058e-08
-52.425411224365234
-30.952054977416992
-16.309341430664062
-1.999999987845058e-08
-61.47128677368164
-34.15118408203125
-26.193485260009766
1.999999987845058e-08
-62.55997085571289
-36.392948150634766
-30.97754669189453
-1.999999987845058e-08
-53.936805725097656
-35.027557373046875
-28.208017349243164
1.999999987845058e-08
-42.79750442504883
-26.886634826660156
-20.37210464477539
-1.999999987845058e-08
-36.82345962524414
-16.602981567382812
-13.374567985534668
1.999999987845058e-08
-38.586727142333984
-10.044683456420898
-12.4891357421875
-1.999999987845058e-08
-45.931785583496094
-4.934734344482422
-17.858205795288086
1.999999987845058e-08
-64.95713806152344
-12.721858978271484
-34.85992431640625
-1.999999987845058e-08
-65.19612884521484
-21.32807731628418
-33.55279541015625
1.999999987845058e-08
-56.609588623046875
-20.458314895629883
-25.316347122192383
-1.999999987845058e-08
-40.07236099243164
-15.452855110168457
-14.057361602783203
1.999999987845058e-08
-25.865676879882812
-12.719294548034668
-6.905121326446533
-1.999999987845058e-08
-23.51605987548828
-12.04909896850586
-7.026147842407227
1.999999987845058e-08
-32.269126892089844
-14.057416915893555
-13.03658676147461
-1.999999987845058e-08
-45.23154830932617
-21.28489875793457
-22.460250854492188
1.999999987845058e-08
-56.061866760253906
-30.195865631103516
-31.439767837524414
-1.999999987845058e-08
-59.66279220581055
-33.012237548828125
-34.81383514404297
1.999999987845058e-08
-59.66279220581055
-33.012237548828125
-34.81383514404297
-1.999999987845058e-08
-53.947021484375
-27.088167190551758
-30.494211196899414
1.999999987845058e-08
-42.755672454833984
-17.383766174316406
-21.28258514404297
-1.999999987845058e-08
-32.23138427734375
-11.178674697875977
-11.24609375
1.999999987845058e-08
-25.298404693603516
-10.58387279510498
-3.5122969150543213
-1.999999987845058e-08
-22.334842681884766
-10.00855541229248
-0.6308039426803589
1.999999987845058e-08
-23.12106704711914
-4.674628257751465
-2.8017096519470215
-1.999999987845058e-08
-26.606733322143555
0.22780750691890717
-7.619435787200928
1.999999987845058e-08
-31.821733474731445
-3.5125458240509033
-13.34494400024414
-1.999999987845058e-08
-37.433773040771484
-13.444746017456055
-18.099733352661133
1.999999987845058e-08
-37.433773040771484
-13.444746017456055
-18.099733352661133
-1.999999987845058e-08
-39.77054977416992
-20.269512176513672
-18.19049072265625
1.999999987845058e-08
-36.76490783691406
-22.71366310119629
-13.924046516418457
-1.999999987845058e-08
-32.893733978271484
-26.00979232788086
-11.69249439239502
1.999999987845058e-08
-33.48675537109375
-29.78668975830078
-14.666927337646484
-1.999999987845058e-08
-37.86410140991211
-31.044097900390625
-19.624025344848633
1.999999987845058e-08
-41.60267639160156
-32.03311538696289
-23.74139404296875
-1.999999987845058e-08
-40.83256149291992
-33.976905822753906
-25.28723907470703
1.999999987845058e-08
-35.91127395629883
-33.042625427246094
-22.604047775268555
-1.999999987845058e-08
-30.854297637939453
-27.5684871673584
-17.510982513427734
1.999999987845058e-08
-18.975526809692383
-9.308614730834961
-5.908780574798584
-1.999999987845058e-08
-7.533907890319824
1.8285706043243408
3.946523904800415
1.999999987845058e-08
3.753570795059204
9.664563179016113
12.434650421142578
-1.999999987845058e-08
7.61163330078125
12.46670150756836
12.536970138549805
1.999999987845058e-08
1.1942187547683716
13.492772102355957
4.3358845710754395
-1.999999987845058e-08
-10.432258605957031
12.791638374328613
-5.529201984405518
1.999999987845058e-08
-18.76167106628418
7.580314636230469
-11.423444747924805
-1.999999987845058e-08
-16.162290573120117
2.950061798095703
-9.493058204650879
1.999999987845058e-08
-2.349154472351074
6.933508396148682
0.9024291634559631
-1.999999987845058e-08
11.716975212097168
15.654926300048828
11.915539741516113
1.999999987845058e-08
15.17923355102539
18.66590118408203
14.058141708374023
-1.999999987845058e-08
7.765931129455566
14.050474166870117
7.617415904998779
1.999999987845058e-08
-4.57388973236084
7.053664684295654
-0.8045139312744141
-1.999999987845058e-08
-15.567168235778809
2.2846875190734863
-7.487260341644287
1.999999987845058e-08
-20.878870010375977
2.7372217178344727
-12.021167755126953
-1.999999987845058e-08
-18.73932456970215
8.374504089355469
-13.070863723754883
1.999999987845058e-08
-9.644868850708008
14.858278274536133
-9.162445068359375
-1.999999987845058e-08
2.904130220413208
19.537755966186523
-2.1716701984405518
1.999999987845058e-08
14.094862937927246
24.917985916137695
4.586843490600586
-1.999999987845058e-08
18.814634323120117
30.134498596191406
7.638308048248291
1.999999987845058e-08
-1.2687698602676392
23.26807403564453
-5.95699405670166
-1.999999987845058e-08
-11.938342094421387
20.73580551147461
-11.457810401916504
1.999999987845058e-08
-10.971501350402832
22.65951919555664
-8.854697227478027
-1.999999987845058e-08
0.6649060845375061
26.27324867248535
-0.9233555197715759
1.999999987845058e-08
15.395419120788574
32.53560256958008
8.269033432006836
-1.999999987845058e-08
25.221721649169922
39.285736083984375
15.209699630737305
1.999999987845058e-08
25.280323028564453
39.73112487792969
16.2034969329834
-1.999999987845058e-08
15.715688705444336
34.010101318359375
10.909340858459473
1.999999987845058e-08
4.229665756225586
29.534587860107422
4.7254180908203125
-1.999999987845058e-08
0.456926554441452
28.262683868408203
1.9909359216690063
1.999999987845058e-08
4.229665756225586
29.534587860107422
4.7254180908203125
-1.999999987845058e-08
0.456926554441452
28.262683868408203
1.9909359216690063
1.999999987845058e-08
4.9547224044799805
26.6634578704834
1.2223262786865234
-1.999999987845058e-08
11.545401573181152
26.211978912353516
1.7868561744689941
1.999999987845058e-08
16.152807235717773
29.60297203063965
5.369836807250977
-1.999999987845058e-08
17.33099937438965
32.445716857910156
9.65706729888916
1.999999987845058e-08
15.46536922454834
31.431175231933594
11.577570915222168
-1.999999987845058e-08
12.30969524383545
30.027677536010742
11.53033447265625
1.999999987845058e-08
8.8226318359375
29.009681701660156
8.812944412231445
-1.999999987845058e-08
5.015388011932373
24.81598663330078
1.595955729484558
1.999999987845058e-08
3.297882556915283
18.715869903564453
-9.004292488098145
-1.999999987845058e-08
13.573760032653809
25.2424259185791
-1.232487440109253
1.999999987845058e-08
28.067644119262695
35.12824630737305
9.988748550415039
-1.999999987845058e-08
38.118560791015625
43.37974166870117
16.979141235351562
1.999999987845058e-08
40.319427490234375
44.38254165649414
17.20244789123535
-1.999999987845058e-08
36.589866638183594
36.80753707885742
11.62293815612793
1.999999987845058e-08
31.599655151367188
28.554798126220703
5.442718505859375
-1.999999987845058e-08
29.10038185119629
26.865005493164062
4.471410751342773
1.999999987845058e-08
29.608678817749023
29.726375579833984
7.8918843269348145
-1.999999987845058e-08
34.56183624267578
34.250389099121094
12.826189994812012
1.999999987845058e-08
41.64348220825195
42.309722900390625
17.53218650817871
-1.999999987845058e-08
33.058204650878906
34.806949615478516
12.538670539855957
1.999999987845058e-08
28.881816864013672
28.589153289794922
11.563711166381836
-1.999999987845058e-08
30.77111053466797
28.37553596496582
16.136749267578125
1.999999987845058e-08
34.87481689453125
33.71995544433594
22.277128219604492
-1.999999987845058e-08
37.279293060302734
39.51968765258789
24.95861053466797
1.999999987845058e-08
40.449302673339844
41.707313537597656
25.068546295166016
-1.999999987845058e-08
49.36164474487305
41.28482437133789
27.76500129699707
1.999999987845058e-08
60.45393371582031
40.83850860595703
33.48736572265625
-1.999999987845058e-08
61.70496368408203
39.35273361206055
34.453067779541016
1.999999987845058e-08
46.884483337402344
33.3853874206543
22.906639099121094
-1.999999987845058e-08
24.848142623901367
23.1234073638916
2.6154606342315674
1.999999987845058e-08
10.281280517578125
13.11752986907959
-13.515751838684082
-1.999999987845058e-08
9.51240062713623
6.553332805633545
-17.72554588317871
1.999999987845058e-08
18.825969696044922
4.78360652923584
-12.537944793701172
-1.999999987845058e-08
31.14314842224121
10.356476783752441
-3.0474109649658203
1.999999987845058e-08
40.322811126708984
21.197839736938477
7.25813102722168
-1.999999987845058e-08
40.62995529174805
26.586851119995117
12.442822456359863
1.999999987845058e-08
28.982576370239258
20.095829010009766
6.6835527420043945
-1.999999987845058e-08
13.570465087890625
10.53088665008545
-4.672313690185547
1.999999987845058e-08
10.679896354675293
9.728574752807617
-7.509430408477783
-1.999999987845058e-08
25.771728515625
18.176761627197266
4.239187717437744
1.999999987845058e-08
47.32856369018555
29.645544052124023
23.01677131652832
-1.999999987845058e-08
61.33253860473633
38.900108337402344
37.42961502075195
1.999999987845058e-08
65.33047485351562
42.56512451171875
42.33151626586914
-1.999999987845058e-08
66.3326187133789
41.9865608215332
41.02207565307617
1.999999987845058e-08
66.25276947021484
41.615013122558594
37.48834228515625
-1.999999987845058e-08
60.37413787841797
40.667091369628906
31.1938419342041
1.999999987845058e-08
51.50454330444336
35.621768951416016
23.829748153686523
-1.999999987845058e-08
49.13688278198242
30.798860549926758
22.108259201049805
1.999999987845058e-08
55.64093017578125
33.86000061035156
29.025880813598633
-1.999999987845058e-08
65.0847396850586
42.03196334838867
39.2464485168457
1.999999987845058e-08
71.1026840209961
46.250003814697266
46.05513381958008
-1.999999987845058e-08
71.15650939941406
45.84785079956055
48.2867546081543
1.999999987845058e-08
66.37983703613281
44.928504943847656
47.05324172973633
-1.999999987845058e-08
57.69371032714844
39.918357849121094
39.97871017456055
1.999999987845058e-08
45.08250427246094
26.908061981201172
25.98909568786621
-1.999999987845058e-08
33.62406539916992
14.766622543334961
13.30817985534668
1.999999987845058e-08
32.6297492980957
14.756173133850098
12.886709213256836
-1.999999987845058e-08
43.414424896240234
23.880111694335938
24.37322235107422
1.999999987845058e-08
55.53338623046875
31.114517211914062
37.469703674316406
-1.999999987845058e-08
60.238365173339844
32.07122039794922
45.56904602050781
1.999999987845058e-08
58.24899673461914
29.719846725463867
48.65185546875
-1.999999987845058e-08
52.7418098449707
28.303611755371094
47.17106246948242
1.999999987845058e-08
46.484153747558594
29.230789184570312
42.77133560180664
-1.999999987845058e-08
41.80534744262695
28.184404373168945
37.832576751708984
1.999999987845058e-08
38.44594955444336
22.304733276367188
32.21432876586914
-1.999999987845058e-08
38.8677864074707
20.106800079345703
28.71356964111328
1.999999987845058e-08
46.58380889892578
28.826139450073242
31.954618453979492
-1.999999987845058e-08
54.958248138427734
38.26605987548828
37.09233093261719
1.999999987845058e-08
54.958248138427734
38.26605987548828
37.09233093261719
-1.999999987845058e-08
53.92030334472656
36.946224212646484
35.493526458740234
1.999999987845058e-08
44.34825134277344
30.893699645996094
28.568124771118164
-1.999999987845058e-08
33.168426513671875
28.73650360107422
21.597370147705078
1.999999987845058e-08
21.427717208862305
25.804113388061523
12.35926342010498
-1.999999987845058e-08
8.346199989318848
17.37642478942871
-0.3558231592178345
1.999999987845058e-08
2.5230979919433594
11.063843727111816
-5.3521552085876465
-1.999999987845058e-08
12.24007797241211
13.972755432128906
6.6013641357421875
1.999999987845058e-08
28.964088439941406
22.07493019104004
25.303882598876953
-1.999999987845058e-08
37.87665939331055
29.7249698638916
34.440242767333984
1.999999987845058e-08
34.020835876464844
34.42155838012695
29.6330623626709
-1.999999987845058e-08
21.410179138183594
33.54677963256836
16.338918685913086
1.999999987845058e-08
9.771056175231934
31.236572265625
4.7721943855285645
-1.999999987845058e-08
7.323519229888916
37.134307861328125
3.054219961166382
1.999999987845058e-08
13.402776718139648
50.333709716796875
9.330349922180176
-1.999999987845058e-08
23.666797637939453
61.00971984863281
18.05645179748535
1.999999987845058e-08
32.65860366821289
66.4337158203125
26.134994506835938
-1.999999987845058e-08
33.41899871826172
69.37428283691406
28.794021606445312
1.999999987845058e-08
24.51659393310547
67.66458892822266
22.168243408203125
-1.999999987845058e-08
11.604395866394043
59.054317474365234
10.439380645751953
1.999999987845058e-08
2.6485178470611572
50.23929214477539
3.327582836151123
-1.999999987845058e-08
3.3681983947753906
49.786006927490234
5.85572624206543
1.999999987845058e-08
11.57701301574707
57.21997833251953
13.579925537109375
-1.999999987845058e-08
19.34534454345703
66.558837890625
20.166501998901367
1.999999987845058e-08
22.391441345214844
74.1105728149414
24.65961456298828
-1.999999987845058e-08
22.279542922973633
78.84056091308594
28.385347366333008
1.999999987845058e-08
20.500988006591797
81.27635192871094
30.77821922302246
-1.999999987845058e-08
14.247091293334961
82.01976013183594
29.28108787536621
1.999999987845058e-08
2.5792109966278076
79.19764709472656
22.258424758911133
-1.999999987845058e-08
-6.51062536239624
72.63956451416016
13.565266609191895
1.999999987845058e-08
-6.036013603210449
68.13856506347656
9.695077896118164
-1.999999987845058e-08
1.5573928356170654
69.9954605102539
13.120774269104004
1.999999987845058e-08
12.451835632324219
74.52721405029297
22.50971794128418
-1.999999987845058e-08
23.0069522857666
76.34146118164062
33.523338317871094
1.999999987845058e-08
27.080202102661133
74.52680969238281
39.873592376708984
-1.999999987845058e-08
22.523929595947266
69.62496185302734
38.07599639892578
1.999999987845058e-08
13.00257682800293
62.22539520263672
28.95901870727539
-1.999999987845058e-08
3.604444980621338
56.40908432006836
17.312782287597656
1.999999987845058e-08
-1.6878997087478638
55.126224517822266
10.086134910583496
-1.999999987845058e-08
-1.562531590461731
54.272701263427734
10.269820213317871
1.999999987845058e-08
2.0526301860809326
50.76670837402344
14.636693000793457
-1.999999987845058e-08
3.932368040084839
47.4163932800293
17.587207794189453
1.999999987845058e-08
-0.7124685049057007
42.59673309326172
15.167900085449219
-1.999999987845058e-08
-10.883955001831055
30.26065444946289
7.637462139129639
1.999999987845058e-08
-22.345260620117188
13.461621284484863
-1.2478817701339722
-1.999999987845058e-08
-31.728151321411133
1.9981689453125
-7.2914719581604
1.999999987845058e-08
-35.77424240112305
-2.1662440299987793
-8.605454444885254
-1.999999987845058e-08
-32.394859313964844
-3.0236127376556396
-6.3816447257995605
1.999999987845058e-08
-22.451894760131836
0.4886441230773926
-1.563442587852478
-1.999999987845058e-08
-10.23518180847168
9.754914283752441
5.886475086212158
1.999999987845058e-08
-3.5912277698516846
18.371156692504883
15.171920776367188
-1.999999987845058e-08
-9.691293716430664
11.489618301391602
12.896923065185547
1.999999987845058e-08
-15.714895248413086
1.7717643976211548
8.063858985900879
-1.999999987845058e-08
-18.527074813842773
-5.888357639312744
2.8639419078826904
1.999999987845058e-08
-17.977102279663086
-6.430802345275879
0.5671012997627258
-1.999999987845058e-08
-13.911459922790527
0.0851752907037735
3.4100072383880615
1.999999987845058e-08
-7.051243305206299
5.743226051330566
8.016016006469727
-1.999999987845058e-08
-2.7619690895080566
4.1347527503967285
8.439926147460938
1.999999987845058e-08
-4.65641975402832
-1.9698278903961182
5.181616306304932
-1.999999987845058e-08
-9.51995849609375
-9.045284271240234
2.162404775619507
1.999999987845058e-08
-13.985875129699707
-18.398832321166992
-2.121101140975952
-1.999999987845058e-08
-17.32831573486328
-27.499027252197266
-9.054476737976074
1.999999987845058e-08
-18.239866256713867
-30.748205184936523
-13.45128059387207
-1.999999987845058e-08
-16.111665725708008
-30.559144973754883
-11.691764831542969
1.999999987845058e-08
-12.784833908081055
-32.965885162353516
-6.852842807769775
-1.999999987845058e-08
-10.74873161315918
-36.37030792236328
-2.17210054397583
1.999999987845058e-08
-11.191888809204102
-37.377418518066406
1.3820548057556152
-1.999999987845058e-08
-13.425524711608887
-38.96544647216797
1.6564359664916992
1.999999987845058e-08
-15.637236595153809
-42.93552017211914
-2.850919485092163
-1.999999987845058e-08
-15.38413143157959
-45.06313705444336
-9.274115562438965
1.999999987845058e-08
-15.38413143157959
-45.06313705444336
-9.274115562438965
-1.999999987845058e-08
-12.220315933227539
-43.99342346191406
-14.1286039352417
1.999999987845058e-08
-10.775056838989258
-43.416748046875
-17.882036209106445
-1.999999987845058e-08
-14.885144233703613
-44.327674865722656
-21.454626083374023
1.999999987845058e-08
-20.101261138916016
-45.444461822509766
-22.864187240600586
-1.999999987845058e-08
-19.688514709472656
-46.922203063964844
-21.142715454101562
1.999999987845058e-08
-15.50705623626709
-47.81614685058594
-18.833438873291016
-1.999999987845058e-08
-15.160319328308105
-47.820072174072266
-18.362533569335938
1.999999987845058e-08
-20.459331512451172
-50.82797622680664
-20.128366470336914
-1.999999987845058e-08
-26.394866943359375
-57.625457763671875
-24.257139205932617
1.999999987845058e-08
-26.394866943359375
-57.625457763671875
-24.257139205932617
-1.999999987845058e-08
-28.78898048400879
-61.35432434082031
-29.899181365966797
1.999999987845058e-08
-26.62101173400879
-58.81535720825195
-33.64659881591797
-1.999999987845058e-08
-20.80337905883789
-55.75324249267578
-32.37237548828125
1.999999987845058e-08
-14.266088485717773
-54.799068450927734
-27.125272750854492
-1.999999987845058e-08
-9.91529655456543
-52.57907485961914
-22.166322708129883
1.999999987845058e-08
-8.476605415344238
-50.905086517333984
-21.06840705871582
-1.999999987845058e-08
-9.523438453674316
-54.390464782714844
-24.429004669189453
1.999999987845058e-08
-11.342550277709961
-58.482913970947266
-28.733274459838867
-1.999999987845058e-08
-10.558418273925781
-55.809566497802734
-28.57861328125
1.999999987845058e-08
-6.236713409423828
-49.199974060058594
-22.870298385620117
-1.999999987845058e-08
-2.3989756107330322
-45.15726852416992
-15.542998313903809
1.999999987845058e-08
-2.909487247467041
-42.85869216918945
-10.021206855773926
-1.999999987845058e-08
-5.625378131866455
-39.56810760498047
-7.236106872558594
1.999999987845058e-08
-6.041085720062256
-36.651283264160156
-6.961216926574707
-1.999999987845058e-08
-6.3724470138549805
-34.99776077270508
-8.809657096862793
1.999999987845058e-08
-13.08192253112793
-34.58690643310547
-13.389721870422363
-1.999999987845058e-08
-24.311931610107422
-37.49364471435547
-20.708881378173828
1.999999987845058e-08
-29.292940139770508
-41.76445007324219
-26.417570114135742
-1.999999987845058e-08
-22.272438049316406
-39.96162033081055
-24.743457794189453
1.999999987845058e-08
-22.272438049316406
-39.96162033081055
-24.743457794189453
-1.999999987845058e-08
-10.138572692871094
-32.21232986450195
-17.032602310180664
1.999999987845058e-08
-2.751575231552124
-27.82000732421875
-10.5321683883667
-1.999999987845058e-08
-1.313615083694458
-28.78751564025879
-7.971703052520752
1.999999987845058e-08
-3.093579053878784
-28.826641082763672
-7.636940956115723
-1.999999987845058e-08
-8.57994270324707
-28.00262451171875
-10.315960884094238
1.999999987845058e-08
-15.67345142364502
-29.66604232788086
-15.719651222229004
-1.999999987845058e-08
-19.21847915649414
-30.168569564819336
-19.556507110595703
1.999999987845058e-08
-18.673906326293945
-26.7301082611084
-20.139404296875
-1.999999987845058e-08
-15.33442497253418
-23.673866271972656
-18.829200744628906
1.999999987845058e-08
-2.359705924987793
-17.204566955566406
-7.81901741027832
-1.999999987845058e-08
-10.489156723022461
-17.461185455322266
-12.346282005310059
1.999999987845058e-08
-22.186635971069336
-19.21875
-20.912778854370117
-1.999999987845058e-08
-29.823410034179688
-20.145267486572266
-27.512041091918945
1.999999987845058e-08
-27.96595573425293
-20.083271026611328
-27.866798400878906
-1.999999987845058e-08
-16.577674865722656
-16.081750869750977
-19.633670806884766
1.999999987845058e-08
-3.023223876953125
-7.592609405517578
-5.731105327606201
-1.999999987845058e-08
2.933647632598877
-2.8487982749938965
3.515484571456909
1.999999987845058e-08
-0.8493354320526123
-7.3760576248168945
0.5659249424934387
-1.999999987845058e-08
-9.097000122070312
-14.995635032653809
-10.792196273803711
1.999999987845058e-08
-15.065082550048828
-18.65382957458496
-20.52682876586914
-1.999999987845058e-08
-14.705385208129883
-19.384368896484375
-22.445966720581055
1.999999987845058e-08
-11.04025650024414
-18.925291061401367
-18.789306640625
-1.999999987845058e-08
-7.707489967346191
-13.482318878173828
-13.461557388305664
1.999999987845058e-08
-2.0850064754486084
-2.480973958969116
-6.775468349456787
-1.999999987845058e-08
5.681140422821045
6.000973701477051
-1.075122594833374
1.999999987845058e-08
10.237896919250488
7.439844131469727
0.4002630114555359
-1.999999987845058e-08
9.174567222595215
6.208561897277832
-1.1142219305038452
1.999999987845058e-08
3.103269577026367
4.432490348815918
-4.927680969238281
-1.999999987845058e-08
-5.847920894622803
0.962793231010437
-12.395716667175293
1.999999987845058e-08
-12.512457847595215
2.326106071472168
-23.267662048339844
-1.999999987845058e-08
-3.721769332885742
7.9870758056640625
-19.33799934387207
1.999999987845058e-08
7.201291561126709
12.65346908569336
-14.32496452331543
-1.999999987845058e-08
10.844765663146973
14.052785873413086
-14.6499605178833
1.999999987845058e-08
6.425558567047119
10.257759094238281
-20.08530616760254
-1.999999987845058e-08
1.9084140062332153
3.966996431350708
-24.514970779418945
1.999999987845058e-08
1.0996456146240234
1.3940218687057495
-24.131343841552734
-1.999999987845058e-08
-0.0010654362849891186
2.43033504486084
-22.191133499145508
1.999999987845058e-08
-3.789874792098999
1.6885310411453247
-23.734500885009766
-1.999999987845058e-08
-7.0791544914245605
0.043286409229040146
-27.70963478088379
1.999999987845058e-08
-6.925917148590088
2.1014251708984375
-28.959850311279297
-1.999999987845058e-08
-3.3452534675598145
5.09329891204834
-25.89143943786621
1.999999987845058e-08
1.3146477937698364
4.1074934005737305
-21.805885314941406
-1.999999987845058e-08
2.1389071941375732
1.7015570402145386
-20.929685592651367
1.999999987845058e-08
-2.667106866836548
1.2990171909332275
-24.547718048095703
-1.999999987845058e-08
-8.612414360046387
0.7506074905395508
-30.642837524414062
1.999999987845058e-08
-12.898844718933105
-1.027953028678894
-36.61334991455078
-1.999999987845058e-08
-16.766387939453125
-1.9820709228515625
-40.129180908203125
1.999999987845058e-08
-18.157289505004883
-2.599407911300659
-39.10731506347656
-1.999999987845058e-08
-11.740160942077637
-3.218987226486206
-33.104366302490234
1.999999987845058e-08
1.1636568307876587
-0.7496772408485413
-25.15433692932129
-1.999999987845058e-08
9.018899917602539
2.890115737915039
-22.286619186401367
1.999999987845058e-08
2.9309377670288086
-0.419842392206192
-29.049663543701172
-1.999999987845058e-08
-11.661084175109863
-10.437121391296387
-40.043827056884766
1.999999987845058e-08
-22.951406478881836
-16.516357421875
-46.233245849609375
-1.999999987845058e-08
-24.54018783569336
-13.731744766235352
-45.51982498168945
1.999999987845058e-08
-15.18161678314209
-6.107951641082764
-39.534912109375
-1.999999987845058e-08
1.2595642805099487
3.999171257019043
-27.682031631469727
1.999999987845058e-08
13.422391891479492
14.122529983520508
-13.530112266540527
-1.999999987845058e-08
11.446760177612305
16.247573852539062
-7.937899112701416
1.999999987845058e-08
1.2595641613006592
3.999171257019043
-27.682031631469727
-1.999999987845058e-08
13.422391891479492
14.122529983520508
-13.530112266540527
1.999999987845058e-08
11.446760177612305
16.247573852539062
-7.937899112701416
-1.999999987845058e-08
-1.5796282291412354
7.525285243988037
-16.11874008178711
1.999999987845058e-08
-13.202603340148926
-1.5619109869003296
-29.038822174072266
-1.999999987845058e-08
-13.97750473022461
-1.1410210132598877
-34.742488861083984
1.999999987845058e-08
-4.3933258056640625
5.408006191253662
-31.161787033081055
-1.999999987845058e-08
7.966082572937012
10.529452323913574
-23.230533599853516
1.999999987845058e-08
15.832688331604004
12.41820240020752
-15.668251991271973
-1.999999987845058e-08
17.04881477355957
11.575616836547852
-12.030618667602539
1.999999987845058e-08
-8.719710350036621
-2.063270330429077
-29.77747917175293
-1.999999987845058e-08
-14.050264358520508
-4.601289749145508
-32.98044967651367
1.999999987845058e-08
-6.789207935333252
1.5340371131896973
-27.186790466308594
-1.999999987845058e-08
11.040125846862793
14.682662963867188
-14.215155601501465
1.999999987845058e-08
26.47745704650879
27.19718360900879
-2.9646248817443848
-1.999999987845058e-08
28.221681594848633
34.463802337646484
0.019029049202799797
1.999999987845058e-08
18.084016799926758
34.48972702026367
-4.5045552253723145
-1.999999987845058e-08
5.760720252990723
27.080596923828125
-12.110681533813477
1.999999987845058e-08
-1.228779911994934
18.845266342163086
-17.439729690551758
-1.999999987845058e-08
-0.7081038355827332
18.089750289916992
-15.694780349731445
1.999999987845058e-08
-0.7081038951873779
18.089750289916992
-15.694780349731445
-1.999999987845058e-08
5.457503318786621
22.828189849853516
-7.105960369110107
1.999999987845058e-08
13.901986122131348
25.351072311401367
2.8916220664978027
-1.999999987845058e-08
21.224416732788086
26.306190490722656
10.100067138671875
1.999999987845058e-08
25.295042037963867
29.64264678955078
14.044193267822266
-1.999999987845058e-08
26.670385360717773
31.962207794189453
15.018494606018066
1.999999987845058e-08
27.458250045776367
32.23571014404297
13.988102912902832
-1.999999987845058e-08
28.385007858276367
36.20343780517578
13.253090858459473
1.999999987845058e-08
26.94620132446289
42.060848236083984
12.566421508789062
-1.999999987845058e-08
21.267345428466797
42.07394790649414
9.56911849975586
1.999999987845058e-08
21.267345428466797
42.07394790649414
9.56911849975586
-1.999999987845058e-08
14.70409107208252
37.72043228149414
6.361203670501709
1.999999987845058e-08
9.345213890075684
34.3065071105957
6.009327411651611
-1.999999987845058e-08
0.9482320547103882
29.07158088684082
4.31553840637207
1.999999987845058e-08
-12.034266471862793
19.446630477905273
-3.6644654273986816
-1.999999987845058e-08
-24.422657012939453
10.337484359741211
-15.481470108032227
1.999999987845058e-08
-31.674715042114258
5.088037490844727
-26.237462997436523
-1.999999987845058e-08
-32.34817123413086
3.309380292892456
-32.09191131591797
1.999999987845058e-08
-26.059846878051758
7.57877779006958
-28.357206344604492
-1.999999987845058e-08
-14.093070030212402
18.18873405456543
-13.851423263549805
1.999999987845058e-08
-14.093070030212402
18.18873405456543
-13.851423263549805
-1.999999987845058e-08
0.6844935417175293
27.24983787536621
4.917031288146973
1.999999987845058e-08
14.946261405944824
30.173004150390625
20.438196182250977
-1.999999987845058e-08
24.626338958740234
32.2755126953125
30.35031509399414
1.999999987845058e-08
26.36075210571289
35.566650390625
33.81232452392578
-1.999999987845058e-08
21.04420280456543
34.358455657958984
30.051292419433594
1.999999987845058e-08
14.752978324890137
29.302412033081055
23.55423355102539
-1.999999987845058e-08
15.395585060119629
28.605838775634766
22.793888092041016
1.999999987845058e-08
25.92608070373535
33.478050231933594
30.824615478515625
-1.999999987845058e-08
39.98919677734375
37.65510177612305
42.17287063598633
1.999999987845058e-08
47.37466049194336
38.46320343017578
49.68674850463867
-1.999999987845058e-08
43.737518310546875
35.99090576171875
50.42007064819336
1.999999987845058e-08
32.1159782409668
28.881786346435547
44.92951965332031
-1.999999987845058e-08
16.5762882232666
18.971220016479492
34.31095886230469
1.999999987845058e-08
1.4406849145889282
11.46994400024414
22.042724609375
-1.999999987845058e-08
-5.745068550109863
8.144148826599121
15.960427284240723
1.999999987845058e-08
-0.7419660687446594
8.422518730163574
21.027454376220703
-1.999999987845058e-08
10.859739303588867
13.318267822265625
32.94203567504883
1.999999987845058e-08
19.312946319580078
19.57862663269043
42.62460708618164
-1.999999987845058e-08
20.75029182434082
19.695863723754883
44.8670654296875
1.999999987845058e-08
19.34661293029785
21.131370544433594
33.75136947631836
-1.999999987845058e-08
16.62923240661621
16.773630142211914
27.881961822509766
1.999999987845058e-08
16.81800079345703
15.28371810913086
26.197525024414062
-1.999999987845058e-08
19.04218864440918
16.164344787597656
27.096908569335938
1.999999987845058e-08
21.522483825683594
14.794363021850586
27.21537971496582
-1.999999987845058e-08
23.474720001220703
13.182088851928711
27.065895080566406
1.999999987845058e-08
22.624258041381836
13.111724853515625
26.86463165283203
-1.999999987845058e-08
14.377243041992188
9.403971672058105
22.48808479309082
1.999999987845058e-08
-0.0165414996445179
0.9854692816734314
13.389490127563477
-1.999999987845058e-08
-10.55508041381836
-5.266446590423584
6.875242233276367
1.999999987845058e-08
14.377243041992188
9.403970718383789
22.48808479309082
-1.999999987845058e-08
-0.016541458666324615
0.9854692816734314
13.389490127563477
1.999999987845058e-08
-10.55508041381836
-5.266446590423584
6.875242233276367
-1.999999987845058e-08
-10.706953048706055
-6.383744239807129
8.088573455810547
1.999999987845058e-08
-2.975790023803711
-4.444626808166504
15.549835205078125
-1.999999987845058e-08
7.570786952972412
0.3128679692745209
25.91663360595703
1.999999987845058e-08
15.330114364624023
5.701529502868652
33.45671081542969
-1.999999987845058e-08
15.51978588104248
5.958772659301758
31.854516983032227
1.999999987845058e-08
9.575090408325195
-0.08943216502666473
22.651945114135742
-1.999999987845058e-08
4.416957378387451
-7.9806599617004395
14.186762809753418
1.999999987845058e-08
18.349443435668945
-7.568498134613037
14.438966751098633
-1.999999987845058e-08
26.52672004699707
-3.8195931911468506
19.343172073364258
1.999999987845058e-08
30.519989013671875
-4.105281829833984
20.77522850036621
-1.999999987845058e-08
26.43146514892578
-4.599061489105225
17.777694702148438
1.999999987845058e-08
18.19416046142578
-4.56324577331543
13.428682327270508
-1.999999987845058e-08
11.69921588897705
-5.848726749420166
10.216364860534668
1.999999987845058e-08
9.816807746887207
-6.135176181793213
10.08442211151123
-1.999999987845058e-08
13.616537094116211
-2.382235288619995
15.241177558898926
1.999999987845058e-08
22.309663772583008
2.682965040206909
25.000837326049805
-1.999999987845058e-08
31.469209671020508
4.754515171051025
35.18693542480469
1.999999987845058e-08
35.30630111694336
3.660938024520874
40.897254943847656
-1.999999987845058e-08
30.89628028869629
0.28962379693984985
38.066986083984375
1.999999987845058e-08
20.02713394165039
-5.632965564727783
26.358842849731445
-1.999999987845058e-08
9.550434112548828
-11.76527214050293
12.560441970825195
1.999999987845058e-08
5.982166290283203
-15.39250659942627
4.9353413581848145
-1.999999987845058e-08
8.687836647033691
-17.706695556640625
4.701464653015137
1.999999987845058e-08
15.156392097473145
-18.20611000061035
10.253479957580566
-1.999999987845058e-08
25.642969131469727
-13.868831634521484
21.362436294555664
1.999999987845058e-08
36.098175048828125
-8.517483711242676
31.89505958557129
-1.999999987845058e-08
38.394893646240234
-9.392146110534668
32.29816436767578
1.999999987845058e-08
25.642969131469727
-13.868831634521484
21.362436294555664
-1.999999987845058e-08
36.098175048828125
-8.517483711242676
31.89505958557129
1.999999987845058e-08
38.394893646240234
-9.392146110534668
32.29816436767578
-1.999999987845058e-08
30.83656120300293
-14.893898010253906
23.094097137451172
1.999999987845058e-08
20.143041610717773
-18.90671157836914
13.702738761901855
-1.999999987845058e-08
11.977749824523926
-22.107332229614258
8.723090171813965
1.999999987845058e-08
