0
14.316576957702637
16.452312469482422
13.803523063659668
1.999999987845058e-08
7.144984245300293
15.046477317810059
11.091386795043945
-1.999999987845058e-08
2.8928768634796143
13.449331283569336
11.256185531616211
1.999999987845058e-08
4.069521903991699
11.568267822265625
15.650369644165039
-1.999999987845058e-08
5.717190265655518
12.157512664794922
19.901342391967773
1.999999987845058e-08
3.870561361312866
14.589408874511719
19.338159561157227
-1.999999987845058e-08
1.067130208015442
15.195917129516602
14.527647018432617
1.999999987845058e-08
-0.16371595859527588
14.087689399719238
9.61142635345459
-1.999999987845058e-08
-0.5111228227615356
13.548325538635254
7.456182956695557
1.999999987845058e-08
4.626289367675781
13.942535400390625
9.705998420715332
-1.999999987845058e-08
3.0929958820343018
18.247068405151367
9.625666618347168
1.999999987845058e-08
-1.0874143838882446
18.862133026123047
5.6936235427856445
-1.999999987845058e-08
-4.069180965423584
16.299142837524414
-0.3828350305557251
1.999999987845058e-08
-5.190534591674805
16.309200286865234
-4.05625581741333
-1.999999987845058e-08
-5.356680870056152
18.911712646484375
-3.4713239669799805
1.999999987845058e-08
-2.004788398742676
21.97408103942871
1.0657228231430054
-1.999999987845058e-08
4.377107620239258
27.47636604309082
7.478196144104004
1.999999987845058e-08
7.174229621887207
33.38273239135742
10.760673522949219
-1.999999987845058e-08
2.2491629123687744
31.28676414489746
6.885531425476074
1.999999987845058e-08
7.174229621887207
33.38273239135742
10.760673522949219
-1.999999987845058e-08
2.2491629123687744
31.28676414489746
6.885531425476074
1.999999987845058e-08
-7.828153133392334
20.593074798583984
-1.8027092218399048
-1.999999987845058e-08
-16.24448585510254
12.525431632995605
-8.03421688079834
1.999999987845058e-08
-16.390535354614258
13.360800743103027
-7.374122142791748
-1.999999987845058e-08
-9.312562942504883
16.936721801757812
-2.8741254806518555
1.999999987845058e-08
-3.889594078063965
17.874574661254883
-1.062232494354248
-1.999999987845058e-08
-3.9729604721069336
18.517263412475586
-4.048163890838623
1.999999987845058e-08
-2.6620969772338867
21.33892822265625
-6.731132507324219
-1.999999987845058e-08
5.695950984954834
25.855199813842773
-2.9358677864074707
1.999999987845058e-08
5.695950984954834
25.855199813842773
-2.93586802482605
-1.999999987845058e-08
17.005651473999023
31.39284324645996
6.806399345397949
1.999999987845058e-08
22.996509552001953
35.11357116699219
14.783483505249023
-1.999999987845058e-08
17.797039031982422
32.646392822265625
12.483973503112793
1.999999987845058e-08
2.8014109134674072
25.75433349609375
-0.5012512803077698
-1.999999987845058e-08
-10.176915168762207
21.801481246948242
-13.452913284301758
1.999999987845058e-08
-9.487286567687988
23.700763702392578
-15.638574600219727
-1.999999987845058e-08
0.5763698816299438
27.557355880737305
-9.052231788635254
1.999999987845058e-08
5.9063591957092285
29.395910263061523
-3.221864938735962
-1.999999987845058e-08
1.4065039157867432
27.875612258911133
-3.0452935695648193
1.999999987845058e-08
-10.867378234863281
18.3958797454834
-14.871699333190918
-1.999999987845058e-08
1.2200291156768799
26.399658203125
-6.005062103271484
1.999999987845058e-08
15.333945274353027
34.36995315551758
4.181459426879883
-1.999999987845058e-08
18.6838436126709
35.340118408203125
4.227457523345947
1.999999987845058e-08
8.7168550491333
28.905744552612305
-6.1479692459106445
-1.999999987845058e-08
-2.8082988262176514
20.51706886291504
-16.2786922454834
1.999999987845058e-08
-4.926549434661865
17.83759880065918
-18.085603713989258
-1.999999987845058e-08
1.3327454328536987
23.22945785522461
-12.882737159729004
1.999999987845058e-08
9.993722915649414
30.442054748535156
-5.8089070320129395
-1.999999987845058e-08
17.003883361816406
33.27201461791992
-0.5226409435272217
1.999999987845058e-08
18.02861976623535
31.394330978393555
0.9526003003120422
-1.999999987845058e-08
11.594964027404785
25.625255584716797
-1.2778974771499634
1.999999987845058e-08
1.8542654514312744
15.956369400024414
-6.694016456604004
-1.999999987845058e-08
-6.4072442054748535
6.396897792816162
-15.133320808410645
1.999999987845058e-08
-8.512871742248535
4.128486633300781
-21.574995040893555
-1.999999987845058e-08
-0.32159584760665894
10.443400382995605
-19.055614471435547
1.999999987845058e-08
14.495359420776367
18.915584564208984
-10.175801277160645
-1.999999987845058e-08
24.932199478149414
24.17988395690918
-4.702755451202393
1.999999987845058e-08
25.27560043334961
25.874847412109375
-5.838441371917725
-1.999999987845058e-08
20.464174270629883
24.9382381439209
-8.85884952545166
1.999999987845058e-08
16.149171829223633
22.318574905395508
-11.051634788513184
-1.999999987845058e-08
11.249550819396973
18.867626190185547
-14.156685829162598
1.999999987845058e-08
3.9153671264648438
13.569989204406738
-18.395816802978516
-1.999999987845058e-08
-2.901979446411133
6.6813836097717285
-20.519622802734375
1.999999987845058e-08
-4.956294059753418
4.085771083831787
-17.627777099609375
-1.999999987845058e-08
-1.2392699718475342
10.234040260314941
-10.866171836853027
1.999999987845058e-08
4.975491046905518
19.238845825195312
-5.231692314147949
-1.999999987845058e-08
8.912518501281738
22.761449813842773
-3.86075496673584
1.999999987845058e-08
9.299633979797363
21.53896141052246
-4.216669082641602
-1.999999987845058e-08
9.43336009979248
19.94598960876465
-3.3021106719970703
1.999999987845058e-08
18.614763259887695
16.61638832092285
0.17690488696098328
-1.999999987845058e-08
21.480775833129883
16.675512313842773
2.136305809020996
1.999999987845058e-08
18.29389190673828
16.365421295166016
2.130742073059082
-1.999999987845058e-08
11.074771881103516
12.900333404541016
-2.1873960494995117
1.999999987845058e-08
3.842273235321045
7.957379341125488
-8.886568069458008
-1.999999987845058e-08
0.5899689197540283
4.391761779785156
-12.339049339294434
1.999999987845058e-08
3.4581077098846436
1.9951801300048828
-9.461548805236816
-1.999999987845058e-08
8.853763580322266
-0.7211025953292847
-4.179864883422852
1.999999987845058e-08
9.319887161254883
-4.530095100402832
-3.851592540740967
-1.999999987845058e-08
1.0200554132461548
-10.369513511657715
-11.857470512390137
1.999999987845058e-08
1.0200554132461548
-10.369513511657715
-11.857470512390137
-1.999999987845058e-08
-11.464576721191406
-17.664016723632812
-23.942066192626953
1.999999987845058e-08
-18.870742797851562
-22.198698043823242
-31.69788360595703
-1.999999987845058e-08
-18.51886749267578
-21.833574295043945
-32.19686508178711
1.999999987845058e-08
-16.887670516967773
-20.457191467285156
-31.316991806030273
-1.999999987845058e-08
-17.073429107666016
-19.58672523498535
-33.153743743896484
1.999999987845058e-08
-15.200565338134766
-15.84386157989502
-34.597190856933594
-1.999999987845058e-08
-10.97908878326416
-10.67710018157959
-33.881690979003906
1.999999987845058e-08
-7.97797966003418
-8.979568481445312
-32.56376647949219
-1.999999987845058e-08
-7.10189151763916
-10.106505393981934
-30.050941467285156
1.999999987845058e-08
-7.508874893188477
-11.599416732788086
-25.692371368408203
-1.999999987845058e-08
-6.666092395782471
-13.013864517211914
-20.336044311523438
1.999999987845058e-08
-1.2001972198486328
-11.14448070526123
-13.080442428588867
-1.999999987845058e-08
6.938253402709961
-3.4282748699188232
-4.080415725708008
1.999999987845058e-08
10.847432136535645
3.8272252082824707
1.4584505558013916
-1.999999987845058e-08
7.282855033874512
2.405290365219116
-0.6908707618713379
1.999999987845058e-08
0.6156871914863586
-5.457924842834473
-6.862578392028809
-1.999999987845058e-08
-2.6423463821411133
-11.703194618225098
-10.278338432312012
1.999999987845058e-08
0.5382792353630066
-13.218846321105957
-8.504884719848633
-1.999999987845058e-08
8.933642387390137
-10.572319030761719
-2.9872894287109375
1.999999987845058e-08
19.52252960205078
-1.1167138814926147
4.907839775085449
-1.999999987845058e-08
15.39818286895752
-2.129718780517578
1.3094528913497925
1.999999987845058e-08
9.306880950927734
-4.977388381958008
-4.452185153961182
-1.999999987845058e-08
5.1262125968933105
-5.029312610626221
-8.11182689666748
1.999999987845058e-08
3.8973989486694336
-3.6989636421203613
-8.805301666259766
-1.999999987845058e-08
4.149763107299805
-3.746687412261963
-8.147980690002441
1.999999987845058e-08
3.4398844242095947
-3.45764422416687
-7.050338268280029
-1.999999987845058e-08
1.520123839378357
-2.2021803855895996
-5.516481399536133
1.999999987845058e-08
1.2755961418151855
-3.017328977584839
-4.1762800216674805
-1.999999987845058e-08
4.132513523101807
-4.950028896331787
-3.3111867904663086
1.999999987845058e-08
1.2755961418151855
-3.017328977584839
-4.1762800216674805
-1.999999987845058e-08
4.132513523101807
-4.950028896331787
-3.3111867904663086
1.999999987845058e-08
7.325238227844238
-3.2879717350006104
-1.6620920896530151
-1.999999987845058e-08
8.887453079223633
1.4123404026031494
1.393129825592041
1.999999987845058e-08
11.256190299987793
5.281721115112305
4.875109672546387
-1.999999987845058e-08
16.887163162231445
9.183036804199219
8.959413528442383
1.999999987845058e-08
23.709144592285156
14.239348411560059
14.146001815795898
-1.999999987845058e-08
28.01183319091797
16.692161560058594
17.923154830932617
1.999999987845058e-08
27.955116271972656
14.535212516784668
16.60614013671875
-1.999999987845058e-08
21.538049697875977
9.10822582244873
8.7099027633667
1.999999987845058e-08
-6.928350448608398
-12.023451805114746
-15.951224327087402
-1.999999987845058e-08
-16.399059295654297
-19.615291595458984
-22.168664932250977
1.999999987845058e-08
-17.30874252319336
-19.3568172454834
-21.45137596130371
-1.999999987845058e-08
-11.728340148925781
-15.62548542022705
-16.485584259033203
1.999999987845058e-08
-5.8250627517700195
-13.053550720214844
-11.603590965270996
-1.999999987845058e-08
-5.435033321380615
-11.508105278015137
-10.054547309875488
1.999999987845058e-08
-10.330606460571289
-10.940632820129395
-12.187832832336426
-1.999999987845058e-08
-14.715705871582031
-12.435651779174805
-15.490233421325684
1.999999987845058e-08
-13.038025856018066
-12.606637954711914
-15.184235572814941
-1.999999987845058e-08
-5.668299198150635
-7.767320156097412
-8.573505401611328
1.999999987845058e-08
2.240246057510376
-2.65848445892334
0.7682368755340576
-1.999999987845058e-08
8.326655387878418
-2.4435629844665527
8.222052574157715
1.999999987845058e-08
14.146044731140137
-2.7493743896484375
13.588119506835938
-1.999999987845058e-08
18.056947708129883
-0.11898286640644073
16.174570083618164
1.999999987845058e-08
15.743351936340332
-0.5870007276535034
12.990729331970215
-1.999999987845058e-08
8.804444313049316
-7.48585319519043
6.250412464141846
1.999999987845058e-08
2.47096586227417
-15.823831558227539
1.305296778678894
-1.999999987845058e-08
-3.7040822505950928
-23.936838150024414
-2.9247515201568604
1.999999987845058e-08
-11.165047645568848
-32.99848556518555
-8.531900405883789
-1.999999987845058e-08
-15.822535514831543
-37.68226623535156
-11.175232887268066
1.999999987845058e-08
-15.760313034057617
-34.65372085571289
-9.410634994506836
-1.999999987845058e-08
-14.842846870422363
-30.614242553710938
-9.10676383972168
1.999999987845058e-08
-15.492276191711426
-31.166786193847656
-13.191790580749512
-1.999999987845058e-08
-15.380424499511719
-33.60210418701172
-17.721017837524414
1.999999987845058e-08
-11.43072509765625
-33.975955963134766
-18.971145629882812
-1.999999987845058e-08
-4.019667148590088
-31.335338592529297
-17.774513244628906
1.999999987845058e-08
3.3739523887634277
-26.377920150756836
-16.451393127441406
-1.999999987845058e-08
5.592395782470703
-23.21849250793457
-16.514389038085938
1.999999987845058e-08
-2.0214052200317383
-27.81523895263672
-19.5628719329834
-1.999999987845058e-08
-16.74506187438965
-38.581790924072266
-24.405282974243164
1.999999987845058e-08
-26.955123901367188
-45.30950164794922
-25.137920379638672
-1.999999987845058e-08
-24.36122703552246
-42.17744827270508
-18.532747268676758
1.999999987845058e-08
-14.346240043640137
-34.418251037597656
-9.375444412231445
-1.999999987845058e-08
-9.167341232299805
-29.770526885986328
-4.314781188964844
1.999999987845058e-08
-14.034099578857422
-30.8889102935791
-5.221276760101318
-1.999999987845058e-08
-24.076204299926758
-36.10675048828125
-9.448799133300781
1.999999987845058e-08
-32.3892707824707
-41.06435012817383
-12.808992385864258
-1.999999987845058e-08
-34.47616195678711
-41.64467239379883
-11.990409851074219
1.999999987845058e-08
-26.89282989501953
-38.16157913208008
-5.781647682189941
-1.999999987845058e-08
-11.7944917678833
-33.247432708740234
3.5264956951141357
1.999999987845058e-08
-11.7944917678833
-33.247432708740234
3.5264954566955566
-1.999999987845058e-08
-0.01992669701576233
-28.255386352539062
10.578424453735352
1.999999987845058e-08
0.016115183010697365
-26.176090240478516
11.651512145996094
-1.999999987845058e-08
-9.750560760498047
-30.937719345092773
7.044742584228516
1.999999987845058e-08
-22.965242385864258
-39.41075897216797
-0.9586067795753479
-1.999999987845058e-08
-32.76115798950195
-43.492374420166016
-8.31026840209961
1.999999987845058e-08
-34.01429748535156
-42.563209533691406
-10.772029876708984
-1.999999987845058e-08
-29.622404098510742
-42.30792999267578
-8.853419303894043
1.999999987845058e-08
-28.402708053588867
-43.55559158325195
-7.521766185760498
-1.999999987845058e-08
-34.17041778564453
-44.70106506347656
-10.5950927734375
1.999999987845058e-08
-41.219417572021484
-47.03675842285156
-17.19668197631836
-1.999999987845058e-08
-41.073848724365234
-48.1603889465332
-22.03085708618164
1.999999987845058e-08
-30.872102737426758
-41.83855438232422
-19.37565803527832
-1.999999987845058e-08
-14.816765785217285
-28.611135482788086
-9.175439834594727
1.999999987845058e-08
-0.22424523532390594
-15.558430671691895
2.222672462463379
-1.999999987845058e-08
7.964118480682373
-7.100815773010254
9.612140655517578
1.999999987845058e-08
9.794564247131348
-4.897322177886963
13.075992584228516
-1.999999987845058e-08
7.433010101318359
-10.547459602355957
13.20262622833252
1.999999987845058e-08
2.6283929347991943
-20.08423614501953
9.847044944763184
-1.999999987845058e-08
-2.612481117248535
-24.580585479736328
5.90179443359375
1.999999987845058e-08
-2.612481117248535
-24.580585479736328
5.90179443359375
-1.999999987845058e-08
-7.375244140625
-23.75168228149414
3.4866857528686523
1.999999987845058e-08
-13.57323932647705
-27.49985122680664
-0.837422251701355
-1.999999987845058e-08
-21.94818687438965
-37.99457550048828
-8.635716438293457
1.999999987845058e-08
-27.47512435913086
-45.15330123901367
-13.32304859161377
-1.999999987845058e-08
-24.677152633666992
-43.93314743041992
-9.482218742370605
1.999999987845058e-08
-17.748506546020508
-40.72819137573242
-2.5100228786468506
-1.999999987845058e-08
-17.457054138183594
-40.79349136352539
-1.5006197690963745
1.999999987845058e-08
-25.963422775268555
-42.2550163269043
-6.983779430389404
-1.999999987845058e-08
-31.756031036376953
-41.413238525390625
-10.66578197479248
1.999999987845058e-08
12.84395980834961
-12.93359375
23.496673583984375
-1.999999987845058e-08
9.018512725830078
-11.605793952941895
22.698759078979492
1.999999987845058e-08
2.5996999740600586
-11.918384552001953
18.313871383666992
-1.999999987845058e-08
-1.6494730710983276
-14.176666259765625
11.693879127502441
1.999999987845058e-08
-4.117419719696045
-17.134246826171875
5.147635459899902
-1.999999987845058e-08
-9.633904457092285
-19.708637237548828
-0.12410305440425873
1.999999987845058e-08
-17.476486206054688
-24.286945343017578
-4.214118003845215
-1.999999987845058e-08
-20.24585723876953
-30.651708602905273
-5.649613857269287
1.999999987845058e-08
-15.557230949401855
-32.007835388183594
-2.4115777015686035
-1.999999987845058e-08
-8.429823875427246
-24.7698974609375
4.566129684448242
1.999999987845058e-08
-20.24585723876953
-30.651708602905273
-5.649613857269287
-1.999999987845058e-08
-15.557230949401855
-32.007835388183594
-2.4115774631500244
1.999999987845058e-08
-8.429823875427246
-24.7698974609375
4.566129207611084
-1.999999987845058e-08
-3.263608455657959
-15.90384578704834
11.26429271697998
1.999999987845058e-08
-1.4889538288116455
-13.351846694946289
13.85478401184082
-1.999999987845058e-08
-2.3042361736297607
-15.04610824584961
12.651420593261719
1.999999987845058e-08
-1.7280693054199219
-13.913216590881348
12.380388259887695
-1.999999987845058e-08
3.3717029094696045
-8.425150871276855
16.841163635253906
1.999999987845058e-08
10.36745834350586
-2.6835358142852783
24.48244857788086
-1.999999987845058e-08
13.916784286499023
-1.4824877977371216
29.55474281311035
1.999999987845058e-08
11.043275833129883
-6.844970703125
26.854888916015625
-1.999999987845058e-08
2.7235286235809326
-13.849925994873047
16.828041076660156
1.999999987845058e-08
-5.450273513793945
-14.005589485168457
5.851869583129883
-1.999999987845058e-08
-8.039175033569336
-7.162354946136475
-0.9661881923675537
1.999999987845058e-08
-6.68105936050415
-0.611112117767334
-4.38944149017334
-1.999999987845058e-08
-4.704125881195068
4.198966979980469
-4.8504438400268555
1.999999987845058e-08
-0.006547082681208849
10.687947273254395
0.3780452311038971
-1.999999987845058e-08
7.9544758796691895
15.951026916503906
8.822571754455566
1.999999987845058e-08
13.632933616638184
15.281862258911133
12.653766632080078
-1.999999987845058e-08
13.085699081420898
12.425097465515137
10.046116828918457
1.999999987845058e-08
-5.282499313354492
5.053925514221191
4.326228141784668
-1.999999987845058e-08
-7.086541175842285
1.6333200931549072
4.21444034576416
1.999999987845058e-08
-6.285701751708984
4.007997989654541
3.5637905597686768
-1.999999987845058e-08
-7.400295257568359
6.0729498863220215
1.08735990524292
1.999999987845058e-08
-13.881677627563477
1.436134696006775
-3.479872226715088
-1.999999987845058e-08
-21.57649803161621
-6.743060111999512
-7.2173943519592285
1.999999987845058e-08
-21.816513061523438
-10.781211853027344
-6.392470359802246
-1.999999987845058e-08
-14.351451873779297
-8.131988525390625
-1.8331515789031982
1.999999987845058e-08
-9.245633125305176
-3.321093797683716
0.609241247177124
-1.999999987845058e-08
-10.91065502166748
-1.662779450416565
-1.753831148147583
1.999999987845058e-08
-11.307744979858398
-1.1746349334716797
-3.6624042987823486
-1.999999987845058e-08
-2.6871063709259033
6.187339782714844
0.8432837128639221
1.999999987845058e-08
11.968649864196777
21.280858993530273
10.038315773010254
-1.999999987845058e-08
21.96504020690918
32.64472579956055
15.583956718444824
1.999999987845058e-08
21.067001342773438
32.4382209777832
13.008354187011719
-1.999999987845058e-08
14.70368766784668
27.472335815429688
8.213055610656738
1.999999987845058e-08
10.619332313537598
25.66617774963379
7.433300971984863
-1.999999987845058e-08
9.09133529663086
25.223058700561523
8.459372520446777
1.999999987845058e-08
7.55751895904541
23.796493530273438
8.458014488220215
-1.999999987845058e-08
6.556635856628418
23.905500411987305
9.172849655151367
1.999999987845058e-08
6.556635856628418
23.905500411987305
9.172849655151367
-1.999999987845058e-08
8.135799407958984
26.212228775024414
11.328254699707031
1.999999987845058e-08
11.69408893585205
27.68806266784668
13.100717544555664
-1.999999987845058e-08
11.168427467346191
25.320411682128906
12.48867130279541
1.999999987845058e-08
1.456775426864624
18.125877380371094
7.8598737716674805
-1.999999987845058e-08
-11.965378761291504
9.177104949951172
0.08463042974472046
1.999999987845058e-08
-19.18402671813965
4.1077470779418945
-6.421870231628418
-1.999999987845058e-08
-18.308916091918945
3.9605629444122314
-8.032665252685547
1.999999987845058e-08
-14.403219223022461
4.002054691314697
-6.083183765411377
-1.999999987845058e-08
-11.343777656555176
2.5512630939483643
-4.363462924957275
1.999999987845058e-08
-11.343777656555176
2.551262855529785
-4.363462924957275
-1.999999987845058e-08
-10.138261795043945
3.3957154750823975
-4.669229030609131
1.999999987845058e-08
-11.533881187438965
6.928210735321045
-7.1761155128479
-1.999999987845058e-08
-14.824263572692871
9.277617454528809
-10.79133129119873
1.999999987845058e-08
-15.26583194732666
11.653118133544922
-10.990463256835938
-1.999999987845058e-08
-6.968423366546631
19.293935775756836
-2.6489760875701904
1.999999987845058e-08
8.603423118591309
30.680688858032227
11.785414695739746
-1.999999987845058e-08
19.404699325561523
37.67033004760742
21.5809326171875
1.999999987845058e-08
17.521875381469727
37.446041107177734
21.095827102661133
-1.999999987845058e-08
13.208964347839355
35.93496322631836
18.49004364013672
1.999999987845058e-08
19.269487380981445
38.05537796020508
22.964208602905273
-1.999999987845058e-08
29.36456298828125
41.38657760620117
30.393186569213867
1.999999987845058e-08
28.73457145690918
40.2976188659668
30.510501861572266
-1.999999987845058e-08
17.326862335205078
32.971744537353516
21.65729331970215
1.999999987845058e-08
9.945512771606445
26.088008880615234
13.074214935302734
-1.999999987845058e-08
18.823514938354492
30.4251708984375
16.153972625732422
1.999999987845058e-08
38.27372360229492
45.453529357910156
30.645404815673828
-1.999999987845058e-08
47.939266204833984
55.60261154174805
41.057518005371094
1.999999987845058e-08
36.46800231933594
50.70646286010742
35.5924072265625
-1.999999987845058e-08
14.940529823303223
38.35585403442383
21.159770965576172
1.999999987845058e-08
3.655005931854248
26.139055252075195
10.329584121704102
-1.999999987845058e-08
8.561244010925293
29.8582763671875
13.523740768432617
1.999999987845058e-08
12.3628511428833
32.48617172241211
15.504769325256348
-1.999999987845058e-08
13.801318168640137
32.38628387451172
15.050537109375
1.999999987845058e-08
14.234379768371582
34.859500885009766
16.153472900390625
-1.999999987845058e-08
17.25094223022461
41.687049865722656
21.639911651611328
1.999999987845058e-08
22.077054977416992
46.03102493286133
27.159961700439453
-1.999999987845058e-08
22.985090255737305
44.636287689208984
27.73385238647461
1.999999987845058e-08
18.04441261291504
42.63434982299805
23.7938289642334
-1.999999987845058e-08
13.38050651550293
42.838035583496094
18.72060203552246
1.999999987845058e-08
16.90458869934082
43.9968376159668
17.192028045654297
-1.999999987845058e-08
28.395912170410156
47.545597076416016
22.939985275268555
1.999999987845058e-08
36.161521911621094
52.161407470703125
30.527833938598633
-1.999999987845058e-08
28.26447105407715
49.65772247314453
27.022415161132812
1.999999987845058e-08
7.425399303436279
37.520240783691406
9.208266258239746
-1.999999987845058e-08
-10.445754051208496
25.127769470214844
-9.449869155883789
1.999999987845058e-08
-14.039770126342773
20.58408546447754
-15.48850154876709
-1.999999987845058e-08
-7.447360992431641
22.442909240722656
-10.267781257629395
1.999999987845058e-08
0.1794765442609787
27.39960289001465
-2.159341812133789
-1.999999987845058e-08
6.936132907867432
33.80723190307617
5.13704252243042
1.999999987845058e-08
6.936132907867432
33.80723190307617
5.137042045593262
-1.999999987845058e-08
14.770678520202637
38.02337646484375
11.355502128601074
1.999999987845058e-08
21.805801391601562
38.2033576965332
16.16866683959961
-1.999999987845058e-08
24.831947326660156
37.526206970214844
19.294452667236328
1.999999987845058e-08
24.64696502685547
37.43281555175781
19.31325340270996
-1.999999987845058e-08
24.144624710083008
35.44590377807617
14.983104705810547
1.999999987845058e-08
24.676326751708984
32.25591278076172
9.880136489868164
-1.999999987845058e-08
23.24114418029785
30.724544525146484
7.193350791931152
1.999999987845058e-08
14.784396171569824
28.216552734375
2.345289468765259
-1.999999987845058e-08
1.9728858470916748
21.193267822265625
-6.572352409362793
1.999999987845058e-08
-5.449044704437256
13.511301040649414
-10.386632919311523
-1.999999987845058e-08
-1.916182041168213
11.081092834472656
-1.928043007850647
1.999999987845058e-08
10.418397903442383
14.380497932434082
13.618648529052734
-1.999999987845058e-08
23.47933578491211
20.049352645874023
25.501161575317383
1.999999987845058e-08
27.179452896118164
23.31145477294922
26.33333396911621
-1.999999987845058e-08
19.268341064453125
20.673696517944336
16.774105072021484
1.999999987845058e-08
9.569254875183105
15.453276634216309
6.497334003448486
-1.999999987845058e-08
9.547860145568848
15.098895072937012
6.048844814300537
1.999999987845058e-08
19.58658218383789
20.122928619384766
15.129521369934082
-1.999999987845058e-08
28.566553115844727
23.047231674194336
22.658498764038086
1.999999987845058e-08
25.140140533447266
19.12320899963379
19.10596466064453
-1.999999987845058e-08
8.027134895324707
10.580251693725586
4.914151668548584
1.999999987845058e-08
-12.791072845458984
1.4248600006103516
-12.189698219299316
-1.999999987845058e-08
-23.082338333129883
-4.891651630401611
-22.17228889465332
1.999999987845058e-08
-18.15566062927246
-6.630758762359619
-19.28656578063965
-1.999999987845058e-08
-7.203272342681885
-6.031282424926758
-8.149352073669434
1.999999987845058e-08
1.5496368408203125
-4.1691060066223145
2.563594102859497
-1.999999987845058e-08
7.183318614959717
1.6672816276550293
8.144547462463379
1.999999987845058e-08
6.5147857666015625
8.472552299499512
5.535857200622559
-1.999999987845058e-08
-2.011988639831543
7.952877044677734
-4.429654598236084
1.999999987845058e-08
-4.0785393714904785
1.7257002592086792
-9.857861518859863
-1.999999987845058e-08
6.684118747711182
8.804356575012207
-1.8520793914794922
1.999999987845058e-08
15.77729320526123
14.648948669433594
5.340801239013672
-1.999999987845058e-08
19.99863052368164
14.725689888000488
10.481419563293457
1.999999987845058e-08
15.852513313293457
10.15356159210205
11.03805160522461
-1.999999987845058e-08
2.957570791244507
2.0423390865325928
3.533710479736328
1.999999987845058e-08
-9.564866065979004
-5.321521282196045
-6.8736677169799805
-1.999999987845058e-08
-11.572460174560547
-5.395002365112305
-8.888947486877441
1.999999987845058e-08
-4.119168758392334
-0.5189737677574158
0.06280910223722458
-1.999999987845058e-08
1.2706588506698608
-0.5819440484046936
8.449054718017578
1.999999987845058e-08
-4.959263801574707
-7.529773712158203
4.10585355758667
-1.999999987845058e-08
-19.709758758544922
-14.466662406921387
-11.01509952545166
1.999999987845058e-08
-30.740549087524414
-18.707504272460938
-24.765304565429688
-1.999999987845058e-08
-28.60410499572754
-20.401140213012695
-27.736196517944336
1.999999987845058e-08
-14.305740356445312
-15.020049095153809
-18.602827072143555
-1.999999987845058e-08
-0.8956249356269836
-4.478182792663574
-6.245114803314209
1.999999987845058e-08
-2.90963077545166
-2.9499006271362305
-4.5446577072143555
-1.999999987845058e-08
-17.458850860595703
-14.452038764953613
-14.318105697631836
1.999999987845058e-08
-26.053546905517578
-22.781190872192383
-20.295164108276367
-1.999999987845058e-08
-19.287248611450195
-17.282550811767578
-14.191228866577148
1.999999987845058e-08
-8.157434463500977
-8.371551513671875
-5.766479969024658
-1.999999987845058e-08
-7.3443498611450195
-8.41287612915039
-5.0985236167907715
1.999999987845058e-08
-17.009302139282227
-15.985273361206055
-10.073689460754395
-1.999999987845058e-08
-27.15678596496582
-24.199119567871094
-15.367965698242188
1.999999987845058e-08
-30.76761817932129
-28.086992263793945
-18.093669891357422
-1.999999987845058e-08
-26.991477966308594
-24.22738265991211
-15.087165832519531
1.999999987845058e-08
-21.267826080322266
-17.43666648864746
-9.179285049438477
-1.999999987845058e-08
-21.756837844848633
-18.75295639038086
-10.691581726074219
1.999999987845058e-08
-27.847179412841797
-25.908288955688477
-20.81632423400879
-1.999999987845058e-08
-30.24410057067871
-24.543920516967773
-27.330551147460938
1.999999987845058e-08
-30.24410057067871
-24.543922424316406
-27.330551147460938
-1.999999987845058e-08
-23.239458084106445
-13.898398399353027
-23.131319046020508
1.999999987845058e-08
-7.7793965339660645
-6.101337432861328
-12.576367378234863
-1.999999987845058e-08
9.926304817199707
-1.5288522243499756
-0.5647122263908386
1.999999987845058e-08
18.64594268798828
6.633459568023682
8.598888397216797
-1.999999987845058e-08
12.8667631149292
12.550801277160645
9.43480396270752
1.999999987845058e-08
1.3571573495864868
8.818825721740723
4.276771545410156
-1.999999987845058e-08
-5.677958965301514
1.0695750713348389
1.3520227670669556
1.999999987845058e-08
-8.283069610595703
-3.959061622619629
1.583764672279358
-1.999999987845058e-08
-9.432435035705566
-6.740286350250244
0.5938414931297302
1.999999987845058e-08
-18.447860717773438
-15.316446304321289
-11.540666580200195
-1.999999987845058e-08
-28.396747589111328
-24.140066146850586
-21.834218978881836
1.999999987845058e-08
-30.255287170410156
-28.011194229125977
-25.748607635498047
-1.999999987845058e-08
-17.649961471557617
-18.686328887939453
-16.157413482666016
1.999999987845058e-08
1.411446213722229
-2.5746169090270996
0.9697919487953186
-1.999999987845058e-08
15.031028747558594
6.643773078918457
13.029658317565918
1.999999987845058e-08
19.96522331237793
7.794534683227539
16.687719345092773
-1.999999987845058e-08
17.492231369018555
8.187698364257812
16.00655746459961
1.999999987845058e-08
8.09140396118164
6.898819923400879
10.542645454406738
-1.999999987845058e-08
-3.2141098976135254
-0.059700630605220795
-0.6212362051010132
1.999999987845058e-08
-2.2953641414642334
-6.34016227722168
-9.437067031860352
-1.999999987845058e-08
2.3700547218322754
-1.669176459312439
-4.652807712554932
1.999999987845058e-08
-0.6200770735740662
0.039095185697078705
-4.914884090423584
-1.999999987845058e-08
-6.559833526611328
-2.1190550327301025
-8.877885818481445
1.999999987845058e-08
-6.138845920562744
-4.91562557220459
-7.912051200866699
-1.999999987845058e-08
2.8070242404937744
-4.278465270996094
0.8195542097091675
1.999999987845058e-08
13.031463623046875
1.8051812648773193
11.46843147277832
-1.999999987845058e-08
14.658012390136719
7.91664981842041
15.19209098815918
1.999999987845058e-08
6.414653301239014
7.154947280883789
9.080423355102539
-1.999999987845058e-08
-1.6656509637832642
3.1729636192321777
1.6196707487106323
1.999999987845058e-08
-1.2125180959701538
3.9831807613372803
2.7225565910339355
-1.999999987845058e-08
5.188390731811523
8.119275093078613
9.595094680786133
1.999999987845058e-08
9.739960670471191
8.429927825927734
11.843954086303711
-1.999999987845058e-08
6.12646484375
2.8682808876037598
5.9820380210876465
1.999999987845058e-08
-6.366044521331787
-5.529515743255615
-3.1885297298431396
-1.999999987845058e-08
-20.310348510742188
-12.901265144348145
-10.339282035827637
1.999999987845058e-08
-26.493499755859375
-15.597082138061523
-12.693614959716797
-1.999999987845058e-08
-22.245380401611328
-12.333719253540039
-8.629833221435547
1.999999987845058e-08
-10.8582763671875
-6.245357990264893
1.5031979084014893
-1.999999987845058e-08
3.0416557788848877
-0.5390378832817078
13.857726097106934
1.999999987845058e-08
3.0416557788848877
-0.5390379428863525
13.857726097106934
-1.999999987845058e-08
14.138838768005371
4.949227333068848
22.88185691833496
1.999999987845058e-08
16.716293334960938
8.5961275100708
24.265193939208984
-1.999999987845058e-08
10.211380958557129
5.93812370300293
17.71907615661621
1.999999987845058e-08
2.1588423252105713
-1.2084789276123047
8.92834758758545
-1.999999987845058e-08
0.34024786949157715
-4.411085605621338
4.902683734893799
1.999999987845058e-08
3.9919559955596924
-1.4494136571884155
5.7564311027526855
-1.999999987845058e-08
8.042261123657227
1.994046926498413
7.367973804473877
1.999999987845058e-08
11.115602493286133
3.860102415084839
9.358819007873535
-1.999999987845058e-08
12.180042266845703
5.5466508865356445
11.139605522155762
1.999999987845058e-08
12.180042266845703
5.5466508865356445
11.139604568481445
-1.999999987845058e-08
8.190903663635254
4.8863372802734375
8.105240821838379
1.999999987845058e-08
1.1166902780532837
0.8086188435554504
0.24214613437652588
-1.999999987845058e-08
-2.6490650177001953
-2.7750113010406494
-5.319021701812744
1.999999987845058e-08
-2.3005738258361816
-4.505126476287842
-5.155149936676025
-1.999999987845058e-08
-2.7611725330352783
-7.243041515350342
-3.4357681274414062
1.999999987845058e-08
-4.287233829498291
-9.563919067382812
-2.7016761302948
-1.999999987845058e-08
-2.1880738735198975
-7.638846397399902
-1.077967882156372
1.999999987845058e-08
3.795274019241333
-4.710209369659424
1.007060170173645
-1.999999987845058e-08
9.689529418945312
-5.390868663787842
1.7798821926116943
1.999999987845058e-08
12.167869567871094
-6.969081401824951
1.5774866342544556
-1.999999987845058e-08
8.750962257385254
-7.568014144897461
-1.128190279006958
1.999999987845058e-08
0.7143195271492004
-11.226187705993652
-8.26911449432373
-1.999999987845058e-08
-5.839357852935791
-17.43163299560547
-15.420802116394043
1.999999987845058e-08
-6.918142318725586
-18.819597244262695
-15.934224128723145
-1.999999987845058e-08
-4.779463768005371
-13.65134334564209
-10.457486152648926
1.999999987845058e-08
-3.590574264526367
-8.548233985900879
-4.933848857879639
-1.999999987845058e-08
-5.182322978973389
-7.66167688369751
-2.295966148376465
1.999999987845058e-08
-7.680877208709717
-8.639775276184082
-0.8017644286155701
-1.999999987845058e-08
-4.223257541656494
-6.772475242614746
3.695690870285034
1.999999987845058e-08
20.55263900756836
9.925862312316895
19.020593643188477
-1.999999987845058e-08
17.803939819335938
12.456958770751953
14.398995399475098
1.999999987845058e-08
3.3689520359039307
6.487311840057373
1.4937859773635864
-1.999999987845058e-08
-9.471933364868164
-1.5654406547546387
-8.517529487609863
1.999999987845058e-08
-14.474520683288574
-7.110750675201416
-10.694396018981934
-1.999999987845058e-08
-14.66109848022461
-11.025660514831543
-9.902783393859863
1.999999987845058e-08
-14.172038078308105
-13.100584030151367
-10.827461242675781
-1.999999987845058e-08
-16.136646270751953
-12.632887840270996
-14.295524597167969
1.999999987845058e-08
-21.783084869384766
-13.917214393615723
-20.887096405029297
-1.999999987845058e-08
-25.810129165649414
-18.7775936126709
-27.931978225708008
1.999999987845058e-08
-25.810129165649414
-18.77759552001953
-27.931978225708008
-1.999999987845058e-08
-21.58401107788086
-20.106456756591797
-28.55682945251465
1.999999987845058e-08
-11.249935150146484
-13.836517333984375
-20.54598617553711
-1.999999987845058e-08
-0.6480959057807922
-6.701143264770508
-8.903633117675781
1.999999987845058e-08
9.529609680175781
-4.213921070098877
1.6321569681167603
-1.999999987845058e-08
18.7164363861084
-2.899839401245117
9.134804725646973
1.999999987845058e-08
23.08895492553711
0.5884630084037781
12.114401817321777
-1.999999987845058e-08
22.334064483642578
3.5244197845458984
10.620100975036621
1.999999987845058e-08
20.508764266967773
3.226158380508423
7.387609004974365
-1.999999987845058e-08
20.420255661010742
0.9422649145126343
5.80074405670166
1.999999987845058e-08
20.420255661010742
0.9422649145126343
5.80074405670166
-1.999999987845058e-08
22.189289093017578
-1.106895089149475
7.624298572540283
1.999999987845058e-08
24.821077346801758
-0.4500064551830292
12.282486915588379
-1.999999987845058e-08
26.69292449951172
4.863232612609863
17.01078224182129
1.999999987845058e-08
25.76782989501953
10.900559425354004
17.721160888671875
-1.999999987845058e-08
22.293521881103516
10.999759674072266
13.331550598144531
1.999999987845058e-08
19.556982040405273
7.020816326141357
9.013203620910645
-1.999999987845058e-08
18.91466522216797
5.612720966339111
9.664794921875
1.999999987845058e-08
18.525320053100586
6.036951541900635
12.736624717712402
-1.999999987845058e-08
18.041112899780273
5.026173114776611
13.285399436950684
1.999999987845058e-08
24.709890365600586
16.417470932006836
12.924049377441406
-1.999999987845058e-08
24.091304779052734
14.333287239074707
11.463637351989746
1.999999987845058e-08
18.50560188293457
10.338208198547363
7.314257621765137
-1.999999987845058e-08
10.923564910888672
8.846115112304688
3.200460910797119
1.999999987845058e-08
8.526710510253906
9.595766067504883
2.7609968185424805
-1.999999987845058e-08
15.07187271118164
12.999017715454102
8.10999870300293
1.999999987845058e-08
25.914461135864258
18.925085067749023
17.27774429321289
-1.999999987845058e-08
31.604101181030273
22.03957748413086
23.840456008911133
1.999999987845058e-08
25.73263168334961
18.254344940185547
22.17818260192871
-1.999999987845058e-08
11.659581184387207
11.503181457519531
14.053059577941895
1.999999987845058e-08
-0.23503968119621277
6.994175434112549
6.1184186935424805
-1.999999987845058e-08
-2.764174222946167
5.751716613769531
2.8434994220733643
1.999999987845058e-08
3.736299753189087
8.93359375
5.274319171905518
-1.999999987845058e-08
13.288240432739258
16.037429809570312
11.149913787841797
1.999999987845058e-08
18.103952407836914
20.208415985107422
14.928177833557129
-1.999999987845058e-08
15.73616886138916
16.611907958984375
13.975229263305664
1.999999987845058e-08
12.428974151611328
10.118895530700684
13.336579322814941
-1.999999987845058e-08
14.278786659240723
7.014120101928711
17.845094680786133
1.999999987845058e-08
17.272653579711914
6.7527923583984375
22.990816116333008
-1.999999987845058e-08
15.250138282775879
7.0789594650268555
22.637182235717773
1.999999987845058e-08
13.08275318145752
7.73499870300293
18.124813079833984
-1.999999987845058e-08
16.43828582763672
4.114355564117432
17.56635093688965
1.999999987845058e-08
19.040149688720703
0.9518561959266663
16.651763916015625
-1.999999987845058e-08
19.173664093017578
1.049607276916504
15.076491355895996
1.999999987845058e-08
14.918081283569336
0.6572848558425903
11.284032821655273
-1.999999987845058e-08
9.654167175292969
-1.9231172800064087
7.454264163970947
1.999999987845058e-08
9.883374214172363
-2.675344467163086
9.165911674499512
-1.999999987845058e-08
14.91613483428955
-0.007329681422561407
16.27347183227539
1.999999987845058e-08
18.02476692199707
2.859027147293091
21.9173641204834
-1.999999987845058e-08
16.336101531982422
2.363398790359497
21.386674880981445
1.999999987845058e-08
16.336101531982422
2.363398790359497
21.386674880981445
-1.999999987845058e-08
13.718957901000977
-2.569780111312866
16.81490707397461
1.999999987845058e-08
14.427898406982422
-8.380401611328125
12.83359432220459
-1.999999987845058e-08
17.513689041137695
-9.109002113342285
11.438117980957031
1.999999987845058e-08
19.755041122436523
-4.836491584777832
11.936226844787598
-1.999999987845058e-08
20.24271011352539
-2.463392972946167
12.381447792053223
1.999999987845058e-08
18.77521514892578
-4.492713451385498
11.353165626525879
-1.999999987845058e-08
15.00711441040039
-5.810913562774658
10.301985740661621
1.999999987845058e-08
10.249276161193848
-5.814225196838379
9.985787391662598
-1.999999987845058e-08
5.23074197769165
-11.12267017364502
6.110296726226807
1.999999987845058e-08
5.23074197769165
-11.12267017364502
6.110296726226807
-1.999999987845058e-08
0.05797632411122322
-20.204877853393555
-2.491072654724121
1.999999987845058e-08
-2.3966774940490723
-21.467763900756836
-7.752722263336182
-1.999999987845058e-08
-0.18751458823680878
-12.839249610900879
-4.903176307678223
1.999999987845058e-08
3.768540859222412
-5.5689802169799805
-0.184571772813797
-1.999999987845058e-08
6.564959526062012
-5.447159290313721
0.8134782910346985
1.999999987845058e-08
