0
-18.390932083129883
0.8402776718139648
-6.945743560791016
8.810022222860425e-08
-14.83332347869873
6.147769927978516
-5.045314311981201
4.0944307500012656e-08
-13.150110244750977
12.630027770996094
-2.01849102973938
7.466515228315984e-08
-14.60058307647705
12.48247241973877
-3.8959574699401855
3.494466938036567e-08
-17.318689346313477
6.621275901794434
-9.559261322021484
6.90059209773608e-08
-19.188156127929688
-0.3575792610645294
-13.975626945495605
2.032103907367855e-08
-17.60157585144043
-3.3066251277923584
-13.423600196838379
4.1181607457474456e-08
-12.125658988952637
0.45215868949890137
-8.701373100280762
-3.506894685756379e-08
-9.279991149902344
1.4863206148147583
-8.713666915893555
-3.163403761163863e-08
-20.334102630615234
-27.0528621673584
-34.619346618652344
3.932937886474974e-08
-19.41363525390625
-28.338159561157227
-35.75261688232422
8.810022222860425e-08
-15.114825248718262
-18.061819076538086
-26.369855880737305
4.0944307500012656e-08
-15.517919540405273
-14.155874252319336
-22.083328247070312
7.466515228315984e-08
-18.785945892333984
-20.223215103149414
-27.355037689208984
3.494466938036567e-08
-17.255104064941406
-24.071353912353516
-31.06482696533203
6.90059209773608e-08
-11.019429206848145
-21.065542221069336
-26.96513557434082
2.032103907367855e-08
-6.246400833129883
-18.51007080078125
-21.874204635620117
4.1181607457474456e-08
-2.6480159759521484
-15.788256645202637
-18.05997085571289
-3.506894685756379e-08
2.755039930343628
-6.780365943908691
-10.525067329406738
-3.163403761163863e-08
5.712878227233887
0.09747560322284698
-4.333707332611084
3.932937886474974e-08
3.219666004180908
-7.478015422821045
-9.879484176635742
8.810022222860425e-08
0.19173209369182587
-26.39337730407715
-25.77381706237793
4.0944307500012656e-08
2.874112606048584
-41.39104461669922
-37.259765625
7.466515228315984e-08
12.032984733581543
-40.45335006713867
-32.63435745239258
3.494466938036567e-08
20.27417755126953
-31.56707000732422
-22.65057373046875
6.90059209773608e-08
22.259632110595703
-29.461793899536133
-22.674057006835938
2.032103907367855e-08
22.75293731689453
-29.457630157470703
-24.29252815246582
4.1181607457474456e-08
23.889299392700195
-23.8945369720459
-17.361726760864258
-3.506894685756379e-08
21.456584930419922
-20.625202178955078
-11.660923957824707
-3.163403761163863e-08
19.23705291748047
-18.476259231567383
-10.985176086425781
3.932937886474974e-08
23.172849655151367
-8.956093788146973
-3.9178452491760254
8.810022222860425e-08
24.366252899169922
-2.3930063247680664
1.5827562808990479
4.0944307500012656e-08
21.96241569519043
-2.7939746379852295
1.2520651817321777
7.466515228315984e-08
17.267175674438477
-7.254496097564697
-3.911031484603882
3.494466938036567e-08
12.569801330566406
-13.725144386291504
-11.593008041381836
6.90059209773608e-08
12.01179027557373
-21.481048583984375
-18.07847785949707
2.032103907367855e-08
16.4837703704834
-26.49826431274414
-19.34392738342285
4.1181607457474456e-08
21.2570858001709
-24.308595657348633
-14.900708198547363
-3.506894685756379e-08
21.292343139648438
-19.325912475585938
-10.019633293151855
-3.163403761163863e-08
16.483768463134766
-26.49826431274414
-19.34392738342285
3.932937886474974e-08
21.2570858001709
-24.308595657348633
-14.900708198547363
8.810022222860425e-08
21.292343139648438
-19.325912475585938
-10.019633293151855
4.0944307500012656e-08
16.72958755493164
-20.15924644470215
-9.733073234558105
7.466515228315984e-08
13.920269966125488
-21.7891902923584
-8.790592193603516
3.494466938036567e-08
16.932903289794922
-13.186193466186523
-0.4071831703186035
6.90059209773608e-08
20.03133201599121
-1.0422612428665161
8.158207893371582
2.032103907367855e-08
18.42777442932129
3.339693069458008
9.837430000305176
4.1181607457474456e-08
17.484947204589844
5.58458137512207
12.235494613647461
-3.506894685756379e-08
20.11630630493164
10.367205619812012
17.68874740600586
-3.163403761163863e-08
20.453149795532227
9.940322875976562
15.411972045898438
3.932937886474974e-08
18.354137420654297
5.577426433563232
5.981569290161133
8.810022222860425e-08
21.556598663330078
8.509350776672363
4.3981099128723145
4.0944307500012656e-08
29.225753784179688
16.916156768798828
13.395071029663086
7.466515228315984e-08
32.56861877441406
19.993736267089844
20.115604400634766
3.494466938036567e-08
31.488279342651367
18.52704620361328
19.811941146850586
6.90059209773608e-08
31.506744384765625
17.932418823242188
18.818262100219727
2.032103907367855e-08
30.70499610900879
15.50686264038086
18.617298126220703
4.1181607457474456e-08
25.797603607177734
9.506156921386719
15.389440536499023
-3.506894685756379e-08
21.99081039428711
7.962509632110596
12.140119552612305
-3.163403761163863e-08
24.906648635864258
42.982479095458984
38.54768753051758
3.932937886474974e-08
13.80956745147705
24.277956008911133
19.47796630859375
8.810022222860425e-08
5.642926216125488
4.920254230499268
3.3867688179016113
4.0944307500012656e-08
8.247371673583984
-2.018198251724243
-0.6320727467536926
7.466515228315984e-08
14.106782913208008
1.4995046854019165
2.383120059967041
3.494466938036567e-08
12.498298645019531
4.378912925720215
2.965359926223755
6.90059209773608e-08
6.936228275299072
4.656800746917725
2.5588972568511963
2.032103907367855e-08
4.758030891418457
7.120665550231934
5.81915807723999
4.1181607457474456e-08
4.707961082458496
11.98812198638916
9.92901611328125
-3.506894685756379e-08
3.631803274154663
16.524295806884766
11.330179214477539
-3.163403761163863e-08
4.758030891418457
7.120665550231934
5.81915807723999
3.932937886474974e-08
4.707961082458496
11.98812198638916
9.92901611328125
8.810022222860425e-08
3.631803035736084
16.524295806884766
11.330179214477539
4.0944307500012656e-08
0.8342872262001038
18.245187759399414
10.500553131103516
7.466515228315984e-08
-3.087439775466919
16.145414352416992
9.120845794677734
3.494466938036567e-08
-6.110860347747803
12.594809532165527
7.976324558258057
6.90059209773608e-08
-7.6436357498168945
8.925326347351074
5.622088432312012
2.032103907367855e-08
-8.698019981384277
4.773378849029541
1.9203954935073853
4.1181607457474456e-08
-10.73433780670166
0.3213621973991394
-1.8099334239959717
-3.506894685756379e-08
-15.071409225463867
-4.945736885070801
-6.916406631469727
-3.163403761163863e-08
-17.40717124938965
-2.311091899871826
-3.848310947418213
3.932937886474974e-08
-13.957510948181152
9.4614839553833
6.769233703613281
8.810022222860425e-08
-12.8845796585083
17.903470993041992
12.466164588928223
4.0944307500012656e-08
-16.053565979003906
15.94176959991455
8.810318946838379
7.466515228315984e-08
-21.415719985961914
5.933389186859131
-0.40879344940185547
3.494466938036567e-08
-23.16248321533203
0.06359465420246124
-3.6609292030334473
6.90059209773608e-08
-19.163639068603516
6.02035665512085
4.500641345977783
2.032103907367855e-08
-14.454951286315918
14.817734718322754
13.062581062316895
4.1181607457474456e-08
-12.382766723632812
14.937357902526855
11.431187629699707
-3.506894685756379e-08
-9.875054359436035
10.683141708374023
6.481503009796143
-3.163403761163863e-08
-14.454951286315918
14.817733764648438
13.062581062316895
3.932937886474974e-08
-12.382766723632812
14.937357902526855
11.431187629699707
8.810022222860425e-08
-9.875054359436035
10.683141708374023
6.481503009796143
4.0944307500012656e-08
-5.628513813018799
10.780025482177734
7.506073951721191
7.466515228315984e-08
-3.848809003829956
11.68730354309082
9.789315223693848
3.494466938036567e-08
-6.09715461730957
7.683870315551758
7.061156272888184
6.90059209773608e-08
-7.430161952972412
4.554498195648193
4.6705732345581055
2.032103907367855e-08
-6.038280963897705
6.657294750213623
5.628371238708496
4.1181607457474456e-08
-6.116669654846191
6.259436130523682
2.790062665939331
-3.506894685756379e-08
-7.364553451538086
1.120036244392395
-2.9420785903930664
-3.163403761163863e-08
-4.519548416137695
-9.012956619262695
-10.053583145141602
3.932937886474974e-08
-3.1230688095092773
-19.633455276489258
-18.2556095123291
8.810022222860425e-08
2.9480438232421875
-22.73841667175293
-19.233694076538086
4.0944307500012656e-08
8.600197792053223
-16.95920753479004
-13.759902954101562
7.466515228315984e-08
7.152432441711426
-14.389313697814941
-11.338752746582031
3.494466938036567e-08
3.8955743312835693
-13.957091331481934
-10.247649192810059
6.90059209773608e-08
5.635941982269287
-3.8473970890045166
-1.6777621507644653
2.032103907367855e-08
4.975869655609131
6.548408508300781
5.759267807006836
4.1181607457474456e-08
-3.7298460006713867
2.785346746444702
0.5020018815994263
-3.506894685756379e-08
-12.038436889648438
-4.343827724456787
-7.596531867980957
-3.163403761163863e-08
-12.038436889648438
-4.343827724456787
-7.596531867980957
3.932937886474974e-08
-15.917638778686523
-5.089460849761963
-9.251776695251465
8.810022222860425e-08
-19.646780014038086
-8.074695587158203
-11.162409782409668
4.0944307500012656e-08
-19.12853240966797
-7.822466850280762
-10.297459602355957
7.466515228315984e-08
-11.623235702514648
7.859686374664307
2.0187087059020996
3.494466938036567e-08
-8.933636665344238
21.68034553527832
12.58077335357666
6.90059209773608e-08
-15.510904312133789
16.77031898498535
8.78718090057373
2.032103907367855e-08
-18.66353416442871
10.46147346496582
3.548741102218628
4.1181607457474456e-08
-14.411160469055176
15.843328475952148
5.96689510345459
-3.506894685756379e-08
-13.447931289672852
18.458240509033203
5.695699691772461
-3.163403761163863e-08
-13.447931289672852
18.458240509033203
5.695699691772461
3.932937886474974e-08
-18.305856704711914
12.656828880310059
0.6443250179290771
8.810022222860425e-08
-20.99297332763672
10.741796493530273
0.4417627453804016
4.0944307500012656e-08
-20.14811897277832
13.139321327209473
3.113725423812866
7.466515228315984e-08
-21.94468116760254
6.798826217651367
-2.0350773334503174
3.494466938036567e-08
-26.22398567199707
-8.517605781555176
-13.27987289428711
6.90059209773608e-08
-24.973440170288086
-15.973299980163574
-16.736398696899414
2.032103907367855e-08
-16.618865966796875
-7.975556373596191
-8.47120189666748
4.1181607457474456e-08
-9.335371971130371
2.4500796794891357
0.05817882716655731
-3.506894685756379e-08
-6.994138717651367
5.096429824829102
2.663776159286499
-3.163403761163863e-08
-4.957271575927734
5.7391438484191895
5.734752178192139
3.932937886474974e-08
-0.38599053025245667
13.422294616699219
14.663254737854004
8.810022222860425e-08
2.3631346225738525
25.69743537902832
24.319067001342773
4.0944307500012656e-08
-1.2532382011413574
29.196170806884766
24.720081329345703
7.466515228315984e-08
-8.614432334899902
16.786895751953125
14.248604774475098
3.494466938036567e-08
-13.941433906555176
-2.843810558319092
0.3692563772201538
6.90059209773608e-08
-14.821866989135742
-16.459495544433594
-9.605705261230469
2.032103907367855e-08
-12.085546493530273
-19.358461380004883
-12.488785743713379
4.1181607457474456e-08
-7.9707770347595215
-16.513174057006836
-10.59776782989502
-3.506894685756379e-08
-3.1406948566436768
-9.696232795715332
-5.3369526863098145
-3.163403761163863e-08
-3.1406948566436768
-9.696232795715332
-5.3369526863098145
3.932937886474974e-08
1.8750756978988647
3.6110849380493164
5.089943885803223
8.810022222860425e-08
2.755458116531372
13.01580810546875
13.316878318786621
4.0944307500012656e-08
-1.7911616563796997
6.306204319000244
9.493117332458496
7.466515228315984e-08
-6.558928966522217
-7.299225807189941
-1.0623406171798706
3.494466938036567e-08
-8.91817569732666
-14.538799285888672
-8.87065601348877
6.90059209773608e-08
-9.111814498901367
-17.58112907409668
-13.640247344970703
2.032103907367855e-08
-4.747519493103027
-17.826351165771484
-14.284749031066895
4.1181607457474456e-08
2.236591339111328
-11.727309226989746
-8.448092460632324
-3.506894685756379e-08
3.416473388671875
-5.967851638793945
-2.5194971561431885
-3.163403761163863e-08
-8.581628799438477
-4.67736291885376
1.0514049530029297
3.932937886474974e-08
-12.028684616088867
-8.025422096252441
-2.875622272491455
8.810022222860425e-08
-14.82066535949707
-13.253715515136719
-6.028604030609131
4.0944307500012656e-08
-12.459397315979004
-5.775444984436035
0.9004216194152832
7.466515228315984e-08
-9.06896686553955
9.591989517211914
11.594867706298828
3.494466938036567e-08
-8.470586776733398
17.961681365966797
16.815183639526367
6.90059209773608e-08
-8.680708885192871
18.585906982421875
17.266050338745117
2.032103907367855e-08
-9.002273559570312
17.382219314575195
14.89637565612793
4.1181607457474456e-08
-9.90584945678711
14.73336410522461
10.86713695526123
-3.506894685756379e-08
-10.973480224609375
8.857919692993164
7.145549774169922
-3.163403761163863e-08
-9.90584945678711
14.73336410522461
10.86713695526123
3.932937886474974e-08
-10.973480224609375
8.857919692993164
7.145549774169922
8.810022222860425e-08
-13.905627250671387
-2.7786009311676025
-0.4314011037349701
4.0944307500012656e-08
-17.95028305053711
-18.145309448242188
-13.602723121643066
7.466515228315984e-08
-17.02313995361328
-24.78841209411621
-19.876628875732422
3.494466938036567e-08
-9.529094696044922
-15.036556243896484
-10.251425743103027
6.90059209773608e-08
-3.0025625228881836
-2.1261303424835205
2.045238494873047
2.032103907367855e-08
-2.8016319274902344
-0.7243371605873108
2.163905620574951
4.1181607457474456e-08
-4.250051021575928
-1.3369039297103882
-0.8384232521057129
-3.506894685756379e-08
-3.5377979278564453
6.046053886413574
3.8479952812194824
-3.163403761163863e-08
-1.8129351139068604
-4.8676629066467285
-4.5779008865356445
3.932937886474974e-08
-2.2416718006134033
-6.982814788818359
-3.030081033706665
8.810022222860425e-08
1.2664515972137451
-2.5861966609954834
3.7259504795074463
4.0944307500012656e-08
3.1686275005340576
3.528022050857544
9.526057243347168
7.466515228315984e-08
-0.9130544662475586
0.3252175450325012
5.605184555053711
3.494466938036567e-08
-7.317742824554443
-10.791228294372559
-5.190078258514404
6.90059209773608e-08
-10.725648880004883
-22.05276870727539
-14.77452278137207
2.032103907367855e-08
-9.978055953979492
-28.276853561401367
-18.236268997192383
4.1181607457474456e-08
-7.180318355560303
-26.563940048217773
-14.7481107711792
-3.506894685756379e-08
-4.991870880126953
-20.851530075073242
-8.873876571655273
-3.163403761163863e-08
-10.725648880004883
-22.05276870727539
-14.77452278137207
3.932937886474974e-08
-9.978055953979492
-28.276853561401367
-18.236268997192383
8.810022222860425e-08
-7.180318355560303
-26.563940048217773
-14.7481107711792
4.0944307500012656e-08
-4.991870880126953
-20.851530075073242
-8.873876571655273
7.466515228315984e-08
-3.307598829269409
-18.32878303527832
-5.022619724273682
3.494466938036567e-08
-0.39430564641952515
-17.305490493774414
-1.5246829986572266
6.90059209773608e-08
2.8089585304260254
-10.947831153869629
4.050000190734863
2.032103907367855e-08
4.469881057739258
-0.9355040788650513
10.435465812683105
4.1181607457474456e-08
4.715994358062744
2.9331367015838623
13.81985092163086
-3.506894685756379e-08
4.000341892242432
-1.7173042297363281
11.51848316192627
-3.163403761163863e-08
-3.7141098976135254
-7.631740570068359
0.3042392134666443
3.932937886474974e-08
3.6634531021118164
-4.026841163635254
2.404526948928833
8.810022222860425e-08
10.225726127624512
2.746896743774414
8.67793083190918
4.0944307500012656e-08
12.254435539245605
6.421237945556641
15.157458305358887
7.466515228315984e-08
10.114686965942383
6.195005416870117
15.96320629119873
3.494466938036567e-08
4.431208610534668
-0.5765640139579773
7.1854023933410645
6.90059209773608e-08
-2.6367430686950684
-12.801407814025879
-5.597331523895264
2.032103907367855e-08
-6.450868129730225
-20.933837890625
-12.230141639709473
4.1181607457474456e-08
-3.698213577270508
-19.38797378540039
-9.933680534362793
-3.506894685756379e-08
4.901841640472412
-10.960185050964355
-1.2114156484603882
-3.163403761163863e-08
-2.6367430686950684
-12.801407814025879
-5.597331523895264
3.932937886474974e-08
-6.450868129730225
-20.933837890625
-12.230141639709473
8.810022222860425e-08
-3.698213577270508
-19.38797378540039
-9.933680534362793
4.0944307500012656e-08
4.901841640472412
-10.960185050964355
-1.2114156484603882
7.466515228315984e-08
12.825922012329102
-0.8210451602935791
10.343262672424316
3.494466938036567e-08
12.446067810058594
4.221943378448486
16.524005889892578
6.90059209773608e-08
4.4957356452941895
-2.4529967308044434
9.269723892211914
2.032103907367855e-08
-1.6619727611541748
-15.44106388092041
-4.945477485656738
4.1181607457474456e-08
2.343916177749634
-15.54167652130127
-6.6391825675964355
-3.506894685756379e-08
12.403281211853027
0.9319804906845093
6.542705535888672
-3.163403761163863e-08
8.761421203613281
-20.107677459716797
-24.23654556274414
3.932937886474974e-08
10.197704315185547
-13.571816444396973
-18.678442001342773
8.810022222860425e-08
14.84961223602295
-1.1277822256088257
-5.465052604675293
4.0944307500012656e-08
18.113115310668945
14.1456880569458
9.808895111083984
7.466515228315984e-08
10.903078079223633
13.940196990966797
8.812631607055664
3.494466938036567e-08
0.7893770933151245
2.906301498413086
-1.9719164371490479
6.90059209773608e-08
-1.7016358375549316
-2.732052803039551
-6.203740119934082
2.032103907367855e-08
2.2385478019714355
-0.34773603081703186
-3.7116787433624268
4.1181607457474456e-08
8.069559097290039
6.751721382141113
0.7434567809104919
-3.506894685756379e-08
11.84455680847168
13.787152290344238
5.865201950073242
-3.163403761163863e-08
-1.7016358375549316
-2.732052803039551
-6.203740119934082
3.932937886474974e-08
2.2385478019714355
-0.34773603081703186
-3.7116787433624268
8.810022222860425e-08
8.069559097290039
6.751721382141113
0.7434567809104919
4.0944307500012656e-08
11.84455680847168
13.787152290344238
5.865201950073242
7.466515228315984e-08
9.91295051574707
13.826691627502441
8.670302391052246
3.494466938036567e-08
4.54347038269043
8.516761779785156
7.498542308807373
6.90059209773608e-08
2.317997694015503
7.507047653198242
6.0587568283081055
2.032103907367855e-08
4.908699035644531
12.31803035736084
7.776029586791992
4.1181607457474456e-08
7.4165191650390625
14.463235855102539
9.25511646270752
-3.506894685756379e-08
6.143794536590576
9.35917854309082
5.025728225708008
-3.163403761163863e-08
2.242558717727661
-4.332820415496826
3.039071798324585
3.932937886474974e-08
4.917900085449219
7.8635454177856445
11.204872131347656
8.810022222860425e-08
4.716237545013428
16.59637451171875
14.488672256469727
4.0944307500012656e-08
-0.6100761294364929
11.170936584472656
7.98467493057251
7.466515228315984e-08
-6.550463676452637
-5.158313751220703
-6.460026741027832
3.494466938036567e-08
-7.655158519744873
-18.60002899169922
-19.231544494628906
6.90059209773608e-08
-3.213078022003174
-17.38413429260254
-19.277524948120117
2.032103907367855e-08
3.2955949306488037
-3.513404130935669
-6.775655746459961
4.1181607457474456e-08
6.791149616241455
8.64903450012207
4.684307098388672
-3.506894685756379e-08
4.875004291534424
10.850020408630371
6.186845302581787
-3.163403761163863e-08
4.875004291534424
10.850020408630371
6.186845302581787
3.932937886474974e-08
0.902703046798706
9.3912353515625
3.389286994934082
8.810022222860425e-08
1.0929527282714844
11.602985382080078
3.939730167388916
4.0944307500012656e-08
7.093214511871338
18.761920928955078
9.585317611694336
7.466515228315984e-08
12.165334701538086
27.770620346069336
16.855958938598633
3.494466938036567e-08
11.798331260681152
35.19141387939453
21.670822143554688
6.90059209773608e-08
8.791282653808594
38.218082427978516
22.54746437072754
2.032103907367855e-08
2.6684958934783936
29.611160278320312
14.416074752807617
4.1181607457474456e-08
-6.192168712615967
9.518856048583984
-3.4089012145996094
-3.506894685756379e-08
-8.762742042541504
-3.2111611366271973
-14.794198036193848
-3.163403761163863e-08
-8.762742042541504
-3.2111611366271973
-14.794198036193848
3.932937886474974e-08
-3.5974106788635254
1.1063108444213867
-9.706978797912598
8.810022222860425e-08
-0.8741700649261475
7.6607208251953125
-1.7194526195526123
4.0944307500012656e-08
-1.800130844116211
7.919731140136719
-1.2820883989334106
7.466515228315984e-08
0.44726788997650146
8.921777725219727
-2.1168572902679443
3.494466938036567e-08
3.468902826309204
9.515714645385742
-1.8009284734725952
6.90059209773608e-08
2.3392786979675293
5.08138370513916
-3.9847006797790527
2.032103907367855e-08
0.6315819621086121
2.552624225616455
-5.370096683502197
4.1181607457474456e-08
2.2393643856048584
8.455214500427246
-0.13537342846393585
-3.506894685756379e-08
5.800574779510498
20.011526107788086
10.795039176940918
-3.163403761163863e-08
5.800574779510498
20.011526107788086
10.795039176940918
3.932937886474974e-08
8.103311538696289
30.624237060546875
19.411346435546875
8.810022222860425e-08
6.722071647644043
33.390464782714844
18.296180725097656
4.0944307500012656e-08
3.780644416809082
27.521907806396484
11.071486473083496
7.466515228315984e-08
3.7763428688049316
21.95041847229004
8.166786193847656
3.494466938036567e-08
6.558811664581299
24.483383178710938
12.67449951171875
6.90059209773608e-08
8.466156959533691
30.51337432861328
18.361120223999023
2.032103907367855e-08
7.625556468963623
29.359329223632812
18.73145294189453
4.1181607457474456e-08
5.482879638671875
21.336280822753906
14.59153938293457
-3.506894685756379e-08
3.712665319442749
15.016422271728516
10.13800048828125
-3.163403761163863e-08
2.5707523822784424
12.811744689941406
7.223670959472656
3.932937886474974e-08
1.8268510103225708
10.899407386779785
5.725489139556885
8.810022222860425e-08
-0.03852114826440811
4.121737480163574
1.2172528505325317
4.0944307500012656e-08
-2.762253522872925
-6.754958629608154
-7.983555793762207
7.466515228315984e-08
-2.1966123580932617
-10.179435729980469
-11.637551307678223
3.494466938036567e-08
3.285698413848877
1.689743161201477
-1.5178427696228027
6.90059209773608e-08
9.104695320129395
20.56390380859375
14.610438346862793
2.032103907367855e-08
7.360729694366455
28.235015869140625
19.711759567260742
4.1181607457474456e-08
-3.0155117511749268
18.144819259643555
8.638836860656738
-3.506894685756379e-08
-12.215786933898926
4.559001922607422
-3.9394314289093018
-3.163403761163863e-08
-14.217131614685059
-1.7657984495162964
-7.884961128234863
3.932937886474974e-08
-12.440394401550293
-4.370899200439453
-8.150425910949707
8.810022222860425e-08
-9.166882514953613
-3.563995361328125
-6.612191677093506
4.0944307500012656e-08
-5.993203639984131
0.20644226670265198
-3.5976104736328125
7.466515228315984e-08
-6.66996431350708
-1.8545173406600952
-6.450840950012207
3.494466938036567e-08
-9.005187034606934
-8.696375846862793
-14.06797981262207
6.90059209773608e-08
-6.738345623016357
-6.850988388061523
-14.008437156677246
2.032103907367855e-08
-2.4947493076324463
2.6684772968292236
-6.298138618469238
4.1181607457474456e-08
-4.340141773223877
2.6181869506835938
-5.556832313537598
-3.506894685756379e-08
-10.732094764709473
-10.320244789123535
-15.25838565826416
-3.163403761163863e-08
-3.791271924972534
-11.987276077270508
-16.603321075439453
3.932937886474974e-08
3.0000574588775635
-0.4886333644390106
-8.109716415405273
8.810022222860425e-08
11.240708351135254
14.257964134216309
3.1247150897979736
4.0944307500012656e-08
14.522700309753418
22.05643653869629
9.289401054382324
7.466515228315984e-08
8.238869667053223
14.553786277770996
2.783108949661255
3.494466938036567e-08
0.931248664855957
4.253197193145752
-6.475407123565674
6.90059209773608e-08
3.9320716857910156
9.667830467224121
-0.8588200211524963
2.032103907367855e-08
11.626970291137695
21.700416564941406
13.010627746582031
4.1181607457474456e-08
10.978554725646973
17.31737518310547
12.340357780456543
-3.506894685756379e-08
5.129337787628174
1.5786206722259521
-0.8537741303443909
-3.163403761163863e-08
5.129337787628174
1.5786206722259521
-0.8537741899490356
3.932937886474974e-08
3.063715696334839
-7.112895488739014
-8.68815803527832
8.810022222860425e-08
2.109934091567993
-10.370453834533691
-11.351330757141113
4.0944307500012656e-08
-0.9363665580749512
-15.058721542358398
-16.24502182006836
7.466515228315984e-08
-3.1627557277679443
-19.648115158081055
-21.544189453125
3.494466938036567e-08
-4.136835098266602
-24.44890594482422
-25.113636016845703
6.90059209773608e-08
-4.1102375984191895
-25.93549919128418
-24.248193740844727
2.032103907367855e-08
-1.3121705055236816
-15.574225425720215
-14.060806274414062
4.1181607457474456e-08
0.6782069206237793
-2.2363498210906982
-2.4366636276245117
-3.506894685756379e-08
-3.618989944458008
-6.093445301055908
-4.865130424499512
-3.163403761163863e-08
-7.704373836517334
-20.735687255859375
-15.109854698181152
3.932937886474974e-08
-1.283707618713379
-20.942493438720703
-12.410942077636719
8.810022222860425e-08
8.913069725036621
-7.9844489097595215
1.2086515426635742
4.0944307500012656e-08
9.57822036743164
-2.3813059329986572
7.319424629211426
7.466515228315984e-08
3.4453372955322266
-6.054632663726807
3.5123109817504883
3.494466938036567e-08
0.24044866859912872
-9.713894844055176
-1.9109200239181519
6.90059209773608e-08
0.17082451283931732
-13.61327075958252
-7.421899318695068
2.032103907367855e-08
0.47722819447517395
-16.800434112548828
-11.076922416687012
4.1181607457474456e-08
2.170527696609497
-14.510208129882812
-9.025826454162598
-3.506894685756379e-08
4.770802974700928
-11.81621265411377
-5.693799018859863
-3.163403761163863e-08
7.282073020935059
-12.00132942199707
-4.12969446182251
3.932937886474974e-08
12.096097946166992
-4.087615966796875
3.000703811645508
8.810022222860425e-08
17.263866424560547
12.468935012817383
14.925634384155273
4.0944307500012656e-08
15.077143669128418
19.715654373168945
17.95173454284668
7.466515228315984e-08
6.552278995513916
13.445460319519043
9.899049758911133
3.494466938036567e-08
2.589272975921631
9.066819190979004
3.7264034748077393
6.90059209773608e-08
6.276965618133545
9.952227592468262
2.9882419109344482
2.032103907367855e-08
11.624844551086426
7.611545085906982
1.021674394607544
4.1181607457474456e-08
16.5765380859375
7.303586006164551
1.1669811010360718
-3.506894685756379e-08
19.320343017578125
15.903998374938965
8.138896942138672
-3.163403761163863e-08
19.320343017578125
15.903998374938965
8.138895988464355
3.932937886474974e-08
13.279657363891602
20.664796829223633
10.757407188415527
8.810022222860425e-08
0.7616732120513916
11.521007537841797
1.3901492357254028
4.0944307500012656e-08
-5.449606895446777
0.49693354964256287
-7.248529434204102
7.466515228315984e-08
-1.0581111907958984
0.21420098841190338
-4.076598644256592
3.494466938036567e-08
6.475095748901367
9.482170104980469
6.3350114822387695
6.90059209773608e-08
10.277467727661133
21.514638900756836
15.923952102661133
2.032103907367855e-08
7.198600769042969
25.155908584594727
17.089027404785156
4.1181607457474456e-08
-0.6363866329193115
14.669184684753418
7.06868839263916
-3.506894685756379e-08
-4.37808895111084
5.234312534332275
-1.7909795045852661
-3.163403761163863e-08
-0.9391475915908813
10.027071952819824
1.4635558128356934
3.932937886474974e-08
1.8214296102523804
17.459686279296875
8.78480052947998
8.810022222860425e-08
0.12430001050233841
15.627079963684082
9.99807357788086
4.0944307500012656e-08
-1.8302860260009766
8.712628364562988
5.051290988922119
7.466515228315984e-08
-2.99381160736084
-0.384493887424469
-4.668307781219482
3.494466938036567e-08
-3.6901350021362305
-10.100913047790527
-13.544416427612305
6.90059209773608e-08
-1.7153149843215942
-12.306549072265625
-12.016785621643066
2.032103907367855e-08
0.6127449870109558
-6.977206230163574
-3.519357204437256
4.1181607457474456e-08
-0.39206773042678833
-3.1019880771636963
1.30331289768219
-3.506894685756379e-08
-1.453858494758606
1.1786104440689087
5.452208995819092
-3.163403761163863e-08
-6.087097644805908
14.532188415527344
16.826297760009766
3.932937886474974e-08
-14.538880348205566
-1.933409333229065
1.4126120805740356
8.810022222860425e-08
-16.556087493896484
-12.185737609863281
-8.43904972076416
4.0944307500012656e-08
-11.161206245422363
-11.078614234924316
-6.834342002868652
7.466515228315984e-08
-5.420137882232666
-8.349891662597656
-1.5154128074645996
3.494466938036567e-08
-2.8720805644989014
-6.317262172698975
3.142148494720459
6.90059209773608e-08
-2.52213191986084
-1.5219072103500366
8.055131912231445
2.032103907367855e-08
-4.358242511749268
-0.471504807472229
9.287796020507812
4.1181607457474456e-08
-7.696190357208252
-8.5479736328125
3.6430413722991943
-3.506894685756379e-08
-10.077291488647461
-18.427066802978516
-4.820247650146484
-3.163403761163863e-08
-10.077291488647461
-18.427066802978516
-4.820247650146484
3.932937886474974e-08
-9.695427894592285
-22.16053009033203
-10.440789222717285
8.810022222860425e-08
-6.650481700897217
-19.680133819580078
-9.995144844055176
4.0944307500012656e-08
-3.3850488662719727
-13.42596435546875
-3.8846964836120605
7.466515228315984e-08
-2.420652151107788
-6.12139892578125
3.0502188205718994
3.494466938036567e-08
-3.626579999923706
-1.394597053527832
6.133272647857666
6.90059209773608e-08
-6.324885845184326
-2.395029306411743
4.246819019317627
2.032103907367855e-08
-9.256754875183105
-9.089570999145508
-0.9491918087005615
4.1181607457474456e-08
-8.256330490112305
-14.743762016296387
-4.278116703033447
-3.506894685756379e-08
-1.7715835571289062
-10.643138885498047
-1.3211779594421387
-3.163403761163863e-08
5.707582950592041
1.6561932563781738
5.183988571166992
3.932937886474974e-08
10.182589530944824
12.27252197265625
10.20612621307373
8.810022222860425e-08
10.096217155456543
14.615015029907227
11.20954418182373
4.0944307500012656e-08
5.991559028625488
11.953356742858887
8.708209037780762
7.466515228315984e-08
2.0709598064422607
12.272858619689941
6.772908687591553
3.494466938036567e-08
1.6998648643493652
15.758041381835938
7.671238422393799
6.90059209773608e-08
4.112498760223389
17.943748474121094
10.67061996459961
2.032103907367855e-08
7.085627555847168
20.316524505615234
14.856661796569824
4.1181607457474456e-08
7.4495954513549805
21.0246524810791
14.718082427978516
-3.506894685756379e-08
3.8830511569976807
13.458843231201172
6.623954772949219
-3.163403761163863e-08
0.7056065797805786
3.5215625762939453
-0.5373811721801758
3.932937886474974e-08
1.8861886262893677
3.9209883213043213
2.162287950515747
8.810022222860425e-08
5.329777240753174
14.037964820861816
11.25351619720459
4.0944307500012656e-08
7.8827104568481445
24.09381866455078
19.478946685791016
7.466515228315984e-08
9.912958145141602
30.671995162963867
24.427753448486328
3.494466938036567e-08
11.96520709991455
34.428958892822266
25.460491180419922
6.90059209773608e-08
12.033562660217285
32.26279067993164
21.02901840209961
2.032103907367855e-08
8.796936988830566
22.983884811401367
11.773650169372559
4.1181607457474456e-08
5.180562973022461
13.48347282409668
2.356419801712036
-3.506894685756379e-08
5.175041675567627
10.122712135314941
-2.294501781463623
-3.163403761163863e-08
5.175041198730469
10.122712135314941
-2.294501781463623
3.932937886474974e-08
8.532554626464844
11.433449745178223
-1.1554226875305176
8.810022222860425e-08
12.877577781677246
15.302520751953125
4.297544479370117
4.0944307500012656e-08
17.071557998657227
22.11201286315918
11.3945951461792
7.466515228315984e-08
18.63040542602539
24.19178581237793
13.086775779724121
3.494466938036567e-08
15.155035018920898
10.764334678649902
3.0256168842315674
6.90059209773608e-08
9.960814476013184
-10.183122634887695
-11.924582481384277
2.032103907367855e-08
8.973010063171387
-16.677946090698242
-16.238428115844727
4.1181607457474456e-08
10.898632049560547
-7.1897664070129395
-8.64400863647461
-3.506894685756379e-08
8.768329620361328
-3.552155017852783
-4.755062103271484
-3.163403761163863e-08
-0.4232980012893677
-19.79013442993164
-14.630112648010254
3.932937886474974e-08
-0.3593842685222626
-16.427616119384766
-12.998476028442383
8.810022222860425e-08
-2.8740482330322266
-16.247947692871094
-15.757613182067871
4.0944307500012656e-08
-6.721648216247559
-24.37614631652832
-24.449382781982422
7.466515228315984e-08
-8.231118202209473
-32.76758575439453
-31.12488555908203
3.494466938036567e-08
-9.036260604858398
-36.88742446899414
-33.87638854980469
6.90059209773608e-08
-10.034342765808105
-35.762489318847656
-32.88626480102539
2.032103907367855e-08
-9.59968376159668
-29.76289176940918
-26.611724853515625
4.1181607457474456e-08
-9.214473724365234
-26.9002742767334
-20.985061645507812
-3.506894685756379e-08
-10.659446716308594
-34.91871643066406
-24.537424087524414
-3.163403761163863e-08
-10.659446716308594
-34.91871643066406
-24.537424087524414
3.932937886474974e-08
-9.837787628173828
-47.858699798583984
-33.271942138671875
8.810022222860425e-08
-2.7612640857696533
-53.48067855834961
-35.64531707763672
4.0944307500012656e-08
5.86020040512085
-49.31291961669922
-29.692745208740234
7.466515228315984e-08
9.860065460205078
-39.32205581665039
-20.814916610717773
3.494466938036567e-08
10.338376998901367
-26.35468101501465
-11.413020133972168
6.90059209773608e-08
8.861032485961914
-18.919357299804688
-6.530313491821289
2.032103907367855e-08
3.3407366275787354
-28.725521087646484
-15.424379348754883
4.1181607457474456e-08
-2.789355993270874
-49.793914794921875
-33.8343505859375
-3.506894685756379e-08
-1.741552472114563
-59.41813659667969
-41.883052825927734
-3.163403761163863e-08
19.323402404785156
-11.009232521057129
3.1329104900360107
3.932937886474974e-08
18.343809127807617
-11.838215827941895
3.4550235271453857
8.810022222860425e-08
16.023130416870117
-11.106900215148926
2.933591842651367
4.0944307500012656e-08
12.627124786376953
-13.772795677185059
-2.0843303203582764
7.466515228315984e-08
10.11827564239502
-18.05023765563965
-7.139552116394043
3.494466938036567e-08
9.125187873840332
-17.985553741455078
-6.8842854499816895
6.90059209773608e-08
8.073594093322754
-12.805241584777832
-2.0777153968811035
2.032103907367855e-08
5.714990615844727
-6.756486415863037
3.8998658657073975
4.1181607457474456e-08
3.6288042068481445
-1.797350525856018
9.43940258026123
-3.506894685756379e-08
4.0849103927612305
3.61765193939209
14.244818687438965
-3.163403761163863e-08
7.342336654663086
7.839836120605469
15.752274513244629
3.932937886474974e-08
8.946097373962402
11.994878768920898
18.982229232788086
8.810022222860425e-08
9.138383865356445
21.979333877563477
26.648469924926758
4.0944307500012656e-08
6.087406158447266
30.369264602661133
33.00416946411133
7.466515228315984e-08
2.3667218685150146
33.932899475097656
35.715267181396484
3.494466938036567e-08
1.8742375373840332
35.584228515625
35.92719268798828
6.90059209773608e-08
4.003360271453857
33.70185089111328
32.8333740234375
2.032103907367855e-08
3.406447649002075
22.971694946289062
23.66050910949707
4.1181607457474456e-08
-2.5289602279663086
4.048969745635986
7.660796642303467
-3.506894685756379e-08
-6.964758396148682
-11.213639259338379
-6.855639934539795
-3.163403761163863e-08
3.406447649002075
22.971694946289062
23.66050910949707
3.932937886474974e-08
-2.5289602279663086
4.048969745635986
7.660796642303467
8.810022222860425e-08
-6.964758396148682
-11.213639259338379
-6.855639934539795
4.0944307500012656e-08
-4.222529888153076
-12.741124153137207
-9.329902648925781
7.466515228315984e-08
-0.9939758777618408
-8.348240852355957
-4.522663593292236
3.494466938036567e-08
-2.46297550201416
-8.04387092590332
-2.420074462890625
6.90059209773608e-08
-3.438985586166382
-7.181316375732422
-0.29156774282455444
2.032103907367855e-08
-2.6887171268463135
-3.8563084602355957
4.2506513595581055
4.1181607457474456e-08
-3.4305834770202637
-1.3234210014343262
7.574124336242676
-3.506894685756379e-08
-3.993877649307251
4.878113746643066
11.134061813354492
-3.163403761163863e-08
-3.8339853286743164
15.170555114746094
16.11996841430664
3.932937886474974e-08
-6.825397968292236
19.894865036010742
17.477598190307617
8.810022222860425e-08
-12.450140953063965
15.368517875671387
12.558455467224121
4.0944307500012656e-08
-14.856592178344727
9.236359596252441
6.396416187286377
7.466515228315984e-08
-14.384264945983887
5.1534929275512695
2.4329710006713867
3.494466938036567e-08
-17.04987144470215
-2.941899061203003
-3.6406025886535645
6.90059209773608e-08
-19.417695999145508
-12.57126522064209
-10.554210662841797
2.032103907367855e-08
-14.1533203125
-11.773843765258789
-9.147917747497559
4.1181607457474456e-08
-7.389159679412842
-4.103193283081055
-2.37914776802063
-3.506894685756379e-08
-6.985830307006836
-1.3973920345306396
0.010941429063677788
-3.163403761163863e-08
-8.90180492401123
-1.000150203704834
0.3777593672275543
3.932937886474974e-08
-10.607693672180176
-0.034739259630441666
1.035050392150879
8.810022222860425e-08
-13.613641738891602
-2.1894166469573975
-0.7250843644142151
4.0944307500012656e-08
-12.980215072631836
-0.9988584518432617
1.1620903015136719
7.466515228315984e-08
-7.427554607391357
7.074130058288574
8.879733085632324
3.494466938036567e-08
-5.8141350746154785
9.916003227233887
10.478322982788086
6.90059209773608e-08
-10.3937349319458
2.956561326980591
2.5022902488708496
2.032103907367855e-08
-13.502500534057617
-3.116525650024414
-3.7155580520629883
4.1181607457474456e-08
-14.17487907409668
-6.8716535568237305
-6.290524005889893
-3.506894685756379e-08
-15.137763023376465
-13.1227445602417
-10.845961570739746
-3.163403761163863e-08
-15.137763023376465
-13.1227445602417
-10.845961570739746
3.932937886474974e-08
-10.927212715148926
-10.398191452026367
-8.561666488647461
8.810022222860425e-08
-0.7066574096679688
9.30803394317627
7.859765529632568
4.0944307500012656e-08
3.1744067668914795
24.65683937072754
20.995777130126953
7.466515228315984e-08
-4.147746562957764
17.390422821044922
15.109513282775879
3.494466938036567e-08
-10.497523307800293
5.255277156829834
4.47427225112915
6.90059209773608e-08
-9.458893775939941
6.672403812408447
5.18452262878418
2.032103907367855e-08
-9.166768074035645
10.367170333862305
8.926976203918457
4.1181607457474456e-08
-11.383261680603027
9.170403480529785
8.740158081054688
-3.506894685756379e-08
-10.832327842712402
11.8543062210083
9.894837379455566
-3.163403761163863e-08
-30.036270141601562
-15.428509712219238
-17.77392578125
3.932937886474974e-08
-30.61777687072754
-23.93008804321289
-23.908845901489258
8.810022222860425e-08
-30.284406661987305
-30.00067710876465
-26.738771438598633
4.0944307500012656e-08
-27.220539093017578
-30.435441970825195
-24.614526748657227
7.466515228315984e-08
-22.216142654418945
-26.844818115234375
-18.9936580657959
3.494466938036567e-08
-18.83425521850586
-23.80777359008789
-13.983011245727539
6.90059209773608e-08
-17.931194305419922
-23.77358627319336
-12.764698028564453
2.032103907367855e-08
-18.17864990234375
-27.91698455810547
-16.391803741455078
4.1181607457474456e-08
-16.92912483215332
-30.921531677246094
-19.137222290039062
-3.506894685756379e-08
-11.815145492553711
-22.18736457824707
-11.98715591430664
-3.163403761163863e-08
-11.815145492553711
-22.18736457824707
-11.98715591430664
3.932937886474974e-08
-7.499706268310547
-6.076542377471924
0.29992637038230896
8.810022222860425e-08
-11.744260787963867
-3.219003915786743
1.3182452917099
4.0944307500012656e-08
-20.654827117919922
-15.877646446228027
-8.91736125946045
7.466515228315984e-08
-23.565162658691406
-22.984264373779297
-13.598543167114258
3.494466938036567e-08
-19.26040267944336
-15.233481407165527
-7.16340970993042
6.90059209773608e-08
