0
17.701766967773438
-5.865241050720215
-2.445202589035034
8.810022222860425e-08
14.43481159210205
-15.85952091217041
-10.990570068359375
4.0944307500012656e-08
21.031139373779297
-10.710010528564453
-6.206786155700684
7.466515228315984e-08
31.024837493896484
9.00086498260498
11.632210731506348
3.494466938036567e-08
29.772735595703125
19.967809677124023
20.511253356933594
6.90059209773608e-08
19.36187171936035
13.868504524230957
11.932721138000488
2.032103907367855e-08
14.900476455688477
9.53049373626709
4.265168190002441
4.1181607457474456e-08
17.769529342651367
15.35669231414795
7.755262851715088
-3.506894685756379e-08
15.827951431274414
16.210599899291992
8.926919937133789
-3.163403761163863e-08
19.36187171936035
13.868504524230957
11.932721138000488
3.932937886474974e-08
14.900476455688477
9.53049373626709
4.265168190002441
8.810022222860425e-08
17.769529342651367
15.35669231414795
7.755262851715088
4.0944307500012656e-08
15.827951431274414
16.210599899291992
8.926919937133789
7.466515228315984e-08
8.259758949279785
8.94799518585205
2.5661051273345947
3.494466938036567e-08
4.8420257568359375
8.224455833435059
0.39745208621025085
6.90059209773608e-08
5.817534446716309
14.847814559936523
3.8649892807006836
2.032103907367855e-08
5.030739784240723
16.704002380371094
3.4310951232910156
4.1181607457474456e-08
4.2727179527282715
12.653304100036621
-1.093363881111145
-3.506894685756379e-08
8.821939468383789
9.84762954711914
-3.284496307373047
-3.163403761163863e-08
26.89962387084961
8.066023826599121
-3.3796942234039307
3.932937886474974e-08
22.84318733215332
0.17171549797058105
-10.038468360900879
8.810022222860425e-08
25.801544189453125
8.041423797607422
-5.323625564575195
4.0944307500012656e-08
28.251314163208008
18.480443954467773
2.8736917972564697
7.466515228315984e-08
24.29786491394043
14.296422958374023
1.6441994905471802
3.494466938036567e-08
21.54330825805664
9.264195442199707
-0.774858295917511
6.90059209773608e-08
24.358787536621094
18.301416397094727
6.441579818725586
2.032103907367855e-08
24.563936233520508
25.552400588989258
12.893232345581055
4.1181607457474456e-08
17.02753448486328
14.869961738586426
6.506987571716309
-3.506894685756379e-08
8.984777450561523
-0.6155169606208801
-4.130520343780518
-3.163403761163863e-08
8.984777450561523
-0.6155170202255249
-4.130520343780518
3.932937886474974e-08
7.992724895477295
-2.7466495037078857
-5.029726982116699
8.810022222860425e-08
11.676329612731934
4.729611873626709
2.0456206798553467
4.0944307500012656e-08
13.924928665161133
8.168455123901367
6.230766773223877
7.466515228315984e-08
12.619386672973633
3.294142007827759
2.912281036376953
3.494466938036567e-08
9.915780067443848
-4.4611945152282715
-3.704934597015381
6.90059209773608e-08
9.726739883422852
-7.76548957824707
-6.435945510864258
2.032103907367855e-08
11.7615327835083
-7.994693756103516
-6.075752258300781
4.1181607457474456e-08
11.236954689025879
-14.426847457885742
-11.476058959960938
-3.506894685756379e-08
7.7595438957214355
-26.99665069580078
-23.02855110168457
-3.163403761163863e-08
7.7595438957214355
-26.99665069580078
-23.02855110168457
3.932937886474974e-08
6.823037624359131
-33.69621276855469
-29.3221435546875
8.810022222860425e-08
10.506281852722168
-27.28590202331543
-23.36187744140625
4.0944307500012656e-08
12.899725914001465
-15.015965461730957
-12.902451515197754
7.466515228315984e-08
9.457880973815918
-9.477005958557129
-10.037181854248047
3.494466938036567e-08
6.248530864715576
-10.641538619995117
-12.496400833129883
6.90059209773608e-08
10.225049018859863
-7.760616302490234
-8.465631484985352
2.032103907367855e-08
16.05094337463379
0.2772064208984375
1.228894829750061
4.1181607457474456e-08
15.488850593566895
6.681580543518066
6.381102085113525
-3.506894685756379e-08
10.921971321105957
10.143712997436523
5.323884963989258
-3.163403761163863e-08
-4.461526870727539
-27.813156127929688
-32.825950622558594
3.932937886474974e-08
-4.588264465332031
-33.18431854248047
-35.46535110473633
8.810022222860425e-08
-0.19320380687713623
-26.38251304626465
-26.557775497436523
4.0944307500012656e-08
6.026895046234131
-15.845438003540039
-15.283082008361816
7.466515228315984e-08
10.47754192352295
-13.282710075378418
-11.965568542480469
3.494466938036567e-08
11.192605972290039
-18.010189056396484
-15.207082748413086
6.90059209773608e-08
9.499455451965332
-19.274246215820312
-15.63782787322998
2.032103907367855e-08
6.5377631187438965
-14.24418830871582
-11.177030563354492
4.1181607457474456e-08
0.32589611411094666
-12.629015922546387
-10.6821870803833
-3.506894685756379e-08
-8.282689094543457
-20.020217895507812
-18.92984962463379
-3.163403761163863e-08
-8.282689094543457
-20.020217895507812
-18.92984962463379
3.932937886474974e-08
-13.00702953338623
-28.009002685546875
-27.718984603881836
8.810022222860425e-08
-10.983457565307617
-26.174388885498047
-27.255287170410156
4.0944307500012656e-08
-7.038422107696533
-15.295906066894531
-18.424964904785156
7.466515228315984e-08
-6.326141834259033
-5.609121322631836
-11.034407615661621
3.494466938036567e-08
-7.803689479827881
-3.487001657485962
-10.8236722946167
6.90059209773608e-08
-7.467095375061035
-6.237830638885498
-13.808771133422852
2.032103907367855e-08
-4.723036766052246
-8.541976928710938
-14.7428560256958
4.1181607457474456e-08
-2.6166911125183105
-5.314509391784668
-12.179515838623047
-3.506894685756379e-08
-3.722121477127075
4.782532215118408
-7.421260833740234
-3.163403761163863e-08
-6.7425737380981445
14.56739616394043
-3.9554531574249268
3.932937886474974e-08
-7.414113521575928
16.258316040039062
-4.707389831542969
8.810022222860425e-08
-4.76395845413208
10.08213996887207
-10.37948989868164
4.0944307500012656e-08
-1.3963230848312378
2.7686498165130615
-18.23980140686035
7.466515228315984e-08
2.5601444244384766
2.8123557567596436
-20.40961456298828
3.494466938036567e-08
5.438755989074707
11.649428367614746
-12.83975887298584
6.90059209773608e-08
1.4427108764648438
18.477651596069336
-4.785063743591309
2.032103907367855e-08
-6.404172420501709
18.196063995361328
-3.6948719024658203
4.1181607457474456e-08
-8.90800952911377
18.357982635498047
-4.985577583312988
-3.506894685756379e-08
-7.569979667663574
17.48674201965332
-7.916103839874268
-3.163403761163863e-08
-7.332828044891357
2.076185464859009
-18.23553466796875
3.932937886474974e-08
-4.854141712188721
5.91627311706543
-13.552345275878906
8.810022222860425e-08
-4.420982837677002
11.200540542602539
-8.558012962341309
4.0944307500012656e-08
-6.019690990447998
11.51440143585205
-6.574934482574463
7.466515228315984e-08
-4.871451377868652
14.761154174804688
-1.075787901878357
3.494466938036567e-08
-1.9181721210479736
19.710432052612305
5.292422771453857
6.90059209773608e-08
-3.3699026107788086
13.129150390625
1.3452955484390259
2.032103907367855e-08
-8.451622009277344
-1.6913996934890747
-9.5328950881958
4.1181607457474456e-08
-8.531681060791016
-4.580992698669434
-11.264729499816895
-3.506894685756379e-08
-1.8638434410095215
8.513508796691895
-1.2852755784988403
-3.163403761163863e-08
-8.451622009277344
-1.6913996934890747
-9.5328950881958
3.932937886474974e-08
-8.531681060791016
-4.580992698669434
-11.264729499816895
8.810022222860425e-08
-1.863843560218811
8.513508796691895
-1.2852756977081299
4.0944307500012656e-08
1.9562214612960815
16.80363655090332
3.840575695037842
7.466515228315984e-08
0.3920755982398987
10.370970726013184
-2.984870195388794
3.494466938036567e-08
2.9520795345306396
6.084939479827881
-7.068326950073242
6.90059209773608e-08
9.603618621826172
12.526850700378418
-1.2842485904693604
2.032103907367855e-08
9.272682189941406
16.156465530395508
2.370992422103882
4.1181607457474456e-08
1.701578974723816
11.64671802520752
-1.3039698600769043
-3.506894685756379e-08
-4.238487243652344
7.714822292327881
-4.043553352355957
-3.163403761163863e-08
-7.7576375007629395
5.960010051727295
-3.1592955589294434
3.932937886474974e-08
-11.97049331665039
2.3782637119293213
-3.5163567066192627
8.810022222860425e-08
-13.641425132751465
-0.2917567491531372
-5.3376922607421875
4.0944307500012656e-08
-11.421849250793457
-0.9050911068916321
-6.561807632446289
7.466515228315984e-08
-10.402010917663574
-3.510775089263916
-7.740464687347412
3.494466938036567e-08
-11.381115913391113
-5.005955696105957
-6.225026607513428
6.90059209773608e-08
-10.258052825927734
1.0603444576263428
1.2617477178573608
2.032103907367855e-08
-8.978796005249023
8.659222602844238
7.650362491607666
4.1181607457474456e-08
-11.48231029510498
8.4072847366333
4.491299152374268
-3.506894685756379e-08
-14.186514854431152
4.933853626251221
-1.7984801530838013
-3.163403761163863e-08
-15.19375228881836
-12.344620704650879
-16.847063064575195
3.932937886474974e-08
-8.516115188598633
-6.466670036315918
-10.913766860961914
8.810022222860425e-08
-2.6388802528381348
5.798605918884277
-0.16392302513122559
4.0944307500012656e-08
-3.6504199504852295
10.978691101074219
1.707970380783081
7.466515228315984e-08
-9.481249809265137
5.629404067993164
-6.761476039886475
3.494466938036567e-08
-11.407323837280273
3.2432801723480225
-11.283181190490723
6.90059209773608e-08
-6.411142826080322
13.348335266113281
-3.6789844036102295
2.032103907367855e-08
-1.814055323600769
24.157588958740234
5.305926322937012
4.1181607457474456e-08
-2.6113951206207275
23.461488723754883
5.942716121673584
-3.506894685756379e-08
-4.726929664611816
17.606889724731445
3.517462968826294
-3.163403761163863e-08
-3.768810510635376
17.423877716064453
5.777118682861328
3.932937886474974e-08
-1.0113126039505005
22.311918258666992
11.899441719055176
8.810022222860425e-08
-0.6904389262199402
22.555118560791016
14.080981254577637
4.0944307500012656e-08
-3.3631017208099365
14.60414981842041
9.38813591003418
7.466515228315984e-08
-4.386953353881836
10.931116104125977
8.860492706298828
3.494466938036567e-08
-3.8725719451904297
17.869882583618164
18.21373748779297
6.90059209773608e-08
-6.426287651062012
22.363204956054688
24.763185501098633
2.032103907367855e-08
-9.451009750366211
19.026344299316406
22.4437313079834
4.1181607457474456e-08
-8.5516996383667
16.830230712890625
20.691240310668945
-3.506894685756379e-08
-7.805401802062988
16.1373233795166
22.003965377807617
-3.163403761163863e-08
-6.426287651062012
22.363204956054688
24.763185501098633
3.932937886474974e-08
-9.451009750366211
19.026344299316406
22.4437313079834
8.810022222860425e-08
-8.5516996383667
16.830230712890625
20.691240310668945
4.0944307500012656e-08
-7.805401802062988
16.1373233795166
22.003965377807617
7.466515228315984e-08
-10.581330299377441
11.21210765838623
19.935422897338867
3.494466938036567e-08
-12.67924976348877
2.562983751296997
13.079889297485352
6.90059209773608e-08
-11.64255142211914
-7.500728607177734
5.271419525146484
2.032103907367855e-08
-10.049692153930664
-15.905008316040039
0.49599602818489075
4.1181607457474456e-08
-8.215716361999512
-16.492525100708008
1.636252760887146
-3.506894685756379e-08
-4.683562278747559
-7.134753704071045
9.016989707946777
-3.163403761163863e-08
-5.21726131439209
8.602667808532715
21.55232810974121
3.932937886474974e-08
-8.616416931152344
9.218301773071289
21.91499900817871
8.810022222860425e-08
-8.482338905334473
8.777630805969238
20.63688087463379
4.0944307500012656e-08
-6.808104991912842
5.921935081481934
17.121152877807617
7.466515228315984e-08
-6.216993808746338
3.33046817779541
13.289416313171387
3.494466938036567e-08
-6.548387050628662
2.3574838638305664
10.302635192871094
6.90059209773608e-08
-7.1702399253845215
1.0527667999267578
8.596416473388672
2.032103907367855e-08
-7.438107967376709
1.2497915029525757
10.808674812316895
4.1181607457474456e-08
-6.7658796310424805
5.085150241851807
16.197277069091797
-3.506894685756379e-08
-6.45470666885376
8.251777648925781
18.99012565612793
-3.163403761163863e-08
-14.121273040771484
-11.609488487243652
1.3740434646606445
3.932937886474974e-08
-14.378657341003418
-24.684459686279297
-9.38414478302002
8.810022222860425e-08
-6.869398593902588
-27.560169219970703
-10.538740158081055
4.0944307500012656e-08
1.0679832696914673
-23.68569564819336
-4.6236348152160645
7.466515228315984e-08
3.495990753173828
-19.1569881439209
1.7325010299682617
3.494466938036567e-08
4.260615348815918
-14.999056816101074
6.423114776611328
6.90059209773608e-08
5.902544975280762
-12.395462989807129
8.491572380065918
2.032103907367855e-08
4.953937530517578
-12.816821098327637
6.77726936340332
4.1181607457474456e-08
1.6596732139587402
-12.878942489624023
4.465757846832275
-3.506894685756379e-08
0.516277015209198
-10.79616641998291
4.332026958465576
-3.163403761163863e-08
0.516277015209198
-10.79616641998291
4.332026958465576
3.932937886474974e-08
1.9482836723327637
-12.420965194702148
2.5276365280151367
8.810022222860425e-08
3.1188125610351562
-18.229734420776367
-1.3826006650924683
4.0944307500012656e-08
3.2569775581359863
-17.550174713134766
1.0318992137908936
7.466515228315984e-08
2.0434303283691406
-8.805160522460938
10.130656242370605
3.494466938036567e-08
-1.2504315376281738
-3.1739275455474854
15.051844596862793
6.90059209773608e-08
-3.6741387844085693
-1.9412243366241455
14.850342750549316
2.032103907367855e-08
-2.8388524055480957
1.2077196836471558
16.64621925354004
4.1181607457474456e-08
-3.774933099746704
0.1996598243713379
15.969700813293457
-3.506894685756379e-08
-8.892753601074219
-9.043514251708984
8.572535514831543
-3.163403761163863e-08
9.923230171203613
17.513710021972656
31.902568817138672
3.932937886474974e-08
12.413098335266113
18.103525161743164
28.647903442382812
8.810022222860425e-08
12.278434753417969
9.775102615356445
18.234371185302734
4.0944307500012656e-08
13.363142967224121
3.349069356918335
12.405025482177734
7.466515228315984e-08
12.479126930236816
-1.0343225002288818
9.211105346679688
3.494466938036567e-08
8.875726699829102
-4.045189380645752
6.558409214019775
6.90059209773608e-08
4.841908931732178
-6.4381794929504395
5.466809272766113
2.032103907367855e-08
2.9115242958068848
-8.076164245605469
5.718532085418701
4.1181607457474456e-08
3.214958906173706
-5.357001304626465
7.429522514343262
-3.506894685756379e-08
1.798362135887146
-2.1032044887542725
7.888241291046143
-3.163403761163863e-08
1.798362135887146
-2.1032044887542725
7.888241291046143
3.932937886474974e-08
-1.4211426973342896
-4.756255149841309
5.4320783615112305
8.810022222860425e-08
-0.8246119022369385
-7.745178699493408
5.024598121643066
4.0944307500012656e-08
4.469637870788574
-4.485929012298584
8.967955589294434
7.466515228315984e-08
9.647485733032227
0.868488073348999
12.928728103637695
3.494466938036567e-08
12.388280868530273
5.771445274353027
16.110107421875
6.90059209773608e-08
12.732623100280762
11.674653053283691
20.287899017333984
2.032103907367855e-08
9.82999324798584
13.048246383666992
21.5440731048584
4.1181607457474456e-08
4.612220287322998
5.337158203125
16.249618530273438
-3.506894685756379e-08
0.9932873249053955
-4.266584873199463
7.94636869430542
-3.163403761163863e-08
0.9932872653007507
-4.266584873199463
7.94636869430542
3.932937886474974e-08
1.2991007566452026
-8.629327774047852
1.2815215587615967
8.810022222860425e-08
3.20105242729187
-10.495072364807129
-3.058467388153076
4.0944307500012656e-08
4.558559894561768
-12.39090633392334
-4.981060981750488
7.466515228315984e-08
7.806755065917969
-9.526073455810547
-2.4411394596099854
3.494466938036567e-08
13.359782218933105
-0.7267710566520691
4.878154277801514
6.90059209773608e-08
15.328374862670898
6.327616214752197
12.135160446166992
2.032103907367855e-08
11.359118461608887
7.287314414978027
14.58433723449707
4.1181607457474456e-08
8.77692985534668
9.257911682128906
16.20260238647461
-3.506894685756379e-08
11.665570259094238
16.708120346069336
21.57282257080078
-3.163403761163863e-08
2.331294059753418
-2.010385513305664
-0.24901077151298523
3.932937886474974e-08
2.6179747581481934
-2.6971330642700195
-2.9663901329040527
8.810022222860425e-08
5.121607780456543
4.013516902923584
2.5582070350646973
4.0944307500012656e-08
7.142418384552002
10.555814743041992
9.597799301147461
7.466515228315984e-08
6.762124061584473
14.71369743347168
14.654852867126465
3.494466938036567e-08
1.5378589630126953
13.93455696105957
14.387431144714355
6.90059209773608e-08
-7.165323734283447
3.515018939971924
5.142701148986816
2.032103907367855e-08
-13.830137252807617
-14.728520393371582
-10.175994873046875
4.1181607457474456e-08
-14.222782135009766
-29.0267333984375
-20.733407974243164
-3.506894685756379e-08
-8.120319366455078
-27.400676727294922
-17.45854949951172
-3.163403761163863e-08
1.1300137042999268
-12.80513858795166
-4.592343807220459
3.932937886474974e-08
7.99098014831543
-1.979493498802185
3.8586716651916504
8.810022222860425e-08
8.915031433105469
-2.944385051727295
2.5008301734924316
4.0944307500012656e-08
4.683645248413086
-8.705268859863281
-2.605276346206665
7.466515228315984e-08
-0.5589950084686279
-13.6190824508667
-6.632439136505127
3.494466938036567e-08
-1.53054678440094
-15.531018257141113
-7.049278736114502
6.90059209773608e-08
0.9142507910728455
-14.830522537231445
-5.328600883483887
2.032103907367855e-08
1.0453124046325684
-17.550865173339844
-8.221980094909668
4.1181607457474456e-08
-0.2894073724746704
-22.739953994750977
-13.278352737426758
-3.506894685756379e-08
1.202379584312439
-21.704904556274414
-11.8899564743042
-3.163403761163863e-08
1.2023794651031494
-21.704904556274414
-11.8899564743042
3.932937886474974e-08
4.683750629425049
-16.079866409301758
-7.433419704437256
8.810022222860425e-08
7.9909234046936035
-12.3804931640625
-6.030759334564209
4.0944307500012656e-08
9.17149543762207
-12.013083457946777
-6.650568962097168
7.466515228315984e-08
7.268094539642334
-14.00692081451416
-7.839644432067871
3.494466938036567e-08
5.776712417602539
-11.279942512512207
-5.206424713134766
6.90059209773608e-08
5.748598098754883
-0.5135082602500916
3.343320369720459
2.032103907367855e-08
1.4938379526138306
3.4214298725128174
5.9112701416015625
4.1181607457474456e-08
-6.158183574676514
-7.665917873382568
-4.089339256286621
-3.506894685756379e-08
-6.726686954498291
-16.319374084472656
-11.829744338989258
-3.163403761163863e-08
0.22495655715465546
-14.143482208251953
-9.673639297485352
3.932937886474974e-08
3.1381657123565674
-16.150665283203125
-10.634309768676758
8.810022222860425e-08
-0.47438284754753113
-23.677824020385742
-17.44904136657715
4.0944307500012656e-08
-3.1461801528930664
-21.806028366088867
-17.7598876953125
7.466515228315984e-08
-2.2166755199432373
-12.370061874389648
-11.214581489562988
3.494466938036567e-08
-0.24387338757514954
-7.777450084686279
-7.581311225891113
6.90059209773608e-08
1.886061668395996
-6.662095069885254
-6.838095188140869
2.032103907367855e-08
5.120386123657227
-0.8021641969680786
-2.211652994155884
4.1181607457474456e-08
9.002076148986816
9.719679832458496
6.722929000854492
-3.506894685756379e-08
11.513856887817383
20.436349868774414
15.277657508850098
-3.163403761163863e-08
11.513856887817383
20.436349868774414
15.277657508850098
3.932937886474974e-08
10.34244441986084
26.207101821899414
18.797958374023438
8.810022222860425e-08
5.07267951965332
22.286300659179688
15.005857467651367
4.0944307500012656e-08
0.22043482959270477
16.648990631103516
11.067008972167969
7.466515228315984e-08
-0.5562783479690552
23.299699783325195
15.707818984985352
3.494466938036567e-08
-1.9719042778015137
33.47916793823242
20.095163345336914
6.90059209773608e-08
-7.785156726837158
29.06965446472168
12.619174003601074
2.032103907367855e-08
-12.448137283325195
15.70759391784668
0.6325510144233704
4.1181607457474456e-08
-11.100584983825684
7.437392234802246
-6.291070461273193
-3.506894685756379e-08
-8.36437702178955
0.3824828565120697
-12.59563159942627
-3.163403761163863e-08
-8.36437702178955
0.3824828267097473
-12.59563159942627
3.932937886474974e-08
-9.275049209594727
-11.302545547485352
-21.65485382080078
8.810022222860425e-08
-9.625040054321289
-18.029006958007812
-25.5412654876709
4.0944307500012656e-08
-4.424646377563477
-11.492042541503906
-18.362573623657227
7.466515228315984e-08
2.707749605178833
2.4444422721862793
-4.89890193939209
3.494466938036567e-08
5.76936149597168
14.97497844696045
6.426682949066162
6.90059209773608e-08
3.2648003101348877
22.137704849243164
10.568205833435059
2.032103907367855e-08
-3.2161788940429688
21.508014678955078
7.152881145477295
4.1181607457474456e-08
-10.13145923614502
14.719796180725098
0.41681745648384094
-3.506894685756379e-08
-12.892817497253418
10.099949836730957
-3.360785961151123
-3.163403761163863e-08
-3.0022830963134766
-4.239162445068359
-8.316933631896973
3.932937886474974e-08
-3.388639211654663
-5.890425205230713
-9.756563186645508
8.810022222860425e-08
-5.228923797607422
-8.53252124786377
-11.489541053771973
4.0944307500012656e-08
-5.623105049133301
-8.295921325683594
-9.828707695007324
7.466515228315984e-08
-4.691751003265381
-5.25712251663208
-7.59824800491333
3.494466938036567e-08
-4.029938697814941
-5.465205192565918
-9.68704891204834
6.90059209773608e-08
-4.4719414710998535
-9.968040466308594
-14.38172435760498
2.032103907367855e-08
-6.039432048797607
-15.059185028076172
-17.87000274658203
4.1181607457474456e-08
-6.176711559295654
-15.687328338623047
-16.414289474487305
-3.506894685756379e-08
-2.223158836364746
-6.705405235290527
-7.01735258102417
-3.163403761163863e-08
3.1753005981445312
9.863248825073242
6.680492401123047
3.932937886474974e-08
3.7855629920959473
21.807416915893555
15.070860862731934
8.810022222860425e-08
-1.8256689310073853
18.369468688964844
12.302814483642578
4.0944307500012656e-08
-6.95444917678833
5.721850395202637
4.219944953918457
7.466515228315984e-08
-7.64055871963501
-3.022526979446411
-1.1802018880844116
3.494466938036567e-08
-9.000504493713379
-7.3527398109436035
-5.023399353027344
6.90059209773608e-08
-11.831509590148926
-8.505921363830566
-6.1348090171813965
2.032103907367855e-08
-9.134146690368652
0.25882354378700256
2.778705358505249
4.1181607457474456e-08
-3.2994110584259033
14.962024688720703
16.898183822631836
-3.506894685756379e-08
-3.9258134365081787
19.82299041748047
21.331941604614258
-3.163403761163863e-08
-7.571183204650879
13.749261856079102
15.578507423400879
3.932937886474974e-08
-4.581164360046387
10.223154067993164
12.336747169494629
8.810022222860425e-08
1.7247830629348755
11.188697814941406
13.396576881408691
4.0944307500012656e-08
3.7682394981384277
9.061924934387207
11.333891868591309
7.466515228315984e-08
3.9986460208892822
6.535362720489502
8.353791236877441
3.494466938036567e-08
6.942812442779541
9.026082038879395
10.3868989944458
6.90059209773608e-08
10.077885627746582
12.735979080200195
14.380109786987305
2.032103907367855e-08
9.597271919250488
14.791781425476074
16.147790908813477
4.1181607457474456e-08
6.238848686218262
16.274946212768555
15.466043472290039
-3.506894685756379e-08
1.535355806350708
10.546542167663574
8.298060417175293
-3.163403761163863e-08
6.238848686218262
16.274946212768555
15.466043472290039
3.932937886474974e-08
1.535355806350708
10.546542167663574
8.298060417175293
8.810022222860425e-08
-3.3506197929382324
-5.283951759338379
-5.385200500488281
4.0944307500012656e-08
-4.430063247680664
-15.179625511169434
-12.34420108795166
7.466515228315984e-08
-0.053162459284067154
-8.80566692352295
-6.569215774536133
3.494466938036567e-08
4.424579620361328
0.8156458735466003
0.53764808177948
6.90059209773608e-08
5.068289756774902
4.251791000366211
3.3830244541168213
2.032103907367855e-08
4.225481986999512
4.281216144561768
5.5007147789001465
4.1181607457474456e-08
5.294426918029785
-0.021034250035881996
5.5745391845703125
-3.506894685756379e-08
8.21596908569336
-5.819860935211182
5.138172626495361
-3.163403761163863e-08
9.268692016601562
-4.487735748291016
9.432284355163574
3.932937886474974e-08
6.769592761993408
0.5250392556190491
14.01230239868164
8.810022222860425e-08
3.8366575241088867
-1.6215986013412476
11.616724014282227
4.0944307500012656e-08
2.0844743251800537
-10.742063522338867
4.371005058288574
7.466515228315984e-08
0.9416806101799011
-15.914718627929688
-0.27711057662963867
3.494466938036567e-08
1.0709686279296875
-10.619865417480469
1.553895354270935
6.90059209773608e-08
1.4250308275222778
-1.852095127105713
6.183753967285156
2.032103907367855e-08
0.5066224932670593
2.4486663341522217
8.468428611755371
4.1181607457474456e-08
-0.6818509697914124
2.6706037521362305
6.752991199493408
-3.506894685756379e-08
-3.715430498123169
-5.809325218200684
-3.0213091373443604
-3.163403761163863e-08
-6.893521785736084
-24.29798698425293
-12.569279670715332
3.932937886474974e-08
-11.24081039428711
-36.16905975341797
-26.266738891601562
8.810022222860425e-08
-7.674167156219482
-48.158790588378906
-37.502098083496094
4.0944307500012656e-08
6.945007801055908
-41.021507263183594
-30.308008193969727
7.466515228315984e-08
20.719228744506836
-20.799989700317383
-11.90018367767334
3.494466938036567e-08
24.275598526000977
-3.353323459625244
3.1748859882354736
6.90059209773608e-08
21.564346313476562
3.3363003730773926
7.9200119972229
2.032103907367855e-08
18.200918197631836
-1.844080924987793
2.0538344383239746
4.1181607457474456e-08
14.218489646911621
-13.501702308654785
-9.32629108428955
-3.506894685756379e-08
11.592933654785156
-17.381103515625
-14.276786804199219
-3.163403761163863e-08
11.592933654785156
-17.381103515625
-14.276787757873535
3.932937886474974e-08
12.450331687927246
-6.125387668609619
-6.355205059051514
8.810022222860425e-08
12.6724214553833
6.882898807525635
3.783846616744995
4.0944307500012656e-08
9.331521034240723
5.182029724121094
2.314345359802246
7.466515228315984e-08
7.184179782867432
-7.34929084777832
-7.720959186553955
3.494466938036567e-08
9.391151428222656
-13.272442817687988
-11.818868637084961
6.90059209773608e-08
10.773652076721191
-6.090752124786377
-5.808121681213379
2.032103907367855e-08
7.415050506591797
3.2128195762634277
-0.21930888295173645
4.1181607457474456e-08
4.4091596603393555
4.768017768859863
-1.8340002298355103
-3.506894685756379e-08
6.081002235412598
2.3371212482452393
-5.259206295013428
-3.163403761163863e-08
4.642478942871094
3.4130699634552
-7.570318698883057
3.932937886474974e-08
3.7280051708221436
9.29704761505127
-3.632084846496582
8.810022222860425e-08
4.690093994140625
14.822311401367188
1.8478950262069702
4.0944307500012656e-08
2.8368961811065674
13.488431930541992
0.09372720122337341
7.466515228315984e-08
-1.4351942539215088
5.51801872253418
-9.009153366088867
3.494466938036567e-08
-3.0934534072875977
-3.164503335952759
-15.922416687011719
6.90059209773608e-08
0.07333818078041077
-2.888758420944214
-12.069785118103027
2.032103907367855e-08
3.4088127613067627
8.427806854248047
-2.1545894145965576
4.1181607457474456e-08
2.5698118209838867
18.439390182495117
1.5085605382919312
-3.506894685756379e-08
-0.03484576568007469
17.99134063720703
-2.692678928375244
-3.163403761163863e-08
-2.22792911529541
8.809362411499023
-10.641697883605957
3.932937886474974e-08
-4.963852882385254
-3.2162551879882812
-20.888648986816406
8.810022222860425e-08
-5.882971286773682
-6.754262924194336
-24.635496139526367
4.0944307500012656e-08
-2.8989622592926025
4.391645431518555
-15.23855972290039
7.466515228315984e-08
0.11532383412122726
16.90410804748535
-5.3899688720703125
3.494466938036567e-08
1.5593301057815552
18.412391662597656
-5.663853645324707
6.90059209773608e-08
3.6060779094696045
16.55256462097168
-7.448630332946777
2.032103907367855e-08
4.1953935623168945
20.33334732055664
-4.178232669830322
4.1181607457474456e-08
0.9574515223503113
24.22694206237793
-1.9986497163772583
-3.506894685756379e-08
-2.521169900894165
20.70895767211914
-4.731786727905273
-3.163403761163863e-08
-2.521169900894165
20.70895767211914
-4.731786727905273
3.932937886474974e-08
-2.5444040298461914
13.498119354248047
-8.2100191116333
8.810022222860425e-08
-1.4014060497283936
9.088746070861816
-10.706426620483398
4.0944307500012656e-08
-2.7064199447631836
6.072616100311279
-15.072418212890625
7.466515228315984e-08
-5.7851715087890625
-0.5961390733718872
-22.337350845336914
3.494466938036567e-08
-7.634594440460205
-11.823416709899902
-31.951183319091797
6.90059209773608e-08
-4.980353832244873
-19.940683364868164
-39.03594207763672
2.032103907367855e-08
3.2875735759735107
-14.025640487670898
-33.78388977050781
4.1181607457474456e-08
10.849239349365234
3.4328019618988037
-17.39312171936035
-3.506894685756379e-08
9.33515739440918
16.855201721191406
-5.3557844161987305
-3.163403761163863e-08
0.5568751096725464
18.69780731201172
-5.374356746673584
3.932937886474974e-08
-6.102522373199463
16.654634475708008
-8.910577774047852
8.810022222860425e-08
-6.504237174987793
17.435298919677734
-8.818897247314453
4.0944307500012656e-08
-3.3763844966888428
19.51230239868164
-6.46502685546875
7.466515228315984e-08
-0.016551204025745392
21.325336456298828
-2.528998613357544
3.494466938036567e-08
0.8093452453613281
22.219406127929688
1.1944892406463623
6.90059209773608e-08
-2.873572587966919
18.536277770996094
-2.3147695064544678
2.032103907367855e-08
-7.99410343170166
9.862561225891113
-13.501740455627441
4.1181607457474456e-08
-9.116870880126953
1.8216962814331055
-22.37076759338379
-3.506894685756379e-08
-6.244322776794434
-0.6573373675346375
-22.57318115234375
-3.163403761163863e-08
-9.116870880126953
1.8216962814331055
-22.37076759338379
3.932937886474974e-08
-6.244322776794434
-0.6573373675346375
-22.57318115234375
8.810022222860425e-08
-4.4262824058532715
0.7379367351531982
-19.00818634033203
4.0944307500012656e-08
-6.951847553253174
-1.745545744895935
-20.035293579101562
7.466515228315984e-08
-10.881672859191895
-9.447844505310059
-25.026538848876953
3.494466938036567e-08
-10.236061096191406
-11.321069717407227
-24.697635650634766
6.90059209773608e-08
-4.277992248535156
-1.6472779512405396
-15.523643493652344
2.032103907367855e-08
1.7507944107055664
10.78380012512207
-3.5624561309814453
4.1181607457474456e-08
4.960270404815674
18.348180770874023
5.681628704071045
-3.506894685756379e-08
6.283161163330078
21.649105072021484
10.295771598815918
-3.163403761163863e-08
-2.6047396659851074
12.017845153808594
-0.3792687654495239
3.932937886474974e-08
-5.709785461425781
6.008668422698975
-6.322353839874268
8.810022222860425e-08
-0.19780582189559937
9.79722785949707
-2.8712751865386963
4.0944307500012656e-08
6.419673442840576
17.882957458496094
5.842155456542969
7.466515228315984e-08
5.837710857391357
20.286935806274414
10.666823387145996
3.494466938036567e-08
0.45969295501708984
15.939074516296387
7.768575668334961
6.90059209773608e-08
-4.057206630706787
7.5916876792907715
-0.4719776511192322
2.032103907367855e-08
-6.150402545928955
-2.6817939281463623
-8.052709579467773
4.1181607457474456e-08
-4.368645668029785
-6.835855484008789
-6.95709228515625
-3.506894685756379e-08
1.2911511659622192
0.40117472410202026
3.3817503452301025
-3.163403761163863e-08
1.7952460050582886
0.3294323980808258
5.550388336181641
3.932937886474974e-08
-0.16974572837352753
-5.26135778427124
0.010897032916545868
8.810022222860425e-08
-0.17223761975765228
-2.4938793182373047
0.4441739320755005
4.0944307500012656e-08
-4.276193618774414
-4.921097278594971
-1.9464948177337646
7.466515228315984e-08
-9.221904754638672
-15.880677223205566
-9.344801902770996
3.494466938036567e-08
-5.617764472961426
-16.955678939819336
-9.369973182678223
6.90059209773608e-08
2.2470314502716064
-4.207439422607422
0.5052834749221802
2.032103907367855e-08
3.384756565093994
4.475989818572998
7.626927852630615
4.1181607457474456e-08
0.7957450151443481
3.6807055473327637
7.0814619064331055
-3.506894685756379e-08
3.1060972213745117
6.533198833465576
7.426914215087891
-3.163403761163863e-08
6.071897983551025
15.5767240524292
11.444574356079102
3.932937886474974e-08
1.8532055616378784
17.835119247436523
10.899605751037598
8.810022222860425e-08
-5.160070419311523
10.30556583404541
4.364367485046387
4.0944307500012656e-08
-6.769876480102539
3.5671274662017822
0.36839041113853455
7.466515228315984e-08
-3.8204405307769775
2.1549150943756104
1.8254585266113281
3.494466938036567e-08
-1.3205269575119019
4.4997992515563965
5.64484167098999
6.90059209773608e-08
-0.6375548839569092
10.697535514831543
10.284260749816895
2.032103907367855e-08
-1.424748182296753
16.590137481689453
12.270462989807129
4.1181607457474456e-08
-3.49700665473938
16.035085678100586
8.501852035522461
-3.506894685756379e-08
-3.9140896797180176
14.699202537536621
6.473090648651123
-3.163403761163863e-08
-3.9140896797180176
14.699202537536621
6.473090648651123
3.932937886474974e-08
-1.9879474639892578
19.91184425354004
12.891728401184082
8.810022222860425e-08
-4.260293006896973
21.8607234954834
16.441679000854492
4.0944307500012656e-08
-11.731620788574219
13.301350593566895
8.351539611816406
7.466515228315984e-08
-15.281903266906738
6.586305141448975
0.5170586109161377
3.494466938036567e-08
-12.87035846710205
6.334454536437988
0.15646547079086304
6.90059209773608e-08
-11.235733032226562
3.354405641555786
-0.021153023466467857
2.032103907367855e-08
-10.930408477783203
0.15220259130001068
-0.18684269487857819
4.1181607457474456e-08
-7.064997673034668
6.09480619430542
6.428543567657471
-3.506894685756379e-08
-1.1452252864837646
14.81041145324707
15.288310050964355
-3.163403761163863e-08
-1.1452254056930542
14.81041145324707
15.288310050964355
3.932937886474974e-08
0.6668570637702942
14.082213401794434
16.34088706970215
8.810022222860425e-08
-2.0787601470947266
7.802549362182617
12.24221134185791
4.0944307500012656e-08
-4.783586025238037
4.98586368560791
10.207552909851074
7.466515228315984e-08
-6.1117167472839355
2.4540932178497314
7.172601222991943
3.494466938036567e-08
-7.812222957611084
-3.031362295150757
1.292504072189331
6.90059209773608e-08
-8.760684967041016
-5.599659442901611
0.31482914090156555
2.032103907367855e-08
-7.5118536949157715
-4.343601226806641
4.974724292755127
4.1181607457474456e-08
-5.272695541381836
-4.100680828094482
6.773505210876465
-3.506894685756379e-08
-2.2272143363952637
-2.347827672958374
7.066470146179199
-3.163403761163863e-08
1.4471466541290283
2.491657018661499
17.51958465576172
3.932937886474974e-08
5.348547458648682
3.9837732315063477
19.636356353759766
8.810022222860425e-08
6.612823963165283
3.814547061920166
21.761964797973633
4.0944307500012656e-08
3.2175137996673584
0.4341697692871094
21.389097213745117
7.466515228315984e-08
-0.3233325779438019
-0.8488024473190308
19.3625545501709
3.494466938036567e-08
-2.35555100440979
-2.57454776763916
14.898016929626465
6.90059209773608e-08
-5.335598468780518
-11.765055656433105
6.23962926864624
2.032103907367855e-08
-8.428513526916504
-25.94142723083496
-4.766429901123047
4.1181607457474456e-08
-7.565741062164307
-35.81321334838867
-12.93880844116211
-3.506894685756379e-08
-4.1094069480896
-38.59000778198242
-15.66481876373291
-3.163403761163863e-08
-2.1005847454071045
-35.23982620239258
-12.894438743591309
3.932937886474974e-08
-0.24884799122810364
-25.575990676879883
-4.774895191192627
8.810022222860425e-08
1.0028910636901855
-17.976110458374023
2.4238474369049072
4.0944307500012656e-08
-2.6678600311279297
-20.770614624023438
2.200626850128174
7.466515228315984e-08
-7.677777290344238
-24.83488655090332
-0.12043476849794388
3.494466938036567e-08
-6.0151448249816895
-19.25592803955078
2.752866506576538
6.90059209773608e-08
0.622698962688446
-9.926536560058594
8.947388648986816
2.032103907367855e-08
5.169722557067871
-4.527015209197998
15.256597518920898
4.1181607457474456e-08
7.36530876159668
1.8905081748962402
22.07369041442871
-3.506894685756379e-08
9.319025993347168
9.964166641235352
25.586318969726562
-3.163403761163863e-08
9.319025993347168
9.964166641235352
25.586318969726562
3.932937886474974e-08
7.931135654449463
7.498514175415039
20.19182777404785
8.810022222860425e-08
2.665789842605591
-5.286495685577393
11.936056137084961
4.0944307500012656e-08
0.10384243726730347
-11.979999542236328
10.707194328308105
7.466515228315984e-08
1.5193819999694824
-10.243951797485352
11.432077407836914
3.494466938036567e-08
0.4804045259952545
-11.786852836608887
5.829711437225342
6.90059209773608e-08
-2.479323387145996
-14.77021312713623
2.1065218448638916
2.032103907367855e-08
-2.683197259902954
-12.556564331054688
6.456662654876709
4.1181607457474456e-08
-3.328585624694824
-13.570676803588867
6.674640655517578
-3.506894685756379e-08
-6.898314476013184
-22.718896865844727
-2.608920097351074
-3.163403761163863e-08
-8.14549732208252
-28.24779510498047
-8.005311012268066
3.932937886474974e-08
-5.109192371368408
-24.98763656616211
-3.870013952255249
8.810022222860425e-08
-1.3463813066482544
-20.03632164001465
1.1749308109283447
4.0944307500012656e-08
2.714655637741089
-12.963555335998535
5.776089191436768
7.466515228315984e-08
6.063833713531494
-2.3727962970733643
12.619138717651367
3.494466938036567e-08
2.9324703216552734
-2.0692851543426514
11.760634422302246
6.90059209773608e-08
-4.849211692810059
-16.22345733642578
-0.8916587829589844
2.032103907367855e-08
-7.356690883636475
-24.723060607910156
-9.454208374023438
4.1181607457474456e-08
-4.53693962097168
-19.020118713378906
-6.397360801696777
-3.506894685756379e-08
-3.3841073513031006
-11.514143943786621
-1.2831765413284302
-3.163403761163863e-08
-2.3332204818725586
-5.462102890014648
3.694784641265869
3.932937886474974e-08
0.1792277842760086
1.8608901500701904
10.723234176635742
8.810022222860425e-08
-1.5791268348693848
3.584547519683838
12.55532169342041
4.0944307500012656e-08
-5.6552815437316895
-0.5199746489524841
7.658062934875488
7.466515228315984e-08
-2.5793545246124268
0.626676082611084
7.381112098693848
3.494466938036567e-08
6.100714206695557
7.4803853034973145
15.132987022399902
6.90059209773608e-08
10.775598526000977
10.367044448852539
20.41486358642578
2.032103907367855e-08
11.149017333984375
10.243732452392578
18.809093475341797
4.1181607457474456e-08
11.097467422485352
11.199138641357422
15.323963165283203
-3.506894685756379e-08
7.37286376953125
4.419744968414307
9.438301086425781
-3.163403761163863e-08
7.37286376953125
4.419744968414307
9.438301086425781
3.932937886474974e-08
-0.23854993283748627
-12.79525375366211
-0.6703667640686035
8.810022222860425e-08
-4.2932515144348145
-23.26525115966797
-8.483386993408203
4.0944307500012656e-08
-3.298799514770508
-19.1099853515625
-10.251328468322754
7.466515228315984e-08
-2.0490002632141113
-14.249436378479004
-9.908552169799805
3.494466938036567e-08
-0.8607821464538574
-15.394274711608887
-8.337151527404785
6.90059209773608e-08
1.5163590908050537
-12.999795913696289
-3.607177734375
2.032103907367855e-08
1.2432090044021606
-7.208944797515869
-0.35762178897857666
4.1181607457474456e-08
-3.3421175479888916
-11.530922889709473
-5.18225622177124
-3.506894685756379e-08
-4.56058406829834
-25.71311378479004
-13.556207656860352
-3.163403761163863e-08
4.24147367477417
-31.87820816040039
-14.172489166259766
3.932937886474974e-08
17.341554641723633
-22.074443817138672
-5.154728412628174
8.810022222860425e-08
25.481765747070312
-5.701798915863037
7.134037017822266
4.0944307500012656e-08
26.713552474975586
6.1976118087768555
16.942916870117188
7.466515228315984e-08
23.00967025756836
7.666790962219238
18.451047897338867
3.494466938036567e-08
17.25008773803711
1.1797927618026733
11.332273483276367
6.90059209773608e-08
