0
-39.68050003051758
-183.02920532226562
-76.34452056884766
8.810022222860425e-08
-38.35249328613281
-200.27842712402344
-80.43753814697266
4.0944307500012656e-08
-34.128936767578125
-209.26272583007812
-80.73892211914062
7.466515228315984e-08
-29.934310913085938
-213.58702087402344
-79.95641326904297
3.494466938036567e-08
-28.39870834350586
-220.6898193359375
-82.26937103271484
6.90059209773608e-08
-26.41714096069336
-225.7684783935547
-84.36090087890625
2.032103907367855e-08
-17.630144119262695
-213.62557983398438
-76.8398208618164
4.1181607457474456e-08
-5.010853290557861
-185.5192108154297
-61.68220138549805
-3.506894685756379e-08
0.4275156557559967
-164.91180419921875
-53.22437286376953
-3.163403761163863e-08
-10.673468589782715
-185.78955078125
-56.79587936401367
3.932937886474974e-08
-17.45639991760254
-209.31768798828125
-66.66304016113281
8.810022222860425e-08
-21.909761428833008
-231.20335388183594
-75.93138885498047
4.0944307500012656e-08
-20.67606544494629
-242.37054443359375
-77.38863372802734
7.466515228315984e-08
-17.778255462646484
-250.28343200683594
-77.09281921386719
3.494466938036567e-08
-16.016403198242188
-259.03582763671875
-78.98577880859375
6.90059209773608e-08
-13.277576446533203
-259.9700012207031
-76.44731903076172
2.032103907367855e-08
-9.104145050048828
-251.91783142089844
-66.57195281982422
4.1181607457474456e-08
-7.1503801345825195
-246.38755798339844
-57.71272659301758
-3.506894685756379e-08
-7.29060697555542
-242.80540466308594
-52.999610900878906
-3.163403761163863e-08
-7.29060697555542
-242.80540466308594
-52.999610900878906
3.932937886474974e-08
-5.499006748199463
-228.83599853515625
-44.37916946411133
8.810022222860425e-08
-3.4704246520996094
-211.23997497558594
-32.19510269165039
4.0944307500012656e-08
-5.869760513305664
-208.70289611816406
-27.555694580078125
7.466515228315984e-08
-10.539427757263184
-217.97789001464844
-33.24718475341797
3.494466938036567e-08
-10.466822624206543
-218.7959747314453
-39.51781463623047
6.90059209773608e-08
-4.679534435272217
-204.7297821044922
-37.82103729248047
2.032103907367855e-08
-0.5244060754776001
-188.2441864013672
-30.8961238861084
4.1181607457474456e-08
-1.0419725179672241
-176.4381866455078
-24.53108787536621
-3.506894685756379e-08
-2.4582459926605225
-164.9028778076172
-19.9174747467041
-3.163403761163863e-08
-1.0419725179672241
-176.4381866455078
-24.53108787536621
3.932937886474974e-08
-2.4582459926605225
-164.9028778076172
-19.9174747467041
8.810022222860425e-08
-6.37258768081665
-158.90447998046875
-22.13636016845703
4.0944307500012656e-08
-13.817216873168945
-164.2627716064453
-32.82686996459961
7.466515228315984e-08
-16.228635787963867
-166.51173400878906
-38.78942108154297
3.494466938036567e-08
-10.683690071105957
-155.13455200195312
-33.60616683959961
6.90059209773608e-08
-4.828362941741943
-139.7604217529297
-26.69561767578125
2.032103907367855e-08
-0.766289472579956
-124.39144897460938
-19.56086540222168
4.1181607457474456e-08
5.003613471984863
-103.29496002197266
-5.442079067230225
-3.506894685756379e-08
11.161965370178223
-79.34960174560547
12.066473007202148
-3.163403761163863e-08
6.420663833618164
-42.16246795654297
15.591331481933594
3.932937886474974e-08
7.850870132446289
-37.644107818603516
15.428752899169922
8.810022222860425e-08
12.446900367736816
-27.61642837524414
20.346206665039062
4.0944307500012656e-08
16.296009063720703
-13.656176567077637
30.195188522338867
7.466515228315984e-08
15.211932182312012
-5.1130828857421875
36.873104095458984
3.494466938036567e-08
7.774941444396973
-10.889387130737305
30.21285057067871
6.90059209773608e-08
-2.364466905593872
-28.458900451660156
12.485895156860352
2.032103907367855e-08
-7.99540901184082
-44.07270812988281
-2.1355085372924805
4.1181607457474456e-08
-5.063443183898926
-45.01200866699219
-2.50832462310791
-3.506894685756379e-08
1.0124411582946777
-34.39768600463867
7.180417060852051
-3.163403761163863e-08
0.2869435250759125
-30.518455505371094
10.253016471862793
3.932937886474974e-08
-6.858973979949951
-41.05195617675781
-0.08352824300527573
8.810022222860425e-08
-8.784741401672363
-49.78788375854492
-9.372800827026367
4.0944307500012656e-08
0.4933922588825226
-41.2862434387207
-3.25919246673584
7.466515228315984e-08
14.268753051757812
-21.795787811279297
13.631281852722168
3.494466938036567e-08
23.992530822753906
-5.034358024597168
28.310510635375977
6.90059209773608e-08
27.81846809387207
5.751752853393555
36.017059326171875
2.032103907367855e-08
27.06894874572754
12.3413724899292
38.68505096435547
4.1181607457474456e-08
21.986215591430664
11.843913078308105
35.53955078125
-3.506894685756379e-08
15.459969520568848
4.558541297912598
26.51051902770996
-3.163403761163863e-08
27.06894874572754
12.3413724899292
38.68505096435547
3.932937886474974e-08
21.986215591430664
11.843913078308105
35.53955078125
8.810022222860425e-08
15.459969520568848
4.558541297912598
26.51051902770996
4.0944307500012656e-08
11.83324146270752
-4.36553430557251
16.143558502197266
7.466515228315984e-08
11.236828804016113
-12.943209648132324
8.375554084777832
3.494466938036567e-08
11.877594947814941
-18.006576538085938
5.421871662139893
6.90059209773608e-08
12.842998504638672
-15.64898681640625
7.256354331970215
2.032103907367855e-08
14.2762451171875
-8.715563774108887
12.040627479553223
4.1181607457474456e-08
17.146188735961914
-1.8778915405273438
18.569976806640625
-3.506894685756379e-08
20.039146423339844
1.9058805704116821
22.288631439208984
-3.163403761163863e-08
18.694992065429688
-2.798370122909546
6.728629112243652
3.932937886474974e-08
21.062604904174805
2.4886255264282227
13.180508613586426
8.810022222860425e-08
24.388988494873047
13.979618072509766
24.125768661499023
4.0944307500012656e-08
23.210020065307617
20.058021545410156
26.05743980407715
7.466515228315984e-08
16.707040786743164
12.72958755493164
16.032102584838867
3.494466938036567e-08
9.456367492675781
-1.8884532451629639
3.8694331645965576
6.90059209773608e-08
6.4147868156433105
-9.114274978637695
-1.4732067584991455
2.032103907367855e-08
9.56411361694336
1.62232506275177
3.044419050216675
4.1181607457474456e-08
13.29577350616455
17.6945858001709
10.27742862701416
-3.506894685756379e-08
8.025632858276367
9.484325408935547
2.914179563522339
-3.163403761163863e-08
8.025632858276367
9.484325408935547
2.9141793251037598
3.932937886474974e-08
-1.3033982515335083
-18.217681884765625
-17.23921775817871
8.810022222860425e-08
2.531620740890503
-19.0707950592041
-19.441251754760742
4.0944307500012656e-08
16.856412887573242
15.25118350982666
4.077799320220947
7.466515228315984e-08
22.111255645751953
40.51513671875
23.84104347229004
3.494466938036567e-08
17.43198585510254
42.68128204345703
27.40100860595703
6.90059209773608e-08
14.387486457824707
44.81928634643555
25.674522399902344
2.032103907367855e-08
11.657323837280273
45.83576583862305
18.25929069519043
4.1181607457474456e-08
6.980596542358398
34.792686462402344
5.605864524841309
-3.506894685756379e-08
8.901265144348145
30.717914581298828
5.082087516784668
-3.163403761163863e-08
8.901265144348145
30.717914581298828
5.082087516784668
3.932937886474974e-08
19.86209487915039
51.380313873291016
23.35027503967285
8.810022222860425e-08
28.108217239379883
76.04330444335938
40.3273811340332
4.0944307500012656e-08
24.839981079101562
76.8187484741211
37.85449981689453
7.466515228315984e-08
17.160457611083984
60.978759765625
24.760854721069336
3.494466938036567e-08
16.895050048828125
54.99715805053711
20.83536148071289
6.90059209773608e-08
23.11521339416504
63.814598083496094
27.822368621826172
2.032103907367855e-08
25.78996467590332
69.98831176757812
31.389881134033203
4.1181607457474456e-08
22.51949119567871
64.31607055664062
25.83513832092285
-3.506894685756379e-08
19.151010513305664
54.28427505493164
18.16217803955078
-3.163403761163863e-08
26.210594177246094
73.53148651123047
31.633766174316406
3.932937886474974e-08
26.285985946655273
80.30546569824219
37.00749588012695
8.810022222860425e-08
22.437211990356445
77.10055541992188
34.094390869140625
4.0944307500012656e-08
14.666435241699219
66.86394500732422
23.443326950073242
7.466515228315984e-08
5.904637813568115
52.047386169433594
9.507831573486328
3.494466938036567e-08
3.22973370552063
41.56279754638672
3.4453353881835938
6.90059209773608e-08
8.447073936462402
43.581703186035156
10.021997451782227
2.032103907367855e-08
13.43993091583252
50.530338287353516
18.184202194213867
4.1181607457474456e-08
12.243999481201172
51.041053771972656
18.44123077392578
-3.506894685756379e-08
9.456613540649414
48.53895568847656
16.521892547607422
-3.163403761163863e-08
10.519268035888672
51.890750885009766
19.809377670288086
3.932937886474974e-08
12.454974174499512
57.20043182373047
23.58637809753418
8.810022222860425e-08
10.918457984924316
54.33334732055664
19.716327667236328
4.0944307500012656e-08
7.098474502563477
41.967987060546875
7.9632720947265625
7.466515228315984e-08
3.670785665512085
26.898025512695312
-6.167515277862549
3.494466938036567e-08
2.2215018272399902
17.030418395996094
-16.115304946899414
6.90059209773608e-08
5.069784164428711
18.295284271240234
-16.244216918945312
2.032103907367855e-08
12.535103797912598
30.133501052856445
-6.246516227722168
4.1181607457474456e-08
18.89698600769043
42.140541076660156
4.885112285614014
-3.506894685756379e-08
19.328311920166016
45.84192657470703
7.762877464294434
-3.163403761163863e-08
17.34719467163086
47.55286407470703
5.498760223388672
3.932937886474974e-08
14.826998710632324
51.92940139770508
3.754336357116699
8.810022222860425e-08
8.626381874084473
50.353271484375
0.14585313200950623
4.0944307500012656e-08
3.84493088722229
44.60186767578125
-2.937145948410034
7.466515228315984e-08
7.544171333312988
48.804420471191406
1.2225412130355835
3.494466938036567e-08
12.9621000289917
59.77770233154297
7.475581645965576
6.90059209773608e-08
10.373371124267578
59.41661834716797
5.258508682250977
2.032103907367855e-08
3.1355698108673096
46.956138610839844
-3.5452022552490234
4.1181607457474456e-08
-0.085542231798172
40.362945556640625
-8.625094413757324
-3.506894685756379e-08
0.7120084762573242
44.42433166503906
-8.962718963623047
-3.163403761163863e-08
-1.9749670028686523
30.865379333496094
-21.422603607177734
3.932937886474974e-08
-1.2304192781448364
20.325204849243164
-26.510374069213867
8.810022222860425e-08
3.076575756072998
22.85869026184082
-23.81110382080078
4.0944307500012656e-08
6.535615921020508
31.000558853149414
-18.098363876342773
7.466515228315984e-08
3.1730704307556152
29.085241317749023
-17.568180084228516
3.494466938036567e-08
-7.048146724700928
14.875808715820312
-24.224346160888672
6.90059209773608e-08
-16.125083923339844
5.193933486938477
-29.273962020874023
2.032103907367855e-08
-18.149049758911133
12.229750633239746
-23.77333641052246
4.1181607457474456e-08
-15.63876724243164
25.359813690185547
-11.134639739990234
-3.506894685756379e-08
-13.801284790039062
29.007596969604492
-2.0655272006988525
-3.163403761163863e-08
-13.801284790039062
29.007596969604492
-2.0655272006988525
3.932937886474974e-08
-13.490035057067871
26.059019088745117
-0.040659260004758835
8.810022222860425e-08
-12.158066749572754
27.46181297302246
-0.008991202339529991
4.0944307500012656e-08
-10.581069946289062
28.236772537231445
-1.1969308853149414
7.466515228315984e-08
-10.921462059020996
18.527944564819336
-6.203373908996582
3.494466938036567e-08
-9.773716926574707
9.204466819763184
-8.759295463562012
6.90059209773608e-08
-5.473522663116455
13.352198600769043
-3.8433220386505127
2.032103907367855e-08
-5.783172607421875
17.247478485107422
-1.5105468034744263
4.1181607457474456e-08
-14.492019653320312
6.259583473205566
-8.300182342529297
-3.506894685756379e-08
-21.803325653076172
-4.601304054260254
-12.321056365966797
-3.163403761163863e-08
-21.688222885131836
-0.4682306945323944
-7.198824405670166
3.932937886474974e-08
-21.723602294921875
6.123383045196533
-5.083483695983887
8.810022222860425e-08
-26.031286239624023
3.141047239303589
-12.040375709533691
4.0944307500012656e-08
-31.114429473876953
-6.2170090675354
-22.31269073486328
7.466515228315984e-08
-36.605018615722656
-19.71739387512207
-34.06879425048828
3.494466938036567e-08
-40.12755584716797
-31.18012046813965
-42.721397399902344
6.90059209773608e-08
-35.378238677978516
-26.636741638183594
-37.2630729675293
2.032103907367855e-08
-25.831226348876953
-8.693746566772461
-20.601112365722656
4.1181607457474456e-08
-22.10706329345703
2.349965810775757
-10.458090782165527
-3.506894685756379e-08
-26.064138412475586
-1.7839832305908203
-15.1395263671875
-3.163403761163863e-08
-31.051176071166992
-10.809229850769043
-25.962146759033203
3.932937886474974e-08
-32.15929412841797
-15.570906639099121
-31.5091552734375
8.810022222860425e-08
-29.38336181640625
-16.732114791870117
-29.998979568481445
4.0944307500012656e-08
-25.61350440979004
-17.538333892822266
-27.715471267700195
7.466515228315984e-08
-22.92386245727539
-16.03026580810547
-26.8719425201416
3.494466938036567e-08
-19.662012100219727
-8.640942573547363
-22.6689453125
6.90059209773608e-08
-10.840956687927246
5.607548236846924
-10.338370323181152
2.032103907367855e-08
3.2564682960510254
24.343114852905273
7.568760871887207
4.1181607457474456e-08
11.052867889404297
35.671104431152344
16.868104934692383
-3.506894685756379e-08
6.091968536376953
30.865442276000977
9.285490989685059
-3.163403761163863e-08
6.091968536376953
30.865442276000977
9.285490989685059
3.932937886474974e-08
-2.422374725341797
21.235767364501953
-2.6550793647766113
8.810022222860425e-08
-6.539779186248779
18.602214813232422
-7.147672653198242
4.0944307500012656e-08
-6.895449638366699
20.193973541259766
-6.012654781341553
7.466515228315984e-08
-4.375727653503418
23.61900520324707
-0.5345231890678406
3.494466938036567e-08
-1.466996431350708
28.387243270874023
8.241004943847656
6.90059209773608e-08
-3.310563087463379
28.298303604125977
12.581623077392578
2.032103907367855e-08
-8.89469051361084
23.56427574157715
10.672506332397461
4.1181607457474456e-08
-11.355306625366211
24.1870174407959
10.907139778137207
-3.506894685756379e-08
-10.764496803283691
28.101741790771484
12.94363021850586
-3.163403761163863e-08
-11.870073318481445
26.711692810058594
10.623662948608398
3.932937886474974e-08
-12.77892017364502
28.46809196472168
10.348403930664062
8.810022222860425e-08
-12.008281707763672
39.270877838134766
16.07249641418457
4.0944307500012656e-08
-14.356239318847656
43.57525634765625
17.2258358001709
7.466515228315984e-08
-19.288278579711914
35.360572814941406
12.476461410522461
3.494466938036567e-08
-19.436662673950195
30.42174530029297
14.452505111694336
6.90059209773608e-08
-15.336599349975586
32.51025390625
22.364086151123047
2.032103907367855e-08
-18.115314483642578
22.418609619140625
17.641584396362305
4.1181607457474456e-08
-30.549346923828125
-6.738977909088135
-5.056046962738037
-3.506894685756379e-08
-38.21617126464844
-31.15370750427246
-23.04473114013672
-3.163403761163863e-08
-38.21617126464844
-31.15370750427246
-23.04473114013672
3.932937886474974e-08
-32.237152099609375
-32.433170318603516
-18.727951049804688
8.810022222860425e-08
-23.891530990600586
-25.584354400634766
-6.447290897369385
4.0944307500012656e-08
-22.306394577026367
-27.1560115814209
-2.8787622451782227
7.466515228315984e-08
-23.73056983947754
-33.822330474853516
-4.9762983322143555
3.494466938036567e-08
-26.307870864868164
-43.755775451660156
-9.8500394821167
6.90059209773608e-08
-27.048635482788086
-53.85970687866211
-14.545689582824707
2.032103907367855e-08
-18.68150520324707
-52.45272445678711
-9.26042366027832
4.1181607457474456e-08
-5.1333770751953125
-42.11298751831055
3.59600830078125
-3.506894685756379e-08
1.067266821861267
-37.77696228027344
10.430212020874023
-3.163403761163863e-08
-7.139883518218994
-43.66594314575195
5.20706844329834
3.932937886474974e-08
-8.445777893066406
-47.37057113647461
5.085436820983887
8.810022222860425e-08
-9.545317649841309
-58.80286407470703
2.7613604068756104
4.0944307500012656e-08
-9.767714500427246
-69.57337188720703
-1.596915602684021
7.466515228315984e-08
-5.22769021987915
-66.94945526123047
-0.9727630615234375
3.494466938036567e-08
-0.8609892129898071
-58.21218490600586
2.725900173187256
6.90059209773608e-08
-4.367452144622803
-58.75999450683594
0.602037787437439
2.032103907367855e-08
-12.326499938964844
-68.15612030029297
-7.454024314880371
4.1181607457474456e-08
-17.05222511291504
-77.41910552978516
-14.776557922363281
-3.506894685756379e-08
-18.274097442626953
-83.72000122070312
-19.3117733001709
-3.163403761163863e-08
-18.50600242614746
-89.02741241455078
-24.205360412597656
3.932937886474974e-08
-14.905975341796875
-91.88674926757812
-28.05584144592285
8.810022222860425e-08
-4.148147106170654
-85.90304565429688
-22.419443130493164
4.0944307500012656e-08
8.783027648925781
-70.13569641113281
-6.759655475616455
7.466515228315984e-08
15.753852844238281
-54.05242156982422
6.632842540740967
3.494466938036567e-08
14.442117691040039
-49.61039733886719
7.425771713256836
6.90059209773608e-08
6.927886962890625
-61.461421966552734
-4.0650458335876465
2.032103907367855e-08
-1.0115635395050049
-77.20697021484375
-16.652799606323242
4.1181607457474456e-08
-1.6260069608688354
-76.76152038574219
-16.705913543701172
-3.506894685756379e-08
5.641224384307861
-59.71934127807617
-4.333580493927002
-3.163403761163863e-08
5.641224384307861
-59.71934127807617
-4.333580493927002
3.932937886474974e-08
13.607794761657715
-44.43445587158203
7.2278594970703125
8.810022222860425e-08
16.67473793029785
-41.42352294921875
7.89472770690918
4.0944307500012656e-08
14.286258697509766
-47.33726501464844
-2.455876111984253
7.466515228315984e-08
9.75929069519043
-58.28792190551758
-17.601198196411133
3.494466938036567e-08
9.514169692993164
-69.47574615478516
-27.242820739746094
6.90059209773608e-08
16.228527069091797
-71.4360122680664
-24.271013259887695
2.032103907367855e-08
24.084882736206055
-62.00849151611328
-14.252347946166992
4.1181607457474456e-08
27.40782356262207
-50.4610595703125
-7.243237018585205
-3.506894685756379e-08
27.215864181518555
-42.78683853149414
-3.5646326541900635
-3.163403761163863e-08
26.057769775390625
-24.27522087097168
7.939017295837402
3.932937886474974e-08
24.821746826171875
-23.205392837524414
6.392222881317139
8.810022222860425e-08
22.047439575195312
-25.56892204284668
4.751929759979248
4.0944307500012656e-08
18.892276763916016
-28.827024459838867
2.7333269119262695
7.466515228315984e-08
19.479385375976562
-25.17304039001465
4.005146503448486
3.494466938036567e-08
24.397571563720703
-10.85487174987793
12.686419486999512
6.90059209773608e-08
25.470129013061523
0.6858047246932983
18.73008155822754
2.032103907367855e-08
22.436832427978516
1.2794395685195923
15.017620086669922
4.1181607457474456e-08
26.423152923583984
4.195927143096924
13.864657402038574
-3.506894685756379e-08
33.70292663574219
11.784226417541504
18.104867935180664
-3.163403761163863e-08
30.898204803466797
11.400529861450195
15.426753997802734
3.932937886474974e-08
24.06792449951172
9.57776165008545
10.79151439666748
8.810022222860425e-08
25.265901565551758
17.944046020507812
16.290857315063477
4.0944307500012656e-08
29.755050659179688
27.167808532714844
25.21994400024414
7.466515228315984e-08
29.577285766601562
29.21421241760254
27.551698684692383
3.494466938036567e-08
27.06126594543457
31.606029510498047
26.41904640197754
6.90059209773608e-08
28.073137283325195
41.42814636230469
30.64592742919922
2.032103907367855e-08
31.73947525024414
55.53591537475586
40.56950378417969
4.1181607457474456e-08
31.766916275024414
66.37703704833984
46.43693542480469
-3.506894685756379e-08
27.38755226135254
69.88382720947266
43.728214263916016
-3.163403761163863e-08
27.38755226135254
69.88382720947266
43.728214263916016
3.932937886474974e-08
22.115297317504883
65.16111755371094
36.82170867919922
8.810022222860425e-08
17.665586471557617
57.779808044433594
31.920679092407227
4.0944307500012656e-08
17.24384117126465
61.11659240722656
35.38933181762695
7.466515228315984e-08
20.165943145751953
73.5999755859375
43.3643798828125
3.494466938036567e-08
19.216114044189453
76.42703247070312
43.38042068481445
6.90059209773608e-08
14.628450393676758
67.33193969726562
36.5137825012207
2.032103907367855e-08
15.356756210327148
65.181884765625
36.38948059082031
4.1181607457474456e-08
21.26436996459961
76.30085754394531
44.75328063964844
-3.506894685756379e-08
21.350528717041016
85.90731048583984
48.9146728515625
-3.163403761163863e-08
3.675346612930298
78.49700927734375
34.31488037109375
3.932937886474974e-08
3.7929205894470215
77.97850799560547
32.88780975341797
8.810022222860425e-08
7.46347713470459
80.7547378540039
35.989227294921875
4.0944307500012656e-08
5.872848987579346
79.46475219726562
34.701820373535156
7.466515228315984e-08
2.246516466140747
78.0156478881836
31.649696350097656
3.494466938036567e-08
4.0193095207214355
83.99223327636719
34.562400817871094
6.90059209773608e-08
8.158150672912598
89.68013000488281
37.53887939453125
2.032103907367855e-08
8.859199523925781
85.65892028808594
33.46514892578125
4.1181607457474456e-08
6.734879016876221
78.36087036132812
28.328676223754883
-3.506894685756379e-08
5.994744300842285
79.0875244140625
29.64881134033203
-3.163403761163863e-08
8.94273567199707
88.23546600341797
34.91765594482422
3.932937886474974e-08
2.3650877475738525
74.75885009765625
23.93294334411621
8.810022222860425e-08
-2.9104387760162354
60.910186767578125
13.000475883483887
4.0944307500012656e-08
-0.5067085027694702
59.2692985534668
11.304716110229492
7.466515228315984e-08
4.010900974273682
64.78547668457031
15.790690422058105
3.494466938036567e-08
5.9846882820129395
72.0815658569336
22.066925048828125
6.90059209773608e-08
6.386229515075684
81.91705322265625
28.423748016357422
2.032103907367855e-08
4.573817729949951
89.88951110839844
32.10541915893555
4.1181607457474456e-08
0.377569317817688
90.29479217529297
32.13629150390625
-3.506894685756379e-08
-2.417017936706543
86.24606323242188
30.476198196411133
-3.163403761163863e-08
0.377569317817688
90.29479217529297
32.13629150390625
3.932937886474974e-08
-2.417017936706543
86.24606323242188
30.476198196411133
8.810022222860425e-08
-2.7181637287139893
82.84211730957031
27.06598472595215
4.0944307500012656e-08
-4.032019138336182
78.9975357055664
21.053987503051758
7.466515228315984e-08
-6.2090253829956055
75.16220092773438
16.73426055908203
3.494466938036567e-08
-5.9680609703063965
74.9744873046875
17.44445037841797
6.90059209773608e-08
-6.109988212585449
74.4002914428711
16.641338348388672
2.032103907367855e-08
-12.554710388183594
64.59650421142578
6.436365127563477
4.1181607457474456e-08
-21.150428771972656
49.177738189697266
-7.3520002365112305
-3.506894685756379e-08
-23.50580406188965
39.397056579589844
-14.30683708190918
-3.163403761163863e-08
-23.41915512084961
32.804683685302734
-18.90643310546875
3.932937886474974e-08
-25.613407135009766
26.01960563659668
-25.312326431274414
8.810022222860425e-08
-25.311744689941406
27.497962951660156
-24.4249267578125
4.0944307500012656e-08
-22.814346313476562
32.82404708862305
-18.001657485961914
7.466515228315984e-08
-21.081995010375977
29.86699867248535
-16.103796005249023
3.494466938036567e-08
-16.06209945678711
27.663469314575195
-12.468281745910645
6.90059209773608e-08
-8.246899604797363
37.644752502441406
0.2456185519695282
2.032103907367855e-08
-4.163990020751953
49.52215576171875
12.216389656066895
4.1181607457474456e-08
-4.566727161407471
49.75279998779297
13.002971649169922
-3.506894685756379e-08
-5.876919746398926
41.731292724609375
6.386453628540039
-3.163403761163863e-08
-6.932601451873779
36.97476577758789
3.694476842880249
3.932937886474974e-08
-6.431812763214111
40.45803451538086
7.852077960968018
8.810022222860425e-08
-6.29792594909668
42.16924285888672
9.071735382080078
4.0944307500012656e-08
-8.872570037841797
36.00010299682617
3.028130531311035
7.466515228315984e-08
-13.967897415161133
21.75676155090332
-8.895171165466309
3.494466938036567e-08
-15.897576332092285
12.034673690795898
-16.970853805541992
6.90059209773608e-08
-11.484477043151855
15.581886291503906
-14.708510398864746
2.032103907367855e-08
-8.316493034362793
19.798137664794922
-11.68030071258545
4.1181607457474456e-08
-12.127288818359375
11.534171104431152
-18.421403884887695
-3.506894685756379e-08
-14.705373764038086
1.1918107271194458
-26.241899490356445
-3.163403761163863e-08
-9.847923278808594
0.7918108105659485
-24.15526580810547
3.932937886474974e-08
-4.693014144897461
2.5390782356262207
-18.873775482177734
8.810022222860425e-08
-2.7627134323120117
1.7426402568817139
-16.688068389892578
4.0944307500012656e-08
0.838100254535675
7.277225017547607
-11.80392837524414
7.466515228315984e-08
2.683525562286377
14.500654220581055
-6.8163933753967285
3.494466938036567e-08
-3.8706300258636475
6.753960609436035
-13.429732322692871
6.90059209773608e-08
-11.094314575195312
-11.468406677246094
-27.829761505126953
2.032103907367855e-08
-8.903714179992676
-20.2635555267334
-34.60517501831055
4.1181607457474456e-08
-1.4781986474990845
-15.963521003723145
-30.0697021484375
-3.506894685756379e-08
3.911700487136841
-8.71401309967041
-21.714088439941406
-3.163403761163863e-08
5.4428863525390625
-6.962235927581787
-17.712783813476562
3.932937886474974e-08
1.1847678422927856
-14.999272346496582
-23.1451358795166
8.810022222860425e-08
-8.380376815795898
-30.469968795776367
-35.944671630859375
4.0944307500012656e-08
-16.15878677368164
-44.835960388183594
-47.67951583862305
7.466515228315984e-08
-16.558361053466797
-52.8648796081543
-52.079811096191406
3.494466938036567e-08
-13.168173789978027
-56.8322868347168
-51.26422882080078
6.90059209773608e-08
-12.067445755004883
-60.6107063293457
-51.34099578857422
2.032103907367855e-08
-12.0568208694458
-63.50314712524414
-52.33201599121094
4.1181607457474456e-08
-9.687453269958496
-63.729713439941406
-50.17937469482422
-3.506894685756379e-08
-5.586061000823975
-61.11515808105469
-44.60005569458008
-3.163403761163863e-08
-5.586061477661133
-61.11515808105469
-44.60005569458008
3.932937886474974e-08
-0.8142693638801575
-54.79473114013672
-37.1540641784668
8.810022222860425e-08
4.283437728881836
-45.96607971191406
-28.2603702545166
4.0944307500012656e-08
9.374887466430664
-36.634944915771484
-16.93880271911621
7.466515228315984e-08
13.421133995056152
-26.666454315185547
-4.378951549530029
3.494466938036567e-08
12.82526683807373
-21.07316780090332
1.0102087259292603
6.90059209773608e-08
7.869139194488525
-25.005718231201172
-4.444189071655273
2.032103907367855e-08
5.736161708831787
-30.608095169067383
-9.659398078918457
4.1181607457474456e-08
8.66555118560791
-28.69388771057129
-6.930815696716309
-3.506894685756379e-08
10.914154052734375
-22.479074478149414
-2.323756217956543
-3.163403761163863e-08
13.246931076049805
-6.96802282333374
8.48902702331543
3.932937886474974e-08
14.64759635925293
0.5615713596343994
14.22583293914795
8.810022222860425e-08
11.313313484191895
-0.22121381759643555
11.322457313537598
4.0944307500012656e-08
6.106163024902344
-5.5001325607299805
4.721185684204102
7.466515228315984e-08
3.062263250350952
-6.2586283683776855
2.3936192989349365
3.494466938036567e-08
0.6179689764976501
-3.091054677963257
2.41375470161438
6.90059209773608e-08
-0.9300587177276611
1.153191328048706
4.205855846405029
2.032103907367855e-08
0.8712716698646545
7.417555809020996
10.470303535461426
4.1181607457474456e-08
1.4151636362075806
9.006733894348145
11.80463981628418
-3.506894685756379e-08
-3.1082305908203125
-1.9747933149337769
-0.9032016396522522
-3.163403761163863e-08
-3.1082308292388916
-1.9747933149337769
-0.903201699256897
3.932937886474974e-08
-5.481350421905518
-15.625314712524414
-14.33433723449707
8.810022222860425e-08
-0.2874003052711487
-16.48761749267578
-12.161629676818848
4.0944307500012656e-08
6.304934978485107
-6.415280342102051
-0.6051048040390015
7.466515228315984e-08
7.999892234802246
2.0528643131256104
6.474240779876709
3.494466938036567e-08
5.569453716278076
2.7633066177368164
6.636481285095215
6.90059209773608e-08
0.9856410622596741
-2.361774444580078
3.3259453773498535
2.032103907367855e-08
-4.245987892150879
-7.5485429763793945
0.28332677483558655
4.1181607457474456e-08
-6.433327674865723
-6.807231903076172
1.9354161024093628
-3.506894685756379e-08
-2.8953402042388916
-0.1532164067029953
8.205594062805176
-3.163403761163863e-08
-6.307847499847412
-31.169355392456055
-16.606870651245117
3.932937886474974e-08
-5.63480806350708
-35.84597396850586
-20.330408096313477
8.810022222860425e-08
0.18822140991687775
-21.973602294921875
-9.080570220947266
4.0944307500012656e-08
0.8491453528404236
-10.965032577514648
0.034637484699487686
7.466515228315984e-08
-5.896610736846924
-15.30492115020752
-4.249439239501953
3.494466938036567e-08
-12.802238464355469
-25.072771072387695
-15.042570114135742
6.90059209773608e-08
-16.188203811645508
-32.50105667114258
-23.96358299255371
2.032103907367855e-08
-16.290939331054688
-38.66044998168945
-28.583255767822266
4.1181607457474456e-08
-10.55024528503418
-36.284820556640625
-23.99618911743164
-3.506894685756379e-08
-1.1600981950759888
-21.403182983398438
-10.917526245117188
-3.163403761163863e-08
2.570672035217285
-8.79675579071045
-1.9001262187957764
3.932937886474974e-08
-0.5987735390663147
-7.695119380950928
-1.2952210903167725
8.810022222860425e-08
-1.6343764066696167
-6.706637382507324
1.6646090745925903
4.0944307500012656e-08
1.9123969078063965
0.8135969042778015
10.585911750793457
7.466515228315984e-08
2.728590726852417
4.658390045166016
13.79824447631836
3.494466938036567e-08
-0.6455984115600586
-1.1299805641174316
5.588897228240967
6.90059209773608e-08
-0.633510410785675
-8.106087684631348
-2.823395013809204
2.032103907367855e-08
3.278031587600708
-11.617362022399902
-4.251362323760986
4.1181607457474456e-08
4.457531929016113
-13.553614616394043
-3.7047667503356934
-3.506894685756379e-08
2.8352062702178955
-11.967985153198242
-3.767519235610962
-3.163403761163863e-08
3.278031587600708
-11.617362976074219
-4.251362323760986
3.932937886474974e-08
4.4575324058532715
-13.553614616394043
-3.7047667503356934
8.810022222860425e-08
2.8352062702178955
-11.967985153198242
-3.767519235610962
4.0944307500012656e-08
0.8105543851852417
-11.589981079101562
-6.2533183097839355
7.466515228315984e-08
-3.343954563140869
-21.38910675048828
-14.72135066986084
3.494466938036567e-08
-9.232392311096191
-36.10153579711914
-25.903146743774414
6.90059209773608e-08
-11.140907287597656
-42.25462341308594
-31.0106258392334
2.032103907367855e-08
-5.344402313232422
-36.53047180175781
-25.54594612121582
4.1181607457474456e-08
1.5910744667053223
-30.32419204711914
-17.693511962890625
-3.506894685756379e-08
1.511184573173523
-31.903343200683594
-17.459375381469727
-3.163403761163863e-08
-6.370049476623535
-31.01053237915039
-22.453855514526367
3.932937886474974e-08
-8.972843170166016
-31.1026668548584
-23.717491149902344
8.810022222860425e-08
-7.800586700439453
-31.649642944335938
-22.26247215270996
4.0944307500012656e-08
-2.575853109359741
-27.208377838134766
-16.746286392211914
7.466515228315984e-08
-0.5294710397720337
-21.78664207458496
-13.48756217956543
3.494466938036567e-08
-4.492436408996582
-18.7437744140625
-14.411284446716309
6.90059209773608e-08
-7.02420711517334
-14.318065643310547
-11.950532913208008
2.032103907367855e-08
-2.6171743869781494
-5.943846702575684
-2.003591537475586
4.1181607457474456e-08
3.622252941131592
2.5101706981658936
8.046159744262695
-3.506894685756379e-08
3.4908571243286133
3.2278778553009033
8.466995239257812
-3.163403761163863e-08
3.4908571243286133
3.2278778553009033
8.466995239257812
3.932937886474974e-08
-3.820413827896118
-8.82485580444336
-1.5001004934310913
8.810022222860425e-08
-10.891971588134766
-27.323097229003906
-13.750442504882812
4.0944307500012656e-08
-11.13318157196045
-38.65220260620117
-19.594667434692383
7.466515228315984e-08
-6.68109130859375
-38.632572174072266
-17.433734893798828
3.494466938036567e-08
-4.7870306968688965
-38.5610237121582
-14.895607948303223
6.90059209773608e-08
-6.352095127105713
-45.22040939331055
-16.945829391479492
2.032103907367855e-08
-5.051401138305664
-46.19330596923828
-15.003036499023438
4.1181607457474456e-08
-1.515055537223816
-35.137672424316406
-5.581840991973877
-3.506894685756379e-08
-4.116700172424316
-29.521800994873047
-3.9405739307403564
-3.163403761163863e-08
-11.243189811706543
-39.61311340332031
-16.363908767700195
3.932937886474974e-08
-12.562679290771484
-50.46632766723633
-26.080337524414062
8.810022222860425e-08
-9.088112831115723
-51.0456428527832
-24.101110458374023
4.0944307500012656e-08
-11.848358154296875
-50.98749542236328
-23.6296443939209
7.466515228315984e-08
-21.103219985961914
-59.44158172607422
-32.76948165893555
3.494466938036567e-08
-24.999530792236328
-69.5532455444336
-39.81501007080078
6.90059209773608e-08
-18.351896286010742
-69.67314147949219
-33.39823532104492
2.032103907367855e-08
-7.467884063720703
-55.96513366699219
-16.49445343017578
4.1181607457474456e-08
-0.8166661858558655
-37.90601348876953
-0.7717451453208923
-3.506894685756379e-08
-2.7342331409454346
-33.089515686035156
2.3987011909484863
-3.163403761163863e-08
-2.635605573654175
-26.664764404296875
3.3502581119537354
3.932937886474974e-08
-8.939068794250488
-28.220195770263672
1.572726845741272
8.810022222860425e-08
-12.43704605102539
-31.605199813842773
-1.694126844406128
4.0944307500012656e-08
-6.809865951538086
-25.59861183166504
2.9478418827056885
7.466515228315984e-08
-1.8449445962905884
-19.413551330566406
8.598284721374512
3.494466938036567e-08
-3.4630801677703857
-19.375293731689453
9.386914253234863
6.90059209773608e-08
-3.7890942096710205
-17.240671157836914
11.08525562286377
2.032103907367855e-08
0.7080797553062439
-9.664918899536133
16.344688415527344
4.1181607457474456e-08
2.815246343612671
-5.049283504486084
19.243993759155273
-3.506894685756379e-08
-2.016251564025879
-11.759370803833008
13.792562484741211
-3.163403761163863e-08
-10.2288818359375
-28.943050384521484
0.1603715717792511
3.932937886474974e-08
-13.774201393127441
-40.53464126586914
-9.252897262573242
8.810022222860425e-08
-7.547107219696045
-28.98537826538086
0.13812661170959473
4.0944307500012656e-08
1.300469994544983
-5.12030029296875
19.04344367980957
7.466515228315984e-08
1.4579073190689087
3.663247585296631
24.038244247436523
3.494466938036567e-08
-3.841470718383789
-1.5679378509521484
16.917179107666016
6.90059209773608e-08
-4.460440158843994
-0.5892013311386108
16.299474716186523
2.032103907367855e-08
-3.6407041549682617
2.296786308288574
18.721826553344727
4.1181607457474456e-08
-8.349000930786133
-7.9940667152404785
10.373991966247559
-3.506894685756379e-08
-11.965015411376953
-21.654457092285156
-1.2623847723007202
-3.163403761163863e-08
-11.965015411376953
-21.654457092285156
-1.2623847723007202
3.932937886474974e-08
-6.40885591506958
-21.619400024414062
-1.1342084407806396
8.810022222860425e-08
3.5127265453338623
-10.309165954589844
9.043882369995117
4.0944307500012656e-08
8.782323837280273
-0.26398348808288574
16.766828536987305
7.466515228315984e-08
8.529894828796387
1.571334958076477
15.24032211303711
3.494466938036567e-08
9.319034576416016
-3.296649217605591
9.253401756286621
6.90059209773608e-08
16.588298797607422
-5.76012659072876
9.286910057067871
2.032103907367855e-08
27.795324325561523
1.8926340341567993
18.78126335144043
4.1181607457474456e-08
33.65794372558594
13.609771728515625
28.628480911254883
-3.506894685756379e-08
27.25324058532715
14.132512092590332
26.45829963684082
-3.163403761163863e-08
27.25324058532715
14.132512092590332
26.45829963684082
3.932937886474974e-08
15.194683074951172
3.654080629348755
14.720287322998047
8.810022222860425e-08
11.823182106018066
1.3330837488174438
11.142660140991211
4.0944307500012656e-08
16.652795791625977
11.400712013244629
20.169727325439453
7.466515228315984e-08
16.592388153076172
17.081789016723633
26.20411491394043
3.494466938036567e-08
10.768366813659668
14.125232696533203
22.890722274780273
6.90059209773608e-08
8.627514839172363
13.207133293151855
19.304792404174805
2.032103907367855e-08
10.958654403686523
16.502450942993164
20.16115379333496
4.1181607457474456e-08
11.222480773925781
18.551082611083984
21.40671730041504
-3.506894685756379e-08
7.374931812286377
18.145339965820312
19.024873733520508
-3.163403761163863e-08
7.374931812286377
18.145339965820312
19.024873733520508
3.932937886474974e-08
4.274902820587158
19.234655380249023
15.363882064819336
8.810022222860425e-08
5.830804824829102
23.921920776367188
15.065848350524902
4.0944307500012656e-08
8.591341972351074
26.714235305786133
14.972552299499512
7.466515228315984e-08
8.897686958312988
22.46525001525879
9.911799430847168
3.494466938036567e-08
8.767133712768555
15.479997634887695
3.5840067863464355
6.90059209773608e-08
8.554461479187012
10.449753761291504
0.23280932009220123
2.032103907367855e-08
6.841376781463623
6.793274402618408
-1.6249347925186157
4.1181607457474456e-08
5.944260597229004
3.2118520736694336
-3.626157760620117
-3.506894685756379e-08
7.283308506011963
-1.3948357105255127
-6.396237850189209
-3.163403761163863e-08
10.012920379638672
-5.154749870300293
-7.476583957672119
3.932937886474974e-08
16.141315460205078
-1.457999348640442
-0.11899448931217194
8.810022222860425e-08
22.87700843811035
7.252023220062256
11.934925079345703
4.0944307500012656e-08
18.875913619995117
5.352296352386475
10.555877685546875
7.466515228315984e-08
4.871016502380371
-10.328852653503418
-7.3525800704956055
3.494466938036567e-08
-0.37730053067207336
-18.932947158813477
-18.013389587402344
6.90059209773608e-08
9.143136024475098
-8.21140193939209
-8.749988555908203
2.032103907367855e-08
16.196714401245117
5.63238000869751
1.6408984661102295
4.1181607457474456e-08
12.496668815612793
8.949947357177734
0.1379130780696869
-3.506894685756379e-08
8.90018367767334
8.877883911132812
-1.4395997524261475
-3.163403761163863e-08
3.4963417053222656
-10.013833045959473
-13.141729354858398
3.932937886474974e-08
5.610061168670654
-7.984384059906006
-12.83012866973877
8.810022222860425e-08
9.110269546508789
-0.7233839631080627
-5.752696514129639
4.0944307500012656e-08
11.489221572875977
7.0797038078308105
2.9521541595458984
7.466515228315984e-08
12.961762428283691
16.511428833007812
12.676454544067383
3.494466938036567e-08
9.83673095703125
19.150014877319336
15.41236400604248
6.90059209773608e-08
2.5879111289978027
7.864094257354736
4.60360050201416
2.032103907367855e-08
0.28265583515167236
-6.306838035583496
-8.482415199279785
4.1181607457474456e-08
6.03401517868042
-10.363964080810547
-10.151032447814941
-3.506894685756379e-08
12.235411643981934
-6.071022987365723
-3.1765549182891846
-3.163403761163863e-08
13.061680793762207
-0.41468507051467896
2.96708607673645
3.932937886474974e-08
9.59171199798584
3.0823025703430176
5.727364540100098
8.810022222860425e-08
6.175602912902832
4.863325119018555
8.092500686645508
4.0944307500012656e-08
4.795230388641357
5.212854862213135
9.102228164672852
7.466515228315984e-08
3.825852632522583
1.378875732421875
4.456115245819092
3.494466938036567e-08
5.323183059692383
-0.8578442335128784
1.8035987615585327
6.90059209773608e-08
