0
-12.140311241149902
4.390472412109375
-0.4279033839702606
8.810022222860425e-08
-15.790521621704102
-3.3804075717926025
-6.151590824127197
4.0944307500012656e-08
-16.065576553344727
-13.483214378356934
-13.292009353637695
7.466515228315984e-08
-13.288750648498535
-16.6366024017334
-16.09586524963379
3.494466938036567e-08
-12.542128562927246
-13.204235076904297
-15.680801391601562
6.90059209773608e-08
-13.759000778198242
-8.82004451751709
-13.943642616271973
2.032103907367855e-08
-11.94391918182373
-3.73602032661438
-8.966828346252441
4.1181607457474456e-08
-6.658682823181152
4.565556526184082
-2.193784713745117
-3.506894685756379e-08
-2.793412446975708
12.685243606567383
0.5064435005187988
-3.163403761163863e-08
-2.793412446975708
12.685243606567383
0.5064435005187988
3.932937886474974e-08
-3.34352707862854
10.401031494140625
-5.409165859222412
8.810022222860425e-08
-5.412795543670654
-1.8242772817611694
-15.122056007385254
4.0944307500012656e-08
-3.4436516761779785
-4.072160720825195
-14.779353141784668
7.466515228315984e-08
2.9289498329162598
11.896186828613281
-2.2166075706481934
3.494466938036567e-08
6.79954195022583
22.872255325317383
4.501804351806641
6.90059209773608e-08
4.13994026184082
12.782092094421387
-4.3672685623168945
2.032103907367855e-08
0.5230963826179504
-0.5949051380157471
-15.037520408630371
4.1181607457474456e-08
1.4076205492019653
-0.5058298707008362
-16.62787628173828
-3.506894685756379e-08
3.7831835746765137
3.8159642219543457
-15.841440200805664
-3.163403761163863e-08
3.7831835746765137
3.8159642219543457
-15.841440200805664
3.932937886474974e-08
4.067777156829834
1.7699449062347412
-18.41872215270996
8.810022222860425e-08
5.0874552726745605
-2.0205466747283936
-20.22664451599121
4.0944307500012656e-08
8.676496505737305
-2.683607816696167
-19.73079490661621
7.466515228315984e-08
10.58529281616211
-3.8869717121124268
-21.973352432250977
3.494466938036567e-08
9.692310333251953
-5.058832168579102
-25.609678268432617
6.90059209773608e-08
11.590775489807129
1.8975176811218262
-20.429046630859375
2.032103907367855e-08
17.854564666748047
18.44904899597168
-3.583425521850586
4.1181607457474456e-08
21.19209098815918
32.65302658081055
10.855079650878906
-3.506894685756379e-08
15.748820304870605
31.539289474487305
7.087579250335693
-3.163403761163863e-08
15.748820304870605
31.539289474487305
7.087579250335693
3.932937886474974e-08
5.899880886077881
18.886558532714844
-8.83552360534668
8.810022222860425e-08
-0.33338847756385803
10.585918426513672
-17.22804069519043
4.0944307500012656e-08
-0.8530042171478271
13.310418128967285
-13.07913589477539
7.466515228315984e-08
2.4118893146514893
24.626934051513672
-3.126049280166626
3.494466938036567e-08
5.238191604614258
36.40057373046875
5.450613021850586
6.90059209773608e-08
2.5617644786834717
32.962371826171875
2.418121576309204
2.032103907367855e-08
-3.523607015609741
13.555091857910156
-12.003665924072266
4.1181607457474456e-08
-5.616461277008057
0.6043949127197266
-21.164470672607422
-3.506894685756379e-08
-1.8956254720687866
6.238918304443359
-16.15226173400879
-3.163403761163863e-08
2.4361610412597656
33.17816162109375
15.596388816833496
3.932937886474974e-08
0.7022847533226013
46.86853790283203
25.94729232788086
8.810022222860425e-08
-2.0413763523101807
51.6727180480957
25.10847282409668
4.0944307500012656e-08
-5.198854923248291
40.181095123291016
13.184191703796387
7.466515228315984e-08
-5.556786060333252
25.848915100097656
4.284449577331543
3.494466938036567e-08
-5.4881205558776855
19.15195655822754
2.109354257583618
6.90059209773608e-08
-9.80953598022461
12.934083938598633
-3.2560818195343018
2.032103907367855e-08
-13.973204612731934
2.7618093490600586
-11.338903427124023
4.1181607457474456e-08
-10.434985160827637
-1.1515246629714966
-9.772493362426758
-3.506894685756379e-08
-3.000359535217285
7.873254776000977
2.3365848064422607
-3.163403761163863e-08
-3.000359535217285
7.873254776000977
2.3365848064422607
3.932937886474974e-08
-2.9385874271392822
16.205322265625
8.567851066589355
8.810022222860425e-08
-13.272513389587402
7.189925193786621
-2.0726099014282227
4.0944307500012656e-08
-22.563316345214844
-7.849413871765137
-15.556026458740234
7.466515228315984e-08
-20.11844253540039
-3.6976850032806396
-12.021358489990234
3.494466938036567e-08
-13.056380271911621
12.957719802856445
0.5681023001670837
6.90059209773608e-08
-12.792458534240723
15.78759765625
2.0022382736206055
2.032103907367855e-08
-17.016691207885742
4.7064900398254395
-5.868821144104004
4.1181607457474456e-08
-20.23246955871582
-5.991552829742432
-12.72608757019043
-3.506894685756379e-08
-23.005205154418945
-17.0711727142334
-20.484407424926758
-3.163403761163863e-08
-23.22140121459961
-28.284767150878906
-27.75861167907715
3.932937886474974e-08
-17.432466506958008
-29.900667190551758
-26.16777801513672
8.810022222860425e-08
-9.337722778320312
-23.335350036621094
-17.84172821044922
4.0944307500012656e-08
-4.2708024978637695
-16.348278045654297
-9.110424041748047
7.466515228315984e-08
-3.7847793102264404
-10.345637321472168
-1.0892109870910645
3.494466938036567e-08
-8.538458824157715
-10.43286418914795
1.0806392431259155
6.90059209773608e-08
-15.730380058288574
-19.52643585205078
-4.786628246307373
2.032103907367855e-08
-17.93137550354004
-25.342670440673828
-7.722661972045898
4.1181607457474456e-08
-13.866476058959961
-22.784900665283203
-4.1729888916015625
-3.506894685756379e-08
-11.035330772399902
-26.512773513793945
-6.963120937347412
-3.163403761163863e-08
-7.575553894042969
-45.80842971801758
-22.775331497192383
3.932937886474974e-08
-0.11606688052415848
-38.74748229980469
-16.98194694519043
8.810022222860425e-08
4.21755838394165
-30.143537521362305
-9.772008895874023
4.0944307500012656e-08
4.384603500366211
-21.779048919677734
-2.57576060295105
7.466515228315984e-08
4.594829559326172
-10.258491516113281
6.936882495880127
3.494466938036567e-08
4.136114120483398
-8.390687942504883
9.069906234741211
6.90059209773608e-08
1.4882043600082397
-24.203264236450195
-2.296682834625244
2.032103907367855e-08
0.6710952520370483
-38.12662124633789
-12.853326797485352
4.1181607457474456e-08
3.290278911590576
-33.97203063964844
-10.302952766418457
-3.506894685756379e-08
6.659143447875977
-20.298877716064453
0.11956202238798141
-3.163403761163863e-08
6.659143447875977
-20.298877716064453
0.11956197768449783
3.932937886474974e-08
10.612345695495605
-6.08028507232666
11.677289962768555
8.810022222860425e-08
14.047469139099121
7.255167484283447
21.490270614624023
4.0944307500012656e-08
12.3649263381958
12.620709419250488
24.16216278076172
7.466515228315984e-08
5.254197597503662
6.027639389038086
17.957569122314453
3.494466938036567e-08
-0.5980891585350037
0.7405200600624084
12.23568058013916
6.90059209773608e-08
-0.8127367496490479
8.32742691040039
15.462944030761719
2.032103907367855e-08
0.7099868655204773
15.894201278686523
19.835966110229492
4.1181607457474456e-08
0.3630884289741516
7.730920314788818
13.729325294494629
-3.506894685756379e-08
1.1418346166610718
-7.588071346282959
1.4009836912155151
-3.163403761163863e-08
11.495699882507324
3.7534706592559814
7.607046604156494
3.932937886474974e-08
17.080968856811523
23.04787254333496
25.09969711303711
8.810022222860425e-08
16.802928924560547
36.17710494995117
36.499168395996094
4.0944307500012656e-08
5.6960673332214355
27.244037628173828
27.91732406616211
7.466515228315984e-08
-4.895284175872803
9.68000316619873
10.950861930847168
3.494466938036567e-08
-4.56541109085083
6.537746429443359
4.790433406829834
6.90059209773608e-08
0.7933686971664429
13.629247665405273
6.828154563903809
2.032103907367855e-08
2.7838428020477295
14.728790283203125
5.515666484832764
4.1181607457474456e-08
2.2689292430877686
8.4843168258667
-0.23628662526607513
-3.506894685756379e-08
2.3131752014160156
2.8554298877716064
-5.675129413604736
-3.163403761163863e-08
2.3131752014160156
2.8554298877716064
-5.675129413604736
3.932937886474974e-08
3.6735076904296875
4.9595136642456055
-5.70999813079834
8.810022222860425e-08
6.554192543029785
15.136570930480957
0.8000553846359253
4.0944307500012656e-08
10.758980751037598
26.320159912109375
8.632280349731445
7.466515228315984e-08
14.516755104064941
35.297542572021484
14.654987335205078
3.494466938036567e-08
14.366606712341309
40.388126373291016
16.483362197875977
6.90059209773608e-08
8.99959945678711
31.937145233154297
5.935063362121582
2.032103907367855e-08
2.3095905780792236
8.839115142822266
-16.452983856201172
4.1181607457474456e-08
0.4265998303890228
-7.812471866607666
-31.796173095703125
-3.506894685756379e-08
4.9362568855285645
-3.3129327297210693
-28.163721084594727
-3.163403761163863e-08
4.9362568855285645
-3.3129327297210693
-28.163721084594727
3.932937886474974e-08
10.70623779296875
7.815296173095703
-18.17622947692871
8.810022222860425e-08
12.754487037658691
10.168266296386719
-14.665778160095215
4.0944307500012656e-08
10.508397102355957
8.42138671875
-14.528095245361328
7.466515228315984e-08
6.4661784172058105
7.4172492027282715
-14.144923210144043
3.494466938036567e-08
4.682261943817139
3.6469151973724365
-15.124443054199219
6.90059209773608e-08
5.551691055297852
-3.9852371215820312
-17.384557723999023
2.032103907367855e-08
4.960927963256836
-13.1127347946167
-20.282915115356445
4.1181607457474456e-08
2.705312967300415
-18.765878677368164
-21.7307186126709
-3.506894685756379e-08
3.3308815956115723
-13.247875213623047
-16.468120574951172
-3.163403761163863e-08
5.334101676940918
9.495540618896484
-6.096109867095947
3.932937886474974e-08
-3.316584825515747
-4.823517799377441
-20.217193603515625
8.810022222860425e-08
-7.587960243225098
-15.995503425598145
-31.2850341796875
4.0944307500012656e-08
-4.6355390548706055
-19.1734561920166
-33.64039993286133
7.466515228315984e-08
0.7139226198196411
-18.01154899597168
-28.644641876220703
3.494466938036567e-08
6.534043788909912
-7.839984893798828
-14.49807071685791
6.90059209773608e-08
10.191338539123535
8.216550827026367
1.645197868347168
2.032103907367855e-08
7.792022228240967
11.640503883361816
4.19215202331543
4.1181607457474456e-08
3.4644200801849365
1.112656593322754
-3.332981586456299
-3.506894685756379e-08
3.5811262130737305
-4.435081958770752
-4.0563273429870605
-3.163403761163863e-08
6.969199180603027
11.629680633544922
11.524726867675781
3.932937886474974e-08
4.711586952209473
17.307146072387695
15.44703197479248
8.810022222860425e-08
2.984642505645752
20.61521339416504
18.51291847229004
4.0944307500012656e-08
1.3308926820755005
21.392560958862305
19.296838760375977
7.466515228315984e-08
-2.290506362915039
17.1252498626709
14.58332633972168
3.494466938036567e-08
-7.096802234649658
6.934247970581055
3.744755506515503
6.90059209773608e-08
-9.783609390258789
-4.622556686401367
-7.324169635772705
2.032103907367855e-08
-8.086750030517578
-9.689287185668945
-9.17510986328125
4.1181607457474456e-08
-4.711671352386475
-9.769757270812988
-4.26727294921875
-3.506894685756379e-08
-1.6287643909454346
-10.140448570251465
-0.9229579567909241
-3.163403761163863e-08
-1.6287643909454346
-10.140448570251465
-0.9229580163955688
3.932937886474974e-08
3.8110029697418213
-6.979371070861816
4.463073253631592
8.810022222860425e-08
10.52322769165039
1.855439305305481
16.074989318847656
4.0944307500012656e-08
12.50999927520752
9.09744930267334
25.70200538635254
7.466515228315984e-08
8.176871299743652
9.556389808654785
25.661663055419922
3.494466938036567e-08
1.490460753440857
3.0231645107269287
18.16044044494629
6.90059209773608e-08
-2.8640995025634766
-8.257020950317383
9.781670570373535
2.032103907367855e-08
-1.91702401638031
-15.487194061279297
7.388267517089844
4.1181607457474456e-08
2.5798919200897217
-11.063301086425781
13.129283905029297
-3.506894685756379e-08
5.182952880859375
-2.365305185317993
19.906482696533203
-3.163403761163863e-08
-1.91702401638031
-15.487194061279297
7.388267517089844
3.932937886474974e-08
2.5798919200897217
-11.063301086425781
13.129283905029297
8.810022222860425e-08
5.182952880859375
-2.365305185317993
19.906482696533203
4.0944307500012656e-08
4.877882480621338
0.19900323450565338
21.638879776000977
7.466515228315984e-08
5.527947425842285
-1.5647566318511963
21.26584815979004
3.494466938036567e-08
7.792033672332764
-3.0896050930023193
22.037887573242188
6.90059209773608e-08
8.073569297790527
-5.467004299163818
21.755300521850586
2.032103907367855e-08
4.407962799072266
-11.273021697998047
16.713605880737305
4.1181607457474456e-08
0.19905337691307068
-18.87293815612793
8.81015682220459
-3.506894685756379e-08
0.8949241638183594
-21.43811798095703
6.587040901184082
-3.163403761163863e-08
4.591062545776367
-5.8559088706970215
15.919951438903809
3.932937886474974e-08
4.875990390777588
5.155131816864014
28.287004470825195
8.810022222860425e-08
1.1966084241867065
3.892892837524414
28.991634368896484
4.0944307500012656e-08
-8.121759414672852
-15.491844177246094
10.71517562866211
7.466515228315984e-08
-12.171512603759766
-28.57449722290039
-1.7464081048965454
3.494466938036567e-08
-5.1033034324646
-18.962692260742188
7.885160446166992
6.90059209773608e-08
2.6229920387268066
-4.499670028686523
21.452943801879883
2.032103907367855e-08
2.0192737579345703
-0.9509630799293518
22.076387405395508
4.1181607457474456e-08
-3.1086249351501465
-1.1220483779907227
16.002737045288086
-3.506894685756379e-08
-6.404101848602295
1.1402490139007568
11.994351387023926
-3.163403761163863e-08
-6.404101848602295
1.1402488946914673
11.994351387023926
3.932937886474974e-08
-6.986466884613037
2.8917975425720215
10.926980018615723
8.810022222860425e-08
-5.911162853240967
7.548888683319092
14.592957496643066
4.0944307500012656e-08
-4.336338996887207
18.328298568725586
22.2164363861084
7.466515228315984e-08
-6.093184471130371
22.361242294311523
22.810543060302734
3.494466938036567e-08
-12.699464797973633
8.101089477539062
9.241180419921875
6.90059209773608e-08
-17.33857536315918
-11.348031997680664
-7.023190498352051
2.032103907367855e-08
-14.517058372497559
-16.924734115600586
-11.66193962097168
4.1181607457474456e-08
-8.572091102600098
-9.874845504760742
-5.738353252410889
-3.506894685756379e-08
-4.5118794441223145
-0.4627821445465088
3.329308032989502
-3.163403761163863e-08
-4.5118794441223145
-0.46278220415115356
3.329308032989502
3.932937886474974e-08
-1.989292860031128
7.917723655700684
11.354595184326172
8.810022222860425e-08
-1.4120732545852661
12.163058280944824
13.196803092956543
4.0944307500012656e-08
-4.466511249542236
8.691120147705078
6.2705512046813965
7.466515228315984e-08
-8.311894416809082
2.9509036540985107
-2.3934426307678223
3.494466938036567e-08
-8.180411338806152
0.7084445357322693
-5.984734058380127
6.90059209773608e-08
-4.366106033325195
-1.761708378791809
-6.862513065338135
2.032103907367855e-08
-1.228882908821106
-6.344444751739502
-8.27442455291748
4.1181607457474456e-08
-0.6679074168205261
-7.650274276733398
-9.128213882446289
-3.506894685756379e-08
-0.5397679209709167
-5.333601474761963
-8.84950065612793
-3.163403761163863e-08
4.036287307739258
-17.54416847229004
-16.117897033691406
3.932937886474974e-08
6.50290584564209
-11.95510196685791
-13.177013397216797
8.810022222860425e-08
8.412131309509277
-3.297419548034668
-4.427444934844971
4.0944307500012656e-08
7.677546501159668
1.1857818365097046
2.950172185897827
7.466515228315984e-08
3.638106346130371
1.3736904859542847
3.2328197956085205
3.494466938036567e-08
-3.0032455921173096
-3.1918728351593018
-4.207776069641113
6.90059209773608e-08
-9.667842864990234
-14.896100997924805
-16.67511749267578
2.032103907367855e-08
-11.192480087280273
-27.039718627929688
-26.248531341552734
4.1181607457474456e-08
-5.418599605560303
-26.93696403503418
-23.850534439086914
-3.506894685756379e-08
2.886457920074463
-13.897871971130371
-11.275636672973633
-3.163403761163863e-08
2.886457920074463
-13.897871971130371
-11.275636672973633
3.932937886474974e-08
8.354974746704102
0.6223125457763672
0.9398880004882812
8.810022222860425e-08
8.864633560180664
5.043656826019287
4.4184956550598145
4.0944307500012656e-08
5.602407932281494
-2.8161027431488037
-0.5057414174079895
7.466515228315984e-08
4.221823215484619
-7.664339065551758
-1.4041640758514404
3.494466938036567e-08
7.10233211517334
2.4631645679473877
9.073225975036621
6.90059209773608e-08
8.763500213623047
12.304656028747559
17.924095153808594
2.032103907367855e-08
7.063312530517578
7.751902103424072
15.460209846496582
4.1181607457474456e-08
7.250612735748291
2.998004198074341
12.66028881072998
-3.506894685756379e-08
10.673912048339844
10.238819122314453
17.754507064819336
-3.163403761163863e-08
10.673912048339844
10.238819122314453
17.754507064819336
3.932937886474974e-08
12.88569450378418
19.415735244750977
24.17092514038086
8.810022222860425e-08
11.809871673583984
21.830251693725586
25.90670394897461
4.0944307500012656e-08
8.02613353729248
19.114479064941406
21.203821182250977
7.466515228315984e-08
3.3097078800201416
12.493969917297363
10.774748802185059
3.494466938036567e-08
1.7790987491607666
5.710300445556641
2.37892484664917
6.90059209773608e-08
5.659522533416748
6.824420928955078
4.403627872467041
2.032103907367855e-08
11.633526802062988
16.31892204284668
14.155769348144531
4.1181607457474456e-08
13.840933799743652
21.897899627685547
19.313125610351562
-3.506894685756379e-08
10.145411491394043
17.402912139892578
14.97545051574707
-3.163403761163863e-08
1.257860541343689
-16.432241439819336
-12.865137100219727
3.932937886474974e-08
8.785812377929688
-11.057559967041016
-9.509727478027344
8.810022222860425e-08
13.429301261901855
-10.441161155700684
-9.378005027770996
4.0944307500012656e-08
15.522031784057617
-21.43574333190918
-16.213531494140625
7.466515228315984e-08
21.25914764404297
-21.520206451416016
-12.578340530395508
3.494466938036567e-08
27.981359481811523
-2.49802565574646
5.249631881713867
6.90059209773608e-08
27.077829360961914
9.22368049621582
14.456912994384766
2.032103907367855e-08
21.157922744750977
1.6514852046966553
7.504514217376709
4.1181607457474456e-08
17.876394271850586
-7.575096130371094
0.7082235813140869
-3.506894685756379e-08
17.07431983947754
-6.401462078094482
3.382962942123413
-3.163403761163863e-08
21.157922744750977
1.6514852046966553
7.504514217376709
3.932937886474974e-08
17.876394271850586
-7.575096130371094
0.7082235813140869
8.810022222860425e-08
17.07431983947754
-6.401462078094482
3.382962942123413
4.0944307500012656e-08
15.176424980163574
-0.8949164152145386
9.648104667663574
7.466515228315984e-08
11.039828300476074
-1.063940405845642
10.107077598571777
3.494466938036567e-08
5.735889911651611
-9.737792015075684
1.413120985031128
6.90059209773608e-08
1.5196683406829834
-21.036605834960938
-10.950039863586426
2.032103907367855e-08
-0.025268232449889183
-27.97585105895996
-19.209758758544922
4.1181607457474456e-08
1.550625205039978
-27.17876434326172
-18.52743148803711
-3.506894685756379e-08
4.9116435050964355
-18.1253604888916
-8.171117782592773
-3.163403761163863e-08
6.07169771194458
-4.755588531494141
5.201535701751709
3.932937886474974e-08
1.528448462486267
2.6297807693481445
9.355321884155273
8.810022222860425e-08
-5.7482829093933105
-2.178367853164673
1.0506147146224976
4.0944307500012656e-08
-7.7978434562683105
-9.608590126037598
-6.331775188446045
7.466515228315984e-08
-2.500913143157959
-7.198835849761963
-1.8855587244033813
3.494466938036567e-08
4.178663730621338
2.4951424598693848
7.820119857788086
6.90059209773608e-08
6.492674350738525
7.734527111053467
10.943449020385742
2.032103907367855e-08
2.1259288787841797
0.07038481533527374
2.0873799324035645
4.1181607457474456e-08
-5.674504280090332
-16.037593841552734
-13.632303237915039
-3.506894685756379e-08
-8.690529823303223
-24.887502670288086
-22.74754524230957
-3.163403761163863e-08
5.731646537780762
7.731222152709961
9.970283508300781
3.932937886474974e-08
0.5468570590019226
-5.6683430671691895
-1.871720790863037
8.810022222860425e-08
-2.478530168533325
-12.056117057800293
-8.779346466064453
4.0944307500012656e-08
-3.8122196197509766
-9.423215866088867
-9.164740562438965
7.466515228315984e-08
-2.972691059112549
-7.942269802093506
-9.446261405944824
3.494466938036567e-08
0.7872830033302307
-6.10789680480957
-6.816902160644531
6.90059209773608e-08
5.14964485168457
1.2527073621749878
0.49197790026664734
2.032103907367855e-08
7.169384479522705
6.356348514556885
4.242311954498291
4.1181607457474456e-08
6.387112617492676
1.9594634771347046
0.9385931491851807
-3.506894685756379e-08
5.200431823730469
-3.1313560009002686
-0.9707202911376953
-3.163403761163863e-08
7.720900058746338
11.398451805114746
11.12740421295166
3.932937886474974e-08
7.175082683563232
9.782373428344727
8.86044692993164
8.810022222860425e-08
5.300715446472168
0.23312851786613464
0.6239861249923706
4.0944307500012656e-08
6.237027645111084
-2.0159189701080322
-2.3538618087768555
7.466515228315984e-08
9.01406192779541
3.7897868156433105
0.5697810649871826
3.494466938036567e-08
8.604437828063965
6.048941612243652
0.16191966831684113
6.90059209773608e-08
5.4035420417785645
4.055088043212891
-4.134500980377197
2.032103907367855e-08
3.1743481159210205
4.91548490524292
-5.557253837585449
4.1181607457474456e-08
1.3389757871627808
6.544347286224365
-5.298128604888916
-3.506894685756379e-08
-1.5933691263198853
2.7742135524749756
-9.496289253234863
-3.163403761163863e-08
8.604437828063965
6.048941612243652
0.16191962361335754
3.932937886474974e-08
5.4035420417785645
4.055088043212891
-4.134500980377197
8.810022222860425e-08
3.1743481159210205
4.91548490524292
-5.557253837585449
4.0944307500012656e-08
1.3389757871627808
6.544347286224365
-5.298128604888916
7.466515228315984e-08
-1.5933691263198853
2.7742135524749756
-9.496289253234863
3.494466938036567e-08
-1.4348962306976318
-1.1893739700317383
-14.394204139709473
6.90059209773608e-08
4.430217266082764
4.772302150726318
-10.19421672821045
2.032103907367855e-08
8.134431838989258
14.961414337158203
-0.7923333644866943
4.1181607457474456e-08
3.6749536991119385
13.846251487731934
-0.44228941202163696
-3.506894685756379e-08
-2.3383922576904297
2.738943338394165
-9.257892608642578
-3.163403761163863e-08
-9.93553638458252
-7.55972957611084
-19.1357421875
3.932937886474974e-08
-6.645969867706299
-7.164383888244629
-17.953594207763672
8.810022222860425e-08
-6.480787754058838
-10.466304779052734
-20.297212600708008
4.0944307500012656e-08
-9.533929824829102
-19.78459930419922
-28.00775146484375
7.466515228315984e-08
-11.33777141571045
-27.50624656677246
-33.80775451660156
3.494466938036567e-08
-7.311537742614746
-20.558963775634766
-26.807037353515625
6.90059209773608e-08
-1.5277079343795776
-2.6491143703460693
-11.451290130615234
2.032103907367855e-08
-2.228100299835205
7.818822860717773
-3.585963249206543
4.1181607457474456e-08
-8.286139488220215
5.288907051086426
-7.463958740234375
-3.506894685756379e-08
-12.035192489624023
0.09710409492254257
-14.425323486328125
-3.163403761163863e-08
-12.035192489624023
0.09710405766963959
-14.425323486328125
3.932937886474974e-08
-11.019719123840332
-0.6833555102348328
-17.673158645629883
8.810022222860425e-08
-6.927955150604248
4.230417251586914
-13.94218921661377
4.0944307500012656e-08
-1.1525815725326538
16.029159545898438
-1.568888783454895
7.466515228315984e-08
2.20576548576355
27.425357818603516
11.116345405578613
3.494466938036567e-08
0.1765042245388031
27.7415771484375
12.793001174926758
6.90059209773608e-08
-3.156860828399658
21.295820236206055
7.119182586669922
2.032103907367855e-08
-3.1863410472869873
20.250995635986328
6.527411460876465
4.1181607457474456e-08
-1.328297734260559
26.978816986083984
14.652897834777832
-3.506894685756379e-08
-1.926160216331482
33.918609619140625
23.041309356689453
-3.163403761163863e-08
-1.926160216331482
33.918609619140625
23.041309356689453
3.932937886474974e-08
-6.299037456512451
35.32571792602539
23.144813537597656
8.810022222860425e-08
-12.317500114440918
32.60799026489258
16.9770450592041
4.0944307500012656e-08
-18.797138214111328
25.810213088989258
9.248553276062012
7.466515228315984e-08
-23.85457992553711
14.231144905090332
0.9888655543327332
3.494466938036567e-08
-22.929983139038086
6.336318016052246
-3.752943515777588
6.90059209773608e-08
-16.944477081298828
6.759934425354004
-2.7579829692840576
2.032103907367855e-08
-13.212654113769531
5.901739120483398
-1.8131141662597656
4.1181607457474456e-08
-14.637295722961426
-3.6209452152252197
-6.261384963989258
-3.506894685756379e-08
-16.30150032043457
-14.676084518432617
-12.958404541015625
-3.163403761163863e-08
-14.010536193847656
-15.436272621154785
-12.635992050170898
3.932937886474974e-08
-11.999263763427734
-7.54148530960083
-4.9050750732421875
8.810022222860425e-08
-14.890539169311523
-3.9080731868743896
-1.450266718864441
4.0944307500012656e-08
-16.442686080932617
-4.289238452911377
-3.3263113498687744
7.466515228315984e-08
-11.197229385375977
1.6872191429138184
0.019753945991396904
3.494466938036567e-08
-5.01898717880249
12.694371223449707
9.00766372680664
6.90059209773608e-08
-2.766536235809326
21.363006591796875
16.923778533935547
2.032103907367855e-08
-2.7579846382141113
25.43858528137207
21.67400360107422
4.1181607457474456e-08
-4.6581196784973145
24.393184661865234
22.449377059936523
-3.506894685756379e-08
-8.56859016418457
20.5001220703125
19.295682907104492
-3.163403761163863e-08
-9.75500774383545
2.2800374031066895
0.26849615573883057
3.932937886474974e-08
-5.699959754943848
0.9249847531318665
-2.986544132232666
8.810022222860425e-08
-0.9357081651687622
4.547967433929443
0.6733138561248779
4.0944307500012656e-08
0.17991122603416443
7.318511962890625
5.774042129516602
7.466515228315984e-08
-4.606488227844238
3.9957804679870605
3.5613348484039307
3.494466938036567e-08
-11.33840274810791
-4.358468532562256
-5.424709320068359
6.90059209773608e-08
-15.00679874420166
-12.845404624938965
-13.978727340698242
2.032103907367855e-08
-14.019475936889648
-18.362985610961914
-18.238525390625
4.1181607457474456e-08
-8.038485527038574
-18.128658294677734
-16.462547302246094
-3.506894685756379e-08
1.3025966882705688
-8.164669036865234
-6.444404602050781
-3.163403761163863e-08
1.3025965690612793
-8.164669036865234
-6.444404602050781
3.932937886474974e-08
7.2479166984558105
6.945744037628174
6.703249454498291
8.810022222860425e-08
5.458881378173828
14.104848861694336
12.56922721862793
4.0944307500012656e-08
1.375239372253418
10.37306022644043
10.927288055419922
7.466515228315984e-08
0.5840154886245728
5.805114269256592
9.134007453918457
3.494466938036567e-08
-0.3666698634624481
2.151106357574463
5.530124187469482
6.90059209773608e-08
-4.876646518707275
-7.338014125823975
-3.6861021518707275
2.032103907367855e-08
-8.946093559265137
-18.04650115966797
-10.852987289428711
4.1181607457474456e-08
-8.95007038116455
-19.696510314941406
-9.865002632141113
-3.506894685756379e-08
-6.98310661315918
-15.925336837768555
-7.977419853210449
-3.163403761163863e-08
-7.783947944641113
-25.27373504638672
-18.56229019165039
3.932937886474974e-08
-9.177075386047363
-26.90128517150879
-18.505640029907227
8.810022222860425e-08
-8.970534324645996
-22.50150489807129
-14.243339538574219
4.0944307500012656e-08
-7.026883125305176
-17.140911102294922
-9.38708209991455
7.466515228315984e-08
-4.419962406158447
-9.805163383483887
-2.2875208854675293
3.494466938036567e-08
-3.2608461380004883
-3.2696731090545654
3.4138433933258057
6.90059209773608e-08
-5.215022087097168
-6.5590009689331055
-0.6478039026260376
2.032103907367855e-08
-9.271319389343262
-18.895235061645508
-12.397858619689941
4.1181607457474456e-08
-10.884642601013184
-25.431583404541016
-17.935354232788086
-3.506894685756379e-08
-6.153045654296875
-15.354620933532715
-7.996274471282959
-3.163403761163863e-08
0.9136989116668701
6.161782264709473
10.654343605041504
3.932937886474974e-08
-5.104097366333008
-5.251669883728027
-3.1323351860046387
8.810022222860425e-08
-8.17021369934082
-18.33182716369629
-17.4285888671875
4.0944307500012656e-08
-6.356933116912842
-23.505752563476562
-21.61116600036621
7.466515228315984e-08
-3.5748703479766846
-20.02022933959961
-17.74095916748047
3.494466938036567e-08
1.0317305326461792
-8.43136978149414
-9.070368766784668
6.90059209773608e-08
5.7874345779418945
2.4371204376220703
-2.1605541706085205
2.032103907367855e-08
4.434559345245361
3.2612662315368652
-3.169442892074585
4.1181607457474456e-08
-1.2087279558181763
0.8984343409538269
-6.302299976348877
-3.506894685756379e-08
-4.342487812042236
3.900629997253418
-5.300571918487549
-3.163403761163863e-08
4.434559345245361
3.2612662315368652
-3.169442892074585
3.932937886474974e-08
-1.2087279558181763
0.8984344005584717
-6.302299976348877
8.810022222860425e-08
-4.342487812042236
3.900629997253418
-5.300571918487549
4.0944307500012656e-08
-5.314283847808838
6.906631946563721
-4.944534778594971
7.466515228315984e-08
-8.337076187133789
1.5001146793365479
-11.617348670959473
3.494466938036567e-08
-12.423493385314941
-11.415316581726074
-23.328447341918945
6.90059209773608e-08
-12.772286415100098
-21.919384002685547
-30.915544509887695
2.032103907367855e-08
-8.99677562713623
-21.75054931640625
-28.923131942749023
4.1181607457474456e-08
-5.761542320251465
-13.740140914916992
-21.558181762695312
-3.506894685756379e-08
-4.946815490722656
-5.748351573944092
-13.793317794799805
-3.163403761163863e-08
-3.9298629760742188
5.199893951416016
0.8670300841331482
3.932937886474974e-08
-6.061229705810547
4.126984596252441
-0.7611538171768188
8.810022222860425e-08
-8.483091354370117
-4.216109275817871
-8.381013870239258
4.0944307500012656e-08
-6.5709404945373535
-6.8564133644104
-9.260224342346191
7.466515228315984e-08
-2.0617496967315674
3.1882503032684326
-1.006657361984253
3.494466938036567e-08
0.17664900422096252
10.837708473205566
3.1364071369171143
6.90059209773608e-08
2.025827407836914
6.087802410125732
-0.5059210062026978
2.032103907367855e-08
6.743562698364258
1.1691055297851562
-1.2736455202102661
4.1181607457474456e-08
10.2074556350708
4.670485019683838
2.491981029510498
-3.506894685756379e-08
8.038227081298828
6.448716163635254
1.3689113855361938
-3.163403761163863e-08
3.5398755073547363
-1.2689318656921387
-6.54815149307251
3.932937886474974e-08
2.1542811393737793
-9.370281219482422
-12.779362678527832
8.810022222860425e-08
3.7880120277404785
-7.6317853927612305
-11.62647819519043
4.0944307500012656e-08
3.2273077964782715
-3.775135040283203
-9.110018730163574
7.466515228315984e-08
-1.6285079717636108
-9.417786598205566
-12.968070983886719
3.494466938036567e-08
-5.425979137420654
-16.204681396484375
-17.20547103881836
6.90059209773608e-08
-4.819309234619141
-11.485306739807129
-12.61985969543457
2.032103907367855e-08
-3.85426664352417
-1.5141797065734863
-3.6886589527130127
4.1181607457474456e-08
-4.168593406677246
4.353594779968262
2.4027774333953857
-3.506894685756379e-08
-3.453425168991089
6.181839466094971
4.900691509246826
-3.163403761163863e-08
-3.85426664352417
-1.5141797065734863
-3.6886589527130127
3.932937886474974e-08
-4.168593406677246
4.353594779968262
2.4027774333953857
8.810022222860425e-08
-3.453425168991089
6.181839466094971
4.900691509246826
4.0944307500012656e-08
-2.0744786262512207
4.220637321472168
3.740281343460083
7.466515228315984e-08
-0.5990118980407715
1.6908514499664307
2.298675060272217
3.494466938036567e-08
0.71111661195755
2.8091647624969482
4.013857364654541
6.90059209773608e-08
0.7546338438987732
4.53921365737915
6.452305793762207
2.032103907367855e-08
1.2629637718200684
5.878452301025391
9.582868576049805
4.1181607457474456e-08
3.591610908508301
9.326990127563477
13.804816246032715
-3.506894685756379e-08
5.81500768661499
11.394269943237305
14.380284309387207
-3.163403761163863e-08
10.21225643157959
4.245006561279297
8.0401029586792
3.932937886474974e-08
10.90885066986084
12.15367603302002
12.7438325881958
8.810022222860425e-08
11.504310607910156
17.523273468017578
16.08018684387207
4.0944307500012656e-08
13.51684284210205
15.630413055419922
13.676862716674805
7.466515228315984e-08
18.048242568969727
12.591147422790527
10.811453819274902
3.494466938036567e-08
23.27587127685547
16.57499885559082
14.54019832611084
6.90059209773608e-08
24.079416275024414
20.840612411499023
17.787595748901367
2.032103907367855e-08
17.351844787597656
12.386144638061523
8.704925537109375
4.1181607457474456e-08
7.816856861114502
-2.7969226837158203
-6.171360969543457
-3.506894685756379e-08
4.365756988525391
-3.078540802001953
-7.18281888961792
-3.163403761163863e-08
4.365756988525391
-3.078540802001953
-7.18281888961792
3.932937886474974e-08
7.197014808654785
13.611896514892578
7.138030529022217
8.810022222860425e-08
6.966323375701904
23.84325408935547
17.080886840820312
4.0944307500012656e-08
1.3988399505615234
17.77805519104004
14.458353042602539
7.466515228315984e-08
-2.1314857006073
9.800253868103027
9.532782554626465
3.494466938036567e-08
-1.6882100105285645
7.171629428863525
6.998467922210693
6.90059209773608e-08
-1.3152531385421753
4.365828037261963
3.944298505783081
2.032103907367855e-08
-0.1556493192911148
3.0307157039642334
3.4936070442199707
4.1181607457474456e-08
3.8329598903656006
7.959661960601807
8.539968490600586
-3.506894685756379e-08
6.465922832489014
13.570398330688477
13.117944717407227
-3.163403761163863e-08
6.465922832489014
13.57039737701416
13.117944717407227
3.932937886474974e-08
4.754670143127441
13.55941390991211
12.740912437438965
8.810022222860425e-08
2.7408149242401123
13.102648735046387
12.009873390197754
4.0944307500012656e-08
3.4455981254577637
16.952404022216797
13.833526611328125
7.466515228315984e-08
4.045443058013916
19.858051300048828
13.724489212036133
3.494466938036567e-08
2.379117488861084
18.961820602416992
10.879210472106934
6.90059209773608e-08
-0.2737763822078705
16.065963745117188
7.899925231933594
2.032103907367855e-08
-4.704211235046387
4.767709732055664
-1.1804319620132446
4.1181607457474456e-08
-10.39262866973877
-16.171117782592773
-18.248577117919922
-3.506894685756379e-08
-9.97540283203125
-28.450225830078125
-27.950536727905273
-3.163403761163863e-08
-0.8759923577308655
-20.794048309326172
-21.377498626708984
3.932937886474974e-08
6.263659954071045
-9.769725799560547
-12.833669662475586
8.810022222860425e-08
4.681463718414307
-10.677358627319336
-13.572052955627441
4.0944307500012656e-08
2.766037940979004
-13.18610954284668
-13.306760787963867
7.466515228315984e-08
7.02310848236084
-7.405966758728027
-4.874505043029785
3.494466938036567e-08
12.859450340270996
-2.4157137870788574
1.8178306818008423
6.90059209773608e-08
17.029870986938477
-1.7173935174942017
3.1239840984344482
2.032103907367855e-08
19.8122615814209
3.189756155014038
6.86862850189209
4.1181607457474456e-08
18.42818832397461
10.38376522064209
12.616602897644043
-3.506894685756379e-08
12.363420486450195
12.809362411499023
15.159116744995117
-3.163403761163863e-08
6.809350967407227
23.83226203918457
23.051626205444336
3.932937886474974e-08
2.6269795894622803
10.863367080688477
10.176677703857422
8.810022222860425e-08
2.38366436958313
3.9334394931793213
3.6122233867645264
4.0944307500012656e-08
5.017367839813232
9.332985877990723
9.559136390686035
7.466515228315984e-08
3.2713940143585205
14.176759719848633
16.155994415283203
3.494466938036567e-08
-2.197122812271118
12.385153770446777
15.742067337036133
6.90059209773608e-08
-5.836018085479736
7.9953107833862305
11.110926628112793
2.032103907367855e-08
-6.947588920593262
1.9559695720672607
5.390707969665527
4.1181607457474456e-08
-8.04749870300293
-5.588610649108887
0.003982315305620432
-3.506894685756379e-08
-9.183181762695312
-9.336679458618164
-1.7208219766616821
-3.163403761163863e-08
-9.183181762695312
-9.336679458618164
-1.7208219766616821
3.932937886474974e-08
-9.019991874694824
-7.172178268432617
1.6619174480438232
8.810022222860425e-08
-8.012444496154785
-4.557094573974609
5.822459697723389
4.0944307500012656e-08
-7.488905429840088
-5.688426494598389
6.83762788772583
7.466515228315984e-08
-7.362383842468262
-10.175023078918457
5.416895866394043
3.494466938036567e-08
-6.090918064117432
-15.313566207885742
4.527076721191406
6.90059209773608e-08
-3.9796974658966064
-17.197031021118164
5.9460835456848145
2.032103907367855e-08
-4.105385780334473
-17.210363388061523
6.400204658508301
4.1181607457474456e-08
-5.296942234039307
-16.11254119873047
6.250679969787598
-3.506894685756379e-08
-2.587012529373169
-6.37878942489624
13.655891418457031
-3.163403761163863e-08
-2.587012529373169
-6.37878942489624
13.655891418457031
3.932937886474974e-08
3.40390682220459
10.969244003295898
26.854442596435547
8.810022222860425e-08
7.656862258911133
21.777433395385742
33.50053787231445
4.0944307500012656e-08
7.485971927642822
20.36791229248047
30.629344940185547
7.466515228315984e-08
3.1992528438568115
15.674388885498047
25.360597610473633
3.494466938036567e-08
-3.9909517765045166
12.859129905700684
19.512170791625977
6.90059209773608e-08
-11.940716743469238
5.9673171043396
8.845542907714844
2.032103907367855e-08
-15.86031436920166
-3.789274215698242
-2.15319561958313
4.1181607457474456e-08
-12.28089714050293
-2.147444725036621
-1.5727838277816772
-3.506894685756379e-08
-6.197537899017334
11.883061408996582
8.339473724365234
-3.163403761163863e-08
-13.84870433807373
8.171137809753418
0.7382773756980896
3.932937886474974e-08
-19.76719093322754
-4.070141315460205
-8.102730751037598
8.810022222860425e-08
-20.505895614624023
-4.958247184753418
-6.667839527130127
4.0944307500012656e-08
-19.56889533996582
1.9210615158081055
0.0591849721968174
7.466515228315984e-08
-19.460735321044922
6.947620391845703
4.090305805206299
3.494466938036567e-08
-19.163311004638672
4.182044982910156
1.4546717405319214
6.90059209773608e-08
-16.975082397460938
-4.147953987121582
-5.513362884521484
2.032103907367855e-08
-11.818195343017578
-8.679892539978027
-9.544646263122559
4.1181607457474456e-08
-4.802650451660156
-6.342141151428223
-8.158764839172363
-3.506894685756379e-08
1.4264639616012573
-4.088054656982422
-5.541454315185547
-3.163403761163863e-08
5.399275779724121
-6.4592814445495605
-4.518941402435303
3.932937886474974e-08
8.186861991882324
-8.891380310058594
-3.017902135848999
8.810022222860425e-08
11.623575210571289
-4.773682594299316
2.745797634124756
4.0944307500012656e-08
14.20429515838623
1.8315401077270508
9.745107650756836
7.466515228315984e-08
12.603564262390137
0.83260178565979
9.36368179321289
3.494466938036567e-08
7.52413272857666
-5.6805195808410645
1.6041946411132812
6.90059209773608e-08
3.181995391845703
-7.647844314575195
-4.453625202178955
2.032103907367855e-08
1.7434087991714478
-4.779124736785889
-4.558037757873535
4.1181607457474456e-08
1.4613131284713745
-5.481607913970947
-4.0865478515625
-3.506894685756379e-08
1.0210795402526855
-12.86254596710205
-8.018988609313965
-3.163403761163863e-08
1.021079421043396
-12.86254596710205
-8.018988609313965
3.932937886474974e-08
2.584872245788574
-19.456315994262695
-11.734827041625977
8.810022222860425e-08
7.2919135093688965
-19.130224227905273
-9.83802318572998
4.0944307500012656e-08
12.415752410888672
-14.344488143920898
-5.079375267028809
7.466515228315984e-08
14.603948593139648
-8.304510116577148
-0.585489809513092
3.494466938036567e-08
12.350027084350586
-2.890643358230591
3.1325325965881348
6.90059209773608e-08
