0
5.402348518371582
1.999999987845058e-08
1.999999987845058e-08
1.999999987845058e-08
-5.9328293800354
-1.999999987845058e-08
-1.999999987845058e-08
-1.999999987845058e-08
-5.086132049560547
1.999999987845058e-08
1.999999987845058e-08
1.999999987845058e-08
3.6901631355285645
-1.999999987845058e-08
-1.999999987845058e-08
-1.999999987845058e-08
5.152047634124756
1.999999987845058e-08
1.999999987845058e-08
1.999999987845058e-08
-5.039061069488525
-1.999999987845058e-08
-1.999999987845058e-08
-1.999999987845058e-08
-14.86111068725586
1.999999987845058e-08
1.999999987845058e-08
1.999999987845058e-08
-15.529414176940918
-1.999999987845058e-08
-1.999999987845058e-08
-1.999999987845058e-08
-9.769399642944336
1.999999987845058e-08
1.999999987845058e-08
1.999999987845058e-08
-18.116634368896484
-1.999999987845058e-08
-1.999999987845058e-08
-1.999999987845058e-08
-19.369426727294922
1.999999987845058e-08
1.999999987845058e-08
1.999999987845058e-08
-7.622272491455078
-1.999999987845058e-08
-1.999999987845058e-08
-1.999999987845058e-08
0.34704792499542236
1.999999987845058e-08
1.999999987845058e-08
1.999999987845058e-08
0.39945507049560547
-1.999999987845058e-08
-1.999999987845058e-08
-1.999999987845058e-08
1.0000742673873901
1.999999987845058e-08
1.999999987845058e-08
1.999999987845058e-08
5.23491096496582
-1.999999987845058e-08
-1.999999987845058e-08
-1.999999987845058e-08
6.719693660736084
1.999999987845058e-08
1.999999987845058e-08
1.999999987845058e-08
-0.15439732372760773
-1.999999987845058e-08
-1.999999987845058e-08
-1.999999987845058e-08
-14.0255708694458
1.999999987845058e-08
1.999999987845058e-08
1.999999987845058e-08
-0.15439732372760773
-1.999999987845058e-08
-1.999999987845058e-08
-1.999999987845058e-08
-14.0255708694458
1.999999987845058e-08
1.999999987845058e-08
1.999999987845058e-08
-25.50831413269043
-1.999999987845058e-08
-1.999999987845058e-08
-1.999999987845058e-08
-21.71880340576172
1.999999987845058e-08
1.999999987845058e-08
1.999999987845058e-08
-1.8074009418487549
-1.999999987845058e-08
-1.999999987845058e-08
-1.999999987845058e-08
16.371660232543945
1.999999987845058e-08
1.999999987845058e-08
1.999999987845058e-08
17.70890998840332
-1.999999987845058e-08
-1.999999987845058e-08
-1.999999987845058e-08
8.011407852172852
1.999999987845058e-08
1.999999987845058e-08
1.999999987845058e-08
1.900241732597351
-1.999999987845058e-08
-1.999999987845058e-08
-1.999999987845058e-08
5.146996021270752
1.999999987845058e-08
1.999999987845058e-08
1.999999987845058e-08
11.437005996704102
-1.999999987845058e-08
-1.999999987845058e-08
-1.999999987845058e-08
10.142486572265625
1.999999987845058e-08
1.999999987845058e-08
1.999999987845058e-08
-0.07191236317157745
-1.999999987845058e-08
-1.999999987845058e-08
-1.999999987845058e-08
-7.444170951843262
1.999999987845058e-08
1.999999987845058e-08
1.999999987845058e-08
-2.801192283630371
-1.999999987845058e-08
-1.999999987845058e-08
-1.999999987845058e-08
6.721873760223389
1.999999987845058e-08
1.999999987845058e-08
1.999999987845058e-08
7.673749923706055
-1.999999987845058e-08
-1.999999987845058e-08
-1.999999987845058e-08
-1.3326339721679688
1.999999987845058e-08
1.999999987845058e-08
1.999999987845058e-08
-9.885459899902344
-1.999999987845058e-08
-1.999999987845058e-08
-1.999999987845058e-08
-9.27837085723877
1.999999987845058e-08
1.999999987845058e-08
1.999999987845058e-08
0.7579048275947571
-1.999999987845058e-08
-1.999999987845058e-08
-1.999999987845058e-08
11.246186256408691
1.999999987845058e-08
1.999999987845058e-08
1.999999987845058e-08
8.73995304107666
-1.999999987845058e-08
-1.999999987845058e-08
-1.999999987845058e-08
-7.968875408172607
1.999999987845058e-08
1.999999987845058e-08
1.999999987845058e-08
-20.658029556274414
-1.999999987845058e-08
-1.999999987845058e-08
-1.999999987845058e-08
-13.78787612915039
1.999999987845058e-08
1.999999987845058e-08
1.999999987845058e-08
4.452712535858154
-1.999999987845058e-08
-1.999999987845058e-08
-1.999999987845058e-08
13.966780662536621
1.999999987845058e-08
1.999999987845058e-08
1.999999987845058e-08
8.145491600036621
-1.999999987845058e-08
-1.999999987845058e-08
-1.999999987845058e-08
-1.0284485816955566
1.999999987845058e-08
1.999999987845058e-08
1.999999987845058e-08
-1.9730325937271118
-1.999999987845058e-08
-1.999999987845058e-08
-1.999999987845058e-08
2.3801662921905518
1.999999987845058e-08
1.999999987845058e-08
1.999999987845058e-08
1.8232007026672363
-1.999999987845058e-08
-1.999999987845058e-08
-1.999999987845058e-08
-12.507919311523438
1.999999987845058e-08
1.999999987845058e-08
1.999999987845058e-08
-40.177894592285156
-1.999999987845058e-08
-1.999999987845058e-08
-1.999999987845058e-08
-61.79384231567383
1.999999987845058e-08
1.999999987845058e-08
1.999999987845058e-08
-56.57758331298828
-1.999999987845058e-08
-1.999999987845058e-08
-1.999999987845058e-08
-31.6815128326416
1.999999987845058e-08
1.999999987845058e-08
1.999999987845058e-08
-12.055427551269531
-1.999999987845058e-08
-1.999999987845058e-08
-1.999999987845058e-08
-7.977780342102051
1.999999987845058e-08
1.999999987845058e-08
1.999999987845058e-08
-10.670389175415039
-1.999999987845058e-08
-1.999999987845058e-08
-1.999999987845058e-08
-9.723736763000488
1.999999987845058e-08
1.999999987845058e-08
1.999999987845058e-08
-2.912044048309326
-1.999999987845058e-08
-1.999999987845058e-08
-1.999999987845058e-08
3.350634813308716
1.999999987845058e-08
1.999999987845058e-08
1.999999987845058e-08
1.7370001077651978
-1.999999987845058e-08
-1.999999987845058e-08
-1.999999987845058e-08
-4.1744842529296875
1.999999987845058e-08
1.999999987845058e-08
1.999999987845058e-08
-3.453111410140991
-1.999999987845058e-08
-1.999999987845058e-08
-1.999999987845058e-08
6.588637351989746
1.999999987845058e-08
1.999999987845058e-08
1.999999987845058e-08
16.435914993286133
-1.999999987845058e-08
-1.999999987845058e-08
-1.999999987845058e-08
16.110754013061523
1.999999987845058e-08
1.999999987845058e-08
1.999999987845058e-08
16.110754013061523
-1.999999987845058e-08
-1.999999987845058e-08
-1.999999987845058e-08
7.686472415924072
1.999999987845058e-08
1.999999987845058e-08
1.999999987845058e-08
2.8417749404907227
-1.999999987845058e-08
-1.999999987845058e-08
-1.999999987845058e-08
8.217018127441406
1.999999987845058e-08
1.999999987845058e-08
1.999999987845058e-08
16.94547462463379
-1.999999987845058e-08
-1.999999987845058e-08
-1.999999987845058e-08
15.854116439819336
1.999999987845058e-08
1.999999987845058e-08
1.999999987845058e-08
0.9724224805831909
-1.999999987845058e-08
-1.999999987845058e-08
-1.999999987845058e-08
-15.921163558959961
1.999999987845058e-08
1.999999987845058e-08
1.999999987845058e-08
-18.397531509399414
-1.999999987845058e-08
-1.999999987845058e-08
-1.999999987845058e-08
-3.8726770877838135
1.999999987845058e-08
1.999999987845058e-08
1.999999987845058e-08
21.07979965209961
-1.999999987845058e-08
-1.999999987845058e-08
-1.999999987845058e-08
18.695077896118164
1.999999987845058e-08
1.999999987845058e-08
1.999999987845058e-08
10.36469554901123
-1.999999987845058e-08
-1.999999987845058e-08
-1.999999987845058e-08
2.995002269744873
1.999999987845058e-08
1.999999987845058e-08
1.999999987845058e-08
3.106701374053955
-1.999999987845058e-08
-1.999999987845058e-08
-1.999999987845058e-08
5.156130313873291
1.999999987845058e-08
1.999999987845058e-08
1.999999987845058e-08
-1.4985201358795166
-1.999999987845058e-08
-1.999999987845058e-08
-1.999999987845058e-08
-13.445147514343262
1.999999987845058e-08
1.999999987845058e-08
1.999999987845058e-08
-17.3886775970459
-1.999999987845058e-08
-1.999999987845058e-08
-1.999999987845058e-08
-9.876623153686523
1.999999987845058e-08
1.999999987845058e-08
1.999999987845058e-08
-0.9814513325691223
-1.999999987845058e-08
-1.999999987845058e-08
-1.999999987845058e-08
1.8446154594421387
1.999999987845058e-08
1.999999987845058e-08
1.999999987845058e-08
4.749271392822266
-1.999999987845058e-08
-1.999999987845058e-08
-1.999999987845058e-08
13.450613021850586
1.999999987845058e-08
1.999999987845058e-08
1.999999987845058e-08
20.211767196655273
-1.999999987845058e-08
-1.999999987845058e-08
-1.999999987845058e-08
17.855070114135742
1.999999987845058e-08
1.999999987845058e-08
1.999999987845058e-08
10.610840797424316
-1.999999987845058e-08
-1.999999987845058e-08
-1.999999987845058e-08
3.8158509731292725
1.999999987845058e-08
1.999999987845058e-08
1.999999987845058e-08
0.20759578049182892
-1.999999987845058e-08
-1.999999987845058e-08
-1.999999987845058e-08
4.043579578399658
1.999999987845058e-08
1.999999987845058e-08
1.999999987845058e-08
14.26539134979248
-1.999999987845058e-08
-1.999999987845058e-08
-1.999999987845058e-08
8.18010425567627
1.999999987845058e-08
1.999999987845058e-08
1.999999987845058e-08
8.751242637634277
-1.999999987845058e-08
-1.999999987845058e-08
-1.999999987845058e-08
19.800891876220703
1.999999987845058e-08
1.999999987845058e-08
1.999999987845058e-08
25.435741424560547
-1.999999987845058e-08
-1.999999987845058e-08
-1.999999987845058e-08
15.014625549316406
1.999999987845058e-08
1.999999987845058e-08
1.999999987845058e-08
-3.75250244140625
-1.999999987845058e-08
-1.999999987845058e-08
-1.999999987845058e-08
-19.927230834960938
1.999999987845058e-08
1.999999987845058e-08
1.999999987845058e-08
-28.052419662475586
-1.999999987845058e-08
-1.999999987845058e-08
-1.999999987845058e-08
-23.740304946899414
1.999999987845058e-08
1.999999987845058e-08
1.999999987845058e-08
2.6792192459106445
-1.999999987845058e-08
-1.999999987845058e-08
-1.999999987845058e-08
-0.579876720905304
1.999999987845058e-08
1.999999987845058e-08
1.999999987845058e-08
-8.750720024108887
-1.999999987845058e-08
-1.999999987845058e-08
-1.999999987845058e-08
-5.39902400970459
1.999999987845058e-08
1.999999987845058e-08
1.999999987845058e-08
8.552465438842773
-1.999999987845058e-08
-1.999999987845058e-08
-1.999999987845058e-08
18.535890579223633
1.999999987845058e-08
1.999999987845058e-08
1.999999987845058e-08
13.184329986572266
-1.999999987845058e-08
-1.999999987845058e-08
-1.999999987845058e-08
-5.68482780456543
1.999999987845058e-08
1.999999987845058e-08
1.999999987845058e-08
-22.735647201538086
-1.999999987845058e-08
-1.999999987845058e-08
-1.999999987845058e-08
-24.240463256835938
1.999999987845058e-08
1.999999987845058e-08
1.999999987845058e-08
13.184329986572266
-1.999999987845058e-08
-1.999999987845058e-08
-1.999999987845058e-08
-5.68482780456543
1.999999987845058e-08
1.999999987845058e-08
1.999999987845058e-08
-22.735647201538086
-1.999999987845058e-08
-1.999999987845058e-08
-1.999999987845058e-08
-24.240463256835938
1.999999987845058e-08
1.999999987845058e-08
1.999999987845058e-08
-13.574105262756348
-1.999999987845058e-08
-1.999999987845058e-08
-1.999999987845058e-08
-3.299779176712036
1.999999987845058e-08
1.999999987845058e-08
1.999999987845058e-08
2.8630452156066895
-1.999999987845058e-08
-1.999999987845058e-08
-1.999999987845058e-08
9.877553939819336
1.999999987845058e-08
1.999999987845058e-08
1.999999987845058e-08
19.5108699798584
-1.999999987845058e-08
-1.999999987845058e-08
-1.999999987845058e-08
26.3499813079834
1.999999987845058e-08
1.999999987845058e-08
1.999999987845058e-08
-10.573709487915039
-1.999999987845058e-08
-1.999999987845058e-08
-1.999999987845058e-08
-5.423136234283447
1.999999987845058e-08
1.999999987845058e-08
1.999999987845058e-08
0.5363227128982544
-1.999999987845058e-08
-1.999999987845058e-08
-1.999999987845058e-08
7.5781474113464355
1.999999987845058e-08
1.999999987845058e-08
1.999999987845058e-08
13.055692672729492
-1.999999987845058e-08
-1.999999987845058e-08
-1.999999987845058e-08
12.096698760986328
1.999999987845058e-08
1.999999987845058e-08
1.999999987845058e-08
8.044777870178223
-1.999999987845058e-08
-1.999999987845058e-08
-1.999999987845058e-08
6.222853183746338
1.999999987845058e-08
1.999999987845058e-08
1.999999987845058e-08
4.942376613616943
-1.999999987845058e-08
-1.999999987845058e-08
-1.999999987845058e-08
-1.1843308210372925
1.999999987845058e-08
1.999999987845058e-08
1.999999987845058e-08
-13.971783638000488
-1.999999987845058e-08
-1.999999987845058e-08
-1.999999987845058e-08
-25.672760009765625
1.999999987845058e-08
1.999999987845058e-08
1.999999987845058e-08
-22.729726791381836
-1.999999987845058e-08
-1.999999987845058e-08
-1.999999987845058e-08
-3.8237035274505615
1.999999987845058e-08
1.999999987845058e-08
1.999999987845058e-08
12.952089309692383
-1.999999987845058e-08
-1.999999987845058e-08
-1.999999987845058e-08
13.004936218261719
1.999999987845058e-08
1.999999987845058e-08
1.999999987845058e-08
4.012415409088135
-1.999999987845058e-08
-1.999999987845058e-08
-1.999999987845058e-08
-0.5368258953094482
1.999999987845058e-08
1.999999987845058e-08
1.999999987845058e-08
-0.41135454177856445
-1.999999987845058e-08
-1.999999987845058e-08
-1.999999987845058e-08
-1.1630228757858276
1.999999987845058e-08
1.999999987845058e-08
1.999999987845058e-08
-3.056659698486328
-1.999999987845058e-08
-1.999999987845058e-08
-1.999999987845058e-08
-4.409670829772949
1.999999987845058e-08
1.999999987845058e-08
1.999999987845058e-08
-6.644392490386963
-1.999999987845058e-08
-1.999999987845058e-08
-1.999999987845058e-08
-10.257442474365234
1.999999987845058e-08
1.999999987845058e-08
1.999999987845058e-08
-10.020611763000488
-1.999999987845058e-08
-1.999999987845058e-08
-1.999999987845058e-08
-1.7306970357894897
1.999999987845058e-08
1.999999987845058e-08
1.999999987845058e-08
9.168184280395508
-1.999999987845058e-08
-1.999999987845058e-08
-1.999999987845058e-08
12.06240177154541
1.999999987845058e-08
1.999999987845058e-08
1.999999987845058e-08
1.1133910417556763
-1.999999987845058e-08
-1.999999987845058e-08
-1.999999987845058e-08
-17.692363739013672
1.999999987845058e-08
1.999999987845058e-08
1.999999987845058e-08
1.1133910417556763
-1.999999987845058e-08
-1.999999987845058e-08
-1.999999987845058e-08
-17.692363739013672
1.999999987845058e-08
1.999999987845058e-08
1.999999987845058e-08
-27.372894287109375
-1.999999987845058e-08
-1.999999987845058e-08
-1.999999987845058e-08
-17.106233596801758
1.999999987845058e-08
1.999999987845058e-08
1.999999987845058e-08
1.9513822793960571
-1.999999987845058e-08
-1.999999987845058e-08
-1.999999987845058e-08
9.4740571975708
1.999999987845058e-08
1.999999987845058e-08
1.999999987845058e-08
1.7969436645507812
-1.999999987845058e-08
-1.999999987845058e-08
-1.999999987845058e-08
-7.224019527435303
1.999999987845058e-08
1.999999987845058e-08
1.999999987845058e-08
-8.182366371154785
-1.999999987845058e-08
-1.999999987845058e-08
-1.999999987845058e-08
-4.602545738220215
1.999999987845058e-08
1.999999987845058e-08
1.999999987845058e-08
0.2801160514354706
-1.999999987845058e-08
-1.999999987845058e-08
-1.999999987845058e-08
-6.105573654174805
1.999999987845058e-08
1.999999987845058e-08
1.999999987845058e-08
-13.098820686340332
-1.999999987845058e-08
-1.999999987845058e-08
-1.999999987845058e-08
-12.626550674438477
1.999999987845058e-08
1.999999987845058e-08
1.999999987845058e-08
-2.5397887229919434
-1.999999987845058e-08
-1.999999987845058e-08
-1.999999987845058e-08
9.548823356628418
1.999999987845058e-08
1.999999987845058e-08
1.999999987845058e-08
14.321847915649414
-1.999999987845058e-08
-1.999999987845058e-08
-1.999999987845058e-08
12.079292297363281
1.999999987845058e-08
1.999999987845058e-08
1.999999987845058e-08
7.683663845062256
-1.999999987845058e-08
-1.999999987845058e-08
-1.999999987845058e-08
0.36826542019844055
1.999999987845058e-08
1.999999987845058e-08
1.999999987845058e-08
-10.22200870513916
-1.999999987845058e-08
-1.999999987845058e-08
-1.999999987845058e-08
-17.785951614379883
1.999999987845058e-08
1.999999987845058e-08
1.999999987845058e-08
-16.204912185668945
-1.999999987845058e-08
-1.999999987845058e-08
-1.999999987845058e-08
-5.070620536804199
1.999999987845058e-08
1.999999987845058e-08
1.999999987845058e-08
10.363935470581055
-1.999999987845058e-08
-1.999999987845058e-08
-1.999999987845058e-08
18.91037940979004
1.999999987845058e-08
1.999999987845058e-08
1.999999987845058e-08
11.968432426452637
-1.999999987845058e-08
-1.999999987845058e-08
-1.999999987845058e-08
-2.706598997116089
1.999999987845058e-08
1.999999987845058e-08
1.999999987845058e-08
-8.711441040039062
-1.999999987845058e-08
-1.999999987845058e-08
-1.999999987845058e-08
-3.2557733058929443
1.999999987845058e-08
1.999999987845058e-08
1.999999987845058e-08
-0.0308911744505167
-1.999999987845058e-08
-1.999999987845058e-08
-1.999999987845058e-08
-0.9029654860496521
1.999999987845058e-08
1.999999987845058e-08
1.999999987845058e-08
10.276551246643066
-1.999999987845058e-08
-1.999999987845058e-08
-1.999999987845058e-08
29.926918029785156
1.999999987845058e-08
1.999999987845058e-08
1.999999987845058e-08
40.430137634277344
-1.999999987845058e-08
-1.999999987845058e-08
-1.999999987845058e-08
31.72756004333496
1.999999987845058e-08
1.999999987845058e-08
1.999999987845058e-08
12.430291175842285
-1.999999987845058e-08
-1.999999987845058e-08
-1.999999987845058e-08
-3.310859203338623
1.999999987845058e-08
1.999999987845058e-08
1.999999987845058e-08
-8.134084701538086
-1.999999987845058e-08
-1.999999987845058e-08
-1.999999987845058e-08
-3.546349048614502
1.999999987845058e-08
1.999999987845058e-08
1.999999987845058e-08
-3.546349287033081
-1.999999987845058e-08
-1.999999987845058e-08
-1.999999987845058e-08
3.450815200805664
1.999999987845058e-08
1.999999987845058e-08
1.999999987845058e-08
9.511716842651367
-1.999999987845058e-08
-1.999999987845058e-08
-1.999999987845058e-08
16.007383346557617
1.999999987845058e-08
1.999999987845058e-08
1.999999987845058e-08
19.461101531982422
-1.999999987845058e-08
-1.999999987845058e-08
-1.999999987845058e-08
14.11346435546875
1.999999987845058e-08
1.999999987845058e-08
1.999999987845058e-08
4.840920448303223
-1.999999987845058e-08
-1.999999987845058e-08
-1.999999987845058e-08
1.4461498260498047
1.999999987845058e-08
1.999999987845058e-08
1.999999987845058e-08
2.38153076171875
-1.999999987845058e-08
-1.999999987845058e-08
-1.999999987845058e-08
0.6000896692276001
1.999999987845058e-08
1.999999987845058e-08
1.999999987845058e-08
-2.4453413486480713
-1.999999987845058e-08
-1.999999987845058e-08
-1.999999987845058e-08
-0.5691995620727539
1.999999987845058e-08
1.999999987845058e-08
1.999999987845058e-08
-1.158751130104065
-1.999999987845058e-08
-1.999999987845058e-08
-1.999999987845058e-08
-2.5258445739746094
1.999999987845058e-08
1.999999987845058e-08
1.999999987845058e-08
-0.18471656739711761
-1.999999987845058e-08
-1.999999987845058e-08
-1.999999987845058e-08
5.340580463409424
1.999999987845058e-08
1.999999987845058e-08
1.999999987845058e-08
8.553492546081543
-1.999999987845058e-08
-1.999999987845058e-08
-1.999999987845058e-08
3.0890824794769287
1.999999987845058e-08
1.999999987845058e-08
1.999999987845058e-08
-9.504754066467285
-1.999999987845058e-08
-1.999999987845058e-08
-1.999999987845058e-08
-16.190412521362305
1.999999987845058e-08
1.999999987845058e-08
1.999999987845058e-08
3.0890822410583496
-1.999999987845058e-08
-1.999999987845058e-08
-1.999999987845058e-08
-9.504754066467285
1.999999987845058e-08
1.999999987845058e-08
1.999999987845058e-08
-16.190412521362305
-1.999999987845058e-08
-1.999999987845058e-08
-1.999999987845058e-08
-9.599400520324707
1.999999987845058e-08
1.999999987845058e-08
1.999999987845058e-08
-1.5934463739395142
-1.999999987845058e-08
-1.999999987845058e-08
-1.999999987845058e-08
-4.38477087020874
1.999999987845058e-08
1.999999987845058e-08
1.999999987845058e-08
-9.066777229309082
-1.999999987845058e-08
-1.999999987845058e-08
-1.999999987845058e-08
-2.9974024295806885
1.999999987845058e-08
1.999999987845058e-08
1.999999987845058e-08
6.210196495056152
-1.999999987845058e-08
-1.999999987845058e-08
-1.999999987845058e-08
3.3165597915649414
1.999999987845058e-08
1.999999987845058e-08
1.999999987845058e-08
-13.343934059143066
-1.999999987845058e-08
-1.999999987845058e-08
-1.999999987845058e-08
-31.84450340270996
1.999999987845058e-08
1.999999987845058e-08
1.999999987845058e-08
-39.438392639160156
-1.999999987845058e-08
-1.999999987845058e-08
-1.999999987845058e-08
-34.30392837524414
1.999999987845058e-08
1.999999987845058e-08
1.999999987845058e-08
-23.3320369720459
-1.999999987845058e-08
-1.999999987845058e-08
-1.999999987845058e-08
-11.215616226196289
1.999999987845058e-08
1.999999987845058e-08
1.999999987845058e-08
-0.34747815132141113
-1.999999987845058e-08
-1.999999987845058e-08
-1.999999987845058e-08
4.099362850189209
1.999999987845058e-08
1.999999987845058e-08
1.999999987845058e-08
0.7216545343399048
-1.999999987845058e-08
-1.999999987845058e-08
-1.999999987845058e-08
-2.5358457565307617
1.999999987845058e-08
1.999999987845058e-08
1.999999987845058e-08
0.9455301761627197
-1.999999987845058e-08
-1.999999987845058e-08
-1.999999987845058e-08
6.9352874755859375
1.999999987845058e-08
1.999999987845058e-08
1.999999987845058e-08
8.137377738952637
-1.999999987845058e-08
-1.999999987845058e-08
-1.999999987845058e-08
4.905697822570801
1.999999987845058e-08
1.999999987845058e-08
1.999999987845058e-08
2.778942346572876
-1.999999987845058e-08
-1.999999987845058e-08
-1.999999987845058e-08
4.926126956939697
1.999999987845058e-08
1.999999987845058e-08
1.999999987845058e-08
10.75363826751709
-1.999999987845058e-08
-1.999999987845058e-08
-1.999999987845058e-08
16.929943084716797
1.999999987845058e-08
1.999999987845058e-08
1.999999987845058e-08
20.046321868896484
-1.999999987845058e-08
-1.999999987845058e-08
-1.999999987845058e-08
18.986743927001953
1.999999987845058e-08
1.999999987845058e-08
1.999999987845058e-08
-14.97585678100586
-1.999999987845058e-08
-1.999999987845058e-08
-1.999999987845058e-08
-11.877583503723145
1.999999987845058e-08
1.999999987845058e-08
1.999999987845058e-08
0.32800811529159546
-1.999999987845058e-08
-1.999999987845058e-08
-1.999999987845058e-08
5.935142993927002
1.999999987845058e-08
1.999999987845058e-08
1.999999987845058e-08
-0.2584138810634613
-1.999999987845058e-08
-1.999999987845058e-08
-1.999999987845058e-08
-7.317505359649658
1.999999987845058e-08
1.999999987845058e-08
1.999999987845058e-08
-3.86879563331604
-1.999999987845058e-08
-1.999999987845058e-08
-1.999999987845058e-08
8.682809829711914
1.999999987845058e-08
1.999999987845058e-08
1.999999987845058e-08
18.47003746032715
-1.999999987845058e-08
-1.999999987845058e-08
-1.999999987845058e-08
15.234061241149902
1.999999987845058e-08
1.999999987845058e-08
1.999999987845058e-08
2.789578676223755
-1.999999987845058e-08
-1.999999987845058e-08
-1.999999987845058e-08
-4.996659278869629
1.999999987845058e-08
1.999999987845058e-08
1.999999987845058e-08
-2.614609956741333
-1.999999987845058e-08
-1.999999987845058e-08
-1.999999987845058e-08
2.7140955924987793
1.999999987845058e-08
1.999999987845058e-08
1.999999987845058e-08
5.236973762512207
-1.999999987845058e-08
-1.999999987845058e-08
-1.999999987845058e-08
6.599006175994873
1.999999987845058e-08
1.999999987845058e-08
1.999999987845058e-08
7.677713394165039
-1.999999987845058e-08
-1.999999987845058e-08
-1.999999987845058e-08
8.18413257598877
1.999999987845058e-08
1.999999987845058e-08
1.999999987845058e-08
12.809664726257324
-1.999999987845058e-08
-1.999999987845058e-08
-1.999999987845058e-08
22.395397186279297
1.999999987845058e-08
1.999999987845058e-08
1.999999987845058e-08
22.395397186279297
-1.999999987845058e-08
-1.999999987845058e-08
-1.999999987845058e-08
24.294078826904297
1.999999987845058e-08
1.999999987845058e-08
1.999999987845058e-08
9.317695617675781
-1.999999987845058e-08
-1.999999987845058e-08
-1.999999987845058e-08
-9.338747024536133
1.999999987845058e-08
1.999999987845058e-08
1.999999987845058e-08
-12.174397468566895
-1.999999987845058e-08
-1.999999987845058e-08
-1.999999987845058e-08
0.8637663125991821
1.999999987845058e-08
1.999999987845058e-08
1.999999987845058e-08
15.964735984802246
-1.999999987845058e-08
-1.999999987845058e-08
-1.999999987845058e-08
23.943397521972656
1.999999987845058e-08
1.999999987845058e-08
1.999999987845058e-08
23.052841186523438
-1.999999987845058e-08
-1.999999987845058e-08
-1.999999987845058e-08
15.412375450134277
1.999999987845058e-08
1.999999987845058e-08
1.999999987845058e-08
15.412375450134277
-1.999999987845058e-08
-1.999999987845058e-08
-1.999999987845058e-08
4.674867153167725
1.999999987845058e-08
1.999999987845058e-08
1.999999987845058e-08
-7.291794776916504
-1.999999987845058e-08
-1.999999987845058e-08
-1.999999987845058e-08
-18.856548309326172
1.999999987845058e-08
1.999999987845058e-08
1.999999987845058e-08
-24.38136100769043
-1.999999987845058e-08
-1.999999987845058e-08
-1.999999987845058e-08
-19.761796951293945
1.999999987845058e-08
1.999999987845058e-08
1.999999987845058e-08
-9.685688972473145
-1.999999987845058e-08
-1.999999987845058e-08
-1.999999987845058e-08
-1.5408769845962524
1.999999987845058e-08
1.999999987845058e-08
1.999999987845058e-08
1.29770028591156
-1.999999987845058e-08
-1.999999987845058e-08
-1.999999987845058e-08
-1.5165791511535645
1.999999987845058e-08
1.999999987845058e-08
1.999999987845058e-08
-6.989443778991699
-1.999999987845058e-08
-1.999999987845058e-08
-1.999999987845058e-08
-6.1756696701049805
1.999999987845058e-08
1.999999987845058e-08
1.999999987845058e-08
-10.471381187438965
-1.999999987845058e-08
-1.999999987845058e-08
-1.999999987845058e-08
-18.607046127319336
1.999999987845058e-08
1.999999987845058e-08
1.999999987845058e-08
-22.189599990844727
-1.999999987845058e-08
-1.999999987845058e-08
-1.999999987845058e-08
-17.119150161743164
1.999999987845058e-08
1.999999987845058e-08
1.999999987845058e-08
-7.424975395202637
-1.999999987845058e-08
-1.999999987845058e-08
-1.999999987845058e-08
0.5158072710037231
1.999999987845058e-08
1.999999987845058e-08
1.999999987845058e-08
4.687512397766113
-1.999999987845058e-08
-1.999999987845058e-08
-1.999999987845058e-08
7.5393500328063965
1.999999987845058e-08
1.999999987845058e-08
1.999999987845058e-08
11.925764083862305
-1.999999987845058e-08
-1.999999987845058e-08
-1.999999987845058e-08
16.536588668823242
1.999999987845058e-08
1.999999987845058e-08
1.999999987845058e-08
13.274033546447754
-1.999999987845058e-08
-1.999999987845058e-08
-1.999999987845058e-08
-3.0725150108337402
1.999999987845058e-08
1.999999987845058e-08
1.999999987845058e-08
-21.40130043029785
-1.999999987845058e-08
-1.999999987845058e-08
-1.999999987845058e-08
-24.84560775756836
1.999999987845058e-08
1.999999987845058e-08
1.999999987845058e-08
-14.568316459655762
-1.999999987845058e-08
-1.999999987845058e-08
-1.999999987845058e-08
-6.81724214553833
1.999999987845058e-08
1.999999987845058e-08
1.999999987845058e-08
-7.5878496170043945
-1.999999987845058e-08
-1.999999987845058e-08
-1.999999987845058e-08
-8.36756706237793
1.999999987845058e-08
1.999999987845058e-08
1.999999987845058e-08
0.36675578355789185
-1.999999987845058e-08
-1.999999987845058e-08
-1.999999987845058e-08
7.023064136505127
1.999999987845058e-08
1.999999987845058e-08
1.999999987845058e-08
10.292452812194824
-1.999999987845058e-08
-1.999999987845058e-08
-1.999999987845058e-08
1.4848953485488892
1.999999987845058e-08
1.999999987845058e-08
1.999999987845058e-08
-16.16674041748047
-1.999999987845058e-08
-1.999999987845058e-08
-1.999999987845058e-08
-25.286373138427734
1.999999987845058e-08
1.999999987845058e-08
1.999999987845058e-08
-14.061749458312988
-1.999999987845058e-08
-1.999999987845058e-08
-1.999999987845058e-08
6.176029682159424
1.999999987845058e-08
1.999999987845058e-08
1.999999987845058e-08
13.987915992736816
-1.999999987845058e-08
-1.999999987845058e-08
-1.999999987845058e-08
5.115396499633789
1.999999987845058e-08
1.999999987845058e-08
1.999999987845058e-08
-16.502391815185547
-1.999999987845058e-08
-1.999999987845058e-08
-1.999999987845058e-08
-14.00805950164795
1.999999987845058e-08
1.999999987845058e-08
1.999999987845058e-08
-6.1301116943359375
-1.999999987845058e-08
-1.999999987845058e-08
-1.999999987845058e-08
-3.7396881580352783
1.999999987845058e-08
1.999999987845058e-08
1.999999987845058e-08
-4.207881927490234
-1.999999987845058e-08
-1.999999987845058e-08
-1.999999987845058e-08
4.971895217895508
1.999999987845058e-08
1.999999987845058e-08
1.999999987845058e-08
18.347593307495117
-1.999999987845058e-08
-1.999999987845058e-08
-1.999999987845058e-08
17.215595245361328
1.999999987845058e-08
1.999999987845058e-08
1.999999987845058e-08
-0.0324457511305809
-1.999999987845058e-08
-1.999999987845058e-08
-1.999999987845058e-08
-16.472726821899414
1.999999987845058e-08
1.999999987845058e-08
1.999999987845058e-08
-0.0324457623064518
-1.999999987845058e-08
-1.999999987845058e-08
-1.999999987845058e-08
-16.472726821899414
1.999999987845058e-08
1.999999987845058e-08
1.999999987845058e-08
-20.342845916748047
-1.999999987845058e-08
-1.999999987845058e-08
-1.999999987845058e-08
-15.607240676879883
1.999999987845058e-08
1.999999987845058e-08
1.999999987845058e-08
-10.9912691116333
-1.999999987845058e-08
-1.999999987845058e-08
-1.999999987845058e-08
-8.324227333068848
1.999999987845058e-08
1.999999987845058e-08
1.999999987845058e-08
-4.589085578918457
-1.999999987845058e-08
-1.999999987845058e-08
-1.999999987845058e-08
0.6522331237792969
1.999999987845058e-08
1.999999987845058e-08
1.999999987845058e-08
4.586223125457764
-1.999999987845058e-08
-1.999999987845058e-08
-1.999999987845058e-08
5.934337615966797
1.999999987845058e-08
1.999999987845058e-08
1.999999987845058e-08
-0.7645383477210999
-1.999999987845058e-08
-1.999999987845058e-08
-1.999999987845058e-08
-12.777226448059082
1.999999987845058e-08
1.999999987845058e-08
1.999999987845058e-08
-21.266746520996094
-1.999999987845058e-08
-1.999999987845058e-08
-1.999999987845058e-08
-12.30091381072998
1.999999987845058e-08
1.999999987845058e-08
1.999999987845058e-08
10.299690246582031
-1.999999987845058e-08
-1.999999987845058e-08
-1.999999987845058e-08
25.726741790771484
1.999999987845058e-08
1.999999987845058e-08
1.999999987845058e-08
23.76003646850586
-1.999999987845058e-08
-1.999999987845058e-08
-1.999999987845058e-08
15.347236633300781
1.999999987845058e-08
1.999999987845058e-08
1.999999987845058e-08
12.516613960266113
-1.999999987845058e-08
-1.999999987845058e-08
-1.999999987845058e-08
13.504510879516602
1.999999987845058e-08
1.999999987845058e-08
1.999999987845058e-08
-13.495624542236328
-1.999999987845058e-08
-1.999999987845058e-08
-1.999999987845058e-08
-17.261642456054688
1.999999987845058e-08
1.999999987845058e-08
1.999999987845058e-08
-11.125513076782227
-1.999999987845058e-08
-1.999999987845058e-08
-1.999999987845058e-08
-6.442541599273682
1.999999987845058e-08
1.999999987845058e-08
1.999999987845058e-08
-7.932776927947998
-1.999999987845058e-08
-1.999999987845058e-08
-1.999999987845058e-08
-4.945433139801025
1.999999987845058e-08
1.999999987845058e-08
1.999999987845058e-08
6.494434833526611
-1.999999987845058e-08
-1.999999987845058e-08
-1.999999987845058e-08
12.874439239501953
1.999999987845058e-08
1.999999987845058e-08
1.999999987845058e-08
5.572558879852295
-1.999999987845058e-08
-1.999999987845058e-08
-1.999999987845058e-08
-5.014764785766602
1.999999987845058e-08
1.999999987845058e-08
1.999999987845058e-08
6.494434833526611
-1.999999987845058e-08
-1.999999987845058e-08
-1.999999987845058e-08
12.874439239501953
1.999999987845058e-08
1.999999987845058e-08
1.999999987845058e-08
5.572558879852295
-1.999999987845058e-08
-1.999999987845058e-08
-1.999999987845058e-08
-5.014764785766602
1.999999987845058e-08
1.999999987845058e-08
1.999999987845058e-08
-5.8737568855285645
-1.999999987845058e-08
-1.999999987845058e-08
-1.999999987845058e-08
1.1271090507507324
1.999999987845058e-08
1.999999987845058e-08
1.999999987845058e-08
6.2380146980285645
-1.999999987845058e-08
-1.999999987845058e-08
-1.999999987845058e-08
7.394759178161621
1.999999987845058e-08
1.999999987845058e-08
1.999999987845058e-08
9.543002128601074
-1.999999987845058e-08
-1.999999987845058e-08
-1.999999987845058e-08
15.534035682678223
1.999999987845058e-08
1.999999987845058e-08
1.999999987845058e-08
28.162372589111328
-1.999999987845058e-08
-1.999999987845058e-08
-1.999999987845058e-08
28.783584594726562
1.999999987845058e-08
1.999999987845058e-08
1.999999987845058e-08
24.328580856323242
-1.999999987845058e-08
-1.999999987845058e-08
-1.999999987845058e-08
9.224205017089844
1.999999987845058e-08
1.999999987845058e-08
1.999999987845058e-08
-15.59846305847168
-1.999999987845058e-08
-1.999999987845058e-08
-1.999999987845058e-08
-32.13920974731445
1.999999987845058e-08
1.999999987845058e-08
1.999999987845058e-08
-26.280515670776367
-1.999999987845058e-08
-1.999999987845058e-08
-1.999999987845058e-08
-10.303043365478516
1.999999987845058e-08
1.999999987845058e-08
1.999999987845058e-08
-4.380177021026611
-1.999999987845058e-08
-1.999999987845058e-08
-1.999999987845058e-08
-5.716997146606445
1.999999987845058e-08
1.999999987845058e-08
1.999999987845058e-08
20.501752853393555
-1.999999987845058e-08
-1.999999987845058e-08
-1.999999987845058e-08
14.641252517700195
1.999999987845058e-08
1.999999987845058e-08
1.999999987845058e-08
0.5670138001441956
-1.999999987845058e-08
-1.999999987845058e-08
-1.999999987845058e-08
-11.660102844238281
1.999999987845058e-08
1.999999987845058e-08
1.999999987845058e-08
-12.948366165161133
-1.999999987845058e-08
-1.999999987845058e-08
-1.999999987845058e-08
-6.87177848815918
1.999999987845058e-08
1.999999987845058e-08
1.999999987845058e-08
-5.636173725128174
-1.999999987845058e-08
-1.999999987845058e-08
-1.999999987845058e-08
-9.428155899047852
1.999999987845058e-08
1.999999987845058e-08
1.999999987845058e-08
-6.722733497619629
-1.999999987845058e-08
-1.999999987845058e-08
-1.999999987845058e-08
4.431581497192383
1.999999987845058e-08
1.999999987845058e-08
1.999999987845058e-08
-6.722733497619629
-1.999999987845058e-08
-1.999999987845058e-08
-1.999999987845058e-08
4.431581497192383
1.999999987845058e-08
1.999999987845058e-08
1.999999987845058e-08
14.325636863708496
-1.999999987845058e-08
-1.999999987845058e-08
-1.999999987845058e-08
16.275941848754883
1.999999987845058e-08
1.999999987845058e-08
1.999999987845058e-08
10.458878517150879
-1.999999987845058e-08
-1.999999987845058e-08
-1.999999987845058e-08
-1.1470856666564941
1.999999987845058e-08
1.999999987845058e-08
1.999999987845058e-08
-13.773178100585938
-1.999999987845058e-08
-1.999999987845058e-08
-1.999999987845058e-08
-17.199352264404297
1.999999987845058e-08
1.999999987845058e-08
1.999999987845058e-08
-6.849478721618652
-1.999999987845058e-08
-1.999999987845058e-08
-1.999999987845058e-08
6.22211217880249
1.999999987845058e-08
1.999999987845058e-08
1.999999987845058e-08
2.938692092895508
-1.999999987845058e-08
-1.999999987845058e-08
-1.999999987845058e-08
-0.5018132925033569
1.999999987845058e-08
1.999999987845058e-08
1.999999987845058e-08
4.812483787536621
-1.999999987845058e-08
-1.999999987845058e-08
-1.999999987845058e-08
6.943058013916016
1.999999987845058e-08
1.999999987845058e-08
1.999999987845058e-08
-9.009608268737793
-1.999999987845058e-08
-1.999999987845058e-08
-1.999999987845058e-08
-32.09651184082031
1.999999987845058e-08
1.999999987845058e-08
1.999999987845058e-08
-33.68744659423828
-1.999999987845058e-08
-1.999999987845058e-08
-1.999999987845058e-08
-7.052414894104004
1.999999987845058e-08
1.999999987845058e-08
1.999999987845058e-08
23.92377471923828
-1.999999987845058e-08
-1.999999987845058e-08
-1.999999987845058e-08
38.14936447143555
1.999999987845058e-08
1.999999987845058e-08
1.999999987845058e-08
34.77436065673828
-1.999999987845058e-08
-1.999999987845058e-08
-1.999999987845058e-08
19.20268440246582
1.999999987845058e-08
1.999999987845058e-08
1.999999987845058e-08
-0.07675577700138092
-1.999999987845058e-08
-1.999999987845058e-08
-1.999999987845058e-08
-10.189119338989258
1.999999987845058e-08
1.999999987845058e-08
1.999999987845058e-08
-10.222107887268066
-1.999999987845058e-08
-1.999999987845058e-08
-1.999999987845058e-08
-11.697184562683105
1.999999987845058e-08
1.999999987845058e-08
1.999999987845058e-08
-19.331632614135742
-1.999999987845058e-08
-1.999999987845058e-08
-1.999999987845058e-08
-29.141016006469727
1.999999987845058e-08
1.999999987845058e-08
1.999999987845058e-08
-37.229087829589844
-1.999999987845058e-08
-1.999999987845058e-08
-1.999999987845058e-08
-40.12284469604492
1.999999987845058e-08
1.999999987845058e-08
1.999999987845058e-08
-24.58713722229004
-1.999999987845058e-08
-1.999999987845058e-08
-1.999999987845058e-08
-17.633625030517578
1.999999987845058e-08
1.999999987845058e-08
1.999999987845058e-08
-18.381635665893555
-1.999999987845058e-08
-1.999999987845058e-08
-1.999999987845058e-08
-16.670711517333984
1.999999987845058e-08
1.999999987845058e-08
1.999999987845058e-08
-1.678692102432251
-1.999999987845058e-08
-1.999999987845058e-08
-1.999999987845058e-08
18.2037410736084
1.999999987845058e-08
1.999999987845058e-08
1.999999987845058e-08
27.853124618530273
-1.999999987845058e-08
-1.999999987845058e-08
-1.999999987845058e-08
25.74105453491211
1.999999987845058e-08
1.999999987845058e-08
1.999999987845058e-08
16.97807502746582
-1.999999987845058e-08
-1.999999987845058e-08
-1.999999987845058e-08
5.271228313446045
1.999999987845058e-08
1.999999987845058e-08
1.999999987845058e-08
16.97807502746582
-1.999999987845058e-08
-1.999999987845058e-08
-1.999999987845058e-08
5.271228313446045
1.999999987845058e-08
1.999999987845058e-08
1.999999987845058e-08
-3.2425522804260254
-1.999999987845058e-08
-1.999999987845058e-08
-1.999999987845058e-08
-3.554506540298462
1.999999987845058e-08
1.999999987845058e-08
1.999999987845058e-08
3.796959638595581
-1.999999987845058e-08
-1.999999987845058e-08
-1.999999987845058e-08
16.23190689086914
1.999999987845058e-08
1.999999987845058e-08
1.999999987845058e-08
28.795198440551758
-1.999999987845058e-08
-1.999999987845058e-08
-1.999999987845058e-08
33.52519989013672
1.999999987845058e-08
1.999999987845058e-08
1.999999987845058e-08
28.41741371154785
-1.999999987845058e-08
-1.999999987845058e-08
-1.999999987845058e-08
20.03470230102539
1.999999987845058e-08
1.999999987845058e-08
1.999999987845058e-08
11.96670150756836
-1.999999987845058e-08
-1.999999987845058e-08
-1.999999987845058e-08
0.8492568731307983
1.999999987845058e-08
1.999999987845058e-08
1.999999987845058e-08
-13.086936950683594
-1.999999987845058e-08
-1.999999987845058e-08
-1.999999987845058e-08
-21.00539207458496
1.999999987845058e-08
1.999999987845058e-08
1.999999987845058e-08
-16.217832565307617
-1.999999987845058e-08
-1.999999987845058e-08
-1.999999987845058e-08
-4.684384822845459
1.999999987845058e-08
1.999999987845058e-08
1.999999987845058e-08
2.263292074203491
-1.999999987845058e-08
-1.999999987845058e-08
-1.999999987845058e-08
3.5150368213653564
1.999999987845058e-08
1.999999987845058e-08
1.999999987845058e-08
9.371541976928711
-1.999999987845058e-08
-1.999999987845058e-08
-1.999999987845058e-08
25.548032760620117
1.999999987845058e-08
1.999999987845058e-08
1.999999987845058e-08
38.85011291503906
-1.999999987845058e-08
-1.999999987845058e-08
-1.999999987845058e-08
14.268207550048828
1.999999987845058e-08
1.999999987845058e-08
1.999999987845058e-08
-14.054815292358398
-1.999999987845058e-08
-1.999999987845058e-08
-1.999999987845058e-08
-21.322511672973633
1.999999987845058e-08
1.999999987845058e-08
1.999999987845058e-08
-6.286923885345459
-1.999999987845058e-08
-1.999999987845058e-08
-1.999999987845058e-08
6.0821404457092285
1.999999987845058e-08
1.999999987845058e-08
1.999999987845058e-08
-0.8608692288398743
-1.999999987845058e-08
-1.999999987845058e-08
-1.999999987845058e-08
-17.541484832763672
1.999999987845058e-08
1.999999987845058e-08
1.999999987845058e-08
-27.066884994506836
-1.999999987845058e-08
-1.999999987845058e-08
-1.999999987845058e-08
-22.05017852783203
1.999999987845058e-08
1.999999987845058e-08
1.999999987845058e-08
25.179439544677734
-1.999999987845058e-08
-1.999999987845058e-08
-1.999999987845058e-08
20.179759979248047
1.999999987845058e-08
1.999999987845058e-08
1.999999987845058e-08
3.9857177734375
-1.999999987845058e-08
-1.999999987845058e-08
-1.999999987845058e-08
-5.155092239379883
1.999999987845058e-08
1.999999987845058e-08
1.999999987845058e-08
1.3475064039230347
-1.999999987845058e-08
-1.999999987845058e-08
-1.999999987845058e-08
9.934773445129395
1.999999987845058e-08
1.999999987845058e-08
1.999999987845058e-08
5.87877082824707
-1.999999987845058e-08
-1.999999987845058e-08
-1.999999987845058e-08
-3.0894787311553955
1.999999987845058e-08
1.999999987845058e-08
1.999999987845058e-08
0.022376561537384987
-1.999999987845058e-08
-1.999999987845058e-08
-1.999999987845058e-08
13.258122444152832
1.999999987845058e-08
1.999999987845058e-08
1.999999987845058e-08
5.87877082824707
-1.999999987845058e-08
-1.999999987845058e-08
-1.999999987845058e-08
-3.0894787311553955
1.999999987845058e-08
1.999999987845058e-08
1.999999987845058e-08
0.02237655594944954
-1.999999987845058e-08
-1.999999987845058e-08
-1.999999987845058e-08
13.258122444152832
1.999999987845058e-08
1.999999987845058e-08
1.999999987845058e-08
20.715940475463867
-1.999999987845058e-08
-1.999999987845058e-08
-1.999999987845058e-08
15.229558944702148
1.999999987845058e-08
1.999999987845058e-08
1.999999987845058e-08
2.0674326419830322
-1.999999987845058e-08
-1.999999987845058e-08
-1.999999987845058e-08
-10.092090606689453
1.999999987845058e-08
1.999999987845058e-08
1.999999987845058e-08
-16.45509147644043
-1.999999987845058e-08
-1.999999987845058e-08
-1.999999987845058e-08
-17.463685989379883
1.999999987845058e-08
1.999999987845058e-08
1.999999987845058e-08
-14.562438011169434
-1.999999987845058e-08
-1.999999987845058e-08
-1.999999987845058e-08
-8.36713695526123
1.999999987845058e-08
1.999999987845058e-08
1.999999987845058e-08
-0.188181072473526
-1.999999987845058e-08
-1.999999987845058e-08
-1.999999987845058e-08
7.865800380706787
1.999999987845058e-08
1.999999987845058e-08
1.999999987845058e-08
10.959932327270508
-1.999999987845058e-08
-1.999999987845058e-08
-1.999999987845058e-08
3.9895474910736084
1.999999987845058e-08
1.999999987845058e-08
1.999999987845058e-08
-8.727754592895508
-1.999999987845058e-08
-1.999999987845058e-08
-1.999999987845058e-08
-18.377897262573242
1.999999987845058e-08
1.999999987845058e-08
1.999999987845058e-08
-24.349876403808594
-1.999999987845058e-08
-1.999999987845058e-08
-1.999999987845058e-08
-27.130992889404297
1.999999987845058e-08
1.999999987845058e-08
1.999999987845058e-08
9.221637725830078
-1.999999987845058e-08
-1.999999987845058e-08
-1.999999987845058e-08
8.9222412109375
1.999999987845058e-08
1.999999987845058e-08
1.999999987845058e-08
1.2334842681884766
-1.999999987845058e-08
-1.999999987845058e-08
-1.999999987845058e-08
-2.9998793601989746
1.999999987845058e-08
1.999999987845058e-08
1.999999987845058e-08
-2.4415855407714844
-1.999999987845058e-08
-1.999999987845058e-08
-1.999999987845058e-08
-1.7510892152786255
1.999999987845058e-08
1.999999987845058e-08
1.999999987845058e-08
