0
11.650675773620605
1.999999987845058e-08
1.999999987845058e-08
1.999999987845058e-08
22.745336532592773
-1.999999987845058e-08
-1.999999987845058e-08
-1.999999987845058e-08
31.568267822265625
1.999999987845058e-08
1.999999987845058e-08
1.999999987845058e-08
28.79926109313965
-1.999999987845058e-08
-1.999999987845058e-08
-1.999999987845058e-08
14.456019401550293
1.999999987845058e-08
1.999999987845058e-08
1.999999987845058e-08
-4.420920372009277
-1.999999987845058e-08
-1.999999987845058e-08
-1.999999987845058e-08
-21.28835105895996
1.999999987845058e-08
1.999999987845058e-08
1.999999987845058e-08
-28.091468811035156
-1.999999987845058e-08
-1.999999987845058e-08
-1.999999987845058e-08
-20.082862854003906
1.999999987845058e-08
1.999999987845058e-08
1.999999987845058e-08
4.207666397094727
-1.999999987845058e-08
-1.999999987845058e-08
-1.999999987845058e-08
19.59210205078125
1.999999987845058e-08
1.999999987845058e-08
1.999999987845058e-08
25.530895233154297
-1.999999987845058e-08
-1.999999987845058e-08
-1.999999987845058e-08
14.903042793273926
1.999999987845058e-08
1.999999987845058e-08
1.999999987845058e-08
-9.867362976074219
-1.999999987845058e-08
-1.999999987845058e-08
-1.999999987845058e-08
-32.10480880737305
1.999999987845058e-08
1.999999987845058e-08
1.999999987845058e-08
-31.721582412719727
-1.999999987845058e-08
-1.999999987845058e-08
-1.999999987845058e-08
-11.081218719482422
1.999999987845058e-08
1.999999987845058e-08
1.999999987845058e-08
4.069520473480225
-1.999999987845058e-08
-1.999999987845058e-08
-1.999999987845058e-08
-0.4171834886074066
1.999999987845058e-08
1.999999987845058e-08
1.999999987845058e-08
-8.921730041503906
-1.999999987845058e-08
-1.999999987845058e-08
-1.999999987845058e-08
-2.4775609970092773
1.999999987845058e-08
1.999999987845058e-08
1.999999987845058e-08
14.052766799926758
-1.999999987845058e-08
-1.999999987845058e-08
-1.999999987845058e-08
21.199167251586914
1.999999987845058e-08
1.999999987845058e-08
1.999999987845058e-08
9.621190071105957
-1.999999987845058e-08
-1.999999987845058e-08
-1.999999987845058e-08
-12.71191692352295
1.999999987845058e-08
1.999999987845058e-08
1.999999987845058e-08
-29.6186466217041
-1.999999987845058e-08
-1.999999987845058e-08
-1.999999987845058e-08
-29.134204864501953
1.999999987845058e-08
1.999999987845058e-08
1.999999987845058e-08
-15.177040100097656
-1.999999987845058e-08
-1.999999987845058e-08
-1.999999987845058e-08
-3.825737714767456
1.999999987845058e-08
1.999999987845058e-08
1.999999987845058e-08
-8.383042335510254
-1.999999987845058e-08
-1.999999987845058e-08
-1.999999987845058e-08
-8.83355712890625
1.999999987845058e-08
1.999999987845058e-08
1.999999987845058e-08
-5.439341068267822
-1.999999987845058e-08
-1.999999987845058e-08
-1.999999987845058e-08
-4.922187328338623
1.999999987845058e-08
1.999999987845058e-08
1.999999987845058e-08
-9.356900215148926
-1.999999987845058e-08
-1.999999987845058e-08
-1.999999987845058e-08
-16.429113388061523
1.999999987845058e-08
1.999999987845058e-08
1.999999987845058e-08
-23.79121971130371
-1.999999987845058e-08
-1.999999987845058e-08
-1.999999987845058e-08
-23.96080207824707
1.999999987845058e-08
1.999999987845058e-08
1.999999987845058e-08
-9.851771354675293
-1.999999987845058e-08
-1.999999987845058e-08
-1.999999987845058e-08
7.238693714141846
1.999999987845058e-08
1.999999987845058e-08
1.999999987845058e-08
7.2386932373046875
-1.999999987845058e-08
-1.999999987845058e-08
-1.999999987845058e-08
7.769259929656982
1.999999987845058e-08
1.999999987845058e-08
1.999999987845058e-08
-6.607023239135742
-1.999999987845058e-08
-1.999999987845058e-08
-1.999999987845058e-08
-16.19773292541504
1.999999987845058e-08
1.999999987845058e-08
1.999999987845058e-08
-11.422944068908691
-1.999999987845058e-08
-1.999999987845058e-08
-1.999999987845058e-08
-3.1878695487976074
1.999999987845058e-08
1.999999987845058e-08
1.999999987845058e-08
-5.686707019805908
-1.999999987845058e-08
-1.999999987845058e-08
-1.999999987845058e-08
-15.961180686950684
1.999999987845058e-08
1.999999987845058e-08
1.999999987845058e-08
-19.13201904296875
-1.999999987845058e-08
-1.999999987845058e-08
-1.999999987845058e-08
-11.316190719604492
1.999999987845058e-08
1.999999987845058e-08
1.999999987845058e-08
-11.316190719604492
-1.999999987845058e-08
-1.999999987845058e-08
-1.999999987845058e-08
-2.6449851989746094
1.999999987845058e-08
1.999999987845058e-08
1.999999987845058e-08
2.529707193374634
-1.999999987845058e-08
-1.999999987845058e-08
-1.999999987845058e-08
9.441250801086426
1.999999987845058e-08
1.999999987845058e-08
1.999999987845058e-08
17.457115173339844
-1.999999987845058e-08
-1.999999987845058e-08
-1.999999987845058e-08
17.825937271118164
1.999999987845058e-08
1.999999987845058e-08
1.999999987845058e-08
4.518746376037598
-1.999999987845058e-08
-1.999999987845058e-08
-1.999999987845058e-08
-17.172042846679688
1.999999987845058e-08
1.999999987845058e-08
1.999999987845058e-08
-30.554588317871094
-1.999999987845058e-08
-1.999999987845058e-08
-1.999999987845058e-08
-24.246789932250977
1.999999987845058e-08
1.999999987845058e-08
1.999999987845058e-08
-7.583929061889648
-1.999999987845058e-08
-1.999999987845058e-08
-1.999999987845058e-08
2.876816987991333
1.999999987845058e-08
1.999999987845058e-08
1.999999987845058e-08
4.416830539703369
-1.999999987845058e-08
-1.999999987845058e-08
-1.999999987845058e-08
5.070802688598633
1.999999987845058e-08
1.999999987845058e-08
1.999999987845058e-08
8.182141304016113
-1.999999987845058e-08
-1.999999987845058e-08
-1.999999987845058e-08
7.7338337898254395
1.999999987845058e-08
1.999999987845058e-08
1.999999987845058e-08
-0.7762860655784607
-1.999999987845058e-08
-1.999999987845058e-08
-1.999999987845058e-08
-10.415607452392578
1.999999987845058e-08
1.999999987845058e-08
1.999999987845058e-08
-13.183027267456055
-1.999999987845058e-08
-1.999999987845058e-08
-1.999999987845058e-08
-12.23277759552002
1.999999987845058e-08
1.999999987845058e-08
1.999999987845058e-08
-12.616462707519531
-1.999999987845058e-08
-1.999999987845058e-08
-1.999999987845058e-08
-11.442313194274902
1.999999987845058e-08
1.999999987845058e-08
1.999999987845058e-08
-4.528630256652832
-1.999999987845058e-08
-1.999999987845058e-08
-1.999999987845058e-08
4.585799217224121
1.999999987845058e-08
1.999999987845058e-08
1.999999987845058e-08
7.736880779266357
-1.999999987845058e-08
-1.999999987845058e-08
-1.999999987845058e-08
4.955743789672852
1.999999987845058e-08
1.999999987845058e-08
1.999999987845058e-08
3.893155336380005
-1.999999987845058e-08
-1.999999987845058e-08
-1.999999987845058e-08
3.9470317363739014
1.999999987845058e-08
1.999999987845058e-08
1.999999987845058e-08
-2.922377109527588
-1.999999987845058e-08
-1.999999987845058e-08
-1.999999987845058e-08
-14.955667495727539
1.999999987845058e-08
1.999999987845058e-08
1.999999987845058e-08
-18.387853622436523
-1.999999987845058e-08
-1.999999987845058e-08
-1.999999987845058e-08
-5.133661270141602
1.999999987845058e-08
1.999999987845058e-08
1.999999987845058e-08
13.36707878112793
-1.999999987845058e-08
-1.999999987845058e-08
-1.999999987845058e-08
18.34343147277832
1.999999987845058e-08
1.999999987845058e-08
1.999999987845058e-08
8.212718963623047
-1.999999987845058e-08
-1.999999987845058e-08
-1.999999987845058e-08
-3.3279659748077393
1.999999987845058e-08
1.999999987845058e-08
1.999999987845058e-08
-9.264914512634277
-1.999999987845058e-08
-1.999999987845058e-08
-1.999999987845058e-08
-12.434612274169922
1.999999987845058e-08
1.999999987845058e-08
1.999999987845058e-08
-14.591673851013184
-1.999999987845058e-08
-1.999999987845058e-08
-1.999999987845058e-08
-15.360922813415527
1.999999987845058e-08
1.999999987845058e-08
1.999999987845058e-08
-14.556599617004395
-1.999999987845058e-08
-1.999999987845058e-08
-1.999999987845058e-08
-9.772838592529297
1.999999987845058e-08
1.999999987845058e-08
1.999999987845058e-08
-0.00433602649718523
-1.999999987845058e-08
-1.999999987845058e-08
-1.999999987845058e-08
7.981463432312012
1.999999987845058e-08
1.999999987845058e-08
1.999999987845058e-08
8.253623962402344
-1.999999987845058e-08
-1.999999987845058e-08
-1.999999987845058e-08
5.390682697296143
1.999999987845058e-08
1.999999987845058e-08
1.999999987845058e-08
4.232118129730225
-1.999999987845058e-08
-1.999999987845058e-08
-1.999999987845058e-08
2.2247610092163086
1.999999987845058e-08
1.999999987845058e-08
1.999999987845058e-08
-1.0899072885513306
-1.999999987845058e-08
-1.999999987845058e-08
-1.999999987845058e-08
-1.9140493869781494
1.999999987845058e-08
1.999999987845058e-08
1.999999987845058e-08
-0.8638694286346436
-1.999999987845058e-08
-1.999999987845058e-08
-1.999999987845058e-08
-1.176470160484314
1.999999987845058e-08
1.999999987845058e-08
1.999999987845058e-08
0.21233776211738586
-1.999999987845058e-08
-1.999999987845058e-08
-1.999999987845058e-08
8.622976303100586
1.999999987845058e-08
1.999999987845058e-08
1.999999987845058e-08
19.9552059173584
-1.999999987845058e-08
-1.999999987845058e-08
-1.999999987845058e-08
25.26202964782715
1.999999987845058e-08
1.999999987845058e-08
1.999999987845058e-08
22.559602737426758
-1.999999987845058e-08
-1.999999987845058e-08
-1.999999987845058e-08
13.381040573120117
1.999999987845058e-08
1.999999987845058e-08
1.999999987845058e-08
-0.2909986972808838
-1.999999987845058e-08
-1.999999987845058e-08
-1.999999987845058e-08
-10.731173515319824
1.999999987845058e-08
1.999999987845058e-08
1.999999987845058e-08
-1.0105233192443848
-1.999999987845058e-08
-1.999999987845058e-08
-1.999999987845058e-08
7.703972339630127
1.999999987845058e-08
1.999999987845058e-08
1.999999987845058e-08
11.797343254089355
-1.999999987845058e-08
-1.999999987845058e-08
-1.999999987845058e-08
12.747639656066895
1.999999987845058e-08
1.999999987845058e-08
1.999999987845058e-08
12.296914100646973
-1.999999987845058e-08
-1.999999987845058e-08
-1.999999987845058e-08
10.540678024291992
1.999999987845058e-08
1.999999987845058e-08
1.999999987845058e-08
5.598021507263184
-1.999999987845058e-08
-1.999999987845058e-08
-1.999999987845058e-08
-2.8281137943267822
1.999999987845058e-08
1.999999987845058e-08
1.999999987845058e-08
-8.24138355255127
-1.999999987845058e-08
-1.999999987845058e-08
-1.999999987845058e-08
-2.8890442848205566
1.999999987845058e-08
1.999999987845058e-08
1.999999987845058e-08
5.598021507263184
-1.999999987845058e-08
-1.999999987845058e-08
-1.999999987845058e-08
-2.8281137943267822
1.999999987845058e-08
1.999999987845058e-08
1.999999987845058e-08
-8.24138355255127
-1.999999987845058e-08
-1.999999987845058e-08
-1.999999987845058e-08
-2.8890442848205566
1.999999987845058e-08
1.999999987845058e-08
1.999999987845058e-08
10.902483940124512
-1.999999987845058e-08
-1.999999987845058e-08
-1.999999987845058e-08
21.284475326538086
1.999999987845058e-08
1.999999987845058e-08
1.999999987845058e-08
20.271217346191406
-1.999999987845058e-08
-1.999999987845058e-08
-1.999999987845058e-08
10.413168907165527
1.999999987845058e-08
1.999999987845058e-08
1.999999987845058e-08
-2.2133708000183105
-1.999999987845058e-08
-1.999999987845058e-08
-1.999999987845058e-08
-12.135674476623535
1.999999987845058e-08
1.999999987845058e-08
1.999999987845058e-08
-20.442764282226562
-1.999999987845058e-08
-1.999999987845058e-08
-1.999999987845058e-08
3.507831573486328
1.999999987845058e-08
1.999999987845058e-08
1.999999987845058e-08
16.093978881835938
-1.999999987845058e-08
-1.999999987845058e-08
-1.999999987845058e-08
10.983894348144531
1.999999987845058e-08
1.999999987845058e-08
1.999999987845058e-08
-3.939905881881714
-1.999999987845058e-08
-1.999999987845058e-08
-1.999999987845058e-08
-11.894372940063477
1.999999987845058e-08
1.999999987845058e-08
1.999999987845058e-08
-6.053888320922852
-1.999999987845058e-08
-1.999999987845058e-08
-1.999999987845058e-08
4.517467498779297
1.999999987845058e-08
1.999999987845058e-08
1.999999987845058e-08
11.508031845092773
-1.999999987845058e-08
-1.999999987845058e-08
-1.999999987845058e-08
15.716939926147461
1.999999987845058e-08
1.999999987845058e-08
1.999999987845058e-08
18.551456451416016
-1.999999987845058e-08
-1.999999987845058e-08
-1.999999987845058e-08
17.620023727416992
1.999999987845058e-08
1.999999987845058e-08
1.999999987845058e-08
10.00715160369873
-1.999999987845058e-08
-1.999999987845058e-08
-1.999999987845058e-08
-2.4037351608276367
1.999999987845058e-08
1.999999987845058e-08
1.999999987845058e-08
-11.95145320892334
-1.999999987845058e-08
-1.999999987845058e-08
-1.999999987845058e-08
-13.361444473266602
1.999999987845058e-08
1.999999987845058e-08
1.999999987845058e-08
-9.585503578186035
-1.999999987845058e-08
-1.999999987845058e-08
-1.999999987845058e-08
-6.802477836608887
1.999999987845058e-08
1.999999987845058e-08
1.999999987845058e-08
-6.1938252449035645
-1.999999987845058e-08
-1.999999987845058e-08
-1.999999987845058e-08
-4.822835445404053
1.999999987845058e-08
1.999999987845058e-08
1.999999987845058e-08
-4.822835445404053
-1.999999987845058e-08
-1.999999987845058e-08
-1.999999987845058e-08
-0.9530394077301025
1.999999987845058e-08
1.999999987845058e-08
1.999999987845058e-08
8.76984977722168
-1.999999987845058e-08
-1.999999987845058e-08
-1.999999987845058e-08
23.828311920166016
1.999999987845058e-08
1.999999987845058e-08
1.999999987845058e-08
29.70191764831543
-1.999999987845058e-08
-1.999999987845058e-08
-1.999999987845058e-08
16.278316497802734
1.999999987845058e-08
1.999999987845058e-08
1.999999987845058e-08
-3.409062623977661
-1.999999987845058e-08
-1.999999987845058e-08
-1.999999987845058e-08
-11.029438018798828
1.999999987845058e-08
1.999999987845058e-08
1.999999987845058e-08
-3.8433969020843506
-1.999999987845058e-08
-1.999999987845058e-08
-1.999999987845058e-08
7.315771102905273
1.999999987845058e-08
1.999999987845058e-08
1.999999987845058e-08
7.002834320068359
-1.999999987845058e-08
-1.999999987845058e-08
-1.999999987845058e-08
0.9648006558418274
1.999999987845058e-08
1.999999987845058e-08
1.999999987845058e-08
-2.0355637073516846
-1.999999987845058e-08
-1.999999987845058e-08
-1.999999987845058e-08
-0.7441529631614685
1.999999987845058e-08
1.999999987845058e-08
1.999999987845058e-08
1.1561899185180664
-1.999999987845058e-08
-1.999999987845058e-08
-1.999999987845058e-08
-1.341680884361267
1.999999987845058e-08
1.999999987845058e-08
1.999999987845058e-08
-5.283447265625
-1.999999987845058e-08
-1.999999987845058e-08
-1.999999987845058e-08
-0.6555023789405823
1.999999987845058e-08
1.999999987845058e-08
1.999999987845058e-08
14.865391731262207
-1.999999987845058e-08
-1.999999987845058e-08
-1.999999987845058e-08
27.97275161743164
1.999999987845058e-08
1.999999987845058e-08
1.999999987845058e-08
26.123207092285156
-1.999999987845058e-08
-1.999999987845058e-08
-1.999999987845058e-08
14.002532958984375
1.999999987845058e-08
1.999999987845058e-08
1.999999987845058e-08
2.9453697204589844
-1.999999987845058e-08
-1.999999987845058e-08
-1.999999987845058e-08
-3.441322088241577
1.999999987845058e-08
1.999999987845058e-08
1.999999987845058e-08
-7.266889572143555
-1.999999987845058e-08
-1.999999987845058e-08
-1.999999987845058e-08
-11.058558464050293
1.999999987845058e-08
1.999999987845058e-08
1.999999987845058e-08
-16.02923583984375
-1.999999987845058e-08
-1.999999987845058e-08
-1.999999987845058e-08
-20.658916473388672
1.999999987845058e-08
1.999999987845058e-08
1.999999987845058e-08
-20.986330032348633
-1.999999987845058e-08
-1.999999987845058e-08
-1.999999987845058e-08
-14.313234329223633
1.999999987845058e-08
1.999999987845058e-08
1.999999987845058e-08
-0.63276207447052
-1.999999987845058e-08
-1.999999987845058e-08
-1.999999987845058e-08
17.715150833129883
1.999999987845058e-08
1.999999987845058e-08
1.999999987845058e-08
33.7392692565918
-1.999999987845058e-08
-1.999999987845058e-08
-1.999999987845058e-08
37.83088684082031
1.999999987845058e-08
1.999999987845058e-08
1.999999987845058e-08
25.61459732055664
-1.999999987845058e-08
-1.999999987845058e-08
-1.999999987845058e-08
4.578980445861816
1.999999987845058e-08
1.999999987845058e-08
1.999999987845058e-08
-9.281791687011719
-1.999999987845058e-08
-1.999999987845058e-08
-1.999999987845058e-08
-8.516069412231445
1.999999987845058e-08
1.999999987845058e-08
1.999999987845058e-08
-4.227433204650879
-1.999999987845058e-08
-1.999999987845058e-08
-1.999999987845058e-08
-8.10586166381836
1.999999987845058e-08
1.999999987845058e-08
1.999999987845058e-08
-12.786828994750977
-1.999999987845058e-08
-1.999999987845058e-08
-1.999999987845058e-08
-7.114361763000488
1.999999987845058e-08
1.999999987845058e-08
1.999999987845058e-08
2.9955286979675293
-1.999999987845058e-08
-1.999999987845058e-08
-1.999999987845058e-08
6.855894088745117
1.999999987845058e-08
1.999999987845058e-08
1.999999987845058e-08
5.7425618171691895
-1.999999987845058e-08
-1.999999987845058e-08
-1.999999987845058e-08
5.741434574127197
1.999999987845058e-08
1.999999987845058e-08
1.999999987845058e-08
5.537627220153809
-1.999999987845058e-08
-1.999999987845058e-08
-1.999999987845058e-08
-0.1481212079524994
1.999999987845058e-08
1.999999987845058e-08
1.999999987845058e-08
-8.294519424438477
-1.999999987845058e-08
-1.999999987845058e-08
-1.999999987845058e-08
-8.945961952209473
1.999999987845058e-08
1.999999987845058e-08
1.999999987845058e-08
-0.30727481842041016
-1.999999987845058e-08
-1.999999987845058e-08
-1.999999987845058e-08
7.462076187133789
1.999999987845058e-08
1.999999987845058e-08
1.999999987845058e-08
6.151419162750244
-1.999999987845058e-08
-1.999999987845058e-08
-1.999999987845058e-08
0.3502626419067383
1.999999987845058e-08
1.999999987845058e-08
1.999999987845058e-08
-1.254636526107788
-1.999999987845058e-08
-1.999999987845058e-08
-1.999999987845058e-08
-1.7735425233840942
1.999999987845058e-08
1.999999987845058e-08
1.999999987845058e-08
-10.62810230255127
-1.999999987845058e-08
-1.999999987845058e-08
-1.999999987845058e-08
-22.837356567382812
1.999999987845058e-08
1.999999987845058e-08
1.999999987845058e-08
-21.811017990112305
-1.999999987845058e-08
-1.999999987845058e-08
-1.999999987845058e-08
-4.713719844818115
1.999999987845058e-08
1.999999987845058e-08
1.999999987845058e-08
11.55416488647461
-1.999999987845058e-08
-1.999999987845058e-08
-1.999999987845058e-08
12.64464282989502
1.999999987845058e-08
1.999999987845058e-08
1.999999987845058e-08
3.818192720413208
-1.999999987845058e-08
-1.999999987845058e-08
-1.999999987845058e-08
1.0239936113357544
1.999999987845058e-08
1.999999987845058e-08
1.999999987845058e-08
9.767531394958496
-1.999999987845058e-08
-1.999999987845058e-08
-1.999999987845058e-08
17.642553329467773
1.999999987845058e-08
1.999999987845058e-08
1.999999987845058e-08
10.994097709655762
-1.999999987845058e-08
-1.999999987845058e-08
-1.999999987845058e-08
-6.279305458068848
1.999999987845058e-08
1.999999987845058e-08
1.999999987845058e-08
-20.055479049682617
-1.999999987845058e-08
-1.999999987845058e-08
-1.999999987845058e-08
-24.812728881835938
1.999999987845058e-08
1.999999987845058e-08
1.999999987845058e-08
-21.787351608276367
-1.999999987845058e-08
-1.999999987845058e-08
-1.999999987845058e-08
-15.789281845092773
1.999999987845058e-08
1.999999987845058e-08
1.999999987845058e-08
-5.6893415451049805
-1.999999987845058e-08
-1.999999987845058e-08
-1.999999987845058e-08
2.1318154335021973
1.999999987845058e-08
1.999999987845058e-08
1.999999987845058e-08
3.3735523223876953
-1.999999987845058e-08
-1.999999987845058e-08
-1.999999987845058e-08
5.935178756713867
1.999999987845058e-08
1.999999987845058e-08
1.999999987845058e-08
15.644771575927734
-1.999999987845058e-08
-1.999999987845058e-08
-1.999999987845058e-08
23.180797576904297
1.999999987845058e-08
1.999999987845058e-08
1.999999987845058e-08
17.836742401123047
-1.999999987845058e-08
-1.999999987845058e-08
-1.999999987845058e-08
1.7283588647842407
1.999999987845058e-08
1.999999987845058e-08
1.999999987845058e-08
1.7283587455749512
-1.999999987845058e-08
-1.999999987845058e-08
-1.999999987845058e-08
-16.50574493408203
1.999999987845058e-08
1.999999987845058e-08
1.999999987845058e-08
-29.911529541015625
-1.999999987845058e-08
-1.999999987845058e-08
-1.999999987845058e-08
-32.91372299194336
1.999999987845058e-08
1.999999987845058e-08
1.999999987845058e-08
-25.578474044799805
-1.999999987845058e-08
-1.999999987845058e-08
-1.999999987845058e-08
-15.767361640930176
1.999999987845058e-08
1.999999987845058e-08
1.999999987845058e-08
-8.160123825073242
-1.999999987845058e-08
-1.999999987845058e-08
-1.999999987845058e-08
-2.346539258956909
1.999999987845058e-08
1.999999987845058e-08
1.999999987845058e-08
-1.984316110610962
-1.999999987845058e-08
-1.999999987845058e-08
-1.999999987845058e-08
-7.360768795013428
1.999999987845058e-08
1.999999987845058e-08
1.999999987845058e-08
-15.767361640930176
-1.999999987845058e-08
-1.999999987845058e-08
-1.999999987845058e-08
-8.160123825073242
1.999999987845058e-08
1.999999987845058e-08
1.999999987845058e-08
-2.346539258956909
-1.999999987845058e-08
-1.999999987845058e-08
-1.999999987845058e-08
-1.984316110610962
1.999999987845058e-08
1.999999987845058e-08
1.999999987845058e-08
-7.360768795013428
-1.999999987845058e-08
-1.999999987845058e-08
-1.999999987845058e-08
-8.07550048828125
1.999999987845058e-08
1.999999987845058e-08
1.999999987845058e-08
-0.4703036844730377
-1.999999987845058e-08
-1.999999987845058e-08
-1.999999987845058e-08
4.408638954162598
1.999999987845058e-08
1.999999987845058e-08
1.999999987845058e-08
1.237552285194397
-1.999999987845058e-08
-1.999999987845058e-08
-1.999999987845058e-08
-2.3224306106567383
1.999999987845058e-08
1.999999987845058e-08
1.999999987845058e-08
16.80447769165039
-1.999999987845058e-08
-1.999999987845058e-08
-1.999999987845058e-08
19.618621826171875
1.999999987845058e-08
1.999999987845058e-08
1.999999987845058e-08
14.198578834533691
-1.999999987845058e-08
-1.999999987845058e-08
-1.999999987845058e-08
3.975938320159912
1.999999987845058e-08
1.999999987845058e-08
1.999999987845058e-08
-7.344350337982178
-1.999999987845058e-08
-1.999999987845058e-08
-1.999999987845058e-08
-16.759599685668945
1.999999987845058e-08
1.999999987845058e-08
1.999999987845058e-08
-19.687747955322266
-1.999999987845058e-08
-1.999999987845058e-08
-1.999999987845058e-08
-12.389443397521973
1.999999987845058e-08
1.999999987845058e-08
1.999999987845058e-08
-1.8821945190429688
-1.999999987845058e-08
-1.999999987845058e-08
-1.999999987845058e-08
-1.9426707029342651
1.999999987845058e-08
1.999999987845058e-08
1.999999987845058e-08
-9.949114799499512
-1.999999987845058e-08
-1.999999987845058e-08
-1.999999987845058e-08
-8.000301361083984
1.999999987845058e-08
1.999999987845058e-08
1.999999987845058e-08
7.778583526611328
-1.999999987845058e-08
-1.999999987845058e-08
-1.999999987845058e-08
23.138080596923828
1.999999987845058e-08
1.999999987845058e-08
1.999999987845058e-08
25.587440490722656
-1.999999987845058e-08
-1.999999987845058e-08
-1.999999987845058e-08
11.970852851867676
1.999999987845058e-08
1.999999987845058e-08
1.999999987845058e-08
-10.109492301940918
-1.999999987845058e-08
-1.999999987845058e-08
-1.999999987845058e-08
-24.118221282958984
1.999999987845058e-08
1.999999987845058e-08
1.999999987845058e-08
-19.256959915161133
-1.999999987845058e-08
-1.999999987845058e-08
-1.999999987845058e-08
-1.1037983894348145
1.999999987845058e-08
1.999999987845058e-08
1.999999987845058e-08
22.503416061401367
-1.999999987845058e-08
-1.999999987845058e-08
-1.999999987845058e-08
18.03864288330078
1.999999987845058e-08
1.999999987845058e-08
1.999999987845058e-08
7.615192413330078
-1.999999987845058e-08
-1.999999987845058e-08
-1.999999987845058e-08
-0.9840801954269409
1.999999987845058e-08
1.999999987845058e-08
1.999999987845058e-08
-1.4070833921432495
-1.999999987845058e-08
-1.999999987845058e-08
-1.999999987845058e-08
4.964659214019775
1.999999987845058e-08
1.999999987845058e-08
1.999999987845058e-08
9.643446922302246
-1.999999987845058e-08
-1.999999987845058e-08
-1.999999987845058e-08
5.693976879119873
1.999999987845058e-08
1.999999987845058e-08
1.999999987845058e-08
-4.5367350578308105
-1.999999987845058e-08
-1.999999987845058e-08
-1.999999987845058e-08
-11.985421180725098
1.999999987845058e-08
1.999999987845058e-08
1.999999987845058e-08
-5.1120991706848145
-1.999999987845058e-08
-1.999999987845058e-08
-1.999999987845058e-08
5.594233989715576
1.999999987845058e-08
1.999999987845058e-08
1.999999987845058e-08
16.89312171936035
-1.999999987845058e-08
-1.999999987845058e-08
-1.999999987845058e-08
17.395797729492188
1.999999987845058e-08
1.999999987845058e-08
1.999999987845058e-08
0.38015827536582947
-1.999999987845058e-08
-1.999999987845058e-08
-1.999999987845058e-08
-19.238731384277344
1.999999987845058e-08
1.999999987845058e-08
1.999999987845058e-08
-19.188793182373047
-1.999999987845058e-08
-1.999999987845058e-08
-1.999999987845058e-08
-0.08740366250276566
1.999999987845058e-08
1.999999987845058e-08
1.999999987845058e-08
16.636287689208984
-1.999999987845058e-08
-1.999999987845058e-08
-1.999999987845058e-08
18.969139099121094
1.999999987845058e-08
1.999999987845058e-08
1.999999987845058e-08
11.60023021697998
-1.999999987845058e-08
-1.999999987845058e-08
-1.999999987845058e-08
11.992218017578125
1.999999987845058e-08
1.999999987845058e-08
1.999999987845058e-08
12.71317195892334
-1.999999987845058e-08
-1.999999987845058e-08
-1.999999987845058e-08
8.079299926757812
1.999999987845058e-08
1.999999987845058e-08
1.999999987845058e-08
-6.8523430824279785
-1.999999987845058e-08
-1.999999987845058e-08
-1.999999987845058e-08
-24.144256591796875
1.999999987845058e-08
1.999999987845058e-08
1.999999987845058e-08
-28.91571807861328
-1.999999987845058e-08
-1.999999987845058e-08
-1.999999987845058e-08
-23.237274169921875
1.999999987845058e-08
1.999999987845058e-08
1.999999987845058e-08
-22.393491744995117
-1.999999987845058e-08
-1.999999987845058e-08
-1.999999987845058e-08
-25.83554458618164
1.999999987845058e-08
1.999999987845058e-08
1.999999987845058e-08
-22.393491744995117
-1.999999987845058e-08
-1.999999987845058e-08
-1.999999987845058e-08
-25.83554458618164
1.999999987845058e-08
1.999999987845058e-08
1.999999987845058e-08
-20.503183364868164
-1.999999987845058e-08
-1.999999987845058e-08
-1.999999987845058e-08
-8.606663703918457
1.999999987845058e-08
1.999999987845058e-08
1.999999987845058e-08
-1.3408929109573364
-1.999999987845058e-08
-1.999999987845058e-08
-1.999999987845058e-08
0.8772817254066467
1.999999987845058e-08
1.999999987845058e-08
1.999999987845058e-08
-1.4584932327270508
-1.999999987845058e-08
-1.999999987845058e-08
-1.999999987845058e-08
-11.47958755493164
1.999999987845058e-08
1.999999987845058e-08
1.999999987845058e-08
-20.239526748657227
-1.999999987845058e-08
-1.999999987845058e-08
-1.999999987845058e-08
-13.447454452514648
1.999999987845058e-08
1.999999987845058e-08
1.999999987845058e-08
25.837594985961914
-1.999999987845058e-08
-1.999999987845058e-08
-1.999999987845058e-08
29.17790985107422
1.999999987845058e-08
1.999999987845058e-08
1.999999987845058e-08
19.44415855407715
-1.999999987845058e-08
-1.999999987845058e-08
-1.999999987845058e-08
11.326772689819336
1.999999987845058e-08
1.999999987845058e-08
1.999999987845058e-08
12.646095275878906
-1.999999987845058e-08
-1.999999987845058e-08
-1.999999987845058e-08
15.460295677185059
1.999999987845058e-08
1.999999987845058e-08
1.999999987845058e-08
11.007203102111816
-1.999999987845058e-08
-1.999999987845058e-08
-1.999999987845058e-08
2.8571290969848633
1.999999987845058e-08
1.999999987845058e-08
1.999999987845058e-08
-0.26771804690361023
-1.999999987845058e-08
-1.999999987845058e-08
-1.999999987845058e-08
2.5671708583831787
1.999999987845058e-08
1.999999987845058e-08
1.999999987845058e-08
1.1710468530654907
-1.999999987845058e-08
-1.999999987845058e-08
-1.999999987845058e-08
-3.9833364486694336
1.999999987845058e-08
1.999999987845058e-08
1.999999987845058e-08
-4.323460578918457
-1.999999987845058e-08
-1.999999987845058e-08
-1.999999987845058e-08
4.657033443450928
1.999999987845058e-08
1.999999987845058e-08
1.999999987845058e-08
17.78731346130371
-1.999999987845058e-08
-1.999999987845058e-08
-1.999999987845058e-08
20.85235595703125
1.999999987845058e-08
1.999999987845058e-08
1.999999987845058e-08
9.76924991607666
-1.999999987845058e-08
-1.999999987845058e-08
-1.999999987845058e-08
-1.9527186155319214
1.999999987845058e-08
1.999999987845058e-08
1.999999987845058e-08
-2.1487205028533936
-1.999999987845058e-08
-1.999999987845058e-08
-1.999999987845058e-08
7.936435222625732
1.999999987845058e-08
1.999999987845058e-08
1.999999987845058e-08
-1.952718734741211
-1.999999987845058e-08
-1.999999987845058e-08
-1.999999987845058e-08
-2.1487205028533936
1.999999987845058e-08
1.999999987845058e-08
1.999999987845058e-08
7.936434745788574
-1.999999987845058e-08
-1.999999987845058e-08
-1.999999987845058e-08
20.192947387695312
1.999999987845058e-08
1.999999987845058e-08
1.999999987845058e-08
27.40485191345215
-1.999999987845058e-08
-1.999999987845058e-08
-1.999999987845058e-08
26.700759887695312
1.999999987845058e-08
1.999999987845058e-08
1.999999987845058e-08
18.916950225830078
-1.999999987845058e-08
-1.999999987845058e-08
-1.999999987845058e-08
7.680266380310059
1.999999987845058e-08
1.999999987845058e-08
1.999999987845058e-08
0.014838317409157753
-1.999999987845058e-08
-1.999999987845058e-08
-1.999999987845058e-08
-0.8337931036949158
1.999999987845058e-08
1.999999987845058e-08
1.999999987845058e-08
14.806585311889648
-1.999999987845058e-08
-1.999999987845058e-08
-1.999999987845058e-08
28.537668228149414
1.999999987845058e-08
1.999999987845058e-08
1.999999987845058e-08
35.38412094116211
-1.999999987845058e-08
-1.999999987845058e-08
-1.999999987845058e-08
30.1774959564209
1.999999987845058e-08
1.999999987845058e-08
1.999999987845058e-08
16.1575870513916
-1.999999987845058e-08
-1.999999987845058e-08
-1.999999987845058e-08
-0.7447509765625
1.999999987845058e-08
1.999999987845058e-08
1.999999987845058e-08
-14.79903793334961
-1.999999987845058e-08
-1.999999987845058e-08
-1.999999987845058e-08
-20.353418350219727
1.999999987845058e-08
1.999999987845058e-08
1.999999987845058e-08
-13.840797424316406
-1.999999987845058e-08
-1.999999987845058e-08
-1.999999987845058e-08
2.450557231903076
1.999999987845058e-08
1.999999987845058e-08
1.999999987845058e-08
18.30336570739746
-1.999999987845058e-08
-1.999999987845058e-08
-1.999999987845058e-08
21.436220169067383
1.999999987845058e-08
1.999999987845058e-08
1.999999987845058e-08
8.44309139251709
-1.999999987845058e-08
-1.999999987845058e-08
-1.999999987845058e-08
-11.070157051086426
1.999999987845058e-08
1.999999987845058e-08
1.999999987845058e-08
-22.460147857666016
-1.999999987845058e-08
-1.999999987845058e-08
-1.999999987845058e-08
-20.67854881286621
1.999999987845058e-08
1.999999987845058e-08
1.999999987845058e-08
-12.661885261535645
-1.999999987845058e-08
-1.999999987845058e-08
-1.999999987845058e-08
-5.793753623962402
1.999999987845058e-08
1.999999987845058e-08
1.999999987845058e-08
-3.439807653427124
-1.999999987845058e-08
-1.999999987845058e-08
-1.999999987845058e-08
-4.612210273742676
1.999999987845058e-08
1.999999987845058e-08
1.999999987845058e-08
-20.67854881286621
-1.999999987845058e-08
-1.999999987845058e-08
-1.999999987845058e-08
-12.661885261535645
1.999999987845058e-08
1.999999987845058e-08
1.999999987845058e-08
-5.793753623962402
-1.999999987845058e-08
-1.999999987845058e-08
-1.999999987845058e-08
-3.439807653427124
1.999999987845058e-08
1.999999987845058e-08
1.999999987845058e-08
-4.612210273742676
-1.999999987845058e-08
-1.999999987845058e-08
-1.999999987845058e-08
-3.0907716751098633
1.999999987845058e-08
1.999999987845058e-08
1.999999987845058e-08
3.201491117477417
-1.999999987845058e-08
-1.999999987845058e-08
-1.999999987845058e-08
7.066164970397949
1.999999987845058e-08
1.999999987845058e-08
1.999999987845058e-08
1.7288898229599
-1.999999987845058e-08
-1.999999987845058e-08
-1.999999987845058e-08
-12.141829490661621
1.999999987845058e-08
1.999999987845058e-08
1.999999987845058e-08
2.4291393756866455
-1.999999987845058e-08
-1.999999987845058e-08
-1.999999987845058e-08
7.671893119812012
1.999999987845058e-08
1.999999987845058e-08
1.999999987845058e-08
11.938652038574219
-1.999999987845058e-08
-1.999999987845058e-08
-1.999999987845058e-08
9.034737586975098
1.999999987845058e-08
1.999999987845058e-08
1.999999987845058e-08
-3.028620719909668
-1.999999987845058e-08
-1.999999987845058e-08
-1.999999987845058e-08
-17.668359756469727
1.999999987845058e-08
1.999999987845058e-08
1.999999987845058e-08
-23.580503463745117
-1.999999987845058e-08
-1.999999987845058e-08
-1.999999987845058e-08
-17.646888732910156
1.999999987845058e-08
1.999999987845058e-08
1.999999987845058e-08
-9.481428146362305
-1.999999987845058e-08
-1.999999987845058e-08
-1.999999987845058e-08
-7.146533489227295
1.999999987845058e-08
1.999999987845058e-08
1.999999987845058e-08
0.05821799114346504
-1.999999987845058e-08
-1.999999987845058e-08
-1.999999987845058e-08
5.526601791381836
1.999999987845058e-08
1.999999987845058e-08
1.999999987845058e-08
6.091444969177246
-1.999999987845058e-08
-1.999999987845058e-08
-1.999999987845058e-08
1.5800714492797852
1.999999987845058e-08
1.999999987845058e-08
1.999999987845058e-08
-9.822976112365723
-1.999999987845058e-08
-1.999999987845058e-08
-1.999999987845058e-08
-24.154809951782227
1.999999987845058e-08
1.999999987845058e-08
1.999999987845058e-08
-27.099021911621094
-1.999999987845058e-08
-1.999999987845058e-08
-1.999999987845058e-08
-11.011819839477539
1.999999987845058e-08
1.999999987845058e-08
1.999999987845058e-08
10.538447380065918
-1.999999987845058e-08
-1.999999987845058e-08
-1.999999987845058e-08
15.877917289733887
1.999999987845058e-08
1.999999987845058e-08
1.999999987845058e-08
-11.093398094177246
-1.999999987845058e-08
-1.999999987845058e-08
-1.999999987845058e-08
-9.362247467041016
1.999999987845058e-08
1.999999987845058e-08
1.999999987845058e-08
0.9472631216049194
-1.999999987845058e-08
-1.999999987845058e-08
-1.999999987845058e-08
4.783903121948242
1.999999987845058e-08
1.999999987845058e-08
1.999999987845058e-08
-5.1065993309021
-1.999999987845058e-08
-1.999999987845058e-08
-1.999999987845058e-08
-21.157695770263672
1.999999987845058e-08
1.999999987845058e-08
1.999999987845058e-08
-27.76750373840332
-1.999999987845058e-08
-1.999999987845058e-08
-1.999999987845058e-08
-21.3378849029541
1.999999987845058e-08
1.999999987845058e-08
1.999999987845058e-08
-12.597650527954102
-1.999999987845058e-08
-1.999999987845058e-08
-1.999999987845058e-08
-6.5676589012146
1.999999987845058e-08
1.999999987845058e-08
1.999999987845058e-08
-12.597650527954102
-1.999999987845058e-08
-1.999999987845058e-08
-1.999999987845058e-08
-6.5676589012146
1.999999987845058e-08
1.999999987845058e-08
1.999999987845058e-08
0.605570375919342
-1.999999987845058e-08
-1.999999987845058e-08
-1.999999987845058e-08
8.284282684326172
1.999999987845058e-08
1.999999987845058e-08
1.999999987845058e-08
12.774045944213867
-1.999999987845058e-08
-1.999999987845058e-08
-1.999999987845058e-08
15.413753509521484
1.999999987845058e-08
1.999999987845058e-08
1.999999987845058e-08
18.216541290283203
-1.999999987845058e-08
-1.999999987845058e-08
-1.999999987845058e-08
18.531877517700195
1.999999987845058e-08
1.999999987845058e-08
1.999999987845058e-08
11.923883438110352
-1.999999987845058e-08
-1.999999987845058e-08
-1.999999987845058e-08
-2.336636781692505
1.999999987845058e-08
1.999999987845058e-08
1.999999987845058e-08
-16.493919372558594
-1.999999987845058e-08
-1.999999987845058e-08
-1.999999987845058e-08
-20.30274772644043
1.999999987845058e-08
1.999999987845058e-08
1.999999987845058e-08
-15.99482536315918
-1.999999987845058e-08
-1.999999987845058e-08
-1.999999987845058e-08
-11.83489990234375
1.999999987845058e-08
1.999999987845058e-08
1.999999987845058e-08
-1.4930670261383057
-1.999999987845058e-08
-1.999999987845058e-08
-1.999999987845058e-08
21.819671630859375
1.999999987845058e-08
1.999999987845058e-08
1.999999987845058e-08
39.462989807128906
-1.999999987845058e-08
-1.999999987845058e-08
-1.999999987845058e-08
28.80996322631836
1.999999987845058e-08
1.999999987845058e-08
1.999999987845058e-08
-2.875908851623535
-1.999999987845058e-08
-1.999999987845058e-08
-1.999999987845058e-08
-28.073938369750977
1.999999987845058e-08
1.999999987845058e-08
1.999999987845058e-08
-28.073938369750977
-1.999999987845058e-08
-1.999999987845058e-08
-1.999999987845058e-08
-30.1306209564209
1.999999987845058e-08
1.999999987845058e-08
1.999999987845058e-08
-16.140625
-1.999999987845058e-08
-1.999999987845058e-08
-1.999999987845058e-08
-5.569101810455322
1.999999987845058e-08
1.999999987845058e-08
1.999999987845058e-08
-7.515294551849365
-1.999999987845058e-08
-1.999999987845058e-08
-1.999999987845058e-08
-11.795012474060059
1.999999987845058e-08
1.999999987845058e-08
1.999999987845058e-08
-7.636900901794434
-1.999999987845058e-08
-1.999999987845058e-08
-1.999999987845058e-08
1.118275761604309
1.999999987845058e-08
1.999999987845058e-08
1.999999987845058e-08
6.749715805053711
-1.999999987845058e-08
-1.999999987845058e-08
-1.999999987845058e-08
7.4397993087768555
1.999999987845058e-08
1.999999987845058e-08
1.999999987845058e-08
0.2970682680606842
-1.999999987845058e-08
-1.999999987845058e-08
-1.999999987845058e-08
-3.082070827484131
1.999999987845058e-08
1.999999987845058e-08
1.999999987845058e-08
-4.975016117095947
-1.999999987845058e-08
-1.999999987845058e-08
-1.999999987845058e-08
-5.674022674560547
1.999999987845058e-08
1.999999987845058e-08
1.999999987845058e-08
-6.443499565124512
-1.999999987845058e-08
-1.999999987845058e-08
-1.999999987845058e-08
-8.86246395111084
1.999999987845058e-08
1.999999987845058e-08
1.999999987845058e-08
-10.17732048034668
-1.999999987845058e-08
-1.999999987845058e-08
-1.999999987845058e-08
-2.8946943283081055
1.999999987845058e-08
1.999999987845058e-08
1.999999987845058e-08
10.807408332824707
-1.999999987845058e-08
-1.999999987845058e-08
-1.999999987845058e-08
14.135550498962402
1.999999987845058e-08
1.999999987845058e-08
1.999999987845058e-08
-23.2921142578125
-1.999999987845058e-08
-1.999999987845058e-08
-1.999999987845058e-08
-11.93172550201416
1.999999987845058e-08
1.999999987845058e-08
1.999999987845058e-08
4.864431381225586
-1.999999987845058e-08
-1.999999987845058e-08
-1.999999987845058e-08
17.535999298095703
1.999999987845058e-08
1.999999987845058e-08
1.999999987845058e-08
22.793472290039062
-1.999999987845058e-08
-1.999999987845058e-08
-1.999999987845058e-08
20.9154052734375
1.999999987845058e-08
1.999999987845058e-08
1.999999987845058e-08
11.164159774780273
-1.999999987845058e-08
-1.999999987845058e-08
-1.999999987845058e-08
-3.242194175720215
1.999999987845058e-08
1.999999987845058e-08
1.999999987845058e-08
-11.44882869720459
-1.999999987845058e-08
-1.999999987845058e-08
-1.999999987845058e-08
-5.367406845092773
1.999999987845058e-08
1.999999987845058e-08
1.999999987845058e-08
-5.367406845092773
-1.999999987845058e-08
-1.999999987845058e-08
-1.999999987845058e-08
10.82686996459961
1.999999987845058e-08
1.999999987845058e-08
1.999999987845058e-08
23.986238479614258
-1.999999987845058e-08
-1.999999987845058e-08
-1.999999987845058e-08
23.29463768005371
1.999999987845058e-08
1.999999987845058e-08
1.999999987845058e-08
11.56074333190918
-1.999999987845058e-08
-1.999999987845058e-08
-1.999999987845058e-08
3.292402982711792
1.999999987845058e-08
1.999999987845058e-08
1.999999987845058e-08
8.061101913452148
-1.999999987845058e-08
-1.999999987845058e-08
-1.999999987845058e-08
20.11026382446289
1.999999987845058e-08
1.999999987845058e-08
1.999999987845058e-08
27.19074821472168
-1.999999987845058e-08
-1.999999987845058e-08
-1.999999987845058e-08
24.152833938598633
1.999999987845058e-08
1.999999987845058e-08
1.999999987845058e-08
20.11026382446289
-1.999999987845058e-08
-1.999999987845058e-08
-1.999999987845058e-08
27.19074821472168
1.999999987845058e-08
1.999999987845058e-08
1.999999987845058e-08
24.152833938598633
-1.999999987845058e-08
-1.999999987845058e-08
-1.999999987845058e-08
14.386800765991211
1.999999987845058e-08
1.999999987845058e-08
1.999999987845058e-08
4.9166436195373535
-1.999999987845058e-08
-1.999999987845058e-08
-1.999999987845058e-08
2.8762805461883545
1.999999987845058e-08
1.999999987845058e-08
1.999999987845058e-08
8.922721862792969
-1.999999987845058e-08
-1.999999987845058e-08
-1.999999987845058e-08
14.05072021484375
1.999999987845058e-08
1.999999987845058e-08
1.999999987845058e-08
9.91916561126709
-1.999999987845058e-08
-1.999999987845058e-08
-1.999999987845058e-08
0.06908687949180603
1.999999987845058e-08
1.999999987845058e-08
1.999999987845058e-08
-3.4624295234680176
-1.999999987845058e-08
-1.999999987845058e-08
-1.999999987845058e-08
0.08288561552762985
1.999999987845058e-08
1.999999987845058e-08
1.999999987845058e-08
2.436939001083374
-1.999999987845058e-08
-1.999999987845058e-08
-1.999999987845058e-08
2.4476168155670166
1.999999987845058e-08
1.999999987845058e-08
1.999999987845058e-08
-5.530145168304443
-1.999999987845058e-08
-1.999999987845058e-08
-1.999999987845058e-08
-20.407398223876953
1.999999987845058e-08
1.999999987845058e-08
1.999999987845058e-08
-29.13551902770996
-1.999999987845058e-08
-1.999999987845058e-08
-1.999999987845058e-08
-26.569808959960938
1.999999987845058e-08
1.999999987845058e-08
1.999999987845058e-08
-23.414798736572266
-1.999999987845058e-08
-1.999999987845058e-08
-1.999999987845058e-08
-24.89032745361328
1.999999987845058e-08
1.999999987845058e-08
1.999999987845058e-08
-26.569808959960938
-1.999999987845058e-08
-1.999999987845058e-08
-1.999999987845058e-08
-23.414798736572266
1.999999987845058e-08
1.999999987845058e-08
1.999999987845058e-08
-24.89032745361328
-1.999999987845058e-08
-1.999999987845058e-08
-1.999999987845058e-08
-20.587858200073242
1.999999987845058e-08
1.999999987845058e-08
1.999999987845058e-08
-5.293981552124023
-1.999999987845058e-08
-1.999999987845058e-08
-1.999999987845058e-08
8.881596565246582
1.999999987845058e-08
1.999999987845058e-08
1.999999987845058e-08
11.070232391357422
-1.999999987845058e-08
-1.999999987845058e-08
-1.999999987845058e-08
5.278933525085449
1.999999987845058e-08
1.999999987845058e-08
1.999999987845058e-08
0.4877701699733734
-1.999999987845058e-08
-1.999999987845058e-08
-1.999999987845058e-08
0.015760457143187523
1.999999987845058e-08
1.999999987845058e-08
1.999999987845058e-08
15.162171363830566
-1.999999987845058e-08
-1.999999987845058e-08
-1.999999987845058e-08
7.986513137817383
1.999999987845058e-08
1.999999987845058e-08
1.999999987845058e-08
1.1376513242721558
-1.999999987845058e-08
-1.999999987845058e-08
-1.999999987845058e-08
-6.386543273925781
1.999999987845058e-08
1.999999987845058e-08
1.999999987845058e-08
-14.725044250488281
-1.999999987845058e-08
-1.999999987845058e-08
-1.999999987845058e-08
-17.63046646118164
1.999999987845058e-08
1.999999987845058e-08
1.999999987845058e-08
