0
-0.623202919960022
14.225252151489258
24.578393936157227
1.999999987845058e-08
9.897882461547852
20.05569076538086
25.23188018798828
-1.999999987845058e-08
22.016189575195312
11.170389175415039
8.202132225036621
1.999999987845058e-08
26.464778900146484
-2.923624277114868
-11.430519104003906
-1.999999987845058e-08
18.336042404174805
-6.337884902954102
-13.51681137084961
1.999999987845058e-08
2.9498424530029297
0.8073486089706421
0.1057157814502716
-1.999999987845058e-08
-10.143784523010254
6.555564880371094
11.547808647155762
1.999999987845058e-08
-15.637529373168945
5.186945915222168
11.767144203186035
-1.999999987845058e-08
-14.26077938079834
-0.40634751319885254
5.179570198059082
1.999999987845058e-08
-6.289433479309082
-10.817347526550293
-9.54096508026123
-1.999999987845058e-08
-5.168060302734375
-11.72060775756836
-13.696687698364258
1.999999987845058e-08
-4.75937557220459
-10.463069915771484
-15.350394248962402
-1.999999987845058e-08
-4.399890899658203
-8.479966163635254
-14.224761009216309
1.999999987845058e-08
-7.101653099060059
-4.656774044036865
-7.907308578491211
-1.999999987845058e-08
-13.412044525146484
0.9921389818191528
2.3714168071746826
1.999999987845058e-08
-17.276323318481445
4.453762531280518
9.029051780700684
-1.999999987845058e-08
-14.180482864379883
3.931215763092041
8.852975845336914
1.999999987845058e-08
-6.996587753295898
2.545783042907715
7.010461807250977
-1.999999987845058e-08
0.1482955664396286
0.38050761818885803
4.171420097351074
1.999999987845058e-08
-14.180482864379883
3.931215763092041
8.852975845336914
-1.999999987845058e-08
-6.996587753295898
2.545783042907715
7.010461807250977
1.999999987845058e-08
0.1482955366373062
0.38050758838653564
4.171420097351074
-1.999999987845058e-08
4.355864524841309
-5.6407151222229
-3.663691759109497
1.999999987845058e-08
2.178938627243042
-12.670947074890137
-11.892671585083008
-1.999999987845058e-08
-5.024168014526367
-13.386736869812012
-11.723252296447754
1.999999987845058e-08
-9.988507270812988
-6.473430633544922
-4.97035026550293
-1.999999987845058e-08
-8.87224292755127
0.9359058737754822
-1.9226899147033691
1.999999987845058e-08
-5.409087657928467
1.7400164604187012
-7.128462314605713
-1.999999987845058e-08
-5.273407459259033
-2.769024133682251
-14.077910423278809
1.999999987845058e-08
-10.620999336242676
10.3472318649292
5.8626933097839355
-1.999999987845058e-08
0.20518027245998383
11.501004219055176
1.0781793594360352
1.999999987845058e-08
9.930166244506836
7.116501808166504
-12.50476360321045
-1.999999987845058e-08
12.498554229736328
3.2678802013397217
-22.086917877197266
1.999999987845058e-08
8.639748573303223
3.015737295150757
-19.953441619873047
-1.999999987845058e-08
3.291930913925171
5.288727283477783
-8.986422538757324
1.999999987845058e-08
2.407113552093506
7.6385579109191895
1.5134475231170654
-1.999999987845058e-08
5.771054267883301
9.598895072937012
6.15521240234375
1.999999987845058e-08
5.836185455322266
11.860071182250977
5.705599784851074
-1.999999987845058e-08
-0.7816857695579529
13.309318542480469
0.9946684837341309
1.999999987845058e-08
-8.564188003540039
12.261945724487305
-6.369184494018555
-1.999999987845058e-08
-11.987794876098633
9.100875854492188
-11.145249366760254
1.999999987845058e-08
-10.743081092834473
5.899473190307617
-9.600321769714355
-1.999999987845058e-08
-6.413828372955322
3.723195791244507
-5.234830856323242
1.999999987845058e-08
-1.1978178024291992
1.0594512224197388
-5.137734889984131
-1.999999987845058e-08
0.9702802300453186
-3.224001169204712
-10.563592910766602
1.999999987845058e-08
-2.0719735622406006
-5.771326065063477
-14.201228141784668
-1.999999987845058e-08
-6.8110198974609375
-2.502890110015869
-9.694122314453125
1.999999987845058e-08
-8.005925178527832
3.8489320278167725
-1.2806111574172974
-1.999999987845058e-08
-5.648189067840576
7.147481918334961
2.5166847705841064
1.999999987845058e-08
-5.648189067840576
7.147481918334961
2.5166847705841064
-1.999999987845058e-08
-3.5599825382232666
7.335331439971924
1.859998106956482
1.999999987845058e-08
-2.0721185207366943
8.296281814575195
2.2183141708374023
-1.999999987845058e-08
1.9379510879516602
9.255108833312988
2.629281520843506
1.999999987845058e-08
7.5342607498168945
6.055922985076904
-1.3267357349395752
-1.999999987845058e-08
8.310820579528809
-1.5624648332595825
-8.425986289978027
1.999999987845058e-08
0.6651310920715332
-9.18338394165039
-14.34638786315918
-1.999999987845058e-08
-9.966264724731445
-12.541666030883789
-17.39287757873535
1.999999987845058e-08
-13.590958595275879
-11.180253028869629
-18.266633987426758
-1.999999987845058e-08
-5.992715358734131
-8.975686073303223
-19.874906539916992
1.999999987845058e-08
5.77244234085083
-9.844419479370117
-24.94500160217285
-1.999999987845058e-08
9.76848030090332
-11.454164505004883
-29.54483413696289
1.999999987845058e-08
1.9364501237869263
-7.643429756164551
-25.26580810546875
-1.999999987845058e-08
-9.758373260498047
1.3124653100967407
-11.514029502868652
1.999999987845058e-08
-13.44996166229248
7.085600852966309
0.43361738324165344
-1.999999987845058e-08
-5.199125289916992
5.305062294006348
1.889735460281372
1.999999987845058e-08
6.689940929412842
1.7354892492294312
-2.10113263130188
-1.999999987845058e-08
11.374104499816895
0.927493691444397
-4.836583614349365
1.999999987845058e-08
6.7976202964782715
-0.29141712188720703
-7.379313945770264
-1.999999987845058e-08
-1.8372855186462402
-2.238612174987793
-8.08613395690918
1.999999987845058e-08
-9.291994094848633
0.4279811978340149
0.21400140225887299
-1.999999987845058e-08
-11.302355766296387
6.116992950439453
15.138964653015137
1.999999987845058e-08
-4.694299697875977
5.799037456512451
22.021587371826172
-1.999999987845058e-08
6.617421627044678
-1.425475835800171
14.86715316772461
1.999999987845058e-08
12.826430320739746
-6.593893051147461
4.917811870574951
-1.999999987845058e-08
10.461265563964844
-5.943005561828613
1.385905385017395
1.999999987845058e-08
4.855729103088379
-3.5632457733154297
2.505671739578247
-1.999999987845058e-08
0.17431047558784485
-1.536614179611206
6.311429977416992
1.999999987845058e-08
-4.1934332847595215
0.2916834056377411
10.938254356384277
-1.999999987845058e-08
-9.024110794067383
0.8590384125709534
11.479357719421387
1.999999987845058e-08
-12.855244636535645
1.098057508468628
8.674163818359375
-1.999999987845058e-08
-13.585471153259277
2.042109727859497
8.196651458740234
1.999999987845058e-08
-11.87025260925293
0.3473525047302246
10.484696388244629
-1.999999987845058e-08
-11.504965782165527
-5.5634942054748535
12.78203010559082
1.999999987845058e-08
-12.615769386291504
-11.04471206665039
13.494439125061035
-1.999999987845058e-08
-9.745018005371094
-12.305142402648926
10.347105026245117
1.999999987845058e-08
-2.6384785175323486
-9.610904693603516
5.015017509460449
-1.999999987845058e-08
0.5885037779808044
-2.103316068649292
6.605020046234131
1.999999987845058e-08
-3.6833484172821045
10.467673301696777
19.70829963684082
-1.999999987845058e-08
-8.991775512695312
20.883256912231445
33.730159759521484
1.999999987845058e-08
-7.820108890533447
20.286882400512695
33.854286193847656
-1.999999987845058e-08
1.827788233757019
9.161364555358887
17.177316665649414
1.999999987845058e-08
14.357673645019531
-5.122519493103027
-7.342532634735107
-1.999999987845058e-08
18.013240814208984
-15.490575790405273
-26.119590759277344
1.999999987845058e-08
7.923552513122559
-17.33434295654297
-28.82072639465332
-1.999999987845058e-08
-6.173746109008789
-11.086265563964844
-17.34904670715332
1.999999987845058e-08
-13.000475883483887
-2.802483558654785
-4.705948829650879
-1.999999987845058e-08
-11.529012680053711
1.4170589447021484
-2.049304962158203
1.999999987845058e-08
-7.514884948730469
-0.15675170719623566
-8.965923309326172
-1.999999987845058e-08
-6.667708873748779
-5.441528797149658
-16.342941284179688
1.999999987845058e-08
-11.243195533752441
-9.597761154174805
-15.238321304321289
-1.999999987845058e-08
-18.81885528564453
-7.8590312004089355
-3.8953030109405518
1.999999987845058e-08
-23.525957107543945
-1.6320222616195679
9.295465469360352
-1.999999987845058e-08
-21.2696590423584
2.676356792449951
13.839334487915039
1.999999987845058e-08
-14.55869197845459
3.203336000442505
10.083940505981445
-1.999999987845058e-08
-8.571939468383789
3.299060106277466
6.078924179077148
1.999999987845058e-08
-4.46654748916626
3.10565447807312
4.030298709869385
-1.999999987845058e-08
-1.0710638761520386
-0.16105064749717712
-0.11789452284574509
1.999999987845058e-08
1.1192588806152344
-4.592973709106445
-5.773308753967285
-1.999999987845058e-08
1.1537455320358276
-4.694490432739258
-6.0150275230407715
1.999999987845058e-08
0.6740650534629822
0.7334282994270325
5.212664604187012
-1.999999987845058e-08
6.1769232749938965
-2.1425135135650635
2.516251802444458
1.999999987845058e-08
13.338878631591797
-4.438539981842041
-3.2079124450683594
-1.999999987845058e-08
14.665837287902832
-3.4804527759552
-6.486074447631836
1.999999987845058e-08
8.437623977661133
-1.1215260028839111
-7.272861957550049
-1.999999987845058e-08
1.2765161991119385
1.4663732051849365
-7.141702651977539
1.999999987845058e-08
-0.8978880643844604
4.641188144683838
-6.327068328857422
-1.999999987845058e-08
1.5934690237045288
7.755948543548584
-4.8631510734558105
1.999999987845058e-08
5.322997570037842
8.871484756469727
-3.0577189922332764
-1.999999987845058e-08
7.355523586273193
7.174227237701416
-1.0199379920959473
1.999999987845058e-08
6.482754230499268
4.985130310058594
4.298438549041748
-1.999999987845058e-08
8.75295639038086
8.66141128540039
7.266541957855225
1.999999987845058e-08
10.899673461914062
11.145352363586426
7.950211048126221
-1.999999987845058e-08
7.977783203125
6.191293239593506
2.671125650405884
1.999999987845058e-08
-0.005443892907351255
-3.148851156234741
-5.1047444343566895
-1.999999987845058e-08
-7.121628284454346
-6.320875644683838
-5.738825798034668
1.999999987845058e-08
-6.334049224853516
-2.106935501098633
-0.6076494455337524
-1.999999987845058e-08
3.453385591506958
-0.13388265669345856
-2.3305063247680664
1.999999987845058e-08
13.684086799621582
-4.808713912963867
-13.3196382522583
-1.999999987845058e-08
13.869982719421387
-10.066450119018555
-21.2066650390625
1.999999987845058e-08
13.869982719421387
-10.066450119018555
-21.2066650390625
-1.999999987845058e-08
4.5270843505859375
-8.864614486694336
-17.15765953063965
1.999999987845058e-08
-3.933967351913452
-0.5784876346588135
-5.0297112464904785
-1.999999987845058e-08
-4.748436450958252
9.715487480163574
6.665028095245361
1.999999987845058e-08
-0.1844116598367691
15.938742637634277
11.776734352111816
-1.999999987845058e-08
3.908612012863159
16.922462463378906
10.587654113769531
1.999999987845058e-08
4.527698993682861
16.831796646118164
9.97713565826416
-1.999999987845058e-08
4.1788105964660645
17.399385452270508
12.449139595031738
1.999999987845058e-08
6.4698309898376465
16.07608413696289
12.853209495544434
-1.999999987845058e-08
10.965925216674805
12.519469261169434
9.570365905761719
1.999999987845058e-08
10.965925216674805
12.519469261169434
9.570365905761719
-1.999999987845058e-08
14.582864761352539
8.50663948059082
5.8955864906311035
1.999999987845058e-08
13.911264419555664
3.62233567237854
2.6327593326568604
-1.999999987845058e-08
7.40193510055542
-1.490047574043274
0.2540797293186188
1.999999987845058e-08
-0.922181248664856
-1.7986845970153809
2.1415374279022217
-1.999999987845058e-08
-4.470802307128906
5.589664936065674
9.242378234863281
1.999999987845058e-08
-2.525146722793579
15.073107719421387
18.349842071533203
-1.999999987845058e-08
0.21853359043598175
18.175636291503906
26.517826080322266
1.999999987845058e-08
1.3620758056640625
13.863370895385742
31.75496482849121
-1.999999987845058e-08
3.503347158432007
8.794726371765137
31.965579986572266
1.999999987845058e-08
10.277442932128906
8.1532621383667
27.29448699951172
-1.999999987845058e-08
19.603303909301758
11.036771774291992
22.258577346801758
1.999999987845058e-08
23.688980102539062
13.733072280883789
21.67800521850586
-1.999999987845058e-08
19.06439971923828
13.22898006439209
24.892742156982422
1.999999987845058e-08
11.218612670898438
8.835009574890137
27.961156845092773
-1.999999987845058e-08
7.445207118988037
3.1968016624450684
29.26687240600586
1.999999987845058e-08
9.14692211151123
0.5810027718544006
29.226030349731445
-1.999999987845058e-08
11.304987907409668
2.3612942695617676
28.063819885253906
1.999999987845058e-08
9.662959098815918
5.566165924072266
25.354589462280273
-1.999999987845058e-08
6.250401973724365
7.097051620483398
19.87266731262207
1.999999987845058e-08
0.47560635209083557
6.185492992401123
6.608796119689941
-1.999999987845058e-08
-3.4793930053710938
3.9245333671569824
3.7893404960632324
1.999999987845058e-08
-5.757428169250488
-0.2530513107776642
1.1404236555099487
-1.999999987845058e-08
-5.577233791351318
-5.468599319458008
-2.965090751647949
1.999999987845058e-08
-2.966195583343506
-10.010929107666016
-7.270397186279297
-1.999999987845058e-08
1.3618437051773071
-11.383028030395508
-9.355669975280762
1.999999987845058e-08
4.742107391357422
-8.418095588684082
-6.4176249504089355
-1.999999987845058e-08
7.110054016113281
-4.005406856536865
0.9053959846496582
1.999999987845058e-08
9.786222457885742
-1.5880591869354248
8.250661849975586
-1.999999987845058e-08
9.215374946594238
-1.6892316341400146
12.383877754211426
1.999999987845058e-08
0.759704053401947
-9.390213012695312
3.8649697303771973
-1.999999987845058e-08
4.698589324951172
-10.354239463806152
1.5998892784118652
1.999999987845058e-08
10.882147789001465
-5.052309036254883
10.404829025268555
-1.999999987845058e-08
14.443318367004395
1.3964601755142212
22.862831115722656
1.999999987845058e-08
16.43034553527832
3.0051870346069336
25.88637351989746
-1.999999987845058e-08
17.815086364746094
-1.8908840417861938
14.595451354980469
1.999999987845058e-08
16.109941482543945
-10.726856231689453
-2.177067518234253
-1.999999987845058e-08
10.174798965454102
-16.526813507080078
-8.93129825592041
1.999999987845058e-08
3.2234129905700684
-13.337067604064941
-0.20700785517692566
-1.999999987845058e-08
-0.6827315092086792
-5.4401421546936035
12.393707275390625
1.999999987845058e-08
10.174798965454102
-16.526813507080078
-8.931299209594727
-1.999999987845058e-08
3.2234129905700684
-13.337067604064941
-0.20700781047344208
1.999999987845058e-08
-0.682731568813324
-5.4401421546936035
12.393707275390625
-1.999999987845058e-08
-0.14664913713932037
-2.5938053131103516
15.112473487854004
1.999999987845058e-08
3.0743801593780518
-4.837658882141113
9.655957221984863
-1.999999987845058e-08
5.257386207580566
-3.614009380340576
7.619174957275391
1.999999987845058e-08
4.961169242858887
3.0543885231018066
11.736152648925781
-1.999999987845058e-08
4.925700664520264
8.348814010620117
14.6529541015625
1.999999987845058e-08
6.399978160858154
6.592482566833496
11.896228790283203
-1.999999987845058e-08
6.028406143188477
-2.3772644996643066
4.575038909912109
1.999999987845058e-08
-6.965831279754639
-19.21928596496582
-8.553831100463867
-1.999999987845058e-08
-14.199885368347168
-14.909921646118164
-2.664038896560669
1.999999987845058e-08
-16.761661529541016
-6.992323398590088
8.1268310546875
-1.999999987845058e-08
-14.550760269165039
-4.133699417114258
12.841582298278809
1.999999987845058e-08
-13.28055477142334
-5.615415573120117
11.7224760055542
-1.999999987845058e-08
-16.344322204589844
-5.05821418762207
14.287428855895996
1.999999987845058e-08
-17.453672409057617
-1.4630231857299805
21.406099319458008
-1.999999987845058e-08
-8.520523071289062
1.7104421854019165
23.78935432434082
1.999999987845058e-08
9.00583267211914
2.236886978149414
15.364147186279297
-1.999999987845058e-08
25.28427505493164
-1.6253610849380493
-1.5736595392227173
1.999999987845058e-08
31.04741859436035
-9.736023902893066
-18.997844696044922
-1.999999987845058e-08
23.748586654663086
-16.14181137084961
-27.014495849609375
1.999999987845058e-08
9.207985877990723
-14.59001636505127
-22.65522575378418
-1.999999987845058e-08
-2.2850303649902344
-7.389199733734131
-14.457139015197754
1.999999987845058e-08
-4.691792011260986
-2.915381669998169
-13.103408813476562
-1.999999987845058e-08
-0.7120180130004883
-6.212243556976318
-21.203229904174805
1.999999987845058e-08
2.225938558578491
-14.448766708374023
-32.46321487426758
-1.999999987845058e-08
-0.8204224705696106
-19.908447265625
-37.137046813964844
1.999999987845058e-08
-7.989988327026367
-17.708515167236328
-30.930980682373047
-1.999999987845058e-08
-12.766803741455078
-10.663928031921387
-19.407268524169922
1.999999987845058e-08
-6.325238227844238
-6.567641735076904
-10.181081771850586
-1.999999987845058e-08
-4.4377851486206055
-9.225829124450684
-13.003117561340332
1.999999987845058e-08
-8.009851455688477
-8.08745002746582
-14.948701858520508
-1.999999987845058e-08
-14.256707191467285
-4.283909320831299
-13.625789642333984
1.999999987845058e-08
-18.3308162689209
-2.9930200576782227
-11.360113143920898
-1.999999987845058e-08
-18.095142364501953
-4.800050258636475
-12.385610580444336
1.999999987845058e-08
-16.715652465820312
-6.168584823608398
-16.463970184326172
-1.999999987845058e-08
-17.115371704101562
-5.0034613609313965
-17.86626434326172
1.999999987845058e-08
-15.486581802368164
-2.7497425079345703
-14.047133445739746
-1.999999987845058e-08
-7.6431498527526855
-2.302818775177002
-9.729771614074707
1.999999987845058e-08
3.309295892715454
-2.7596163749694824
-5.058353424072266
-1.999999987845058e-08
-0.6643942594528198
-2.2482001781463623
-5.6317243576049805
1.999999987845058e-08
-3.731976270675659
-4.522987365722656
-13.267151832580566
-1.999999987845058e-08
-3.4912667274475098
-6.482277870178223
-21.710926055908203
1.999999987845058e-08
-2.527585744857788
-4.312136173248291
-21.998504638671875
-1.999999987845058e-08
-3.5773212909698486
-0.9233426451683044
-15.371878623962402
1.999999987845058e-08
-6.428624153137207
-0.3675011992454529
-9.710005760192871
-1.999999987845058e-08
-8.694668769836426
-0.8136188387870789
-7.5288472175598145
1.999999987845058e-08
-8.838865280151367
0.5049046874046326
-5.194763660430908
-1.999999987845058e-08
-6.077723979949951
1.2669670581817627
-2.127955913543701
1.999999987845058e-08
-6.077723979949951
1.2669670581817627
-2.127955913543701
-1.999999987845058e-08
-0.008974523283541203
-0.13292911648750305
-0.06776241213083267
1.999999987845058e-08
6.2781758308410645
0.7636023759841919
4.12842321395874
-1.999999987845058e-08
8.23797607421875
7.0405683517456055
13.216692924499512
1.999999987845058e-08
7.629490852355957
14.638467788696289
21.485158920288086
-1.999999987845058e-08
9.89001750946045
18.486045837402344
22.014198303222656
1.999999987845058e-08
14.160402297973633
17.977712631225586
16.265491485595703
-1.999999987845058e-08
14.703444480895996
14.692920684814453
8.774250030517578
1.999999987845058e-08
9.108039855957031
9.681558609008789
1.083446979522705
-1.999999987845058e-08
0.9154338836669922
3.846104621887207
-4.851492404937744
1.999999987845058e-08
9.89001750946045
18.486045837402344
22.014198303222656
-1.999999987845058e-08
14.160402297973633
17.977712631225586
16.265491485595703
1.999999987845058e-08
14.703444480895996
14.692920684814453
8.774250030517578
-1.999999987845058e-08
9.108039855957031
9.681558609008789
1.083446979522705
1.999999987845058e-08
0.9154338240623474
3.846104621887207
-4.851492404937744
-1.999999987845058e-08
-3.416024923324585
-1.7026753425598145
-6.839028358459473
1.999999987845058e-08
-1.2173346281051636
-6.0116963386535645
-5.384036064147949
-1.999999987845058e-08
3.30780291557312
-7.400947570800781
-1.001073956489563
1.999999987845058e-08
4.62502908706665
-4.53466272354126
5.155436038970947
-1.999999987845058e-08
1.5173324346542358
0.0044067720882594585
8.212111473083496
1.999999987845058e-08
13.90239143371582
11.682378768920898
3.294947862625122
-1.999999987845058e-08
11.268487930297852
8.675493240356445
2.1967203617095947
1.999999987845058e-08
3.944814920425415
5.881448268890381
0.11164267361164093
-1.999999987845058e-08
-0.8604819774627686
5.372304439544678
-2.9867398738861084
1.999999987845058e-08
-1.8923084735870361
3.6505126953125
-7.880440711975098
-1.999999987845058e-08
-0.02233155071735382
-2.5910110473632812
-16.449203491210938
1.999999987845058e-08
2.903623580932617
-10.04867172241211
-26.4100399017334
-1.999999987845058e-08
1.7316298484802246
-10.621721267700195
-28.029293060302734
1.999999987845058e-08
-4.4738287925720215
-2.7430636882781982
-17.576112747192383
-1.999999987845058e-08
-8.748295783996582
6.004637718200684
-4.279027938842773
1.999999987845058e-08
2.0301356315612793
4.690744400024414
3.8706114292144775
-1.999999987845058e-08
4.327171325683594
-0.4939940273761749
-6.294342517852783
1.999999987845058e-08
6.654762268066406
-3.228839874267578
-19.137598037719727
-1.999999987845058e-08
6.31572961807251
-1.236954689025879
-25.065479278564453
1.999999987845058e-08
-1.8725577592849731
6.814047336578369
-15.921147346496582
-1.999999987845058e-08
-16.338815689086914
15.849542617797852
0.5666975378990173
1.999999987845058e-08
-28.46503448486328
16.088285446166992
7.163339138031006
-1.999999987845058e-08
-31.2020263671875
7.80648136138916
2.309802293777466
1.999999987845058e-08
-23.397764205932617
1.484106421470642
-2.3540310859680176
-1.999999987845058e-08
-9.170431137084961
0.8771054148674011
-5.564749717712402
1.999999987845058e-08
4.736987590789795
0.1892215758562088
-14.882925987243652
-1.999999987845058e-08
12.976519584655762
-3.39656662940979
-29.048751831054688
1.999999987845058e-08
13.741547584533691
-6.345259666442871
-39.833614349365234
-1.999999987845058e-08
8.800195693969727
-6.6003642082214355
-45.25804138183594
1.999999987845058e-08
2.284593343734741
-6.15407133102417
-48.31138610839844
-1.999999987845058e-08
-2.4228410720825195
-6.097214221954346
-48.310726165771484
1.999999987845058e-08
-5.488533973693848
-5.231264591217041
-42.907928466796875
-1.999999987845058e-08
-9.506646156311035
-3.622396230697632
-34.14729690551758
1.999999987845058e-08
-15.21027660369873
-3.23699951171875
-27.14720344543457
-1.999999987845058e-08
-19.938190460205078
-4.630716800689697
-24.709426879882812
1.999999987845058e-08
-19.938190460205078
-4.630716800689697
-24.709426879882812
-1.999999987845058e-08
-20.610679626464844
-5.664592266082764
-25.16693687438965
1.999999987845058e-08
-16.14221954345703
-5.220000267028809
-25.939300537109375
-1.999999987845058e-08
-7.675326347351074
-6.273779392242432
-28.86310577392578
1.999999987845058e-08
0.9399746656417847
-11.346322059631348
-37.86946487426758
-1.999999987845058e-08
4.411667823791504
-16.39162254333496
-48.81306076049805
1.999999987845058e-08
0.6289089322090149
-15.19874382019043
-50.0147819519043
-1.999999987845058e-08
-7.560023784637451
-8.926557540893555
-38.44046401977539
1.999999987845058e-08
-15.6212739944458
-5.141564846038818
-26.299057006835938
-1.999999987845058e-08
-19.465564727783203
-7.227095603942871
-25.23511505126953
1.999999987845058e-08
-19.465564727783203
-7.227095603942871
-25.23511505126953
-1.999999987845058e-08
-16.595487594604492
-9.902034759521484
-31.182432174682617
1.999999987845058e-08
-9.949549674987793
-6.8268256187438965
-30.71900177001953
-1.999999987845058e-08
-7.151821613311768
0.7248204946517944
-18.484111785888672
1.999999987845058e-08
-10.020931243896484
5.954155445098877
-3.3151917457580566
-1.999999987845058e-08
-10.655303955078125
5.804734230041504
3.4926843643188477
1.999999987845058e-08
-3.891364097595215
3.8876280784606934
1.5906769037246704
-1.999999987845058e-08
5.025125503540039
4.7237677574157715
-0.7590275406837463
1.999999987845058e-08
8.862932205200195
9.482769012451172
2.3674402236938477
-1.999999987845058e-08
6.283615589141846
16.266292572021484
9.664714813232422
1.999999987845058e-08
2.8948986530303955
16.328079223632812
9.953166961669922
-1.999999987845058e-08
4.1406049728393555
8.992454528808594
4.564012050628662
1.999999987845058e-08
1.124742031097412
3.917924165725708
4.379565238952637
-1.999999987845058e-08
-4.265615940093994
5.604935169219971
14.780133247375488
1.999999987845058e-08
-8.282815933227539
10.102653503417969
29.101638793945312
-1.999999987845058e-08
-7.856268405914307
8.073090553283691
31.67262840270996
1.999999987845058e-08
-2.6494266986846924
0.10879182070493698
21.261804580688477
-1.999999987845058e-08
3.7683470249176025
-1.8355954885482788
15.816386222839355
1.999999987845058e-08
7.296342849731445
7.20143461227417
25.20772361755371
-1.999999987845058e-08
8.122753143310547
15.941347122192383
35.31850814819336
1.999999987845058e-08
8.122753143310547
15.941347122192383
35.31850814819336
-1.999999987845058e-08
9.36108684539795
14.025835990905762
31.202747344970703
1.999999987845058e-08
12.81395149230957
6.518357753753662
18.81610870361328
-1.999999987845058e-08
17.913055419921875
1.436783790588379
10.086045265197754
1.999999987845058e-08
21.526643753051758
-1.2668616771697998
7.420743942260742
-1.999999987845058e-08
19.64342498779297
-2.1778769493103027
11.327065467834473
1.999999987845058e-08
12.429487228393555
-0.48512032628059387
20.739158630371094
-1.999999987845058e-08
6.037134647369385
0.6073192358016968
26.033428192138672
1.999999987845058e-08
6.783967971801758
-1.8845635652542114
19.538532257080078
-1.999999987845058e-08
13.683316230773926
-6.1238813400268555
6.1228837966918945
1.999999987845058e-08
13.683316230773926
-6.1238813400268555
6.1228837966918945
-1.999999987845058e-08
19.29887580871582
-8.920056343078613
-4.618948936462402
1.999999987845058e-08
18.47919464111328
-7.5978169441223145
-7.455981731414795
-1.999999987845058e-08
12.348173141479492
-1.2070680856704712
-2.858968496322632
1.999999987845058e-08
4.14376974105835
6.016479015350342
3.7449584007263184
-1.999999987845058e-08
-3.2191154956817627
8.117630958557129
6.752063751220703
1.999999987845058e-08
-6.933054447174072
5.513823509216309
6.927220344543457
-1.999999987845058e-08
-5.8923773765563965
2.9666566848754883
7.876674652099609
1.999999987845058e-08
-1.9201771020889282
0.7031768560409546
7.155168056488037
-1.999999987845058e-08
0.23485055565834045
-3.5064759254455566
1.5577125549316406
1.999999987845058e-08
-3.632969617843628
-5.627268314361572
-1.69849693775177
-1.999999987845058e-08
-9.599093437194824
-0.6660180687904358
5.401122570037842
1.999999987845058e-08
-7.532567024230957
7.072872638702393
16.016082763671875
-1.999999987845058e-08
4.306527137756348
11.582379341125488
19.70779800415039
1.999999987845058e-08
16.229156494140625
14.419726371765137
18.802505493164062
-1.999999987845058e-08
20.473905563354492
16.433629989624023
18.671045303344727
1.999999987845058e-08
16.383386611938477
14.031670570373535
18.324018478393555
-1.999999987845058e-08
6.3339080810546875
7.833968639373779
17.523893356323242
1.999999987845058e-08
-3.6395528316497803
1.679468035697937
16.364704132080078
-1.999999987845058e-08
-6.460437297821045
-3.751293420791626
11.583468437194824
1.999999987845058e-08
-1.6661145687103271
-10.882113456726074
-5.186168193817139
-1.999999987845058e-08
-6.501883029937744
-14.375651359558105
-9.280584335327148
1.999999987845058e-08
-10.786760330200195
-15.92663288116455
-8.109216690063477
-1.999999987845058e-08
-10.845025062561035
-17.596210479736328
-6.523978233337402
1.999999987845058e-08
-8.807853698730469
-18.854257583618164
-8.578649520874023
-1.999999987845058e-08
-11.154261589050293
-13.866909980773926
-7.06160831451416
1.999999987845058e-08
-18.7749080657959
-1.2374212741851807
5.022897720336914
-1.999999987845058e-08
-23.16851234436035
12.10001277923584
20.86448097229004
1.999999987845058e-08
-16.902923583984375
18.592111587524414
29.096256256103516
-1.999999987845058e-08
-2.8244271278381348
15.774681091308594
27.043188095092773
1.999999987845058e-08
11.118622779846191
6.134319305419922
17.360193252563477
-1.999999987845058e-08
18.848413467407227
-3.789172649383545
5.21116304397583
1.999999987845058e-08
18.223709106445312
-8.856973648071289
-2.2328460216522217
-1.999999987845058e-08
12.4812593460083
-11.242250442504883
-4.378936767578125
1.999999987845058e-08
6.143385410308838
-13.815181732177734
-5.178389549255371
-1.999999987845058e-08
0.7271134853363037
-14.214258193969727
-4.332791805267334
1.999999987845058e-08
-2.092273473739624
-12.426610946655273
-2.989213705062866
-1.999999987845058e-08
-1.5290526151657104
-12.477070808410645
-5.2882819175720215
1.999999987845058e-08
-2.023512601852417
-13.622516632080078
-7.620980739593506
-1.999999987845058e-08
-7.742882251739502
-12.117724418640137
-2.5995595455169678
1.999999987845058e-08
6.143385410308838
-13.815181732177734
-5.178389549255371
-1.999999987845058e-08
0.7271134853363037
-14.214258193969727
-4.332791805267334
1.999999987845058e-08
-2.092273473739624
-12.426610946655273
-2.989213705062866
-1.999999987845058e-08
-1.5290526151657104
-12.477070808410645
-5.2882819175720215
1.999999987845058e-08
-2.023512601852417
-13.622516632080078
-7.620980739593506
-1.999999987845058e-08
-7.742882251739502
-12.117724418640137
-2.5995595455169678
1.999999987845058e-08
-15.913244247436523
-9.225615501403809
7.4995012283325195
-1.999999987845058e-08
-20.470767974853516
-7.419421672821045
14.987236976623535
1.999999987845058e-08
-19.176061630249023
-5.090693473815918
17.941198348999023
-1.999999987845058e-08
-14.957926750183105
-1.525550365447998
18.098569869995117
1.999999987845058e-08
5.495983600616455
10.106130599975586
34.31623458862305
-1.999999987845058e-08
16.1709041595459
6.852939128875732
16.265090942382812
1.999999987845058e-08
22.165311813354492
0.47576865553855896
-0.5408260226249695
-1.999999987845058e-08
21.43415641784668
-8.118921279907227
-10.895397186279297
1.999999987845058e-08
14.717290878295898
-13.296926498413086
-11.123054504394531
-1.999999987845058e-08
5.842975616455078
-9.288287162780762
-1.7518360614776611
1.999999987845058e-08
-0.6802164316177368
0.27987679839134216
8.211400032043457
-1.999999987845058e-08
-3.7349047660827637
5.679382801055908
11.140107154846191
1.999999987845058e-08
-4.804046154022217
3.1817445755004883
9.322568893432617
-1.999999987845058e-08
-4.904824733734131
-1.3611044883728027
9.142450332641602
1.999999987845058e-08
-5.010204792022705
0.15692831575870514
14.220269203186035
-1.999999987845058e-08
-5.472562789916992
9.249244689941406
23.93787384033203
1.999999987845058e-08
-3.8905141353607178
18.545446395874023
32.24079132080078
-1.999999987845058e-08
1.1123912334442139
19.45213508605957
31.4189510345459
1.999999987845058e-08
5.794486045837402
12.499098777770996
22.170522689819336
-1.999999987845058e-08
6.571157455444336
5.994351863861084
14.040950775146484
1.999999987845058e-08
4.284085750579834
4.579312324523926
12.57434368133545
-1.999999987845058e-08
0.7277897596359253
4.732302188873291
12.417082786560059
1.999999987845058e-08
-2.8791191577911377
1.2553558349609375
5.827136039733887
-1.999999987845058e-08
-4.802595615386963
-6.431380271911621
-6.432387351989746
1.999999987845058e-08
0.06720760464668274
-18.99911117553711
-21.225479125976562
-1.999999987845058e-08
4.759240627288818
-14.467841148376465
-17.168977737426758
1.999999987845058e-08
8.45659351348877
-2.804452657699585
-8.378500938415527
-1.999999987845058e-08
9.574615478515625
7.341183185577393
-1.9682055711746216
1.999999987845058e-08
7.463913917541504
9.191882133483887
-1.6039409637451172
-1.999999987845058e-08
3.3045170307159424
5.23321008682251
-3.5538363456726074
1.999999987845058e-08
-0.9055927395820618
3.1644701957702637
-2.1599957942962646
-1.999999987845058e-08
-2.6205782890319824
5.710086822509766
1.8019583225250244
1.999999987845058e-08
-0.272460401058197
8.584907531738281
3.60733962059021
-1.999999987845058e-08
2.3899154663085938
9.630813598632812
5.868357181549072
1.999999987845058e-08
2.3899154663085938
9.630813598632812
5.868357181549072
-1.999999987845058e-08
1.057943344116211
11.227157592773438
13.477316856384277
1.999999987845058e-08
-0.6375080943107605
13.033087730407715
20.573129653930664
-1.999999987845058e-08
1.9260811805725098
12.685493469238281
20.204774856567383
1.999999987845058e-08
6.157132625579834
9.901328086853027
14.668461799621582
-1.999999987845058e-08
8.584975242614746
4.275390148162842
6.246857166290283
1.999999987845058e-08
8.718503952026367
-2.7520220279693604
-3.3254570960998535
-1.999999987845058e-08
5.624526500701904
-5.36093807220459
-6.53913688659668
1.999999987845058e-08
-1.6137498617172241
-0.7803837060928345
0.918653130531311
-1.999999987845058e-08
-10.846277236938477
5.3655314445495605
11.486103057861328
1.999999987845058e-08
-13.855870246887207
2.9847095012664795
9.573477745056152
-1.999999987845058e-08
-6.245184421539307
-1.5149099826812744
4.1532392501831055
1.999999987845058e-08
-1.050713062286377
-3.8637285232543945
6.001640319824219
-1.999999987845058e-08
-1.7316488027572632
-1.9177699089050293
16.97301483154297
1.999999987845058e-08
-4.80222749710083
2.814051866531372
29.78487205505371
-1.999999987845058e-08
-4.9934868812561035
5.134215831756592
33.27283477783203
1.999999987845058e-08
0.22759270668029785
3.291105031967163
25.00914192199707
-1.999999987845058e-08
8.22681999206543
1.3479896783828735
13.934128761291504
1.999999987845058e-08
11.280634880065918
2.724904775619507
9.829419136047363
-1.999999987845058e-08
5.1895527839660645
5.950900554656982
12.960453033447266
1.999999987845058e-08
5.189552307128906
5.950900554656982
12.960453033447266
-1.999999987845058e-08
-4.587008953094482
7.442061424255371
15.681760787963867
1.999999987845058e-08
-11.084864616394043
5.845643520355225
13.531559944152832
-1.999999987845058e-08
-13.649005889892578
2.399470329284668
9.440109252929688
1.999999987845058e-08
-13.862313270568848
-1.3590948581695557
7.1657490730285645
-1.999999987845058e-08
-11.190154075622559
-3.361635208129883
8.732075691223145
1.999999987845058e-08
-5.4385175704956055
-1.341404914855957
15.39080810546875
-1.999999987845058e-08
1.921735167503357
3.059628963470459
22.24036979675293
1.999999987845058e-08
8.94088077545166
5.03810977935791
20.16463279724121
-1.999999987845058e-08
13.39993953704834
2.523531913757324
8.032352447509766
1.999999987845058e-08
13.39993953704834
2.523531913757324
8.032352447509766
-1.999999987845058e-08
12.923768997192383
-2.501415252685547
-5.693387985229492
1.999999987845058e-08
5.2999773025512695
-6.353290557861328
-11.458303451538086
-1.999999987845058e-08
-7.7954583168029785
-7.56422233581543
-7.756378650665283
1.999999987845058e-08
-17.953716278076172
-9.013894081115723
-4.464421272277832
-1.999999987845058e-08
-17.576332092285156
-12.635844230651855
-11.036965370178223
1.999999987845058e-08
-8.577397346496582
-15.064948081970215
-22.881263732910156
-1.999999987845058e-08
0.727314829826355
-13.354057312011719
-28.512447357177734
1.999999987845058e-08
4.802150726318359
-11.07627010345459
-26.726552963256836
-1.999999987845058e-08
3.9695963859558105
-12.608782768249512
-24.721097946166992
1.999999987845058e-08
5.178273677825928
-10.908394813537598
-32.604827880859375
-1.999999987845058e-08
7.983008861541748
-16.304105758666992
-40.86820602416992
1.999999987845058e-08
6.1892523765563965
-20.27483367919922
-41.38411331176758
-1.999999987845058e-08
0.5681705474853516
-16.786813735961914
-31.29412078857422
1.999999987845058e-08
-5.008087635040283
-7.402079105377197
-14.489400863647461
-1.999999987845058e-08
-6.30569314956665
1.2611420154571533
1.142377257347107
1.999999987845058e-08
-0.7468288540840149
5.228899002075195
7.275148868560791
-1.999999987845058e-08
9.213851928710938
6.025789260864258
2.1271774768829346
1.999999987845058e-08
15.15999698638916
5.988351821899414
-7.95472526550293
-1.999999987845058e-08
11.858222007751465
3.4481377601623535
-17.40426254272461
1.999999987845058e-08
3.7987961769104004
-1.6829720735549927
-22.51652717590332
-1.999999987845058e-08
-2.3211798667907715
-2.8829762935638428
-16.860868453979492
1.999999987845058e-08
-4.3057169914245605
2.909271478652954
-0.4892473518848419
-1.999999987845058e-08
-2.8904309272766113
8.034197807312012
13.214278221130371
1.999999987845058e-08
-0.5867072939872742
5.573230266571045
12.722622871398926
-1.999999987845058e-08
-0.5256124138832092
0.1328420341014862
3.678025007247925
1.999999987845058e-08
-3.221292018890381
0.17117930948734283
0.05935989320278168
-1.999999987845058e-08
-5.7248735427856445
4.71737813949585
4.740751266479492
1.999999987845058e-08
-3.4609951972961426
5.0796356201171875
6.534761905670166
-1.999999987845058e-08
4.794004917144775
-2.071538209915161
-3.479417085647583
1.999999987845058e-08
-3.4609951972961426
5.0796356201171875
6.534761905670166
-1.999999987845058e-08
4.794004917144775
-2.071538209915161
-3.479417085647583
1.999999987845058e-08
12.487738609313965
-11.269556045532227
-19.94496726989746
-1.999999987845058e-08
12.35285472869873
-17.078018188476562
-31.728120803833008
1.999999987845058e-08
5.815324783325195
-18.48301887512207
-33.82497787475586
-1.999999987845058e-08
-0.5826098322868347
-15.782495498657227
-26.919910430908203
1.999999987845058e-08
-2.4380650520324707
-9.672598838806152
-15.410395622253418
-1.999999987845058e-08
0.6890804767608643
-2.3059725761413574
-6.5879926681518555
1.999999987845058e-08
5.646174907684326
3.5415635108947754
-3.7221696376800537
-1.999999987845058e-08
8.339409828186035
5.236790180206299
-3.603198766708374
1.999999987845058e-08
8.006976127624512
2.6895031929016113
-3.744072437286377
-1.999999987845058e-08
7.617964267730713
1.4392526149749756
-3.9207541942596436
1.999999987845058e-08
9.544157028198242
6.031806945800781
-3.6606204509735107
-1.999999987845058e-08
12.633816719055176
11.271286964416504
-4.716076850891113
1.999999987845058e-08
13.90747356414795
10.400749206542969
-7.114596366882324
-1.999999987845058e-08
11.758407592773438
6.243181228637695
-4.959290504455566
1.999999987845058e-08
6.853272438049316
3.8772661685943604
2.605839252471924
-1.999999987845058e-08
0.6007809638977051
2.386540412902832
7.776660442352295
1.999999987845058e-08
-4.702478408813477
0.2203420251607895
7.180531978607178
-1.999999987845058e-08
-5.287232875823975
-2.3974297046661377
3.4713635444641113
1.999999987845058e-08
6.853272438049316
3.8772661685943604
2.605839252471924
-1.999999987845058e-08
0.6007809638977051
2.386540412902832
7.776660442352295
1.999999987845058e-08
-4.702478408813477
0.2203420102596283
7.180531978607178
-1.999999987845058e-08
-5.287232875823975
-2.3974297046661377
3.4713635444641113
1.999999987845058e-08
-0.7910004258155823
-6.171703815460205
-2.1847567558288574
-1.999999987845058e-08
2.9044721126556396
-9.540488243103027
-7.180617332458496
1.999999987845058e-08
0.8071925044059753
-9.026135444641113
-6.9983978271484375
-1.999999987845058e-08
-5.417110919952393
-5.8225531578063965
-2.2327146530151367
1.999999987845058e-08
-10.125044822692871
-3.370004415512085
2.480135202407837
-1.999999987845058e-08
-7.925081253051758
-1.056950569152832
3.9359569549560547
1.999999987845058e-08
1.0516835451126099
-1.6747806072235107
-13.056564331054688
-1.999999987845058e-08
0.8816773891448975
-2.1632611751556396
-8.555520057678223
1.999999987845058e-08
4.17890739440918
0.5306504368782043
-3.565610647201538
-1.999999987845058e-08
6.593235492706299
2.370938777923584
-2.283726215362549
1.999999987845058e-08
5.560360908508301
0.3790171444416046
-5.142655372619629
-1.999999987845058e-08
1.7242921590805054
-5.227285861968994
-8.643183708190918
1.999999987845058e-08
