0
-3.4969482421875
8.801219940185547
-11.330315589904785
1.999999987845058e-08
3.423921823501587
1.5882227420806885
-19.448993682861328
-1.999999987845058e-08
7.638858318328857
-3.608361005783081
-23.321792602539062
1.999999987845058e-08
7.260074615478516
-2.6593878269195557
-18.125974655151367
-1.999999987845058e-08
3.9296469688415527
4.177901268005371
-5.809218883514404
1.999999987845058e-08
1.4731993675231934
9.84895133972168
3.722132682800293
-1.999999987845058e-08
1.1286941766738892
7.727321147918701
2.6131606101989746
1.999999987845058e-08
0.9875950217247009
0.819703996181488
-4.054908752441406
-1.999999987845058e-08
0.11899267882108688
-2.7329137325286865
-5.348367214202881
1.999999987845058e-08
1.4731993675231934
9.84895133972168
3.722132682800293
-1.999999987845058e-08
1.1286941766738892
7.727321147918701
2.6131606101989746
1.999999987845058e-08
0.9875950217247009
0.819703996181488
-4.0549092292785645
-1.999999987845058e-08
0.11899267882108688
-2.7329137325286865
-5.348367214202881
1.999999987845058e-08
-0.7574041485786438
-2.1356873512268066
-1.650876522064209
-1.999999987845058e-08
-1.4973876476287842
-3.6544508934020996
-3.943086862564087
1.999999987845058e-08
-2.318491220474243
-10.336206436157227
-17.211027145385742
-1.999999987845058e-08
-3.5198850631713867
-18.007719039916992
-32.25447082519531
1.999999987845058e-08
-6.273290634155273
-19.72201919555664
-34.972312927246094
-1.999999987845058e-08
-10.721248626708984
-13.116281509399414
-21.583229064941406
1.999999987845058e-08
-13.145225524902344
-3.572626829147339
-1.8292546272277832
-1.999999987845058e-08
-9.00281047821045
1.5342419147491455
11.379023551940918
1.999999987845058e-08
0.6275697946548462
-0.3353078365325928
10.905105590820312
-1.999999987845058e-08
9.734792709350586
-7.032612323760986
-3.173205614089966
1.999999987845058e-08
12.905911445617676
-13.562841415405273
-21.941116333007812
-1.999999987845058e-08
7.833261966705322
-13.98056697845459
-29.108646392822266
1.999999987845058e-08
-3.1782960891723633
-7.5978851318359375
-16.631559371948242
-1.999999987845058e-08
-13.553138732910156
-1.2504990100860596
3.1922051906585693
1.999999987845058e-08
-17.10370635986328
-2.334071397781372
10.613633155822754
-1.999999987845058e-08
-12.855107307434082
-11.428054809570312
-0.5629312992095947
1.999999987845058e-08
-2.2910349369049072
-19.48717498779297
-25.406404495239258
-1.999999987845058e-08
-4.661214351654053
-16.253137588500977
-18.914581298828125
1.999999987845058e-08
-6.206585884094238
-16.426605224609375
-14.118071556091309
-1.999999987845058e-08
-6.821739673614502
-17.2430362701416
-11.096200942993164
1.999999987845058e-08
-7.242926120758057
-16.640300750732422
-8.745597839355469
-1.999999987845058e-08
-7.769530773162842
-15.235673904418945
-5.8655900955200195
1.999999987845058e-08
-8.644964218139648
-14.068395614624023
-0.9836001396179199
-1.999999987845058e-08
-8.770123481750488
-13.599347114562988
4.623851776123047
1.999999987845058e-08
-6.530878067016602
-13.030240058898926
8.522296905517578
-1.999999987845058e-08
-2.6293911933898926
-10.520989418029785
11.038702964782715
1.999999987845058e-08
-2.6293911933898926
-10.520989418029785
11.038702964782715
-1.999999987845058e-08
1.5337591171264648
-7.362771034240723
11.285141944885254
1.999999987845058e-08
5.8396782875061035
-7.042970657348633
7.335622310638428
-1.999999987845058e-08
10.265801429748535
-8.377422332763672
2.629762649536133
1.999999987845058e-08
13.38604736328125
-7.8211140632629395
0.926675021648407
-1.999999987845058e-08
11.382929801940918
-6.208388805389404
0.4671732783317566
1.999999987845058e-08
1.1415151357650757
-5.147600173950195
1.3060870170593262
-1.999999987845058e-08
-13.731911659240723
-1.58858323097229
8.781339645385742
1.999999987845058e-08
-23.086225509643555
5.524050712585449
22.392576217651367
-1.999999987845058e-08
-19.382795333862305
8.793737411499023
30.334644317626953
1.999999987845058e-08
-19.382795333862305
8.793737411499023
30.334644317626953
-1.999999987845058e-08
-7.15714693069458
2.7956016063690186
25.433761596679688
1.999999987845058e-08
1.3631237745285034
-6.812145233154297
15.259732246398926
-1.999999987845058e-08
0.10560823976993561
-13.11250114440918
7.545629024505615
1.999999987845058e-08
-7.880070686340332
-16.473806381225586
1.4520825147628784
-1.999999987845058e-08
-16.230566024780273
-19.239681243896484
-4.380452632904053
1.999999987845058e-08
-18.72511100769043
-20.679197311401367
-8.385119438171387
-1.999999987845058e-08
-13.79466438293457
-19.492435455322266
-9.388243675231934
1.999999987845058e-08
-6.191417694091797
-16.77811622619629
-8.504303932189941
-1.999999987845058e-08
-0.6955522894859314
-14.077971458435059
-7.956028461456299
1.999999987845058e-08
-0.26262032985687256
-7.730926513671875
-3.99777889251709
-1.999999987845058e-08
-4.9725823402404785
-3.4742679595947266
5.5990400314331055
1.999999987845058e-08
-8.872906684875488
0.5157467722892761
16.3288631439209
-1.999999987845058e-08
-7.874042987823486
1.61228346824646
19.443920135498047
1.999999987845058e-08
-1.5732989311218262
0.5749750733375549
16.2120418548584
-1.999999987845058e-08
6.3416900634765625
1.9730405807495117
15.81043815612793
1.999999987845058e-08
11.587592124938965
5.189189910888672
18.029067993164062
-1.999999987845058e-08
13.544441223144531
4.2502264976501465
15.02922534942627
1.999999987845058e-08
13.829322814941406
-1.8090418577194214
6.920907020568848
-1.999999987845058e-08
11.474513053894043
-8.195612907409668
0.11489275097846985
1.999999987845058e-08
5.137665271759033
-12.35417652130127
-4.111772537231445
-1.999999987845058e-08
-1.8090118169784546
-14.818668365478516
-8.245767593383789
1.999999987845058e-08
-5.6583051681518555
-15.002408027648926
-10.643852233886719
-1.999999987845058e-08
-8.593974113464355
-12.488762855529785
-7.816718101501465
1.999999987845058e-08
-13.004517555236816
-10.423686981201172
-2.761362314224243
-1.999999987845058e-08
-14.192007064819336
-12.218400001525879
-3.2265195846557617
1.999999987845058e-08
-7.951393127441406
-16.487733840942383
-11.219889640808105
-1.999999987845058e-08
-0.45866575837135315
-19.831356048583984
-20.318103790283203
1.999999987845058e-08
0.35240882635116577
-21.640825271606445
-23.88966941833496
-1.999999987845058e-08
-3.1693334579467773
-22.296274185180664
-21.49831199645996
1.999999987845058e-08
-4.880293369293213
-20.448467254638672
-16.47347068786621
-1.999999987845058e-08
-4.670862197875977
-15.99864387512207
-12.037527084350586
1.999999987845058e-08
-5.583622455596924
-11.845125198364258
-9.60883903503418
-1.999999987845058e-08
-8.411216735839844
-9.921697616577148
-7.564200401306152
1.999999987845058e-08
-11.679744720458984
-8.877829551696777
-3.6333465576171875
-1.999999987845058e-08
-13.496691703796387
-6.098535060882568
2.8562588691711426
1.999999987845058e-08
-11.892799377441406
-1.3085144758224487
10.322022438049316
-1.999999987845058e-08
-5.822707176208496
1.9607269763946533
13.797621726989746
1.999999987845058e-08
2.1403636932373047
1.5617460012435913
11.238563537597656
-1.999999987845058e-08
7.180752277374268
-0.09300743788480759
7.928399562835693
1.999999987845058e-08
7.180752277374268
-0.09300748258829117
7.928399562835693
-1.999999987845058e-08
7.537612438201904
-1.9952257871627808
6.75960636138916
1.999999987845058e-08
5.827029705047607
-5.857170104980469
4.445051193237305
-1.999999987845058e-08
4.502404689788818
-9.582935333251953
1.4842255115509033
1.999999987845058e-08
2.5164663791656494
-8.204757690429688
3.612368583679199
-1.999999987845058e-08
-1.103823184967041
-1.470988154411316
11.326069831848145
1.999999987845058e-08
-3.5280983448028564
4.78532075881958
16.37225914001465
-1.999999987845058e-08
-3.102545976638794
5.01386833190918
12.851241111755371
1.999999987845058e-08
-3.255002498626709
-0.05903095379471779
6.403397083282471
-1.999999987845058e-08
-5.564680576324463
-4.47350549697876
5.610747814178467
1.999999987845058e-08
-7.219369888305664
13.942912101745605
28.36870574951172
-1.999999987845058e-08
-7.348066329956055
14.679160118103027
23.86060333251953
1.999999987845058e-08
-6.507179260253906
9.485284805297852
13.158493995666504
-1.999999987845058e-08
-6.5662384033203125
4.581663608551025
7.549525737762451
1.999999987845058e-08
-7.89314079284668
2.4792487621307373
9.795836448669434
-1.999999987845058e-08
-7.526644229888916
3.1904842853546143
16.128828048706055
1.999999987845058e-08
-2.2928760051727295
7.13440465927124
23.313081741333008
-1.999999987845058e-08
7.43872594833374
10.72348690032959
25.21703338623047
1.999999987845058e-08
17.28960418701172
7.08839225769043
15.112101554870605
-1.999999987845058e-08
23.743566513061523
-3.8421709537506104
-4.0826005935668945
1.999999987845058e-08
23.743566513061523
-3.8421709537506104
-4.0826005935668945
-1.999999987845058e-08
25.6441593170166
-11.944528579711914
-18.326740264892578
1.999999987845058e-08
21.15291404724121
-8.31717586517334
-15.672661781311035
-1.999999987845058e-08
11.787911415100098
2.7542901039123535
-1.02986478805542
1.999999987845058e-08
4.814184665679932
9.122125625610352
9.63571834564209
-1.999999987845058e-08
3.548980951309204
6.34229040145874
9.713199615478516
1.999999987845058e-08
3.426384925842285
0.7614935040473938
5.925899505615234
-1.999999987845058e-08
0.5793761014938354
-0.7820673584938049
5.192288398742676
1.999999987845058e-08
-3.596038579940796
1.7794300317764282
6.969743251800537
-1.999999987845058e-08
-6.566405773162842
3.573866367340088
6.7072672843933105
1.999999987845058e-08
-12.599982261657715
-1.8713823556900024
2.46140456199646
-1.999999987845058e-08
-14.837697982788086
-2.8427634239196777
4.484443664550781
1.999999987845058e-08
-11.901020050048828
-0.7813839316368103
6.761638164520264
-1.999999987845058e-08
-4.480454921722412
2.4311976432800293
7.550106048583984
1.999999987845058e-08
1.5842422246932983
6.660956859588623
10.384478569030762
-1.999999987845058e-08
1.6867581605911255
11.318658828735352
17.403141021728516
1.999999987845058e-08
-0.851302981376648
10.441292762756348
19.777347564697266
-1.999999987845058e-08
-1.131058692932129
1.8094035387039185
9.46661376953125
1.999999987845058e-08
-1.8678653240203857
-4.797551155090332
-4.157633304595947
-1.999999987845058e-08
-5.743474960327148
-2.305468797683716
-9.488249778747559
1.999999987845058e-08
-5.743474960327148
-2.305468797683716
-9.488249778747559
-1.999999987845058e-08
-7.906057834625244
3.279231309890747
-10.270303726196289
1.999999987845058e-08
-4.878852844238281
6.388614177703857
-11.59696102142334
-1.999999987845058e-08
-0.7324095368385315
8.597060203552246
-9.92867374420166
1.999999987845058e-08
-0.3491031229496002
9.110681533813477
-5.871501445770264
-1.999999987845058e-08
-3.4117088317871094
5.29865837097168
-5.146623611450195
1.999999987845058e-08
-5.569874286651611
0.49807262420654297
-6.8783440589904785
-1.999999987845058e-08
-3.5844573974609375
-0.611178994178772
-6.946120262145996
1.999999987845058e-08
0.5812554955482483
1.175310730934143
-5.8609724044799805
-1.999999987845058e-08
2.9125142097473145
4.021535873413086
-4.556143283843994
1.999999987845058e-08
2.9125142097473145
4.021535873413086
-4.556143283843994
-1.999999987845058e-08
3.8371853828430176
8.667222023010254
-2.199537515640259
1.999999987845058e-08
6.596724987030029
13.72728157043457
-0.818882942199707
-1.999999987845058e-08
10.319143295288086
15.035438537597656
-3.1283302307128906
1.999999987845058e-08
10.784475326538086
11.93444538116455
-7.472008228302002
-1.999999987845058e-08
5.816886901855469
8.517413139343262
-9.853293418884277
1.999999987845058e-08
-2.5607287883758545
7.805667400360107
-8.644794464111328
-1.999999987845058e-08
-8.100050926208496
8.622310638427734
-6.378429412841797
1.999999987845058e-08
-6.9664201736450195
9.579607963562012
-4.8708062171936035
-1.999999987845058e-08
-3.7851240634918213
11.208662986755371
-1.8865046501159668
1.999999987845058e-08
-0.19120578467845917
10.540340423583984
1.8496599197387695
-1.999999987845058e-08
3.8674519062042236
7.444833278656006
-2.221410036087036
1.999999987845058e-08
3.6861236095428467
4.951735973358154
-7.585618495941162
-1.999999987845058e-08
-2.846975326538086
3.1855247020721436
-12.720565795898438
1.999999987845058e-08
-9.868513107299805
3.405158519744873
-14.39548397064209
-1.999999987845058e-08
-11.804983139038086
6.992976188659668
-10.535401344299316
1.999999987845058e-08
-9.23301887512207
10.531462669372559
-7.269385814666748
-1.999999987845058e-08
-5.782556056976318
8.93602180480957
-11.523624420166016
1.999999987845058e-08
-3.7985596656799316
3.564673900604248
-18.744306564331055
-1.999999987845058e-08
-3.700653553009033
0.9267727136611938
-18.438711166381836
1.999999987845058e-08
-3.700653553009033
0.9267726540565491
-18.438711166381836
-1.999999987845058e-08
-4.659077167510986
4.155762195587158
-8.101147651672363
1.999999987845058e-08
-4.916148662567139
10.111485481262207
5.065928936004639
-1.999999987845058e-08
-3.054527997970581
13.869627952575684
13.004297256469727
1.999999987845058e-08
0.995625376701355
13.823389053344727
13.184307098388672
-1.999999987845058e-08
5.384848594665527
13.371082305908203
10.083636283874512
1.999999987845058e-08
6.745554447174072
16.60443115234375
11.478903770446777
-1.999999987845058e-08
4.41647481918335
21.57564926147461
17.742359161376953
1.999999987845058e-08
2.4429283142089844
23.160564422607422
20.546024322509766
-1.999999987845058e-08
4.59890079498291
20.966962814331055
15.536943435668945
1.999999987845058e-08
-7.856566905975342
9.368513107299805
18.28325080871582
-1.999999987845058e-08
-9.594306945800781
8.995195388793945
23.390525817871094
1.999999987845058e-08
-3.831880569458008
5.270788669586182
18.03619384765625
-1.999999987845058e-08
2.7074503898620605
-0.36667656898498535
5.4231767654418945
1.999999987845058e-08
3.355739116668701
-0.6686544418334961
-2.630974292755127
-1.999999987845058e-08
-3.345163106918335
7.3460307121276855
2.4195637702941895
1.999999987845058e-08
-12.410055160522461
18.077117919921875
15.768596649169922
-1.999999987845058e-08
-16.641767501831055
23.845661163330078
24.26104164123535
1.999999987845058e-08
-14.516952514648438
22.03082847595215
21.617679595947266
-1.999999987845058e-08
-10.545210838317871
17.075069427490234
15.270408630371094
1.999999987845058e-08
2.045703649520874
14.47752857208252
11.543671607971191
-1.999999987845058e-08
13.363658905029297
11.552125930786133
2.8516252040863037
1.999999987845058e-08
21.430828094482422
3.858267068862915
-11.25279712677002
-1.999999987845058e-08
20.36993408203125
-6.968508720397949
-24.054203033447266
1.999999987845058e-08
10.103224754333496
-16.80088996887207
-30.154882431030273
-1.999999987845058e-08
-2.3928401470184326
-20.236757278442383
-27.064950942993164
1.999999987845058e-08
-8.192791938781738
-15.85603141784668
-18.352930068969727
-1.999999987845058e-08
-3.908597230911255
-9.685014724731445
-14.127181053161621
1.999999987845058e-08
5.5185017585754395
-7.641849517822266
-18.909759521484375
-1.999999987845058e-08
10.523585319519043
-7.5098161697387695
-22.841197967529297
1.999999987845058e-08
-8.192791938781738
-15.85603141784668
-18.352930068969727
-1.999999987845058e-08
-3.908597230911255
-9.685014724731445
-14.127181053161621
1.999999987845058e-08
5.5185017585754395
-7.641849517822266
-18.909759521484375
-1.999999987845058e-08
10.523585319519043
-7.5098161697387695
-22.841197967529297
1.999999987845058e-08
6.038078784942627
-4.648902893066406
-16.396772384643555
-1.999999987845058e-08
-3.300893545150757
-0.2465904802083969
-5.261616230010986
1.999999987845058e-08
-9.3963041305542
1.8929616212844849
0.3199576437473297
-1.999999987845058e-08
-8.122262001037598
0.7648385763168335
-0.8859553933143616
1.999999987845058e-08
-0.26022058725357056
-2.6410913467407227
-4.720498561859131
-1.999999987845058e-08
9.233877182006836
-6.062254905700684
-7.447023868560791
1.999999987845058e-08
14.66810131072998
-5.8072829246521
-6.423142433166504
-1.999999987845058e-08
15.33784008026123
-0.9964512586593628
-2.871886968612671
1.999999987845058e-08
13.6693115234375
4.407807350158691
-0.7751097083091736
-1.999999987845058e-08
9.425235748291016
7.425745964050293
0.29348480701446533
1.999999987845058e-08
3.1956231594085693
8.742724418640137
3.945957899093628
-1.999999987845058e-08
0.6056905388832092
7.988225936889648
8.694764137268066
1.999999987845058e-08
5.160261154174805
3.4761927127838135
9.181467056274414
-1.999999987845058e-08
12.590727806091309
-2.7526016235351562
4.140696048736572
1.999999987845058e-08
16.273454666137695
-5.726798057556152
-2.149294376373291
-1.999999987845058e-08
13.556653022766113
-4.246721267700195
-5.562728404998779
1.999999987845058e-08
10.722670555114746
-11.258522033691406
-16.92432403564453
-1.999999987845058e-08
22.26699447631836
-17.65040397644043
-26.964927673339844
1.999999987845058e-08
29.1685848236084
-20.854276657104492
-34.529937744140625
-1.999999987845058e-08
24.351255416870117
-17.286184310913086
-31.196006774902344
1.999999987845058e-08
10.000202178955078
-6.707846641540527
-14.16866397857666
-1.999999987845058e-08
-3.208183765411377
3.954521656036377
5.247570037841797
1.999999987845058e-08
-5.9543657302856445
6.892754077911377
12.108485221862793
-1.999999987845058e-08
-0.003393473569303751
1.8318334817886353
4.8330488204956055
1.999999987845058e-08
5.445295810699463
-7.414397716522217
-8.468029022216797
-1.999999987845058e-08
3.1368141174316406
-16.786182403564453
-19.45687484741211
1.999999987845058e-08
-23.014570236206055
-18.884624481201172
-10.558152198791504
-1.999999987845058e-08
-20.613296508789062
-16.810640335083008
-8.316874504089355
1.999999987845058e-08
-17.632898330688477
-10.967988014221191
-3.949425458908081
-1.999999987845058e-08
-16.574670791625977
-3.287226915359497
0.9615761637687683
1.999999987845058e-08
-13.908403396606445
0.029690884053707123
0.444464772939682
-1.999999987845058e-08
-7.605849266052246
-0.948660671710968
-3.2896149158477783
1.999999987845058e-08
-1.43861722946167
-1.2727147340774536
-3.431727647781372
-1.999999987845058e-08
0.7767547369003296
-0.8851889967918396
-0.974096417427063
1.999999987845058e-08
-0.09759369492530823
-1.9856442213058472
-0.5216484665870667
-1.999999987845058e-08
-2.2965357303619385
-2.682755708694458
-0.5641239881515503
1.999999987845058e-08
-0.09759369492530823
-1.9856442213058472
-0.5216484665870667
-1.999999987845058e-08
-2.2965357303619385
-2.682755708694458
-0.5641239881515503
1.999999987845058e-08
-6.0510029792785645
-1.8243725299835205
1.1455632448196411
-1.999999987845058e-08
-10.289519309997559
-1.5620782375335693
2.5101912021636963
1.999999987845058e-08
-11.663426399230957
-0.7794657349586487
5.491056442260742
-1.999999987845058e-08
-8.461715698242188
3.7490031719207764
15.486440658569336
1.999999987845058e-08
-1.2117528915405273
7.17167329788208
25.35189437866211
-1.999999987845058e-08
9.42595100402832
0.4692974388599396
20.133121490478516
1.999999987845058e-08
21.218412399291992
-13.735396385192871
1.7231272459030151
-1.999999987845058e-08
29.018497467041016
-23.001338958740234
-13.557282447814941
1.999999987845058e-08
27.595823287963867
-20.51498031616211
-16.83235740661621
-1.999999987845058e-08
15.506824493408203
-8.87246036529541
-9.008946418762207
1.999999987845058e-08
-2.8157100677490234
4.347047328948975
5.1085309982299805
-1.999999987845058e-08
-18.101701736450195
9.757180213928223
15.514449119567871
1.999999987845058e-08
-22.282472610473633
3.332854747772217
13.45383071899414
-1.999999987845058e-08
-15.924051284790039
-8.26027774810791
2.1375465393066406
1.999999987845058e-08
-7.98702335357666
-14.109959602355957
-5.651389122009277
-1.999999987845058e-08
-6.048908233642578
-9.409442901611328
-0.1967695653438568
1.999999987845058e-08
-7.832352161407471
0.7723052501678467
14.135098457336426
-1.999999987845058e-08
-6.305325031280518
6.3802595138549805
22.584304809570312
1.999999987845058e-08
-0.35552507638931274
2.3596224784851074
17.268741607666016
-1.999999987845058e-08
5.630813121795654
-6.226416110992432
4.7982306480407715
1.999999987845058e-08
7.37912130355835
-9.342700958251953
-1.3616032600402832
-1.999999987845058e-08
2.5435564517974854
-2.7353789806365967
6.90829610824585
1.999999987845058e-08
-6.9967360496521
6.905672073364258
23.06009292602539
-1.999999987845058e-08
-14.545016288757324
10.475606918334961
32.12100601196289
1.999999987845058e-08
-14.321054458618164
7.237732410430908
27.63934898376465
-1.999999987845058e-08
-7.577606678009033
2.5582869052886963
15.940215110778809
1.999999987845058e-08
-0.0016618444351479411
-0.24918581545352936
5.300095558166504
-1.999999987845058e-08
5.478095054626465
-1.3178274631500244
-1.628304362297058
1.999999987845058e-08
5.478095054626465
-1.317827582359314
-1.6283044815063477
-1.999999987845058e-08
7.96951150894165
-1.7453954219818115
-4.246177673339844
1.999999987845058e-08
5.780804634094238
-2.577040195465088
-1.4406105279922485
-1.999999987845058e-08
0.9429367184638977
-3.4271278381347656
4.45665168762207
1.999999987845058e-08
-0.9929649829864502
-1.9292792081832886
9.281045913696289
-1.999999987845058e-08
1.6869049072265625
2.122080087661743
11.984630584716797
1.999999987845058e-08
6.7849931716918945
4.673615455627441
12.748881340026855
-1.999999987845058e-08
12.466307640075684
2.9862172603607178
11.088436126708984
1.999999987845058e-08
16.69086456298828
-1.4567499160766602
6.745080471038818
-1.999999987845058e-08
16.96933364868164
-6.441531658172607
0.37417563796043396
1.999999987845058e-08
8.797648429870605
-6.087243556976318
3.938443422317505
-1.999999987845058e-08
5.61264181137085
0.8985061049461365
17.35066032409668
1.999999987845058e-08
3.8421452045440674
4.662785053253174
24.668350219726562
-1.999999987845058e-08
2.9903323650360107
1.317427158355713
19.62394142150879
1.999999987845058e-08
1.506070613861084
-4.595715045928955
10.229780197143555
-1.999999987845058e-08
-3.1060893535614014
-6.561007499694824
7.685545444488525
1.999999987845058e-08
-9.371930122375488
-5.2134294509887695
11.095375061035156
-1.999999987845058e-08
-12.7431640625
-5.269769191741943
11.308721542358398
1.999999987845058e-08
-12.991305351257324
-6.503417491912842
6.302270889282227
-1.999999987845058e-08
-13.424417495727539
-5.870749473571777
1.3291802406311035
1.999999987845058e-08
-13.424417495727539
-5.870749473571777
1.3291802406311035
-1.999999987845058e-08
-15.062528610229492
-2.5731360912323
0.8820092678070068
1.999999987845058e-08
-15.71278190612793
3.050168991088867
6.265657424926758
-1.999999987845058e-08
-11.864753723144531
8.172914505004883
12.998495101928711
1.999999987845058e-08
-2.6136858463287354
8.48757553100586
14.193714141845703
-1.999999987845058e-08
7.914493083953857
4.294809341430664
8.526397705078125
1.999999987845058e-08
14.066202163696289
-0.7388701438903809
-0.9566518664360046
-1.999999987845058e-08
13.403143882751465
-4.95537805557251
-10.00586986541748
1.999999987845058e-08
8.482135772705078
-8.21813678741455
-12.89238166809082
-1.999999987845058e-08
4.235188961029053
-9.550366401672363
-6.468257427215576
1.999999987845058e-08
2.4512741565704346
-8.689485549926758
4.451445579528809
-1.999999987845058e-08
0.9162076115608215
-7.44482946395874
11.293397903442383
1.999999987845058e-08
-1.465671420097351
-6.074710369110107
12.830144882202148
-1.999999987845058e-08
-2.703993082046509
-2.215182065963745
14.913871765136719
1.999999987845058e-08
-1.7916938066482544
2.803823947906494
18.022306442260742
-1.999999987845058e-08
-0.7484265565872192
4.117502689361572
16.58177947998047
1.999999987845058e-08
-1.4719491004943848
2.2488951683044434
10.685675621032715
-1.999999987845058e-08
-3.9608144760131836
3.119579315185547
7.867895603179932
1.999999987845058e-08
-6.91078519821167
9.177992820739746
13.586116790771484
-1.999999987845058e-08
-6.613353252410889
16.01044464111328
23.579618453979492
1.999999987845058e-08
-6.613353252410889
16.01044464111328
23.579618453979492
-1.999999987845058e-08
0.36470499634742737
16.814315795898438
26.575565338134766
1.999999987845058e-08
11.127781867980957
9.189793586730957
16.164209365844727
-1.999999987845058e-08
18.407079696655273
-2.6935651302337646
-3.0385451316833496
1.999999987845058e-08
17.835580825805664
-12.497613906860352
-21.723146438598633
-1.999999987845058e-08
10.700297355651855
-16.122434616088867
-33.05927276611328
1.999999987845058e-08
1.7747471332550049
-13.003876686096191
-34.09420394897461
-1.999999987845058e-08
-3.9732706546783447
-6.99210786819458
-27.40281867980957
1.999999987845058e-08
-3.63431978225708
-4.75246524810791
-21.73460578918457
-1.999999987845058e-08
1.15724515914917
-8.877654075622559
-23.533296585083008
1.999999987845058e-08
-0.8507788777351379
-11.48543643951416
-25.610414505004883
-1.999999987845058e-08
1.9402029514312744
-6.5067877769470215
-15.454567909240723
1.999999987845058e-08
3.5332553386688232
1.0060153007507324
-1.9795055389404297
-1.999999987845058e-08
1.3222384452819824
9.110273361206055
10.656523704528809
1.999999987845058e-08
-1.5415246486663818
14.207953453063965
17.2949275970459
-1.999999987845058e-08
0.8744609951972961
13.522851943969727
13.90647029876709
1.999999987845058e-08
8.889518737792969
7.788309574127197
1.645249843597412
-1.999999987845058e-08
14.9683198928833
1.608070731163025
-10.673123359680176
1.999999987845058e-08
12.41942310333252
0.8278468251228333
-11.427414894104004
-1.999999987845058e-08
3.0630319118499756
7.358952045440674
2.842780828475952
1.999999987845058e-08
14.9683198928833
1.6080706119537354
-10.673123359680176
-1.999999987845058e-08
12.41942310333252
0.8278468251228333
-11.427414894104004
1.999999987845058e-08
3.0630319118499756
7.358952045440674
2.842780828475952
-1.999999987845058e-08
-5.805703639984131
15.017090797424316
21.23589324951172
1.999999987845058e-08
-8.822198867797852
15.707456588745117
29.212364196777344
-1.999999987845058e-08
-6.241460800170898
10.222098350524902
24.873743057250977
1.999999987845058e-08
-2.0569629669189453
5.550749778747559
16.792625427246094
-1.999999987845058e-08
0.4981526732444763
5.043457508087158
10.851163864135742
1.999999987845058e-08
0.5278524160385132
8.282334327697754
9.167234420776367
-1.999999987845058e-08
-0.6783161163330078
13.913275718688965
13.104923248291016
1.999999987845058e-08
0.5128727555274963
17.908260345458984
17.643579483032227
-1.999999987845058e-08
6.869370460510254
15.75836181640625
13.110326766967773
1.999999987845058e-08
15.514872550964355
8.61902141571045
-1.2591034173965454
-1.999999987845058e-08
18.80811882019043
2.3309662342071533
-14.61029052734375
1.999999987845058e-08
12.51169490814209
0.014795297756791115
-18.029088973999023
-1.999999987845058e-08
1.7006962299346924
0.15682321786880493
-13.247503280639648
1.999999987845058e-08
-5.104248523712158
1.4808220863342285
-6.280950546264648
-1.999999987845058e-08
-4.726300239562988
4.353306770324707
-0.9566549062728882
1.999999987845058e-08
0.4934093952178955
7.801825046539307
0.13992588222026825
-1.999999987845058e-08
6.8888936042785645
8.905036926269531
-4.352641582489014
1.999999987845058e-08
14.688432693481445
-3.354523181915283
-20.218061447143555
-1.999999987845058e-08
10.800385475158691
-4.4092206954956055
-15.398554801940918
1.999999987845058e-08
3.2075705528259277
-9.346787452697754
-11.685582160949707
-1.999999987845058e-08
-4.183166027069092
-19.11549186706543
-14.593796730041504
1.999999987845058e-08
-6.020668983459473
-23.2916316986084
-20.237194061279297
-1.999999987845058e-08
-1.5647367238998413
-14.041881561279297
-19.783344268798828
1.999999987845058e-08
4.883432388305664
4.811117172241211
-10.218640327453613
-1.999999987845058e-08
8.065301895141602
24.514768600463867
4.908004283905029
1.999999987845058e-08
6.381136417388916
37.023170471191406
20.366302490234375
-1.999999987845058e-08
3.7191271781921387
36.69670867919922
28.746810913085938
1.999999987845058e-08
4.348451614379883
24.25096893310547
23.27887535095215
-1.999999987845058e-08
7.792966365814209
8.193684577941895
6.867849349975586
1.999999987845058e-08
9.725028038024902
-1.0212037563323975
-7.917418003082275
-1.999999987845058e-08
5.685807704925537
1.905645489692688
-9.651613235473633
1.999999987845058e-08
-4.184574604034424
13.537611961364746
2.6850054264068604
-1.999999987845058e-08
-13.675189018249512
23.649431228637695
19.479825973510742
1.999999987845058e-08
-15.99924087524414
24.82300567626953
28.833744049072266
-1.999999987845058e-08
-10.146644592285156
19.57659912109375
25.73113441467285
1.999999987845058e-08
-1.528650164604187
14.652685165405273
14.803394317626953
-1.999999987845058e-08
3.06309175491333
11.412521362304688
4.869459629058838
1.999999987845058e-08
1.3692939281463623
6.0444231033325195
0.15057577192783356
-1.999999987845058e-08
-3.7263593673706055
-0.9738101959228516
-0.5638395547866821
1.999999987845058e-08
-7.678138256072998
-1.9410853385925293
1.7803466320037842
-1.999999987845058e-08
-7.787954807281494
6.683554649353027
7.516140460968018
1.999999987845058e-08
-5.717370510101318
16.743528366088867
15.138511657714844
-1.999999987845058e-08
-4.7286834716796875
18.354429244995117
20.24274444580078
1.999999987845058e-08
-4.693354606628418
11.402538299560547
19.109920501708984
-1.999999987845058e-08
-3.633531332015991
2.32914137840271
11.929341316223145
1.999999987845058e-08
-1.3845223188400269
-4.647161960601807
0.5352370738983154
-1.999999987845058e-08
-0.1593279093503952
-7.764914512634277
-10.899444580078125
1.999999987845058e-08
-0.15932795405387878
-7.764914512634277
-10.899444580078125
-1.999999987845058e-08
-3.0278890132904053
-5.88161563873291
-15.04127025604248
1.999999987845058e-08
-9.282452583312988
-1.0359132289886475
-10.981380462646484
-1.999999987845058e-08
-13.521159172058105
2.687751293182373
-7.541759967803955
1.999999987845058e-08
-13.499926567077637
2.97387957572937
-10.186487197875977
-1.999999987845058e-08
-13.851531982421875
0.2236195057630539
-14.358978271484375
1.999999987845058e-08
-17.89339256286621
-2.2821238040924072
-14.717549324035645
-1.999999987845058e-08
-21.64735221862793
-1.0580412149429321
-12.07393741607666
1.999999987845058e-08
-20.297611236572266
2.5331971645355225
-9.682478904724121
-1.999999987845058e-08
-14.875958442687988
3.1793973445892334
-9.000011444091797
1.999999987845058e-08
-5.346129894256592
-5.875799655914307
-12.08954906463623
-1.999999987845058e-08
-2.868907928466797
-5.814594745635986
-12.433959007263184
1.999999987845058e-08
2.272459030151367
-4.664454936981201
-15.175487518310547
-1.999999987845058e-08
12.081119537353516
-9.113869667053223
-25.925384521484375
1.999999987845058e-08
21.250505447387695
-18.0018367767334
-40.8019905090332
-1.999999987845058e-08
23.555618286132812
-25.567310333251953
-51.78296661376953
1.999999987845058e-08
18.572246551513672
-28.954439163208008
-55.70770263671875
-1.999999987845058e-08
9.784321784973145
-27.143024444580078
-51.35834884643555
1.999999987845058e-08
2.1696510314941406
-20.310144424438477
-39.68796920776367
-1.999999987845058e-08
-0.007882025092840195
-12.597979545593262
-27.97227668762207
1.999999987845058e-08
4.67411470413208
-6.634331703186035
-19.381467819213867
-1.999999987845058e-08
1.4907982349395752
-0.8463124632835388
-7.018943786621094
1.999999987845058e-08
-4.214062213897705
6.972257137298584
10.68669319152832
-1.999999987845058e-08
-5.587250232696533
9.886700630187988
18.325639724731445
1.999999987845058e-08
-0.869263768196106
5.102916240692139
9.19379711151123
-1.999999987845058e-08
3.4559104442596436
-4.315072536468506
-7.016207695007324
1.999999987845058e-08
0.8087576031684875
-12.191755294799805
-15.83112621307373
-1.999999987845058e-08
-7.246049880981445
-13.360343933105469
-12.725576400756836
1.999999987845058e-08
-13.19100284576416
-9.30741024017334
-6.535792350769043
-1.999999987845058e-08
-11.79948616027832
-6.452104091644287
-7.946509838104248
1.999999987845058e-08
-11.79948616027832
-6.452104568481445
-7.946509838104248
-1.999999987845058e-08
-4.632404804229736
-7.406168460845947
-16.674448013305664
1.999999987845058e-08
3.1750059127807617
-10.000579833984375
-25.115697860717773
-1.999999987845058e-08
8.085923194885254
-12.694406509399414
-29.493860244750977
1.999999987845058e-08
8.65588092803955
-13.871416091918945
-28.8486385345459
-1.999999987845058e-08
4.884573459625244
-11.356525421142578
-22.10684585571289
1.999999987845058e-08
-1.3522905111312866
-7.149209499359131
-13.250348091125488
-1.999999987845058e-08
-7.279784202575684
-6.092684268951416
-9.081502914428711
1.999999987845058e-08
-10.154976844787598
-8.716180801391602
-9.609280586242676
-1.999999987845058e-08
-8.491938591003418
-9.50414752960205
-8.139425277709961
1.999999987845058e-08
-8.491938591003418
-9.50414752960205
-8.139425277709961
-1.999999987845058e-08
-4.32511043548584
-3.6654982566833496
-1.0330721139907837
1.999999987845058e-08
-1.6287264823913574
4.707081317901611
6.068850994110107
-1.999999987845058e-08
-1.5045735836029053
6.117053985595703
4.786648273468018
1.999999987845058e-08
-2.9976372718811035
0.034509509801864624
-1.7723909616470337
-1.999999987845058e-08
-5.733283519744873
-3.641345500946045
-1.0641998052597046
1.999999987845058e-08
-5.934287071228027
-1.1198530197143555
7.731632709503174
-1.999999987845058e-08
1.5619635581970215
0.09472831338644028
10.855132102966309
1.999999987845058e-08
13.599264144897461
-4.683352947235107
1.488343358039856
-1.999999987845058e-08
21.69369888305664
-11.043618202209473
-13.908769607543945
1.999999987845058e-08
21.69369888305664
-11.043618202209473
-13.908769607543945
-1.999999987845058e-08
21.88222885131836
-13.841687202453613
-27.04324722290039
1.999999987845058e-08
15.08146858215332
-12.452421188354492
-31.895423889160156
-1.999999987845058e-08
5.291131496429443
-8.882079124450684
-26.26361846923828
1.999999987845058e-08
-1.7724522352218628
-5.234147071838379
-15.14798641204834
-1.999999987845058e-08
-4.205430030822754
-2.965562582015991
-6.219432353973389
1.999999987845058e-08
-5.1934590339660645
-3.268747091293335
-3.3847835063934326
-1.999999987845058e-08
-6.642648696899414
-5.8425140380859375
-5.956315994262695
1.999999987845058e-08
-7.432798862457275
-7.529555320739746
-8.876012802124023
-1.999999987845058e-08
-9.296907424926758
-5.51387357711792
-5.572395324707031
1.999999987845058e-08
-16.90416145324707
2.635760545730591
11.621297836303711
-1.999999987845058e-08
-8.093610763549805
-0.7926064729690552
4.913369655609131
1.999999987845058e-08
-3.332963705062866
-4.296782970428467
1.9640251398086548
-1.999999987845058e-08
-6.295584201812744
-4.414974212646484
6.33144998550415
1.999999987845058e-08
-12.06810474395752
-2.195026397705078
11.872424125671387
-1.999999987845058e-08
-15.452110290527344
0.5555087327957153
15.20654582977295
1.999999987845058e-08
-12.433724403381348
5.0197319984436035
19.77596092224121
-1.999999987845058e-08
-0.8187788128852844
11.161277770996094
25.79093360900879
1.999999987845058e-08
14.791325569152832
14.800788879394531
26.586198806762695
-1.999999987845058e-08
27.27169418334961
11.056086540222168
15.356546401977539
1.999999987845058e-08
14.791325569152832
14.800788879394531
26.586198806762695
-1.999999987845058e-08
27.27169418334961
11.056086540222168
15.356546401977539
1.999999987845058e-08
32.0605583190918
1.002375602722168
-3.7427690029144287
-1.999999987845058e-08
25.799386978149414
-7.002754211425781
-15.484580039978027
1.999999987845058e-08
10.832555770874023
-7.39837121963501
-12.188835144042969
-1.999999987845058e-08
-2.0920495986938477
-4.512186527252197
-2.414071559906006
1.999999987845058e-08
-4.389326572418213
-4.13813591003418
4.17549991607666
-1.999999987845058e-08
0.6847814917564392
-5.588647365570068
7.073489665985107
1.999999987845058e-08
3.6102633476257324
-6.578637599945068
8.212629318237305
-1.999999987845058e-08
0.3118732273578644
-7.069067478179932
8.814441680908203
1.999999987845058e-08
-7.645663738250732
-6.959439277648926
12.987340927124023
-1.999999987845058e-08
-5.243330001831055
-9.141825675964355
9.110716819763184
1.999999987845058e-08
-1.5490469932556152
-13.03764820098877
1.5949759483337402
-1.999999987845058e-08
-0.19375599920749664
-16.84994125366211
-4.011421203613281
1.999999987845058e-08
-2.455744981765747
-18.67368507385254
-5.801857948303223
-1.999999987845058e-08
-7.174623966217041
-15.846536636352539
-2.1996893882751465
1.999999987845058e-08
-11.369500160217285
-9.237567901611328
6.0334272384643555
-1.999999987845058e-08
-13.332036018371582
-5.092262268066406
11.69095230102539
1.999999987845058e-08
-13.417611122131348
-6.771119117736816
9.761637687683105
-1.999999987845058e-08
-11.033098220825195
-10.287446975708008
4.615021228790283
1.999999987845058e-08
-5.617378234863281
-11.728830337524414
2.468228340148926
-1.999999987845058e-08
0.16680635511875153
-11.870928764343262
3.1882927417755127
1.999999987845058e-08
3.2547712326049805
-11.540473937988281
3.2636160850524902
-1.999999987845058e-08
3.9003353118896484
-10.036751747131348
1.5837033987045288
1.999999987845058e-08
3.1371371746063232
-8.512246131896973
-0.2570037543773651
-1.999999987845058e-08
0.6247760057449341
-7.626044273376465
1.15213143825531
1.999999987845058e-08
-2.2646427154541016
-4.407965183258057
8.692509651184082
-1.999999987845058e-08
-1.7487545013427734
1.3807578086853027
17.32505989074707
1.999999987845058e-08
3.415400743484497
3.7548305988311768
15.497495651245117
-1.999999987845058e-08
9.610137939453125
-0.6182950139045715
1.1310240030288696
1.999999987845058e-08
11.537274360656738
-6.147494792938232
-11.564080238342285
-1.999999987845058e-08
5.9851555824279785
-5.467528343200684
-8.542007446289062
1.999999987845058e-08
-4.65362024307251
1.0936641693115234
6.738692760467529
-1.999999987845058e-08
-12.496606826782227
7.562025547027588
20.006853103637695
1.999999987845058e-08
-12.667747497558594
10.407073020935059
24.238689422607422
-1.999999987845058e-08
-9.7109375
10.2477445602417
22.735652923583984
1.999999987845058e-08
-9.953558921813965
7.875863552093506
18.95209312438965
-1.999999987845058e-08
-11.969161033630371
2.8581931591033936
12.250338554382324
1.999999987845058e-08
-11.72217845916748
-2.6293883323669434
4.539135456085205
-1.999999987845058e-08
-11.472484588623047
-3.215458869934082
2.8499808311462402
1.999999987845058e-08
-15.722707748413086
2.4390344619750977
10.069594383239746
-1.999999987845058e-08
-22.848756790161133
9.300125122070312
20.066099166870117
1.999999987845058e-08
-26.037822723388672
13.812820434570312
26.594865798950195
-1.999999987845058e-08
-19.694581985473633
16.810972213745117
29.0878963470459
1.999999987845058e-08
-5.13727331161499
17.86404037475586
28.355173110961914
-1.999999987845058e-08
8.275339126586914
14.580110549926758
24.296022415161133
1.999999987845058e-08
12.228572845458984
7.270600318908691
16.807008743286133
-1.999999987845058e-08
8.800736427307129
0.2415267527103424
7.869334697723389
1.999999987845058e-08
4.859503746032715
-2.396757125854492
2.4739747047424316
-1.999999987845058e-08
2.0240631103515625
-1.839340090751648
2.635925531387329
1.999999987845058e-08
-2.7954845428466797
-4.0284271240234375
2.232872247695923
-1.999999987845058e-08
-1.4440540075302124
-5.447899341583252
-2.0928916931152344
1.999999987845058e-08
0.4922739863395691
-6.85898494720459
-6.084193229675293
-1.999999987845058e-08
0.07224668562412262
-6.547901630401611
-5.118366241455078
1.999999987845058e-08
-0.39255207777023315
-2.115128517150879
1.1626464128494263
-1.999999987845058e-08
3.5125744342803955
2.052942991256714
4.6129021644592285
1.999999987845058e-08
