0
4.833864688873291
5.926413059234619
3.0259523391723633
1.999999987845058e-08
6.397420406341553
16.15813446044922
17.31839942932129
-1.999999987845058e-08
3.985154867172241
16.635047912597656
21.749650955200195
1.999999987845058e-08
2.68524169921875
4.092961311340332
7.534274101257324
-1.999999987845058e-08
4.7203288078308105
-8.651032447814941
-9.657540321350098
1.999999987845058e-08
6.4658308029174805
-8.426481246948242
-8.329038619995117
-1.999999987845058e-08
3.3253939151763916
1.2717695236206055
10.70953369140625
1.999999987845058e-08
-4.194243431091309
4.079158306121826
22.56328773498535
-1.999999987845058e-08
-10.789698600769043
-3.930311679840088
15.086773872375488
1.999999987845058e-08
-10.789698600769043
-3.930311679840088
15.086773872375488
-1.999999987845058e-08
-12.311050415039062
-5.743584156036377
8.800116539001465
1.999999987845058e-08
-11.217665672302246
7.082613468170166
20.273820877075195
-1.999999987845058e-08
-12.289015769958496
14.569038391113281
29.916698455810547
1.999999987845058e-08
-13.964354515075684
1.0155792236328125
17.045570373535156
-1.999999987845058e-08
-12.034721374511719
-13.050204277038574
2.90185546875
1.999999987845058e-08
-9.882190704345703
-3.437467336654663
17.179546356201172
-1.999999987845058e-08
-14.141159057617188
14.373553276062012
42.86658477783203
1.999999987845058e-08
-19.608978271484375
10.974135398864746
41.111488342285156
-1.999999987845058e-08
-11.30000114440918
-6.768014430999756
15.099723815917969
1.999999987845058e-08
-11.30000114440918
-6.768014430999756
15.099723815917969
-1.999999987845058e-08
11.738334655761719
-9.941217422485352
2.3799524307250977
1.999999987845058e-08
29.099367141723633
0.24599768221378326
9.276688575744629
-1.999999987845058e-08
26.92601776123047
-3.659503698348999
2.542525053024292
1.999999987845058e-08
15.83396053314209
-21.335084915161133
-23.28297233581543
-1.999999987845058e-08
9.3533935546875
-22.004880905151367
-29.164960861206055
1.999999987845058e-08
6.0159101486206055
-3.5046050548553467
-6.981461524963379
-1.999999987845058e-08
1.9577115774154663
-0.44986099004745483
-1.3648884296417236
1.999999987845058e-08
0.008076943457126617
-20.2515811920166
-26.426528930664062
-1.999999987845058e-08
0.48916733264923096
-28.558963775634766
-37.88423156738281
1.999999987845058e-08
0.48916730284690857
-28.558963775634766
-37.88423156738281
-1.999999987845058e-08
-2.1779110431671143
-12.703100204467773
-15.212472915649414
1.999999987845058e-08
-9.24785327911377
-2.380329132080078
3.489903688430786
-1.999999987845058e-08
-12.644200325012207
-12.316622734069824
-6.341823577880859
1.999999987845058e-08
-6.382862567901611
-18.41021156311035
-16.659244537353516
-1.999999987845058e-08
2.8248980045318604
-7.7185258865356445
-6.7081804275512695
1.999999987845058e-08
3.6982545852661133
-2.1199791431427
0.007713812403380871
-1.999999987845058e-08
-4.505781650543213
-13.282191276550293
-11.951751708984375
1.999999987845058e-08
-11.345185279846191
-18.941267013549805
-16.913660049438477
-1.999999987845058e-08
-8.501787185668945
-5.90345573425293
0.922042727470398
1.999999987845058e-08
1.2758482694625854
2.168020248413086
11.198158264160156
-1.999999987845058e-08
8.663924217224121
-13.780791282653809
-12.112156867980957
1.999999987845058e-08
8.03315258026123
-32.22188949584961
-41.72439193725586
-1.999999987845058e-08
2.3178529739379883
-26.500200271606445
-38.78931427001953
1.999999987845058e-08
-1.9137837886810303
-7.6779561042785645
-12.592979431152344
-1.999999987845058e-08
-1.2063360214233398
-2.4990029335021973
1.295583963394165
1.999999987845058e-08
3.6336262226104736
-11.148310661315918
-2.913867473602295
-1.999999987845058e-08
8.140549659729004
-13.68685245513916
-2.5486724376678467
1.999999987845058e-08
7.423313140869141
-6.054302215576172
8.679476737976074
-1.999999987845058e-08
2.276970386505127
-4.323207378387451
9.779129028320312
1.999999987845058e-08
-2.332656145095825
-14.522259712219238
-8.942268371582031
-1.999999987845058e-08
-4.4994587898254395
-23.283798217773438
-27.675159454345703
1.999999987845058e-08
-5.867650508880615
-21.96978187561035
-28.79401206970215
-1.999999987845058e-08
-7.7343220710754395
-17.095714569091797
-18.230697631835938
1.999999987845058e-08
-10.273005485534668
-15.448570251464844
-9.634513854980469
-1.999999987845058e-08
-12.17236042022705
-17.088884353637695
-10.030193328857422
1.999999987845058e-08
-10.379138946533203
-19.09698486328125
-16.93623161315918
-1.999999987845058e-08
-3.937714099884033
-16.400638580322266
-18.50687026977539
1.999999987845058e-08
4.187429904937744
-8.957803726196289
-10.820866584777832
-1.999999987845058e-08
10.93165397644043
-6.6819891929626465
-9.699600219726562
1.999999987845058e-08
14.917281150817871
-12.803557395935059
-22.89712905883789
-1.999999987845058e-08
15.912076950073242
-14.587055206298828
-30.640361785888672
1.999999987845058e-08
14.228682518005371
-6.501537799835205
-19.7629451751709
-1.999999987845058e-08
9.49177360534668
-3.442227363586426
-9.537105560302734
1.999999987845058e-08
3.3441805839538574
-13.852132797241211
-16.992202758789062
-1.999999987845058e-08
0.6509026288986206
-21.248607635498047
-25.043380737304688
1.999999987845058e-08
2.545274257659912
-12.87364387512207
-14.412196159362793
-1.999999987845058e-08
4.390555381774902
-5.1785569190979
-1.0972604751586914
1.999999987845058e-08
3.977813959121704
-15.645009994506836
-7.755335807800293
-1.999999987845058e-08
3.943756580352783
-29.54900360107422
-20.024259567260742
1.999999987845058e-08
5.169634819030762
-5.310825347900391
19.890281677246094
-1.999999987845058e-08
8.161931991577148
-19.645822525024414
0.06387762725353241
1.999999987845058e-08
11.995275497436523
-29.531566619873047
-18.4206600189209
-1.999999987845058e-08
11.547696113586426
-25.134384155273438
-17.52973747253418
1.999999987845058e-08
6.293659210205078
-15.286127090454102
-4.962810516357422
-1.999999987845058e-08
1.1401219367980957
-8.202134132385254
5.81778621673584
1.999999987845058e-08
-0.9095670580863953
-2.691124677658081
13.663777351379395
-1.999999987845058e-08
-1.4951505661010742
3.197793960571289
23.75885581970215
1.999999987845058e-08
-2.051912307739258
6.049440860748291
33.60258102416992
-1.999999987845058e-08
-1.1942499876022339
3.245217800140381
35.770233154296875
1.999999987845058e-08
2.494556427001953
0.11385287344455719
31.61241912841797
-1.999999987845058e-08
7.555633544921875
3.724248170852661
29.95061492919922
1.999999987845058e-08
10.216341972351074
11.694252967834473
32.830894470214844
-1.999999987845058e-08
8.340513229370117
15.516670227050781
34.11260223388672
1.999999987845058e-08
4.290342807769775
13.76131820678711
32.46128845214844
-1.999999987845058e-08
2.746203899383545
12.675430297851562
33.2313232421875
1.999999987845058e-08
6.543412685394287
14.211732864379883
36.3110466003418
-1.999999987845058e-08
14.177329063415527
13.41181468963623
35.2161865234375
1.999999987845058e-08
20.877593994140625
6.960687637329102
26.51750373840332
-1.999999987845058e-08
22.416975021362305
-2.310168504714966
12.659010887145996
1.999999987845058e-08
6.016070365905762
-1.834956169128418
6.8794989585876465
-1.999999987845058e-08
-3.0853817462921143
8.373294830322266
20.705734252929688
1.999999987845058e-08
-3.9565110206604004
13.238286972045898
27.687788009643555
-1.999999987845058e-08
1.0270366668701172
11.626768112182617
23.009105682373047
1.999999987845058e-08
4.807779312133789
12.100879669189453
18.655057907104492
-1.999999987845058e-08
4.510244846343994
17.630878448486328
22.105382919311523
1.999999987845058e-08
0.9052284955978394
21.944984436035156
29.090185165405273
-1.999999987845058e-08
-3.4674572944641113
21.715497970581055
35.75412368774414
1.999999987845058e-08
-3.7749650478363037
20.041521072387695
40.24324417114258
-1.999999987845058e-08
1.669448733329773
17.649686813354492
37.04573440551758
1.999999987845058e-08
-3.4674572944641113
21.715497970581055
35.75412368774414
-1.999999987845058e-08
-3.7749650478363037
20.041521072387695
40.24324417114258
1.999999987845058e-08
1.669448733329773
17.649686813354492
37.04573440551758
-1.999999987845058e-08
7.970047473907471
10.851706504821777
22.61015510559082
1.999999987845058e-08
10.194023132324219
-0.3228088319301605
3.652121067047119
-1.999999987845058e-08
8.012001991271973
-9.118680953979492
-7.5667643547058105
1.999999987845058e-08
1.9196897745132446
-9.863618850708008
-4.936914443969727
-1.999999987845058e-08
-7.911008834838867
-5.218292713165283
6.257161617279053
1.999999987845058e-08
-16.682579040527344
-3.0240211486816406
13.472044944763184
-1.999999987845058e-08
-17.557910919189453
-6.359799385070801
9.495161056518555
1.999999987845058e-08
-8.697383880615234
-5.476677894592285
0.35645791888237
-1.999999987845058e-08
-8.725677490234375
-4.546623229980469
2.0271668434143066
1.999999987845058e-08
-6.611196517944336
-1.2890658378601074
7.27532434463501
-1.999999987845058e-08
-2.3620760440826416
2.9748919010162354
14.416401863098145
1.999999987845058e-08
4.0037522315979
5.295831680297852
19.47873306274414
-1.999999987845058e-08
11.977803230285645
6.80841064453125
22.15719985961914
1.999999987845058e-08
20.188631057739258
10.810633659362793
24.13890838623047
-1.999999987845058e-08
25.337039947509766
15.722573280334473
23.412410736083984
1.999999987845058e-08
22.467391967773438
16.004785537719727
16.741369247436523
-1.999999987845058e-08
10.959356307983398
11.310893058776855
7.797651767730713
1.999999987845058e-08
10.959356307983398
11.310893058776855
7.797651767730713
-1.999999987845058e-08
-1.5885244607925415
8.133536338806152
4.89863395690918
1.999999987845058e-08
-7.2727484703063965
10.162847518920898
9.571163177490234
-1.999999987845058e-08
-6.671262264251709
13.489436149597168
14.420013427734375
1.999999987845058e-08
-4.496565818786621
14.065690994262695
13.695063591003418
-1.999999987845058e-08
-2.21633243560791
14.597503662109375
11.044321060180664
1.999999987845058e-08
-1.1196964979171753
19.581106185913086
13.660557746887207
-1.999999987845058e-08
-4.5345635414123535
25.64275550842285
20.24760627746582
1.999999987845058e-08
-11.128503799438477
24.7459716796875
21.958589553833008
-1.999999987845058e-08
-13.901857376098633
18.34572410583496
17.590415954589844
1.999999987845058e-08
-5.970893859863281
22.364089965820312
23.434715270996094
-1.999999987845058e-08
-5.76050329208374
25.76015853881836
25.87579345703125
1.999999987845058e-08
-6.566485404968262
23.173681259155273
19.298446655273438
-1.999999987845058e-08
-2.0449349880218506
20.462547302246094
12.660884857177734
1.999999987845058e-08
10.027156829833984
20.071687698364258
9.40368938446045
-1.999999987845058e-08
22.306482315063477
18.3630313873291
3.4802396297454834
1.999999987845058e-08
23.1629695892334
16.53359031677246
-2.6461822986602783
-1.999999987845058e-08
12.045121192932129
21.1805362701416
0.8889674544334412
1.999999987845058e-08
1.125038504600525
30.976655960083008
10.883763313293457
-1.999999987845058e-08
-1.7836836576461792
34.69314193725586
11.900993347167969
1.999999987845058e-08
-3.6543405055999756
25.492856979370117
-1.6516269445419312
-1.999999987845058e-08
-7.165565490722656
31.902347564697266
10.168499946594238
1.999999987845058e-08
-5.263828277587891
38.60974884033203
20.961809158325195
-1.999999987845058e-08
3.1876747608184814
33.5708122253418
12.969002723693848
1.999999987845058e-08
10.67115306854248
21.026525497436523
-5.93887996673584
-1.999999987845058e-08
10.33609390258789
15.189321517944336
-14.329167366027832
1.999999987845058e-08
2.859905481338501
21.04221534729004
-4.700854778289795
-1.999999987845058e-08
-7.441561222076416
30.00212287902832
12.72624397277832
1.999999987845058e-08
-16.16119384765625
32.059974670410156
24.36221694946289
-1.999999987845058e-08
-18.376195907592773
25.97857093811035
23.549222946166992
1.999999987845058e-08
-16.16119384765625
32.059974670410156
24.36221694946289
-1.999999987845058e-08
-18.376195907592773
25.97857093811035
23.549222946166992
1.999999987845058e-08
-11.623761177062988
16.885393142700195
11.656806945800781
-1.999999987845058e-08
-0.2614853084087372
8.595489501953125
-4.7490668296813965
1.999999987845058e-08
7.749066352844238
2.3387420177459717
-17.26036834716797
-1.999999987845058e-08
8.570917129516602
0.36673250794410706
-19.372766494750977
1.999999987845058e-08
5.683626651763916
3.553028106689453
-12.856740951538086
-1.999999987845058e-08
6.513529300689697
6.586273193359375
-9.862936019897461
1.999999987845058e-08
14.466279983520508
4.642354965209961
-18.75676727294922
-1.999999987845058e-08
23.683578491210938
1.6126136779785156
-30.715978622436523
1.999999987845058e-08
15.327763557434082
7.878623008728027
-19.661582946777344
-1.999999987845058e-08
4.256285190582275
9.962348937988281
-7.882841110229492
1.999999987845058e-08
-1.938727617263794
6.696889877319336
-6.223480701446533
-1.999999987845058e-08
-4.260992050170898
-0.17372934520244598
-14.378764152526855
1.999999987845058e-08
-4.4615302085876465
-5.000289440155029
-23.15477752685547
-1.999999987845058e-08
-1.3865622282028198
-3.4539594650268555
-24.887332916259766
1.999999987845058e-08
3.5875637531280518
-0.5863505005836487
-24.721799850463867
-1.999999987845058e-08
4.877688407897949
-3.9940927028656006
-31.325178146362305
1.999999987845058e-08
-0.3196757137775421
-9.674066543579102
-38.789913177490234
-1.999999987845058e-08
-7.005650043487549
-9.770857810974121
-36.74797439575195
1.999999987845058e-08
4.877688407897949
-3.9940927028656006
-31.325178146362305
-1.999999987845058e-08
-0.3196756839752197
-9.674066543579102
-38.789913177490234
1.999999987845058e-08
-7.005650043487549
-9.770857810974121
-36.74797439575195
-1.999999987845058e-08
-9.42713737487793
-6.874321937561035
-27.778038024902344
1.999999987845058e-08
-9.584524154663086
-5.357304573059082
-16.454219818115234
-1.999999987845058e-08
-10.934834480285645
-1.6742922067642212
-0.5185591578483582
1.999999987845058e-08
-10.611557960510254
4.8992414474487305
14.551380157470703
-1.999999987845058e-08
-6.399629592895508
6.3280534744262695
14.161909103393555
1.999999987845058e-08
-2.2624001502990723
-1.323673963546753
-3.910067558288574
-1.999999987845058e-08
-2.126756429672241
-10.016937255859375
-22.088851928710938
1.999999987845058e-08
-5.613492488861084
-10.553483009338379
-23.90790557861328
-1.999999987845058e-08
-9.480927467346191
-4.9049811363220215
-14.057622909545898
1.999999987845058e-08
-9.238499641418457
-1.446544885635376
-8.39326286315918
-1.999999987845058e-08
-3.0594143867492676
-1.866843342781067
-9.925570487976074
1.999999987845058e-08
4.25734281539917
-1.5775656700134277
-9.043819427490234
-1.999999987845058e-08
5.433506011962891
-0.050066400319337845
-2.8569722175598145
1.999999987845058e-08
-1.2437695264816284
-0.8582344651222229
2.057424306869507
-1.999999987845058e-08
-10.477850914001465
-4.360049724578857
1.9785410165786743
1.999999987845058e-08
-15.534128189086914
-7.777215957641602
-1.793045163154602
-1.999999987845058e-08
-14.008770942687988
-9.645196914672852
-8.04102611541748
1.999999987845058e-08
-5.733391284942627
-10.736924171447754
-16.209659576416016
-1.999999987845058e-08
-8.801340103149414
-10.528621673583984
-11.414730072021484
1.999999987845058e-08
-14.807374954223633
-10.162223815917969
-6.061373710632324
-1.999999987845058e-08
-16.316537857055664
-11.7168550491333
-7.2966694831848145
1.999999987845058e-08
-11.823173522949219
-15.820609092712402
-14.016244888305664
-1.999999987845058e-08
-7.064021587371826
-19.07331085205078
-19.689769744873047
1.999999987845058e-08
-7.168720245361328
-16.430950164794922
-17.928930282592773
-1.999999987845058e-08
-10.51562213897705
-5.698355197906494
-5.869414806365967
1.999999987845058e-08
-9.849549293518066
7.257719039916992
7.33951997756958
-1.999999987845058e-08
-2.4743406772613525
11.368428230285645
7.115487098693848
1.999999987845058e-08
-8.880675315856934
19.12860679626465
24.57440757751465
-1.999999987845058e-08
-9.795530319213867
15.501919746398926
17.02670669555664
1.999999987845058e-08
-10.722273826599121
12.578794479370117
15.630393028259277
-1.999999987845058e-08
-10.310807228088379
14.774765014648438
26.26148223876953
1.999999987845058e-08
-6.216824531555176
13.831400871276855
33.58296585083008
-1.999999987845058e-08
1.4307445287704468
6.251358985900879
25.880685806274414
1.999999987845058e-08
9.536474227905273
1.8854377269744873
13.562661170959473
-1.999999987845058e-08
14.084356307983398
5.083839416503906
8.28036117553711
1.999999987845058e-08
11.487702369689941
5.251649856567383
4.745953559875488
-1.999999987845058e-08
1.077271580696106
-3.077815055847168
-1.503767490386963
1.999999987845058e-08
14.084356307983398
5.083839416503906
8.28036117553711
-1.999999987845058e-08
11.487702369689941
5.251649856567383
4.745953559875488
1.999999987845058e-08
1.077271580696106
-3.077815055847168
-1.5037676095962524
-1.999999987845058e-08
-11.797467231750488
-8.36174201965332
-0.9521461129188538
1.999999987845058e-08
-18.30978012084961
-1.162675380706787
10.679035186767578
-1.999999987845058e-08
-15.07723617553711
9.650715827941895
19.42038917541504
1.999999987845058e-08
-8.139937400817871
10.418933868408203
12.122849464416504
-1.999999987845058e-08
-5.768758773803711
2.5533840656280518
-3.5095102787017822
1.999999987845058e-08
-10.894547462463379
-0.20559492707252502
-7.1946635246276855
-1.999999987845058e-08
-19.530914306640625
8.589104652404785
7.884727954864502
1.999999987845058e-08
-18.839651107788086
19.829740524291992
22.44563865661621
-1.999999987845058e-08
-11.033946990966797
15.824050903320312
9.26655101776123
1.999999987845058e-08
-6.490156650543213
18.049877166748047
3.9738733768463135
-1.999999987845058e-08
-5.098090171813965
24.743179321289062
8.995270729064941
1.999999987845058e-08
-4.671101093292236
25.329938888549805
11.65449047088623
-1.999999987845058e-08
-5.465966701507568
19.510547637939453
10.0549898147583
1.999999987845058e-08
-6.656622409820557
16.994951248168945
13.618266105651855
-1.999999987845058e-08
-4.0710883140563965
19.546138763427734
19.80435562133789
1.999999987845058e-08
4.86845064163208
17.290374755859375
13.265061378479004
-1.999999987845058e-08
16.8958683013916
4.300534725189209
-11.021634101867676
1.999999987845058e-08
25.51466178894043
-11.050396919250488
-37.85026931762695
-1.999999987845058e-08
25.3459415435791
-15.104024887084961
-46.024169921875
1.999999987845058e-08
16.054882049560547
-7.1588239669799805
-32.938255310058594
-1.999999987845058e-08
5.592700004577637
-1.303707480430603
-20.58285903930664
1.999999987845058e-08
3.38155198097229
-4.993514060974121
-25.195899963378906
-1.999999987845058e-08
8.776008605957031
-7.930129528045654
-33.891136169433594
1.999999987845058e-08
13.464747428894043
-1.3442665338516235
-28.965917587280273
-1.999999987845058e-08
12.57083511352539
5.770933628082275
-17.447927474975586
1.999999987845058e-08
7.462790489196777
2.1763195991516113
-15.850180625915527
-1.999999987845058e-08
1.6317121982574463
-5.785857200622559
-20.64894676208496
1.999999987845058e-08
1.7163195610046387
-0.3768322765827179
-10.19153881072998
-1.999999987845058e-08
9.226557731628418
-1.5419374704360962
-11.958780288696289
1.999999987845058e-08
15.788009643554688
-5.866361141204834
-19.252099990844727
-1.999999987845058e-08
17.447906494140625
-0.6431372761726379
-16.035629272460938
1.999999987845058e-08
15.305465698242188
10.25391674041748
-5.441454887390137
-1.999999987845058e-08
12.913311004638672
7.72002649307251
-9.580713272094727
1.999999987845058e-08
11.638507843017578
-10.633428573608398
-31.457372665405273
-1.999999987845058e-08
8.297053337097168
-23.320446014404297
-43.60987091064453
1.999999987845058e-08
-2.0711443424224854
-17.498865127563477
-27.143178939819336
-1.999999987845058e-08
-16.91966438293457
-5.941812515258789
1.4647104740142822
1.999999987845058e-08
11.638507843017578
-10.633428573608398
-31.457372665405273
-1.999999987845058e-08
8.297053337097168
-23.320446014404297
-43.60987091064453
1.999999987845058e-08
-2.0711443424224854
-17.498865127563477
-27.143178939819336
-1.999999987845058e-08
-16.91966438293457
-5.941812515258789
1.4647104740142822
1.999999987845058e-08
-21.435684204101562
-4.273807048797607
13.894144058227539
-1.999999987845058e-08
-3.712054967880249
-10.783031463623047
2.553715467453003
1.999999987845058e-08
26.40953254699707
-15.755804061889648
-18.23797035217285
-1.999999987845058e-08
45.883209228515625
-17.511943817138672
-34.31365966796875
1.999999987845058e-08
43.072025299072266
-20.55868911743164
-44.34330749511719
-1.999999987845058e-08
24.653369903564453
-23.949832916259766
-48.4677848815918
1.999999987845058e-08
-6.472347259521484
-18.167308807373047
-26.231191635131836
-1.999999987845058e-08
-7.168748378753662
-15.809361457824707
-13.772231101989746
1.999999987845058e-08
-4.681662559509277
-13.969066619873047
-5.605917453765869
-1.999999987845058e-08
-5.805319309234619
-8.545696258544922
4.677619457244873
1.999999987845058e-08
-9.155760765075684
-4.642899513244629
12.24505615234375
-1.999999987845058e-08
-9.22302532196045
-10.717962265014648
6.056349277496338
1.999999987845058e-08
-5.7591633796691895
-22.49280548095703
-7.320802688598633
-1.999999987845058e-08
-3.742645025253296
-27.13167953491211
-9.227842330932617
1.999999987845058e-08
-5.992991924285889
-22.635765075683594
2.1391654014587402
-1.999999987845058e-08
-11.28854751586914
-18.428544998168945
11.684944152832031
1.999999987845058e-08
-15.827277183532715
-19.588153839111328
10.870330810546875
-1.999999987845058e-08
-13.347274780273438
-23.271345138549805
1.5401849746704102
1.999999987845058e-08
-0.9232284426689148
-26.58538246154785
-13.519153594970703
-1.999999987845058e-08
13.644889831542969
-29.002904891967773
-29.272058486938477
1.999999987845058e-08
17.6653995513916
-30.303564071655273
-37.6295166015625
-1.999999987845058e-08
8.701375007629395
-31.106475830078125
-37.05136489868164
1.999999987845058e-08
-2.328129529953003
-32.084922790527344
-33.73242950439453
-1.999999987845058e-08
-5.532444000244141
-31.012800216674805
-29.669479370117188
1.999999987845058e-08
-2.822279930114746
-25.74338150024414
-21.101613998413086
-1.999999987845058e-08
-1.783498764038086
-19.16408920288086
-9.163396835327148
1.999999987845058e-08
-5.061725616455078
-16.23392105102539
-1.8865866661071777
-1.999999987845058e-08
-9.131403923034668
-18.17099952697754
-4.763016700744629
1.999999987845058e-08
-10.267220497131348
-22.638761520385742
-14.485135078430176
-1.999999987845058e-08
-7.574535369873047
-27.73343276977539
-24.10582733154297
1.999999987845058e-08
-2.620943546295166
-31.751365661621094
-28.76531410217285
-1.999999987845058e-08
0.44555699825286865
-30.405601501464844
-24.344552993774414
1.999999987845058e-08
-0.9026620388031006
-21.96649932861328
-11.103225708007812
-1.999999987845058e-08
-2.6519436836242676
-13.791553497314453
-0.04488959163427353
1.999999987845058e-08
-0.26514992117881775
-14.465673446655273
-3.131779670715332
-1.999999987845058e-08
3.938875913619995
-22.146495819091797
-17.17559051513672
1.999999987845058e-08
5.778472423553467
-29.171327590942383
-29.045284271240234
-1.999999987845058e-08
5.0229172706604
-33.20586013793945
-33.2297248840332
1.999999987845058e-08
3.0250492095947266
-35.97514724731445
-33.12675094604492
-1.999999987845058e-08
0.40793150663375854
-35.97113037109375
-29.67786979675293
1.999999987845058e-08
-1.803410291671753
-31.19541358947754
-21.333009719848633
-1.999999987845058e-08
-1.555633306503296
-26.924335479736328
-14.37762451171875
1.999999987845058e-08
1.61984384059906
-30.614059448242188
-18.179662704467773
-1.999999987845058e-08
4.511131763458252
-38.21822738647461
-26.813182830810547
1.999999987845058e-08
3.791749954223633
-36.762237548828125
-22.471311569213867
-1.999999987845058e-08
0.8869777917861938
-23.374082565307617
-2.9096295833587646
1.999999987845058e-08
0.5765846371650696
-9.900014877319336
12.500371932983398
-1.999999987845058e-08
4.77791166305542
-5.259588241577148
11.124541282653809
1.999999987845058e-08
9.814178466796875
-4.639572620391846
3.7713160514831543
-1.999999987845058e-08
10.89553451538086
-0.33347082138061523
4.513436794281006
1.999999987845058e-08
7.605432510375977
6.213914394378662
10.776082038879395
-1.999999987845058e-08
3.0462148189544678
9.929585456848145
15.119647979736328
1.999999987845058e-08
0.131204754114151
10.882017135620117
18.379405975341797
-1.999999987845058e-08
0.2481166571378708
8.625689506530762
17.990018844604492
1.999999987845058e-08
1.5903270244598389
-0.14244304597377777
6.6492838859558105
-1.999999987845058e-08
-0.8737642765045166
-10.621819496154785
-7.693278789520264
1.999999987845058e-08
-0.8737642765045166
-10.621819496154785
-7.693278789520264
-1.999999987845058e-08
-9.52754020690918
-11.712764739990234
-5.817461013793945
1.999999987845058e-08
-18.958324432373047
-3.7582433223724365
13.087532043457031
-1.999999987845058e-08
-20.73206329345703
0.19850590825080872
27.45380401611328
1.999999987845058e-08
-13.787138938903809
-5.527470111846924
24.235063552856445
-1.999999987845058e-08
-4.688403129577637
-12.122564315795898
13.656457901000977
1.999999987845058e-08
1.0595864057540894
-12.507017135620117
7.767194747924805
-1.999999987845058e-08
0.9575163722038269
-10.401434898376465
5.779788017272949
1.999999987845058e-08
-4.387110233306885
-10.34903621673584
3.716935396194458
-1.999999987845058e-08
-7.932103633880615
-9.7246732711792
2.1664109230041504
1.999999987845058e-08
10.832979202270508
6.3168439865112305
15.235166549682617
-1.999999987845058e-08
5.906713008880615
4.983906269073486
19.302688598632812
1.999999987845058e-08
0.22865092754364014
2.4877612590789795
18.03799819946289
-1.999999987845058e-08
0.004310328047722578
1.23037588596344
12.82889461517334
1.999999987845058e-08
1.9062579870224
0.854492723941803
8.807713508605957
-1.999999987845058e-08
0.8543698191642761
1.3549164533615112
10.339003562927246
1.999999987845058e-08
-1.9438925981521606
4.658666133880615
18.142269134521484
-1.999999987845058e-08
-1.5729867219924927
10.24804401397705
26.943727493286133
1.999999987845058e-08
4.417056560516357
12.866135597229004
27.423702239990234
-1.999999987845058e-08
12.95413875579834
10.642553329467773
18.118030548095703
1.999999987845058e-08
12.652528762817383
8.842560768127441
5.934169292449951
-1.999999987845058e-08
0.7064081430435181
7.828027248382568
7.95346212387085
1.999999987845058e-08
-9.663625717163086
4.458933353424072
10.607929229736328
-1.999999987845058e-08
-9.777249336242676
0.39366546273231506
8.97558307647705
1.999999987845058e-08
-1.6253036260604858
-3.710911273956299
0.7697072625160217
-1.999999987845058e-08
4.836856842041016
-6.50615930557251
-7.719131946563721
1.999999987845058e-08
3.870760917663574
-6.052641868591309
-7.677725791931152
-1.999999987845058e-08
-2.628756046295166
-3.5133655071258545
0.7072336673736572
1.999999987845058e-08
-9.830818176269531
-1.1031286716461182
10.155793190002441
-1.999999987845058e-08
-13.711653709411621
2.2424094676971436
16.529268264770508
1.999999987845058e-08
-13.162947654724121
6.835056781768799
19.45475196838379
-1.999999987845058e-08
-11.242537498474121
9.032443046569824
19.23119354248047
1.999999987845058e-08
-12.07882308959961
8.70810317993164
20.811368942260742
-1.999999987845058e-08
-13.53383731842041
11.30194091796875
29.931503295898438
1.999999987845058e-08
-8.138080596923828
17.689477920532227
40.9572639465332
-1.999999987845058e-08
5.3110270500183105
21.358251571655273
41.81632995605469
1.999999987845058e-08
18.807601928710938
17.5645809173584
29.82967758178711
-1.999999987845058e-08
24.010005950927734
9.602520942687988
14.199987411499023
1.999999987845058e-08
18.577556610107422
4.8095293045043945
6.640385627746582
-1.999999987845058e-08
8.523821830749512
5.304838180541992
9.560779571533203
1.999999987845058e-08
18.577556610107422
4.8095293045043945
6.640385627746582
-1.999999987845058e-08
8.523821830749512
5.304838180541992
9.560779571533203
1.999999987845058e-08
3.3212902545928955
7.016319751739502
15.06600284576416
-1.999999987845058e-08
4.645106792449951
7.415440559387207
17.269441604614258
1.999999987845058e-08
7.040568828582764
6.632460117340088
15.370409965515137
-1.999999987845058e-08
7.279481410980225
4.127321243286133
8.214457511901855
1.999999987845058e-08
5.5117034912109375
1.0528888702392578
-1.5057703256607056
-1.999999987845058e-08
3.0335352420806885
1.2791491746902466
-4.990803241729736
1.999999987845058e-08
2.033010959625244
6.050551414489746
1.7518364191055298
-1.999999987845058e-08
3.1079869270324707
11.178009033203125
11.785062789916992
1.999999987845058e-08
4.119412422180176
11.77773666381836
15.79499340057373
-1.999999987845058e-08
3.2917234897613525
8.014143943786621
11.406875610351562
1.999999987845058e-08
0.32314109802246094
5.49314546585083
5.178469657897949
-1.999999987845058e-08
-4.712711811065674
8.49189281463623
5.0338239669799805
1.999999987845058e-08
-10.183503150939941
12.778682708740234
8.45578670501709
-1.999999987845058e-08
-13.350090980529785
11.267559051513672
7.311100006103516
1.999999987845058e-08
-13.579797744750977
5.790958881378174
3.613152027130127
-1.999999987845058e-08
-12.352218627929688
3.527290105819702
5.333856105804443
1.999999987845058e-08
-10.525752067565918
4.832968235015869
10.398869514465332
-1.999999987845058e-08
-7.942778587341309
5.796724319458008
11.477871894836426
1.999999987845058e-08
-7.942779064178467
5.796724319458008
11.477871894836426
-1.999999987845058e-08
-4.6024250984191895
7.464828014373779
10.324162483215332
1.999999987845058e-08
-0.4058656096458435
12.072996139526367
12.006949424743652
-1.999999987845058e-08
3.5368497371673584
17.04884147644043
14.592519760131836
1.999999987845058e-08
4.163425922393799
19.287385940551758
14.40357494354248
-1.999999987845058e-08
1.4050756692886353
18.813291549682617
11.009766578674316
1.999999987845058e-08
-0.7438386082649231
17.118284225463867
6.300363063812256
-1.999999987845058e-08
-0.46549588441848755
15.559892654418945
3.8776726722717285
1.999999987845058e-08
0.5637723803520203
14.255728721618652
4.6130170822143555
-1.999999987845058e-08
1.1249558925628662
12.8513765335083
5.374598026275635
1.999999987845058e-08
-0.9840463995933533
25.52728271484375
30.989456176757812
-1.999999987845058e-08
-2.833889961242676
28.42285919189453
39.79127883911133
1.999999987845058e-08
-2.939622163772583
28.444217681884766
41.951690673828125
-1.999999987845058e-08
-2.358617067337036
26.77827262878418
38.68660354614258
1.999999987845058e-08
-2.1999619007110596
25.440500259399414
35.73435974121094
-1.999999987845058e-08
0.5758509039878845
25.505115509033203
35.39731216430664
1.999999987845058e-08
8.536911964416504
25.378921508789062
33.00230026245117
-1.999999987845058e-08
17.250463485717773
22.27052879333496
24.5436954498291
1.999999987845058e-08
20.662105560302734
15.684866905212402
12.046138763427734
-1.999999987845058e-08
17.709089279174805
7.703503608703613
0.34115520119667053
1.999999987845058e-08
9.886604309082031
1.1217949390411377
-5.914514541625977
-1.999999987845058e-08
0.5324529409408569
-1.612064242362976
-4.889662265777588
1.999999987845058e-08
-4.535241603851318
0.1923418492078781
-0.2580181658267975
-1.999999987845058e-08
-4.036293983459473
4.1725263595581055
2.4051737785339355
1.999999987845058e-08
-4.34676456451416
6.293755531311035
0.7675215005874634
-1.999999987845058e-08
-9.695895195007324
4.453911304473877
-3.8806874752044678
1.999999987845058e-08
-16.516254425048828
0.4932760000228882
-7.653888702392578
-1.999999987845058e-08
-20.27362060546875
-2.610431671142578
-7.974228382110596
1.999999987845058e-08
-19.144350051879883
-4.088098049163818
-7.803225994110107
-1.999999987845058e-08
-11.672423362731934
-3.769634246826172
-10.411877632141113
1.999999987845058e-08
-0.03814872354269028
-1.065690517425537
-13.32908821105957
-1.999999987845058e-08
8.032758712768555
2.6245827674865723
-12.673308372497559
1.999999987845058e-08
8.540705680847168
5.179309844970703
-8.243805885314941
-1.999999987845058e-08
5.689868450164795
6.554446220397949
-2.5557820796966553
1.999999987845058e-08
3.5545878410339355
6.879917621612549
0.5795018672943115
-1.999999987845058e-08
2.201173782348633
5.572018623352051
-1.9212076663970947
1.999999987845058e-08
1.2532504796981812
5.270914554595947
-6.194993495941162
-1.999999987845058e-08
0.5494834780693054
10.224411964416504
-3.17840313911438
1.999999987845058e-08
-0.3590245246887207
18.185375213623047
7.013628005981445
-1.999999987845058e-08
-1.1083077192306519
22.004697799682617
13.092323303222656
1.999999987845058e-08
0.41367200016975403
16.067995071411133
2.524900197982788
-1.999999987845058e-08
1.7676386833190918
13.815380096435547
-0.31496676802635193
1.999999987845058e-08
4.444107532501221
12.806214332580566
-0.2881872057914734
-1.999999987845058e-08
8.593997955322266
12.008455276489258
-1.7222380638122559
1.999999987845058e-08
9.516738891601562
11.669242858886719
-3.685051679611206
-1.999999987845058e-08
3.205493688583374
12.111191749572754
-2.115478515625
1.999999987845058e-08
-6.178144931793213
12.75457763671875
4.202520370483398
-1.999999987845058e-08
-9.868491172790527
13.068939208984375
12.689261436462402
1.999999987845058e-08
-4.295273780822754
11.4741792678833
15.751276969909668
-1.999999987845058e-08
6.0183868408203125
6.379569053649902
6.474318027496338
1.999999987845058e-08
-6.178144931793213
12.75457763671875
4.202520370483398
-1.999999987845058e-08
-9.868491172790527
13.068939208984375
12.689261436462402
1.999999987845058e-08
-4.295273780822754
11.4741792678833
15.751276969909668
-1.999999987845058e-08
6.0183868408203125
6.379569053649902
6.474318027496338
1.999999987845058e-08
13.80318546295166
-0.28418630361557007
-10.941831588745117
-1.999999987845058e-08
13.677924156188965
-5.644229412078857
-25.786348342895508
1.999999987845058e-08
4.4483795166015625
-8.347660064697266
-30.2379207611084
-1.999999987845058e-08
-8.472646713256836
-6.802863121032715
-21.751039505004883
1.999999987845058e-08
-16.354976654052734
-1.464918851852417
-7.252292633056641
-1.999999987845058e-08
-15.175415992736816
2.9473259449005127
-0.6560630202293396
1.999999987845058e-08
-7.824286937713623
5.483145713806152
-11.836295127868652
-1.999999987845058e-08
-16.24325942993164
8.71275806427002
-0.9247831106185913
1.999999987845058e-08
-19.945764541625977
8.502685546875
7.55302619934082
-1.999999987845058e-08
-15.99817180633545
6.350358009338379
9.27451229095459
1.999999987845058e-08
-10.099300384521484
4.516775131225586
5.922913551330566
-1.999999987845058e-08
-6.804377555847168
2.224067449569702
0.9212154746055603
1.999999987845058e-08
-5.7230353355407715
0.7125236988067627
-0.580988883972168
-1.999999987845058e-08
-4.388946533203125
3.3420705795288086
3.718872547149658
1.999999987845058e-08
0.189283087849617
8.825515747070312
8.446895599365234
-1.999999987845058e-08
7.4894232749938965
13.269474029541016
8.263779640197754
1.999999987845058e-08
-6.804377555847168
2.224067449569702
0.9212154150009155
-1.999999987845058e-08
-5.7230353355407715
0.7125237584114075
-0.580988883972168
1.999999987845058e-08
-4.388946533203125
3.3420703411102295
3.718872547149658
-1.999999987845058e-08
0.1892831176519394
8.825516700744629
8.446895599365234
1.999999987845058e-08
7.4894232749938965
13.269474029541016
8.263779640197754
-1.999999987845058e-08
12.13408088684082
17.018680572509766
6.380739688873291
1.999999987845058e-08
11.659834861755371
21.43494987487793
7.782311916351318
-1.999999987845058e-08
9.728473663330078
24.087865829467773
10.923380851745605
1.999999987845058e-08
9.239479064941406
22.310176849365234
10.944500923156738
-1.999999987845058e-08
8.559701919555664
17.091981887817383
5.78279447555542
1.999999987845058e-08
2.1019468307495117
-10.729732513427734
-16.827402114868164
-1.999999987845058e-08
1.9064375162124634
-14.341914176940918
-23.731740951538086
1.999999987845058e-08
-0.8712230324745178
-10.005398750305176
-18.543489456176758
-1.999999987845058e-08
-2.410430669784546
-3.3077945709228516
-5.704537391662598
1.999999987845058e-08
1.8915493488311768
-1.3070851564407349
1.6007400751113892
-1.999999987845058e-08
9.26941967010498
-5.856138229370117
-3.973618984222412
1.999999987845058e-08
11.853775978088379
-13.782329559326172
-17.46598243713379
-1.999999987845058e-08
6.2174458503723145
-19.13284683227539
-26.949281692504883
1.999999987845058e-08
-3.118406295776367
-16.554391860961914
-24.258216857910156
-1.999999987845058e-08
-7.386717319488525
-7.417566299438477
-14.105107307434082
1.999999987845058e-08
-7.386717796325684
-7.417566299438477
-14.105107307434082
-1.999999987845058e-08
-1.804754614830017
0.583489716053009
-8.622147560119629
1.999999987845058e-08
8.341899871826172
3.159999370574951
-11.350848197937012
-1.999999987845058e-08
13.447189331054688
3.352280616760254
-15.154858589172363
1.999999987845058e-08
9.732394218444824
4.9118757247924805
-13.787206649780273
-1.999999987845058e-08
1.0302428007125854
8.82475757598877
-5.01914644241333
1.999999987845058e-08
-3.8416810035705566
14.303482055664062
8.835470199584961
-1.999999987845058e-08
2.938572883605957
17.70117950439453
16.658300399780273
1.999999987845058e-08
18.252389907836914
15.09594440460205
8.594764709472656
-1.999999987845058e-08
29.51463508605957
8.53262710571289
-8.943920135498047
1.999999987845058e-08
28.542484283447266
4.311901569366455
-19.889379501342773
-1.999999987845058e-08
17.980426788330078
4.26217794418335
-17.11171531677246
1.999999987845058e-08
5.419447898864746
4.490518093109131
-7.161134243011475
-1.999999987845058e-08
-3.8861148357391357
2.389540672302246
-0.31869176030158997
1.999999987845058e-08
-9.113603591918945
-1.8701496124267578
-2.6820666790008545
-1.999999987845058e-08
-12.61357307434082
-7.8709540367126465
-13.193552017211914
1.999999987845058e-08
-17.166776657104492
-12.832183837890625
-22.467390060424805
-1.999999987845058e-08
-21.555797576904297
-12.508580207824707
-21.72945785522461
1.999999987845058e-08
-20.837078094482422
-7.937164306640625
-14.399292945861816
-1.999999987845058e-08
-13.370861053466797
-4.924042701721191
-10.023300170898438
1.999999987845058e-08
-3.268827438354492
-5.5043206214904785
-10.189839363098145
-1.999999987845058e-08
4.994273662567139
-5.640997886657715
-8.945460319519043
1.999999987845058e-08
9.877450942993164
-2.499540328979492
-3.990638017654419
-1.999999987845058e-08
10.156739234924316
1.235256552696228
0.4843041002750397
1.999999987845058e-08
4.114537715911865
2.2622199058532715
1.737612247467041
-1.999999987845058e-08
-4.955988883972168
1.1531391143798828
1.3593060970306396
1.999999987845058e-08
-8.57331657409668
-0.07845209538936615
0.12319005280733109
-1.999999987845058e-08
-3.210226535797119
-2.0775978565216064
-4.396541595458984
1.999999987845058e-08
6.111921787261963
-7.414368152618408
-14.564366340637207
-1.999999987845058e-08
13.208197593688965
-14.785664558410645
-27.310440063476562
1.999999987845058e-08
13.208196640014648
-14.785665512084961
-27.310440063476562
-1.999999987845058e-08
14.905046463012695
-17.939781188964844
-35.1576042175293
1.999999987845058e-08
10.387517929077148
-14.694496154785156
-35.91871643066406
-1.999999987845058e-08
2.5216901302337646
-10.982063293457031
-34.93109893798828
1.999999987845058e-08
-3.2825052738189697
-9.89119815826416
-32.72560501098633
-1.999999987845058e-08
-5.1552205085754395
-4.810378074645996
-19.951221466064453
1.999999987845058e-08
