0
13.119051933288574
1.999999987845058e-08
-4.977938175201416
1.999999987845058e-08
22.11006736755371
-1.999999987845058e-08
-4.637264251708984
-1.999999987845058e-08
14.56723690032959
1.999999987845058e-08
-9.172358512878418
1.999999987845058e-08
-5.579265117645264
-1.999999987845058e-08
-11.795914649963379
-1.999999987845058e-08
-16.87346839904785
1.999999987845058e-08
-8.763413429260254
1.999999987845058e-08
-14.351236343383789
-1.999999987845058e-08
-4.93436336517334
-1.999999987845058e-08
-12.372241020202637
1.999999987845058e-08
-3.4315779209136963
1.999999987845058e-08
-15.308990478515625
-1.999999987845058e-08
-1.8753515481948853
-1.999999987845058e-08
-10.120553016662598
1.999999987845058e-08
-0.7927477359771729
1.999999987845058e-08
15.684497833251953
-1.999999987845058e-08
-9.50831127166748
-1.999999987845058e-08
6.640888214111328
1.999999987845058e-08
-10.045207977294922
1.999999987845058e-08
-6.190848350524902
-1.999999987845058e-08
-4.990713119506836
-1.999999987845058e-08
-3.1135964393615723
1.999999987845058e-08
-2.604661226272583
1.999999987845058e-08
11.221171379089355
-1.999999987845058e-08
-8.404369354248047
-1.999999987845058e-08
15.992558479309082
1.999999987845058e-08
-17.859966278076172
1.999999987845058e-08
3.992341995239258
-1.999999987845058e-08
-22.55150604248047
-1.999999987845058e-08
-11.076245307922363
1.999999987845058e-08
-19.273799896240234
1.999999987845058e-08
-13.73974323272705
-1.999999987845058e-08
-11.552652359008789
-1.999999987845058e-08
-5.041959762573242
1.999999987845058e-08
-3.8305788040161133
1.999999987845058e-08
-13.73974323272705
-1.999999987845058e-08
-11.552652359008789
-1.999999987845058e-08
-5.041959762573242
1.999999987845058e-08
-3.8305788040161133
1.999999987845058e-08
0.6921594738960266
-1.999999987845058e-08
3.5614206790924072
-1.999999987845058e-08
-4.068141937255859
1.999999987845058e-08
12.122611999511719
1.999999987845058e-08
-10.11000919342041
-1.999999987845058e-08
19.448476791381836
-1.999999987845058e-08
-6.606334209442139
1.999999987845058e-08
19.24602508544922
1.999999987845058e-08
2.052947759628296
-1.999999987845058e-08
9.288711547851562
-1.999999987845058e-08
3.820082426071167
1.999999987845058e-08
-2.9065186977386475
1.999999987845058e-08
-2.571950674057007
-1.999999987845058e-08
-6.863412380218506
-1.999999987845058e-08
-7.996331214904785
1.999999987845058e-08
-0.23169463872909546
1.999999987845058e-08
-9.958210945129395
-1.999999987845058e-08
11.006453514099121
-1.999999987845058e-08
-14.390800476074219
1.999999987845058e-08
19.824594497680664
1.999999987845058e-08
-18.74432945251465
-1.999999987845058e-08
21.761489868164062
-1.999999987845058e-08
-12.717042922973633
1.999999987845058e-08
15.888396263122559
1.999999987845058e-08
1.3918367624282837
-1.999999987845058e-08
6.4980034828186035
-1.999999987845058e-08
8.81141471862793
1.999999987845058e-08
1.4345725774765015
1.999999987845058e-08
4.36539888381958
-1.999999987845058e-08
4.894437789916992
-1.999999987845058e-08
-0.9814935326576233
1.999999987845058e-08
12.530695915222168
1.999999987845058e-08
2.134331226348877
-1.999999987845058e-08
15.813226699829102
-1.999999987845058e-08
9.122259140014648
1.999999987845058e-08
10.641192436218262
1.999999987845058e-08
9.122258186340332
-1.999999987845058e-08
10.641192436218262
-1.999999987845058e-08
12.037137031555176
1.999999987845058e-08
1.2291392087936401
1.999999987845058e-08
10.912738800048828
-1.999999987845058e-08
-4.628823280334473
-1.999999987845058e-08
8.265626907348633
1.999999987845058e-08
-3.926805019378662
1.999999987845058e-08
3.9375011920928955
-1.999999987845058e-08
0.2635084390640259
-1.999999987845058e-08
-0.654215931892395
1.999999987845058e-08
5.095930099487305
1.999999987845058e-08
-1.490826964378357
-1.999999987845058e-08
10.015554428100586
-1.999999987845058e-08
2.751279830932617
1.999999987845058e-08
12.318345069885254
1.999999987845058e-08
8.04909896850586
-1.999999987845058e-08
8.16339111328125
-1.999999987845058e-08
10.299322128295898
1.999999987845058e-08
-0.6763743758201599
1.999999987845058e-08
11.809918403625488
-1.999999987845058e-08
-8.065657615661621
-1.999999987845058e-08
15.777413368225098
1.999999987845058e-08
-11.278056144714355
1.999999987845058e-08
17.37904167175293
-1.999999987845058e-08
-11.167134284973145
-1.999999987845058e-08
12.211210250854492
1.999999987845058e-08
-7.890397548675537
1.999999987845058e-08
7.843844890594482
-1.999999987845058e-08
-3.711686849594116
-1.999999987845058e-08
12.582494735717773
1.999999987845058e-08
-5.644804000854492
1.999999987845058e-08
19.352096557617188
-1.999999987845058e-08
-17.166728973388672
-1.999999987845058e-08
15.659174919128418
1.999999987845058e-08
-30.41303062438965
1.999999987845058e-08
3.4304678440093994
-1.999999987845058e-08
-33.57469177246094
-1.999999987845058e-08
-6.076854228973389
1.999999987845058e-08
-24.329605102539062
1.999999987845058e-08
-17.7841739654541
-1.999999987845058e-08
-2.7045538425445557
-1.999999987845058e-08
-23.59261703491211
1.999999987845058e-08
0.23434112966060638
1.999999987845058e-08
-22.319190979003906
-1.999999987845058e-08
0.10311640053987503
-1.999999987845058e-08
-18.480356216430664
1.999999987845058e-08
-1.923891305923462
1.999999987845058e-08
-20.043397903442383
-1.999999987845058e-08
-4.572965621948242
-1.999999987845058e-08
-22.25494384765625
1.999999987845058e-08
-6.054990768432617
1.999999987845058e-08
-15.960118293762207
-1.999999987845058e-08
-5.5300421714782715
-1.999999987845058e-08
-5.947027683258057
1.999999987845058e-08
-2.6012187004089355
1.999999987845058e-08
-5.527777194976807
-1.999999987845058e-08
2.3451857566833496
-1.999999987845058e-08
-16.13129234313965
1.999999987845058e-08
7.0355000495910645
1.999999987845058e-08
-15.400805473327637
-1.999999987845058e-08
4.049178600311279
-1.999999987845058e-08
3.0700676441192627
1.999999987845058e-08
-3.6149637699127197
1.999999987845058e-08
16.034587860107422
-1.999999987845058e-08
-8.106006622314453
-1.999999987845058e-08
15.667506217956543
1.999999987845058e-08
-4.84033727645874
1.999999987845058e-08
6.966378211975098
-1.999999987845058e-08
3.821505308151245
-1.999999987845058e-08
-0.5616624355316162
1.999999987845058e-08
12.512312889099121
1.999999987845058e-08
-0.5372164249420166
-1.999999987845058e-08
17.014875411987305
-1.999999987845058e-08
5.112349987030029
1.999999987845058e-08
16.150392532348633
1.999999987845058e-08
8.089052200317383
-1.999999987845058e-08
13.572908401489258
-1.999999987845058e-08
4.67281436920166
1.999999987845058e-08
12.705673217773438
1.999999987845058e-08
0.47282689809799194
-1.999999987845058e-08
10.834156036376953
-1.999999987845058e-08
2.129417657852173
1.999999987845058e-08
5.157209873199463
1.999999987845058e-08
9.791821479797363
-1.999999987845058e-08
-0.009009766392409801
-1.999999987845058e-08
17.06182861328125
1.999999987845058e-08
0.9474223256111145
1.999999987845058e-08
15.329730987548828
-1.999999987845058e-08
6.747222423553467
-1.999999987845058e-08
3.441044569015503
1.999999987845058e-08
11.641373634338379
1.999999987845058e-08
-6.905885219573975
-1.999999987845058e-08
12.017561912536621
-1.999999987845058e-08
-3.0559780597686768
1.999999987845058e-08
8.056464195251465
1.999999987845058e-08
11.800045013427734
-1.999999987845058e-08
2.1970555782318115
-1.999999987845058e-08
20.5539608001709
1.999999987845058e-08
-2.0138375759124756
1.999999987845058e-08
11.800045013427734
-1.999999987845058e-08
2.1970555782318115
-1.999999987845058e-08
20.5539608001709
1.999999987845058e-08
-2.0138375759124756
1.999999987845058e-08
13.022088050842285
-1.999999987845058e-08
-1.8987138271331787
-1.999999987845058e-08
-2.5436227321624756
1.999999987845058e-08
1.9676541090011597
1.999999987845058e-08
-13.071219444274902
-1.999999987845058e-08
6.125244140625
-1.999999987845058e-08
-15.408038139343262
1.999999987845058e-08
7.023454189300537
1.999999987845058e-08
-12.465653419494629
-1.999999987845058e-08
3.9164724349975586
-1.999999987845058e-08
-6.394214630126953
1.999999987845058e-08
-0.7908082604408264
1.999999987845058e-08
0.34840500354766846
-1.999999987845058e-08
-4.5040693283081055
-1.999999987845058e-08
4.335617542266846
1.999999987845058e-08
-6.653591632843018
1.999999987845058e-08
2.200045108795166
-1.999999987845058e-08
0.27488812804222107
-1.999999987845058e-08
1.6140583753585815
1.999999987845058e-08
-2.1638975143432617
1.999999987845058e-08
0.9165911674499512
-1.999999987845058e-08
-8.447694778442383
-1.999999987845058e-08
2.597529649734497
1.999999987845058e-08
-13.30015754699707
1.999999987845058e-08
3.7428956031799316
-1.999999987845058e-08
-12.358997344970703
-1.999999987845058e-08
1.0950745344161987
1.999999987845058e-08
-6.481462001800537
1.999999987845058e-08
-3.633525848388672
-1.999999987845058e-08
-0.38805198669433594
-1.999999987845058e-08
-4.8173828125
1.999999987845058e-08
1.4221916198730469
1.999999987845058e-08
1.5647728443145752
-1.999999987845058e-08
-1.5361177921295166
-1.999999987845058e-08
10.149103164672852
1.999999987845058e-08
-5.1527838706970215
1.999999987845058e-08
-4.8173828125
-1.999999987845058e-08
1.4221916198730469
-1.999999987845058e-08
1.5647729635238647
1.999999987845058e-08
-1.536117672920227
1.999999987845058e-08
10.149103164672852
-1.999999987845058e-08
-5.1527838706970215
-1.999999987845058e-08
9.30904483795166
1.999999987845058e-08
-5.556319713592529
1.999999987845058e-08
-3.073408603668213
-1.999999987845058e-08
-3.3505160808563232
-1.999999987845058e-08
-14.961602210998535
1.999999987845058e-08
-1.310368299484253
1.999999987845058e-08
-15.573541641235352
-1.999999987845058e-08
-0.4634350836277008
-1.999999987845058e-08
-7.1121063232421875
1.999999987845058e-08
-1.1240475177764893
1.999999987845058e-08
2.4213449954986572
-1.999999987845058e-08
-4.9494476318359375
-1.999999987845058e-08
9.401688575744629
1.999999987845058e-08
-11.752758026123047
1.999999987845058e-08
5.265353679656982
-1.999999987845058e-08
-12.055374145507812
-1.999999987845058e-08
-4.258681297302246
1.999999987845058e-08
-6.595871925354004
1.999999987845058e-08
-8.823737144470215
-1.999999987845058e-08
-3.908634901046753
-1.999999987845058e-08
-6.299383640289307
1.999999987845058e-08
-3.5712034702301025
1.999999987845058e-08
-2.089641809463501
-1.999999987845058e-08
-2.5468130111694336
-1.999999987845058e-08
-0.5930111408233643
1.999999987845058e-08
1.2963157892227173
1.999999987845058e-08
0.22535066306591034
-1.999999987845058e-08
6.778819561004639
-1.999999987845058e-08
2.2457821369171143
1.999999987845058e-08
11.206536293029785
1.999999987845058e-08
1.384109377861023
-1.999999987845058e-08
14.359366416931152
-1.999999987845058e-08
-4.922891616821289
1.999999987845058e-08
18.216259002685547
1.999999987845058e-08
-11.61856746673584
-1.999999987845058e-08
23.586063385009766
-1.999999987845058e-08
-7.190876483917236
1.999999987845058e-08
20.151264190673828
1.999999987845058e-08
-3.220388889312744
-1.999999987845058e-08
14.464533805847168
-1.999999987845058e-08
-3.2179512977600098
1.999999987845058e-08
8.98560619354248
1.999999987845058e-08
-6.7382612228393555
-1.999999987845058e-08
4.523594856262207
-1.999999987845058e-08
-9.62968635559082
1.999999987845058e-08
1.6342129707336426
1.999999987845058e-08
-6.3358540534973145
-1.999999987845058e-08
0.5557410717010498
-1.999999987845058e-08
4.524685859680176
1.999999987845058e-08
1.110998272895813
1.999999987845058e-08
15.366352081298828
-1.999999987845058e-08
3.5036680698394775
-1.999999987845058e-08
15.50872802734375
1.999999987845058e-08
7.350280284881592
1.999999987845058e-08
15.366352081298828
-1.999999987845058e-08
3.5036680698394775
-1.999999987845058e-08
15.50872802734375
1.999999987845058e-08
7.350280284881592
1.999999987845058e-08
3.4935076236724854
-1.999999987845058e-08
10.610688209533691
-1.999999987845058e-08
-11.915580749511719
1.999999987845058e-08
11.043938636779785
1.999999987845058e-08
-20.146957397460938
-1.999999987845058e-08
7.013763904571533
-1.999999987845058e-08
-14.439776420593262
1.999999987845058e-08
-2.60233736038208
1.999999987845058e-08
3.043365478515625
-1.999999987845058e-08
-14.849169731140137
-1.999999987845058e-08
19.856735229492188
1.999999987845058e-08
-21.237218856811523
1.999999987845058e-08
24.335363388061523
-1.999999987845058e-08
-16.583145141601562
-1.999999987845058e-08
17.112979888916016
1.999999987845058e-08
-6.547861099243164
1.999999987845058e-08
4.294006824493408
-1.999999987845058e-08
-6.718525409698486
-1.999999987845058e-08
8.277152061462402
1.999999987845058e-08
-10.603939056396484
1.999999987845058e-08
10.910357475280762
-1.999999987845058e-08
-11.161361694335938
-1.999999987845058e-08
10.628761291503906
1.999999987845058e-08
-9.746289253234863
1.999999987845058e-08
8.825185775756836
-1.999999987845058e-08
-10.198915481567383
-1.999999987845058e-08
7.819221496582031
1.999999987845058e-08
-13.289918899536133
1.999999987845058e-08
6.970651149749756
-1.999999987845058e-08
-15.300484657287598
-1.999999987845058e-08
3.482534646987915
1.999999987845058e-08
-13.884448051452637
1.999999987845058e-08
-2.8118793964385986
-1.999999987845058e-08
-10.345487594604492
-1.999999987845058e-08
-9.63433837890625
1.999999987845058e-08
-6.122835636138916
1.999999987845058e-08
-16.0472354888916
-1.999999987845058e-08
-1.845698595046997
-1.999999987845058e-08
-22.106748580932617
1.999999987845058e-08
1.982362985610962
1.999999987845058e-08
-24.7128963470459
-1.999999987845058e-08
5.537985801696777
-1.999999987845058e-08
-19.150461196899414
1.999999987845058e-08
8.443753242492676
1.999999987845058e-08
-6.857086181640625
-1.999999987845058e-08
9.00965404510498
-1.999999987845058e-08
3.327906370162964
1.999999987845058e-08
6.309150695800781
1.999999987845058e-08
3.3361659049987793
-1.999999987845058e-08
2.0846331119537354
-1.999999987845058e-08
-5.564093112945557
1.999999987845058e-08
0.3019941449165344
1.999999987845058e-08
-11.642501831054688
-1.999999987845058e-08
3.5101287364959717
-1.999999987845058e-08
-4.380760669708252
1.999999987845058e-08
9.473908424377441
1.999999987845058e-08
-4.380760669708252
-1.999999987845058e-08
9.473908424377441
-1.999999987845058e-08
11.11612319946289
1.999999987845058e-08
13.772309303283691
1.999999987845058e-08
18.836925506591797
-1.999999987845058e-08
15.010682106018066
-1.999999987845058e-08
10.970756530761719
1.999999987845058e-08
14.956770896911621
1.999999987845058e-08
-4.67064905166626
-1.999999987845058e-08
15.366961479187012
-1.999999987845058e-08
-13.699586868286133
1.999999987845058e-08
16.813365936279297
1.999999987845058e-08
-8.791800498962402
-1.999999987845058e-08
18.261493682861328
-1.999999987845058e-08
2.8612043857574463
1.999999987845058e-08
17.239105224609375
1.999999987845058e-08
8.37824535369873
-1.999999987845058e-08
12.248839378356934
-1.999999987845058e-08
4.325066566467285
1.999999987845058e-08
4.377257823944092
1.999999987845058e-08
-2.9839329719543457
-1.999999987845058e-08
-3.0039167404174805
-1.999999987845058e-08
-6.4126057624816895
1.999999987845058e-08
-5.941722393035889
1.999999987845058e-08
-1.9127826690673828
-1.999999987845058e-08
-4.727274417877197
-1.999999987845058e-08
8.124850273132324
1.999999987845058e-08
-5.247334957122803
1.999999987845058e-08
13.69423770904541
-1.999999987845058e-08
-10.775649070739746
-1.999999987845058e-08
8.145401954650879
1.999999987845058e-08
-16.85967445373535
1.999999987845058e-08
-1.3601601123809814
-1.999999987845058e-08
-17.89945411682129
-1.999999987845058e-08
-2.7799415588378906
1.999999987845058e-08
-13.329360961914062
1.999999987845058e-08
4.970353126525879
-1.999999987845058e-08
-6.868358135223389
-1.999999987845058e-08
11.367748260498047
1.999999987845058e-08
-3.470733642578125
1.999999987845058e-08
7.9596357345581055
-1.999999987845058e-08
-4.75820779800415
-1.999999987845058e-08
-0.6971139907836914
1.999999987845058e-08
-7.085410118103027
1.999999987845058e-08
-2.936746597290039
-1.999999987845058e-08
-6.538079738616943
-1.999999987845058e-08
4.2605180740356445
1.999999987845058e-08
-3.274348258972168
1.999999987845058e-08
11.395599365234375
-1.999999987845058e-08
0.4827887713909149
-1.999999987845058e-08
8.223367691040039
1.999999987845058e-08
3.640204668045044
1.999999987845058e-08
-4.471133232116699
-1.999999987845058e-08
6.032927513122559
-1.999999987845058e-08
-15.057446479797363
1.999999987845058e-08
6.489304542541504
1.999999987845058e-08
-13.87009048461914
-1.999999987845058e-08
3.7684335708618164
-1.999999987845058e-08
-4.383544921875
1.999999987845058e-08
-0.44793054461479187
1.999999987845058e-08
-1.182044267654419
-1.999999987845058e-08
-6.8456878662109375
-1.999999987845058e-08
-11.371893882751465
1.999999987845058e-08
-10.47372055053711
1.999999987845058e-08
-19.02671241760254
-1.999999987845058e-08
-10.616787910461426
-1.999999987845058e-08
-17.8200740814209
1.999999987845058e-08
-5.492556095123291
1.999999987845058e-08
-12.039011001586914
-1.999999987845058e-08
0.45877805352211
-1.999999987845058e-08
-7.893599033355713
1.999999987845058e-08
2.5875117778778076
1.999999987845058e-08
-4.176784038543701
-1.999999987845058e-08
0.1207641065120697
-1.999999987845058e-08
1.2406806945800781
1.999999987845058e-08
-4.456609725952148
1.999999987845058e-08
5.650457859039307
-1.999999987845058e-08
-6.372295379638672
-1.999999987845058e-08
6.0461554527282715
1.999999987845058e-08
-2.4004056453704834
1.999999987845058e-08
1.2406806945800781
-1.999999987845058e-08
-4.456609725952148
-1.999999987845058e-08
5.650457859039307
1.999999987845058e-08
-6.372295379638672
1.999999987845058e-08
6.0461554527282715
-1.999999987845058e-08
-2.4004056453704834
-1.999999987845058e-08
1.8359215259552002
1.999999987845058e-08
5.149882793426514
1.999999987845058e-08
-5.4959635734558105
-1.999999987845058e-08
10.60841178894043
-1.999999987845058e-08
-10.097358703613281
1.999999987845058e-08
10.106804847717285
1.999999987845058e-08
-4.971227169036865
-1.999999987845058e-08
4.198494911193848
-1.999999987845058e-08
7.267575263977051
1.999999987845058e-08
-2.541773557662964
1.999999987845058e-08
13.926166534423828
-1.999999987845058e-08
-4.7565693855285645
-1.999999987845058e-08
8.626225471496582
1.999999987845058e-08
-0.9549403786659241
1.999999987845058e-08
20.93935775756836
-1.999999987845058e-08
-3.017803907394409
-1.999999987845058e-08
18.332399368286133
1.999999987845058e-08
-5.632236480712891
1.999999987845058e-08
7.278269290924072
-1.999999987845058e-08
-2.1097352504730225
-1.999999987845058e-08
-4.775191307067871
1.999999987845058e-08
5.361572742462158
1.999999987845058e-08
-6.735740661621094
-1.999999987845058e-08
11.848540306091309
-1.999999987845058e-08
4.394148349761963
1.999999987845058e-08
12.569416046142578
1.999999987845058e-08
18.335548400878906
-1.999999987845058e-08
6.400997161865234
-1.999999987845058e-08
21.918794631958008
1.999999987845058e-08
-2.463782787322998
1.999999987845058e-08
11.337068557739258
-1.999999987845058e-08
-8.021352767944336
-1.999999987845058e-08
-3.1257996559143066
1.999999987845058e-08
-8.207045555114746
1.999999987845058e-08
21.918794631958008
-1.999999987845058e-08
-2.463782787322998
-1.999999987845058e-08
11.337068557739258
1.999999987845058e-08
-8.021352767944336
1.999999987845058e-08
-3.1257996559143066
-1.999999987845058e-08
-8.207045555114746
-1.999999987845058e-08
-6.859832763671875
1.999999987845058e-08
-6.22705078125
1.999999987845058e-08
0.15685757994651794
-1.999999987845058e-08
-5.042134761810303
-1.999999987845058e-08
19.56127166748047
1.999999987845058e-08
-16.1315975189209
1.999999987845058e-08
20.06584930419922
-1.999999987845058e-08
-53.4295768737793
-1.999999987845058e-08
-108.44017028808594
1.999999987845058e-08
-78.82676696777344
1.999999987845058e-08
-272.41180419921875
-1.999999987845058e-08
-44.44700622558594
-1.999999987845058e-08
-126.69915008544922
1.999999987845058e-08
12.206096649169922
1.999999987845058e-08
-199.93544006347656
-1.999999987845058e-08
65.7310791015625
-1.999999987845058e-08
-412.4542236328125
1.999999987845058e-08
81.38521575927734
1.999999987845058e-08
-202.08267211914062
-1.999999987845058e-08
53.47016906738281
-1.999999987845058e-08
53.36177062988281
1.999999987845058e-08
-12.238534927368164
1.999999987845058e-08
137.1693878173828
-1.999999987845058e-08
-36.53179931640625
-1.999999987845058e-08
295.21856689453125
1.999999987845058e-08
31.089763641357422
1.999999987845058e-08
553.6742553710938
-1.999999987845058e-08
108.74352264404297
-1.999999987845058e-08
518.5868530273438
1.999999987845058e-08
81.62877655029297
1.999999987845058e-08
140.2445526123047
-1.999999987845058e-08
-4.051959037780762
-1.999999987845058e-08
-130.02711486816406
1.999999987845058e-08
-21.646522521972656
1.999999987845058e-08
70.2530288696289
-1.999999987845058e-08
5.228302478790283
-1.999999987845058e-08
10.680910110473633
1.999999987845058e-08
-36.46364974975586
1.999999987845058e-08
-178.99899291992188
-1.999999987845058e-08
-27.498777389526367
-1.999999987845058e-08
-245.26434326171875
1.999999987845058e-08
14.789693832397461
1.999999987845058e-08
-74.66043853759766
-1.999999987845058e-08
0.7055888175964355
-1.999999987845058e-08
131.86260986328125
1.999999987845058e-08
-70.49449920654297
1.999999987845058e-08
55.659786224365234
-1.999999987845058e-08
-102.47594451904297
-1.999999987845058e-08
-263.90777587890625
1.999999987845058e-08
-47.473087310791016
1.999999987845058e-08
-359.7580261230469
-1.999999987845058e-08
23.270036697387695
-1.999999987845058e-08
-19.152938842773438
1.999999987845058e-08
12.742591857910156
1.999999987845058e-08
-359.7580261230469
-1.999999987845058e-08
23.270036697387695
-1.999999987845058e-08
-19.152938842773438
1.999999987845058e-08
12.742591857910156
1.999999987845058e-08
266.291259765625
-1.999999987845058e-08
-70.2867660522461
-1.999999987845058e-08
15.406661033630371
1.999999987845058e-08
-108.30008697509766
1.999999987845058e-08
-390.6990966796875
-1.999999987845058e-08
-31.50386619567871
-1.999999987845058e-08
-266.8758850097656
1.999999987845058e-08
62.02827835083008
1.999999987845058e-08
205.02719116210938
-1.999999987845058e-08
33.46574020385742
-1.999999987845058e-08
242.1107635498047
1.999999987845058e-08
-73.37876892089844
1.999999987845058e-08
-195.65182495117188
-1.999999987845058e-08
-81.39981079101562
-1.999999987845058e-08
-327.7404479980469
1.999999987845058e-08
34.48281478881836
1.999999987845058e-08
315.1143493652344
-1.999999987845058e-08
5.305896759033203
-1.999999987845058e-08
-11.12681770324707
1.999999987845058e-08
-73.9790267944336
1.999999987845058e-08
-285.2094421386719
-1.999999987845058e-08
-11.098872184753418
-1.999999987845058e-08
-8.087190628051758
1.999999987845058e-08
72.56879425048828
1.999999987845058e-08
322.9737548828125
-1.999999987845058e-08
19.434877395629883
-1.999999987845058e-08
123.4930191040039
1.999999987845058e-08
-79.2071533203125
1.999999987845058e-08
-244.53968811035156
-1.999999987845058e-08
-43.1827278137207
-1.999999987845058e-08
-137.45057678222656
1.999999987845058e-08
76.17318725585938
1.999999987845058e-08
245.67373657226562
-1.999999987845058e-08
86.20845794677734
-1.999999987845058e-08
245.8596649169922
1.999999987845058e-08
-11.580391883850098
1.999999987845058e-08
-116.39447784423828
-1.999999987845058e-08
-34.4961051940918
-1.999999987845058e-08
-222.233154296875
1.999999987845058e-08
56.08723449707031
1.999999987845058e-08
84.36211395263672
-1.999999987845058e-08
94.8465347290039
-1.999999987845058e-08
290.7430419921875
1.999999987845058e-08
7.625129699707031
1.999999987845058e-08
95.0633544921875
-1.999999987845058e-08
-63.81087112426758
-1.999999987845058e-08
-161.5685577392578
1.999999987845058e-08
-8.136785507202148
1.999999987845058e-08
-103.1358642578125
-1.999999987845058e-08
76.95274353027344
-1.999999987845058e-08
129.32205200195312
1.999999987845058e-08
59.92610549926758
1.999999987845058e-08
176.52041625976562
-1.999999987845058e-08
-17.369396209716797
-1.999999987845058e-08
4.883788108825684
1.999999987845058e-08
-31.18962287902832
1.999999987845058e-08
4.883788108825684
-1.999999987845058e-08
-31.18962287902832
-1.999999987845058e-08
-114.51770782470703
1.999999987845058e-08
23.17224884033203
1.999999987845058e-08
-32.977272033691406
-1.999999987845058e-08
47.3701171875
-1.999999987845058e-08
100.5416259765625
1.999999987845058e-08
6.816749572753906
1.999999987845058e-08
88.6186752319336
-1.999999987845058e-08
-30.504629135131836
-1.999999987845058e-08
-40.2499885559082
1.999999987845058e-08
-12.30622386932373
1.999999987845058e-08
-94.32221984863281
-1.999999987845058e-08
26.676000595092773
-1.999999987845058e-08
-5.645961284637451
1.999999987845058e-08
28.541522979736328
1.999999987845058e-08
78.81111145019531
-1.999999987845058e-08
-6.530500888824463
-1.999999987845058e-08
35.937774658203125
1.999999987845058e-08
-32.09456253051758
1.999999987845058e-08
35.937774658203125
-1.999999987845058e-08
-32.09456253051758
-1.999999987845058e-08
-48.71453857421875
1.999999987845058e-08
-24.870227813720703
1.999999987845058e-08
-49.07957077026367
-1.999999987845058e-08
-10.661971092224121
-1.999999987845058e-08
-10.804305076599121
1.999999987845058e-08
-18.39667510986328
1.999999987845058e-08
-31.664409637451172
-1.999999987845058e-08
-36.286869049072266
-1.999999987845058e-08
-60.28555679321289
1.999999987845058e-08
-35.755714416503906
1.999999987845058e-08
-12.181060791015625
-1.999999987845058e-08
-18.72185516357422
-1.999999987845058e-08
31.30988121032715
1.999999987845058e-08
-8.560941696166992
1.999999987845058e-08
-32.479000091552734
-1.999999987845058e-08
-7.401646614074707
-1.999999987845058e-08
-94.32624053955078
1.999999987845058e-08
-0.6565629243850708
1.999999987845058e-08
-94.32624053955078
-1.999999987845058e-08
-0.6565629243850708
-1.999999987845058e-08
-9.676036834716797
1.999999987845058e-08
4.359005451202393
1.999999987845058e-08
96.90206909179688
-1.999999987845058e-08
-10.005433082580566
-1.999999987845058e-08
20.997961044311523
1.999999987845058e-08
-24.88642692565918
1.999999987845058e-08
-121.26819610595703
-1.999999987845058e-08
-6.229750633239746
-1.999999987845058e-08
-59.2945671081543
1.999999987845058e-08
25.44923210144043
1.999999987845058e-08
129.76715087890625
-1.999999987845058e-08
16.07830810546875
-1.999999987845058e-08
118.71270751953125
1.999999987845058e-08
-23.848533630371094
1.999999987845058e-08
-84.13998413085938
-1.999999987845058e-08
-23.977792739868164
-1.999999987845058e-08
-124.07434844970703
1.999999987845058e-08
24.557106018066406
1.999999987845058e-08
-153.1248779296875
-1.999999987845058e-08
10.183433532714844
-1.999999987845058e-08
-14.279900550842285
1.999999987845058e-08
47.27369689941406
1.999999987845058e-08
125.85298919677734
-1.999999987845058e-08
14.82351016998291
-1.999999987845058e-08
18.341890335083008
1.999999987845058e-08
-35.835723876953125
1.999999987845058e-08
-122.65179443359375
-1.999999987845058e-08
-22.877113342285156
-1.999999987845058e-08
-25.898834228515625
1.999999987845058e-08
21.80083656311035
1.999999987845058e-08
135.58004760742188
-1.999999987845058e-08
14.884394645690918
-1.999999987845058e-08
64.04444885253906
1.999999987845058e-08
-25.843122482299805
1.999999987845058e-08
-120.22317504882812
-1.999999987845058e-08
-17.72956085205078
-1.999999987845058e-08
-100.20082092285156
1.999999987845058e-08
31.516382217407227
1.999999987845058e-08
-120.22317504882812
-1.999999987845058e-08
-17.72956085205078
-1.999999987845058e-08
-100.20082092285156
1.999999987845058e-08
31.516382217407227
1.999999987845058e-08
72.89679718017578
-1.999999987845058e-08
35.04081344604492
-1.999999987845058e-08
88.17219543457031
1.999999987845058e-08
-16.063995361328125
1.999999987845058e-08
-69.88545227050781
-1.999999987845058e-08
-35.14647674560547
-1.999999987845058e-08
-117.64359283447266
1.999999987845058e-08
7.37100887298584
1.999999987845058e-08
16.60003089904785
-1.999999987845058e-08
36.0394172668457
-1.999999987845058e-08
93.22755432128906
1.999999987845058e-08
5.885643005371094
1.999999987845058e-08
-0.5857774615287781
-1.999999987845058e-08
-25.807836532592773
-1.999999987845058e-08
-82.22774505615234
1.999999987845058e-08
-8.016996383666992
1.999999987845058e-08
-26.946855545043945
-1.999999987845058e-08
-12.313551902770996
-1.999999987845058e-08
-19.586576461791992
1.999999987845058e-08
14.162247657775879
1.999999987845058e-08
15.147149085998535
-1.999999987845058e-08
17.84897804260254
-1.999999987845058e-08
5.153964996337891
1.999999987845058e-08
0.2786943316459656
1.999999987845058e-08
-11.636889457702637
-1.999999987845058e-08
-5.16985559463501
-1.999999987845058e-08
15.521377563476562
1.999999987845058e-08
3.8974387645721436
1.999999987845058e-08
39.72661590576172
-1.999999987845058e-08
2.946194648742676
-1.999999987845058e-08
10.740561485290527
1.999999987845058e-08
-7.472910404205322
1.999999987845058e-08
-20.101871490478516
-1.999999987845058e-08
-6.234836101531982
-1.999999987845058e-08
10.008721351623535
1.999999987845058e-08
2.1444904804229736
1.999999987845058e-08
10.740561485290527
-1.999999987845058e-08
-7.472910404205322
-1.999999987845058e-08
-20.101871490478516
1.999999987845058e-08
-6.234836101531982
1.999999987845058e-08
10.008721351623535
-1.999999987845058e-08
2.1444904804229736
-1.999999987845058e-08
56.24705505371094
1.999999987845058e-08
-3.9298133850097656
1.999999987845058e-08
37.03600311279297
-1.999999987845058e-08
-17.4129638671875
-1.999999987845058e-08
-26.00128173828125
1.999999987845058e-08
-12.107268333435059
1.999999987845058e-08
-38.060447692871094
-1.999999987845058e-08
8.556196212768555
-1.999999987845058e-08
18.2672119140625
1.999999987845058e-08
13.35091495513916
1.999999987845058e-08
53.28165817260742
-1.999999987845058e-08
-5.758167743682861
-1.999999987845058e-08
5.611988544464111
1.999999987845058e-08
-19.227182388305664
1.999999987845058e-08
-54.44966125488281
-1.999999987845058e-08
15.173295974731445
-1.999999987845058e-08
22.54009246826172
1.999999987845058e-08
14.311288833618164
1.999999987845058e-08
58.425384521484375
-1.999999987845058e-08
-3.4241607189178467
-1.999999987845058e-08
0.8442056179046631
1.999999987845058e-08
-8.794102668762207
1.999999987845058e-08
-62.101741790771484
-1.999999987845058e-08
5.505376815795898
-1.999999987845058e-08
-30.79560661315918
1.999999987845058e-08
14.435935974121094
1.999999987845058e-08
47.351749420166016
-1.999999987845058e-08
1.3465819358825684
-1.999999987845058e-08
47.3703727722168
1.999999987845058e-08
-14.677766799926758
1.999999987845058e-08
-30.795684814453125
-1.999999987845058e-08
-8.829977989196777
-1.999999987845058e-08
-60.22564697265625
1.999999987845058e-08
8.85276985168457
1.999999987845058e-08
39.84769821166992
-1.999999987845058e-08
-11.762475967407227
-1.999999987845058e-08
-9.008194923400879
1.999999987845058e-08
-19.172807693481445
1.999999987845058e-08
-52.51581573486328
-1.999999987845058e-08
-0.29308223724365234
-1.999999987845058e-08
-8.445755958557129
1.999999987845058e-08
16.488842010498047
1.999999987845058e-08
46.037322998046875
-1.999999987845058e-08
5.352896690368652
-1.999999987845058e-08
17.032949447631836
1.999999987845058e-08
-15.805204391479492
1.999999987845058e-08
-36.994937896728516
-1.999999987845058e-08
-15.248819351196289
-1.999999987845058e-08
-17.325183868408203
1.999999987845058e-08
1.840254783630371
1.999999987845058e-08
34.74310302734375
-1.999999987845058e-08
6.420480728149414
-1.999999987845058e-08
21.615859985351562
1.999999987845058e-08
-2.3270692825317383
1.999999987845058e-08
-26.579538345336914
-1.999999987845058e-08
0.8984171152114868
-1.999999987845058e-08
-11.363154411315918
1.999999987845058e-08
16.858877182006836
1.999999987845058e-08
47.26469802856445
-1.999999987845058e-08
18.561729431152344
-1.999999987845058e-08
46.55629348754883
1.999999987845058e-08
1.8951492309570312
1.999999987845058e-08
-9.117653846740723
-1.999999987845058e-08
-5.277531147003174
-1.999999987845058e-08
-19.4650821685791
1.999999987845058e-08
6.848701000213623
1.999999987845058e-08
22.781980514526367
-1.999999987845058e-08
13.539525985717773
-1.999999987845058e-08
21.04130744934082
1.999999987845058e-08
2.323594331741333
1.999999987845058e-08
-39.05952835083008
-1.999999987845058e-08
-5.214334011077881
-1.999999987845058e-08
-57.199520111083984
1.999999987845058e-08
3.95334529876709
1.999999987845058e-08
-57.199520111083984
-1.999999987845058e-08
3.95334529876709
-1.999999987845058e-08
-2.226200819015503
1.999999987845058e-08
9.231138229370117
1.999999987845058e-08
29.60691261291504
-1.999999987845058e-08
-4.65920352935791
-1.999999987845058e-08
-10.06080436706543
1.999999987845058e-08
-17.98732566833496
1.999999987845058e-08
-39.174983978271484
-1.999999987845058e-08
-9.753374099731445
-1.999999987845058e-08
-3.355290651321411
1.999999987845058e-08
6.012738227844238
1.999999987845058e-08
25.583951950073242
-1.999999987845058e-08
5.510018825531006
-1.999999987845058e-08
-9.65347671508789
1.999999987845058e-08
-4.122170448303223
1.999999987845058e-08
-42.19781494140625
-1.999999987845058e-08
-1.5119715929031372
-1.999999987845058e-08
-9.966373443603516
1.999999987845058e-08
8.447932243347168
1.999999987845058e-08
-11.592473030090332
-1.999999987845058e-08
-1.9915575981140137
-1.999999987845058e-08
-52.356685638427734
1.999999987845058e-08
1.0110948085784912
1.999999987845058e-08
-15.453248023986816
-1.999999987845058e-08
10.844685554504395
-1.999999987845058e-08
52.6539306640625
1.999999987845058e-08
6.269112586975098
1.999999987845058e-08
55.07147979736328
-1.999999987845058e-08
-11.326915740966797
-1.999999987845058e-08
4.923240661621094
1.999999987845058e-08
-17.889631271362305
1.999999987845058e-08
-9.314062118530273
-1.999999987845058e-08
-7.4425482749938965
-1.999999987845058e-08
24.834186553955078
1.999999987845058e-08
-1.5752387046813965
1.999999987845058e-08
34.823673248291016
-1.999999987845058e-08
-10.637118339538574
-1.999999987845058e-08
-5.4090576171875
1.999999987845058e-08
-16.26667594909668
1.999999987845058e-08
-34.10995864868164
-1.999999987845058e-08
-6.034228801727295
-1.999999987845058e-08
-10.116313934326172
1.999999987845058e-08
4.055098056793213
1.999999987845058e-08
23.71953582763672
-1.999999987845058e-08
-0.5578038692474365
-1.999999987845058e-08
19.4266300201416
1.999999987845058e-08
-8.406140327453613
1.999999987845058e-08
-4.454759120941162
-1.999999987845058e-08
-4.73263692855835
-1.999999987845058e-08
-9.378692626953125
1.999999987845058e-08
5.558260440826416
1.999999987845058e-08
0.9895484447479248
-1.999999987845058e-08
10.855086326599121
-1.999999987845058e-08
3.4820213317871094
1.999999987845058e-08
10.43617057800293
1.999999987845058e-08
-0.7090330123901367
-1.999999987845058e-08
9.43146800994873
-1.999999987845058e-08
2.7491672039031982
1.999999987845058e-08
7.516891002655029
1.999999987845058e-08
12.160027503967285
-1.999999987845058e-08
2.3318722248077393
-1.999999987845058e-08
15.757676124572754
1.999999987845058e-08
-1.860316276550293
1.999999987845058e-08
12.137714385986328
-1.999999987845058e-08
0.38441839814186096
-1.999999987845058e-08
7.483889102935791
1.999999987845058e-08
5.264960289001465
1.999999987845058e-08
2.056846857070923
-1.999999987845058e-08
5.380074501037598
-1.999999987845058e-08
-6.8977251052856445
1.999999987845058e-08
1.791122317314148
1.999999987845058e-08
-16.142534255981445
-1.999999987845058e-08
1.5925233364105225
-1.999999987845058e-08
-19.85908317565918
1.999999987845058e-08
7.258659839630127
1.999999987845058e-08
-17.543651580810547
-1.999999987845058e-08
13.263443946838379
-1.999999987845058e-08
-15.136557579040527
1.999999987845058e-08
12.739843368530273
1.999999987845058e-08
-15.136557579040527
-1.999999987845058e-08
12.739843368530273
-1.999999987845058e-08
-18.296674728393555
1.999999987845058e-08
5.871013164520264
1.999999987845058e-08
-21.473587036132812
-1.999999987845058e-08
-1.9043068885803223
-1.999999987845058e-08
-10.863028526306152
1.999999987845058e-08
-8.20587158203125
1.999999987845058e-08
11.395556449890137
-1.999999987845058e-08
-13.119972229003906
-1.999999987845058e-08
20.691829681396484
1.999999987845058e-08
-13.040468215942383
1.999999987845058e-08
6.206790447235107
-1.999999987845058e-08
-5.186835289001465
-1.999999987845058e-08
-6.675027847290039
1.999999987845058e-08
3.726043701171875
1.999999987845058e-08
5.949630260467529
-1.999999987845058e-08
3.652312994003296
-1.999999987845058e-08
27.48430633544922
1.999999987845058e-08
-5.243937969207764
1.999999987845058e-08
26.74547576904297
-1.999999987845058e-08
-12.577890396118164
-1.999999987845058e-08
7.82241153717041
1.999999987845058e-08
-10.852992057800293
1.999999987845058e-08
1.55723237991333
-1.999999987845058e-08
-4.2718987464904785
-1.999999987845058e-08
12.075096130371094
1.999999987845058e-08
-2.0626907348632812
1.999999987845058e-08
10.965739250183105
-1.999999987845058e-08
-4.901562213897705
-1.999999987845058e-08
-9.38498306274414
1.999999987845058e-08
-4.562243461608887
1.999999987845058e-08
-19.48818588256836
-1.999999987845058e-08
1.6698169708251953
-1.999999987845058e-08
-5.522562503814697
1.999999987845058e-08
4.941213607788086
1.999999987845058e-08
3.8892018795013428
-1.999999987845058e-08
-2.209193229675293
-1.999999987845058e-08
-12.252842903137207
1.999999987845058e-08
-14.022971153259277
1.999999987845058e-08
-12.252843856811523
-1.999999987845058e-08
-14.022971153259277
-1.999999987845058e-08
-29.93745231628418
1.999999987845058e-08
-19.64749526977539
1.999999987845058e-08
-22.022510528564453
-1.999999987845058e-08
-18.22405242919922
-1.999999987845058e-08
-4.06438684463501
1.999999987845058e-08
-16.68065071105957
1.999999987845058e-08
-4.489089488983154
-1.999999987845058e-08
-16.156822204589844
-1.999999987845058e-08
-14.403209686279297
1.999999987845058e-08
-11.541253089904785
1.999999987845058e-08
-8.018674850463867
-1.999999987845058e-08
-2.7473926544189453
-1.999999987845058e-08
5.353638648986816
1.999999987845058e-08
3.854620933532715
1.999999987845058e-08
-1.9402607679367065
-1.999999987845058e-08
5.986375331878662
-1.999999987845058e-08
-20.654895782470703
1.999999987845058e-08
8.916735649108887
1.999999987845058e-08
7.885359764099121
-1.999999987845058e-08
23.366413116455078
-1.999999987845058e-08
17.918113708496094
1.999999987845058e-08
26.840391159057617
1.999999987845058e-08
3.393754005432129
-1.999999987845058e-08
28.162240982055664
-1.999999987845058e-08
-5.447563648223877
1.999999987845058e-08
28.377328872680664
1.999999987845058e-08
5.5427727699279785
-1.999999987845058e-08
23.27934455871582
-1.999999987845058e-08
12.613504409790039
1.999999987845058e-08
12.211153984069824
1.999999987845058e-08
3.4830408096313477
-1.999999987845058e-08
3.784691572189331
-1.999999987845058e-08
-0.3493104577064514
1.999999987845058e-08
4.056010723114014
1.999999987845058e-08
12.992569923400879
-1.999999987845058e-08
6.759109020233154
-1.999999987845058e-08
23.240680694580078
1.999999987845058e-08
4.2221150398254395
1.999999987845058e-08
15.667381286621094
-1.999999987845058e-08
0.18820084631443024
-1.999999987845058e-08
6.561399459838867
1.999999987845058e-08
2.6021041870117188
1.999999987845058e-08
12.619461059570312
-1.999999987845058e-08
9.67151927947998
-1.999999987845058e-08
22.502283096313477
1.999999987845058e-08
13.17017936706543
1.999999987845058e-08
18.902671813964844
-1.999999987845058e-08
11.307537078857422
-1.999999987845058e-08
7.939122200012207
1.999999987845058e-08
6.9194416999816895
1.999999987845058e-08
5.8187642097473145
-1.999999987845058e-08
-1.6978039741516113
-1.999999987845058e-08
9.593523979187012
1.999999987845058e-08
-14.998926162719727
1.999999987845058e-08
3.263596773147583
-1.999999987845058e-08
-23.89474868774414
-1.999999987845058e-08
-12.589040756225586
1.999999987845058e-08
-19.939069747924805
1.999999987845058e-08
-14.631844520568848
-1.999999987845058e-08
-2.704735040664673
-1.999999987845058e-08
-8.561917304992676
1.999999987845058e-08
-7.037729740142822
1.999999987845058e-08
-8.936714172363281
-1.999999987845058e-08
-14.483901977539062
-1.999999987845058e-08
-7.106820583343506
1.999999987845058e-08
-17.633590698242188
1.999999987845058e-08
1.493735432624817
-1.999999987845058e-08
-17.132854461669922
-1.999999987845058e-08
7.861443996429443
1.999999987845058e-08
-16.467388153076172
1.999999987845058e-08
4.278672695159912
-1.999999987845058e-08
-14.464375495910645
-1.999999987845058e-08
-4.260568618774414
1.999999987845058e-08
-9.089119911193848
1.999999987845058e-08
-7.979984283447266
-1.999999987845058e-08
-3.6168367862701416
-1.999999987845058e-08
-4.257013320922852
1.999999987845058e-08
-2.7988851070404053
1.999999987845058e-08
2.083800792694092
-1.999999987845058e-08
-6.8296027183532715
-1.999999987845058e-08
5.70340633392334
1.999999987845058e-08
-11.840607643127441
1.999999987845058e-08
4.538693904876709
-1.999999987845058e-08
-13.067132949829102
-1.999999987845058e-08
-0.3448570668697357
1.999999987845058e-08
-7.7886962890625
1.999999987845058e-08
-5.7349090576171875
-1.999999987845058e-08
2.4806785583496094
-1.999999987845058e-08
-8.203932762145996
1.999999987845058e-08
12.640568733215332
1.999999987845058e-08
