0
-4.823509216308594
1.999999987845058e-08
4.633703708648682
1.999999987845058e-08
0.606529951095581
-1.999999987845058e-08
3.739462375640869
-1.999999987845058e-08
11.144025802612305
1.999999987845058e-08
-5.754345417022705
1.999999987845058e-08
17.06671142578125
-1.999999987845058e-08
-15.64624309539795
-1.999999987845058e-08
12.250248908996582
1.999999987845058e-08
-17.674034118652344
1.999999987845058e-08
-0.9694157838821411
-1.999999987845058e-08
-10.046107292175293
-1.999999987845058e-08
-12.146780967712402
1.999999987845058e-08
2.114867687225342
1.999999987845058e-08
-12.630122184753418
-1.999999987845058e-08
9.983201026916504
-1.999999987845058e-08
-4.609893321990967
1.999999987845058e-08
7.915753364562988
1.999999987845058e-08
-9.099407196044922
-1.999999987845058e-08
-10.403488159179688
-1.999999987845058e-08
-9.225397109985352
1.999999987845058e-08
-10.464996337890625
1.999999987845058e-08
-9.642834663391113
-1.999999987845058e-08
-9.464570045471191
-1.999999987845058e-08
-15.868668556213379
1.999999987845058e-08
-6.008671283721924
1.999999987845058e-08
-23.360549926757812
-1.999999987845058e-08
0.4702827036380768
-1.999999987845058e-08
-22.989017486572266
1.999999987845058e-08
7.846301078796387
1.999999987845058e-08
-13.34277629852295
-1.999999987845058e-08
12.298689842224121
-1.999999987845058e-08
-2.5900790691375732
1.999999987845058e-08
12.425924301147461
1.999999987845058e-08
0.8897589445114136
-1.999999987845058e-08
9.403379440307617
-1.999999987845058e-08
-3.1482794284820557
1.999999987845058e-08
5.269936561584473
1.999999987845058e-08
-22.989017486572266
-1.999999987845058e-08
7.846301078796387
-1.999999987845058e-08
-13.342775344848633
1.999999987845058e-08
12.298689842224121
1.999999987845058e-08
-2.5900790691375732
-1.999999987845058e-08
12.425923347473145
-1.999999987845058e-08
0.8897590041160583
1.999999987845058e-08
9.403379440307617
1.999999987845058e-08
-3.1482796669006348
-1.999999987845058e-08
5.269936561584473
-1.999999987845058e-08
-7.240104675292969
1.999999987845058e-08
3.2671306133270264
1.999999987845058e-08
-4.588198661804199
-1.999999987845058e-08
5.330650806427002
-1.999999987845058e-08
3.396808624267578
1.999999987845058e-08
8.551122665405273
1.999999987845058e-08
10.176555633544922
-1.999999987845058e-08
8.52535343170166
-1.999999987845058e-08
13.397734642028809
1.999999987845058e-08
5.583491325378418
1.999999987845058e-08
19.300052642822266
-1.999999987845058e-08
4.970366954803467
-1.999999987845058e-08
16.99020767211914
1.999999987845058e-08
4.210402488708496
1.999999987845058e-08
12.57216739654541
-1.999999987845058e-08
0.9387915730476379
-1.999999987845058e-08
6.393282413482666
1.999999987845058e-08
-3.8396852016448975
1.999999987845058e-08
-0.5232823491096497
-1.999999987845058e-08
-8.628265380859375
-1.999999987845058e-08
-3.4708569049835205
1.999999987845058e-08
-12.354447364807129
1.999999987845058e-08
0.8157131671905518
-1.999999987845058e-08
-14.430785179138184
-1.999999987845058e-08
6.136892318725586
1.999999987845058e-08
-14.090378761291504
1.999999987845058e-08
3.5129456520080566
-1.999999987845058e-08
-10.267228126525879
-1.999999987845058e-08
-4.7624993324279785
1.999999987845058e-08
-4.127260208129883
1.999999987845058e-08
-3.5321216583251953
-1.999999987845058e-08
1.0327435731887817
-1.999999987845058e-08
4.419147968292236
1.999999987845058e-08
1.4117628335952759
1.999999987845058e-08
9.086660385131836
-1.999999987845058e-08
3.7268552780151367
-1.999999987845058e-08
8.420698165893555
1.999999987845058e-08
5.043894290924072
1.999999987845058e-08
5.203378200531006
-1.999999987845058e-08
2.6671319007873535
-1.999999987845058e-08
2.037928342819214
1.999999987845058e-08
-0.9916512966156006
1.999999987845058e-08
-3.185521125793457
-1.999999987845058e-08
-2.5001189708709717
-1.999999987845058e-08
-11.980152130126953
1.999999987845058e-08
-2.2658169269561768
1.999999987845058e-08
-18.835506439208984
-1.999999987845058e-08
-2.5549142360687256
-1.999999987845058e-08
-16.793750762939453
1.999999987845058e-08
-3.051642894744873
1.999999987845058e-08
-6.648892402648926
-1.999999987845058e-08
-0.8960729837417603
-1.999999987845058e-08
3.9382686614990234
1.999999987845058e-08
4.958139419555664
1.999999987845058e-08
7.474799633026123
-1.999999987845058e-08
11.572434425354004
-1.999999987845058e-08
1.558798909187317
1.999999987845058e-08
15.613887786865234
1.999999987845058e-08
-8.749042510986328
-1.999999987845058e-08
16.41059112548828
-1.999999987845058e-08
-15.326817512512207
1.999999987845058e-08
14.02474308013916
1.999999987845058e-08
-16.200014114379883
-1.999999987845058e-08
8.547479629516602
-1.999999987845058e-08
-13.776717185974121
1.999999987845058e-08
2.0466203689575195
1.999999987845058e-08
-7.532495021820068
-1.999999987845058e-08
-2.9530391693115234
-1.999999987845058e-08
0.9434906840324402
1.999999987845058e-08
-5.640535831451416
1.999999987845058e-08
0.9434906244277954
-1.999999987845058e-08
-5.640535831451416
-1.999999987845058e-08
4.3264079093933105
1.999999987845058e-08
-6.016789436340332
1.999999987845058e-08
1.0368318557739258
-1.999999987845058e-08
-5.534337997436523
-1.999999987845058e-08
-1.5251208543777466
1.999999987845058e-08
-6.648948669433594
1.999999987845058e-08
-0.27297505736351013
-1.999999987845058e-08
-8.073936462402344
-1.999999987845058e-08
0.6196601390838623
1.999999987845058e-08
-5.997871398925781
1.999999987845058e-08
1.0094646215438843
-1.999999987845058e-08
-1.4911588430404663
-1.999999987845058e-08
6.097807884216309
1.999999987845058e-08
0.589604377746582
1.999999987845058e-08
16.642765045166016
-1.999999987845058e-08
-0.09434585273265839
-1.999999987845058e-08
25.901975631713867
1.999999987845058e-08
0.44898128509521484
1.999999987845058e-08
6.181461334228516
-1.999999987845058e-08
-0.8052509427070618
-1.999999987845058e-08
-0.3510051369667053
1.999999987845058e-08
-3.8654890060424805
1.999999987845058e-08
1.5916874408721924
-1.999999987845058e-08
-4.640756130218506
-1.999999987845058e-08
7.637531757354736
1.999999987845058e-08
-3.3894736766815186
1.999999987845058e-08
11.076602935791016
-1.999999987845058e-08
-0.574650228023529
-1.999999987845058e-08
10.953197479248047
1.999999987845058e-08
2.902143955230713
1.999999987845058e-08
7.844448566436768
-1.999999987845058e-08
4.214197635650635
-1.999999987845058e-08
-0.3931739628314972
1.999999987845058e-08
1.0740137100219727
1.999999987845058e-08
-11.807031631469727
-1.999999987845058e-08
-5.144497394561768
-1.999999987845058e-08
-19.213857650756836
1.999999987845058e-08
-10.75474739074707
1.999999987845058e-08
-20.16342544555664
-1.999999987845058e-08
-10.74101448059082
-1.999999987845058e-08
-24.073354721069336
1.999999987845058e-08
-6.934391498565674
1.999999987845058e-08
-28.016910552978516
-1.999999987845058e-08
-2.969510078430176
-1.999999987845058e-08
-25.299266815185547
1.999999987845058e-08
1.8213615417480469
1.999999987845058e-08
-16.51430892944336
-1.999999987845058e-08
8.021210670471191
-1.999999987845058e-08
-7.700257301330566
1.999999987845058e-08
14.536283493041992
1.999999987845058e-08
-0.6833375692367554
-1.999999987845058e-08
18.89133071899414
-1.999999987845058e-08
7.489469528198242
1.999999987845058e-08
18.50047492980957
1.999999987845058e-08
16.672712326049805
-1.999999987845058e-08
13.721569061279297
-1.999999987845058e-08
21.118335723876953
1.999999987845058e-08
8.407292366027832
1.999999987845058e-08
16.07611656188965
-1.999999987845058e-08
5.378311634063721
-1.999999987845058e-08
4.772551536560059
1.999999987845058e-08
3.3866028785705566
1.999999987845058e-08
-3.244460344314575
-1.999999987845058e-08
0.40120258927345276
-1.999999987845058e-08
-0.07608643174171448
1.999999987845058e-08
-3.0966131687164307
1.999999987845058e-08
12.62769889831543
-1.999999987845058e-08
-7.109204292297363
-1.999999987845058e-08
22.1788387298584
1.999999987845058e-08
-13.34095287322998
1.999999987845058e-08
18.36498260498047
-1.999999987845058e-08
-19.49837303161621
-1.999999987845058e-08
6.105024814605713
1.999999987845058e-08
-19.640975952148438
1.999999987845058e-08
-4.178719997406006
-1.999999987845058e-08
-13.113460540771484
-1.999999987845058e-08
-9.09530258178711
1.999999987845058e-08
-6.027316093444824
1.999999987845058e-08
-9.09530258178711
-1.999999987845058e-08
-6.027316093444824
-1.999999987845058e-08
-8.998091697692871
1.999999987845058e-08
-2.923922300338745
1.999999987845058e-08
-4.010257720947266
-1.999999987845058e-08
-2.469778537750244
-1.999999987845058e-08
2.682748556137085
1.999999987845058e-08
-1.3975143432617188
1.999999987845058e-08
5.611434459686279
-1.999999987845058e-08
1.1994984149932861
-1.999999987845058e-08
3.1966326236724854
1.999999987845058e-08
3.7835655212402344
1.999999987845058e-08
-0.3259607255458832
-1.999999987845058e-08
5.292582988739014
-1.999999987845058e-08
-1.1319466829299927
1.999999987845058e-08
6.418152332305908
1.999999987845058e-08
-2.576139211654663
-1.999999987845058e-08
6.923928260803223
-1.999999987845058e-08
-9.84999942779541
1.999999987845058e-08
5.432376384735107
1.999999987845058e-08
-18.675556182861328
-1.999999987845058e-08
3.0335443019866943
-1.999999987845058e-08
-19.35045623779297
1.999999987845058e-08
2.3713605403900146
1.999999987845058e-08
-10.049318313598633
-1.999999987845058e-08
3.1594173908233643
-1.999999987845058e-08
2.6138598918914795
1.999999987845058e-08
2.6144492626190186
1.999999987845058e-08
11.402581214904785
-1.999999987845058e-08
-0.2491348683834076
-1.999999987845058e-08
12.561653137207031
1.999999987845058e-08
-3.969942808151245
1.999999987845058e-08
8.245923042297363
-1.999999987845058e-08
-6.853408336639404
-1.999999987845058e-08
4.797475337982178
1.999999987845058e-08
-6.93037748336792
1.999999987845058e-08
4.597073554992676
-1.999999987845058e-08
-2.9606428146362305
-1.999999987845058e-08
3.762399435043335
1.999999987845058e-08
2.235854387283325
1.999999987845058e-08
3.762399435043335
-1.999999987845058e-08
2.235854387283325
-1.999999987845058e-08
-0.059964850544929504
1.999999987845058e-08
3.833198308944702
1.999999987845058e-08
-3.126453399658203
-1.999999987845058e-08
1.2358155250549316
-1.999999987845058e-08
-0.7452765703201294
1.999999987845058e-08
-2.03930926322937
1.999999987845058e-08
6.034984111785889
-1.999999987845058e-08
-3.9865095615386963
-1.999999987845058e-08
11.405322074890137
1.999999987845058e-08
-4.7965474128723145
1.999999987845058e-08
12.324728012084961
-1.999999987845058e-08
-3.3101730346679688
-1.999999987845058e-08
10.082334518432617
1.999999987845058e-08
1.4889416694641113
1.999999987845058e-08
4.549797534942627
-1.999999987845058e-08
6.464422702789307
-1.999999987845058e-08
-5.880304336547852
1.999999987845058e-08
6.972027778625488
1.999999987845058e-08
-5.880304336547852
-1.999999987845058e-08
6.972027778625488
-1.999999987845058e-08
-18.379886627197266
1.999999987845058e-08
3.5488786697387695
1.999999987845058e-08
-25.180072784423828
-1.999999987845058e-08
1.5753633975982666
-1.999999987845058e-08
-21.30807113647461
1.999999987845058e-08
3.269169807434082
1.999999987845058e-08
-10.700798988342285
-1.999999987845058e-08
4.948725700378418
-1.999999987845058e-08
-2.7190842628479004
1.999999987845058e-08
3.5010526180267334
1.999999987845058e-08
-3.2324018478393555
-1.999999987845058e-08
0.32669851183891296
-1.999999987845058e-08
-7.335836887359619
1.999999987845058e-08
-2.2872114181518555
1.999999987845058e-08
-4.425870418548584
-1.999999987845058e-08
-4.178168296813965
-1.999999987845058e-08
5.939359188079834
1.999999987845058e-08
-5.05292272567749
1.999999987845058e-08
-4.425870418548584
-1.999999987845058e-08
-4.178168296813965
-1.999999987845058e-08
5.939359188079834
1.999999987845058e-08
-5.05292272567749
1.999999987845058e-08
13.103100776672363
-1.999999987845058e-08
-3.6833317279815674
-1.999999987845058e-08
11.319747924804688
1.999999987845058e-08
-0.5364857912063599
1.999999987845058e-08
5.398552894592285
-1.999999987845058e-08
3.38490891456604
-1.999999987845058e-08
2.017681837081909
1.999999987845058e-08
8.080398559570312
1.999999987845058e-08
2.9757838249206543
-1.999999987845058e-08
11.1563138961792
-1.999999987845058e-08
6.02464485168457
1.999999987845058e-08
8.70068645477295
1.999999987845058e-08
8.458386421203613
-1.999999987845058e-08
1.7314531803131104
-1.999999987845058e-08
9.23616886138916
1.999999987845058e-08
-4.102871417999268
1.999999987845058e-08
10.117410659790039
-1.999999987845058e-08
1.8757317066192627
-1.999999987845058e-08
7.3320465087890625
1.999999987845058e-08
8.01722526550293
1.999999987845058e-08
3.3523590564727783
-1.999999987845058e-08
10.410665512084961
-1.999999987845058e-08
-0.8501684069633484
1.999999987845058e-08
6.739307880401611
1.999999987845058e-08
-5.662599086761475
-1.999999987845058e-08
1.839147925376892
-1.999999987845058e-08
-8.766717910766602
1.999999987845058e-08
1.4489294290542603
1.999999987845058e-08
-7.2504401206970215
-1.999999987845058e-08
5.166890621185303
-1.999999987845058e-08
-4.071497917175293
1.999999987845058e-08
8.082027435302734
1.999999987845058e-08
-5.673742294311523
-1.999999987845058e-08
5.881134510040283
-1.999999987845058e-08
-12.386276245117188
1.999999987845058e-08
-1.528633952140808
1.999999987845058e-08
14.224254608154297
-1.999999987845058e-08
-17.167158126831055
-1.999999987845058e-08
3.867544412612915
1.999999987845058e-08
-17.440710067749023
1.999999987845058e-08
-8.610072135925293
-1.999999987845058e-08
-14.482810974121094
-1.999999987845058e-08
-11.811721801757812
1.999999987845058e-08
-7.984829902648926
1.999999987845058e-08
-8.289276123046875
-1.999999987845058e-08
-2.1269774436950684
-1.999999987845058e-08
-6.081055164337158
1.999999987845058e-08
0.05397046357393265
1.999999987845058e-08
-7.677414417266846
-1.999999987845058e-08
0.2400936633348465
-1.999999987845058e-08
-10.103334426879883
1.999999987845058e-08
0.6799166798591614
1.999999987845058e-08
-9.10368537902832
-1.999999987845058e-08
1.1060351133346558
-1.999999987845058e-08
-3.3221535682678223
1.999999987845058e-08
1.2930550575256348
1.999999987845058e-08
-10.103334426879883
-1.999999987845058e-08
0.6799166202545166
-1.999999987845058e-08
-9.103684425354004
1.999999987845058e-08
1.1060351133346558
1.999999987845058e-08
-3.3221538066864014
-1.999999987845058e-08
1.2930549383163452
-1.999999987845058e-08
3.072502851486206
1.999999987845058e-08
2.022470474243164
1.999999987845058e-08
5.430226802825928
-1.999999987845058e-08
1.8840328454971313
-1.999999987845058e-08
4.839109420776367
1.999999987845058e-08
-1.8169331550598145
1.999999987845058e-08
3.972862720489502
-1.999999987845058e-08
-7.291309833526611
-1.999999987845058e-08
1.3181343078613281
1.999999987845058e-08
-8.272887229919434
1.999999987845058e-08
-4.36951208114624
-1.999999987845058e-08
-1.3770281076431274
-1.999999987845058e-08
-8.009902000427246
1.999999987845058e-08
9.28105354309082
1.999999987845058e-08
15.115440368652344
-1.999999987845058e-08
5.328722953796387
-1.999999987845058e-08
15.185301780700684
1.999999987845058e-08
-2.001596689224243
1.999999987845058e-08
9.55844783782959
-1.999999987845058e-08
-4.125518798828125
-1.999999987845058e-08
3.7834579944610596
1.999999987845058e-08
-0.7633166313171387
1.999999987845058e-08
2.878669023513794
-1.999999987845058e-08
4.957512855529785
-1.999999987845058e-08
6.536363124847412
1.999999987845058e-08
10.074066162109375
1.999999987845058e-08
9.120211601257324
-1.999999987845058e-08
14.045309066772461
-1.999999987845058e-08
7.744986057281494
1.999999987845058e-08
15.814608573913574
1.999999987845058e-08
4.738096714019775
-1.999999987845058e-08
13.426499366760254
-1.999999987845058e-08
0.6372861266136169
1.999999987845058e-08
8.199968338012695
1.999999987845058e-08
0.6372860670089722
-1.999999987845058e-08
8.199968338012695
-1.999999987845058e-08
-5.973082542419434
1.999999987845058e-08
3.9713993072509766
1.999999987845058e-08
-11.42836856842041
-1.999999987845058e-08
2.344517707824707
-1.999999987845058e-08
-10.45729923248291
1.999999987845058e-08
2.3189518451690674
1.999999987845058e-08
-5.74689245223999
-1.999999987845058e-08
3.0203287601470947
-1.999999987845058e-08
-3.27351975440979
1.999999987845058e-08
3.8258392810821533
1.999999987845058e-08
-1.8342578411102295
-1.999999987845058e-08
2.643064498901367
-1.999999987845058e-08
2.2778823375701904
1.999999987845058e-08
-2.9483184814453125
1.999999987845058e-08
6.444751262664795
-1.999999987845058e-08
-11.652739524841309
-1.999999987845058e-08
5.634432315826416
1.999999987845058e-08
-17.684932708740234
1.999999987845058e-08
0.18366868793964386
-1.999999987845058e-08
-16.55596923828125
-1.999999987845058e-08
-3.0523452758789062
1.999999987845058e-08
-10.518258094787598
1.999999987845058e-08
2.898088216781616
-1.999999987845058e-08
-5.678404808044434
-1.999999987845058e-08
15.39354419708252
1.999999987845058e-08
-5.081298351287842
1.999999987845058e-08
21.913516998291016
-1.999999987845058e-08
-7.05161714553833
-1.999999987845058e-08
15.214705467224121
1.999999987845058e-08
-9.108899116516113
1.999999987845058e-08
2.536997079849243
-1.999999987845058e-08
-11.107285499572754
-1.999999987845058e-08
-6.398660659790039
1.999999987845058e-08
-12.768902778625488
1.999999987845058e-08
-11.445088386535645
-1.999999987845058e-08
-11.115265846252441
-1.999999987845058e-08
-18.56039810180664
1.999999987845058e-08
-5.159290313720703
1.999999987845058e-08
-18.56039810180664
-1.999999987845058e-08
-5.159290313720703
-1.999999987845058e-08
-29.13744354248047
1.999999987845058e-08
0.6242269277572632
1.999999987845058e-08
-34.92210006713867
-1.999999987845058e-08
1.8122583627700806
-1.999999987845058e-08
-27.676897048950195
1.999999987845058e-08
-0.3919137120246887
1.999999987845058e-08
-10.461764335632324
-1.999999987845058e-08
-1.1568679809570312
-1.999999987845058e-08
6.329695224761963
1.999999987845058e-08
2.038141965866089
1.999999987845058e-08
14.301414489746094
-1.999999987845058e-08
7.512108325958252
-1.999999987845058e-08
11.181364059448242
1.999999987845058e-08
12.721463203430176
1.999999987845058e-08
1.8431094884872437
-1.999999987845058e-08
15.581216812133789
-1.999999987845058e-08
-4.717843532562256
1.999999987845058e-08
13.63907241821289
1.999999987845058e-08
18.189395904541016
-1.999999987845058e-08
-7.261063098907471
-1.999999987845058e-08
19.681201934814453
1.999999987845058e-08
-3.7688071727752686
1.999999987845058e-08
15.297375679016113
-1.999999987845058e-08
6.505552291870117
-1.999999987845058e-08
13.59709358215332
1.999999987845058e-08
15.408823013305664
1.999999987845058e-08
16.731176376342773
-1.999999987845058e-08
14.100211143493652
-1.999999987845058e-08
17.486644744873047
1.999999987845058e-08
3.052216053009033
1.999999987845058e-08
9.71178913116455
-1.999999987845058e-08
-7.858965873718262
-1.999999987845058e-08
-3.908843755722046
1.999999987845058e-08
-10.740272521972656
1.999999987845058e-08
-16.1502628326416
-1.999999987845058e-08
-6.334665775299072
-1.999999987845058e-08
-22.66560935974121
1.999999987845058e-08
1.1908944845199585
1.999999987845058e-08
-23.185123443603516
-1.999999987845058e-08
8.98800277709961
-1.999999987845058e-08
-18.84490203857422
1.999999987845058e-08
13.415740966796875
1.999999987845058e-08
-11.742918014526367
-1.999999987845058e-08
10.340164184570312
-1.999999987845058e-08
-6.384997844696045
1.999999987845058e-08
1.155511736869812
1.999999987845058e-08
-5.972403526306152
-1.999999987845058e-08
-6.179173946380615
-1.999999987845058e-08
-5.788949966430664
1.999999987845058e-08
-5.586702823638916
1.999999987845058e-08
1.026418685913086
-1.999999987845058e-08
0.6099269986152649
-1.999999987845058e-08
10.527841567993164
1.999999987845058e-08
5.511574745178223
1.999999987845058e-08
12.346742630004883
-1.999999987845058e-08
4.902640342712402
-1.999999987845058e-08
5.764362812042236
1.999999987845058e-08
-0.10618863254785538
1.999999987845058e-08
5.764362812042236
-1.999999987845058e-08
-0.10618866980075836
-1.999999987845058e-08
-0.4242185652256012
1.999999987845058e-08
-4.949694633483887
1.999999987845058e-08
-1.7711042165756226
-1.999999987845058e-08
-6.13141393661499
-1.999999987845058e-08
-0.5592259168624878
1.999999987845058e-08
-4.392335414886475
1.999999987845058e-08
1.7204718589782715
-1.999999987845058e-08
-2.707688570022583
-1.999999987845058e-08
4.342283725738525
1.999999987845058e-08
-2.839555501937866
1.999999987845058e-08
4.82693338394165
-1.999999987845058e-08
-4.889445781707764
-1.999999987845058e-08
1.9062483310699463
1.999999987845058e-08
-7.819701671600342
1.999999987845058e-08
-2.6348164081573486
-1.999999987845058e-08
-8.993730545043945
-1.999999987845058e-08
-4.98893928527832
1.999999987845058e-08
-5.591729640960693
1.999999987845058e-08
-4.98893928527832
-1.999999987845058e-08
-5.591729640960693
-1.999999987845058e-08
-2.177929162979126
1.999999987845058e-08
1.7687318325042725
1.999999987845058e-08
3.6291286945343018
-1.999999987845058e-08
8.31437873840332
-1.999999987845058e-08
6.2746968269348145
1.999999987845058e-08
8.702702522277832
1.999999987845058e-08
3.010065793991089
-1.999999987845058e-08
1.6556484699249268
-1.999999987845058e-08
-2.517354726791382
1.999999987845058e-08
-7.714879989624023
1.999999987845058e-08
-5.15388822555542
-1.999999987845058e-08
-11.494942665100098
-1.999999987845058e-08
-4.152342319488525
1.999999987845058e-08
-7.498915195465088
1.999999987845058e-08
-2.7354302406311035
-1.999999987845058e-08
-2.7139153480529785
-1.999999987845058e-08
-1.2551919221878052
1.999999987845058e-08
-4.5669121742248535
1.999999987845058e-08
-2.7354302406311035
-1.999999987845058e-08
-2.7139153480529785
-1.999999987845058e-08
-1.2551919221878052
1.999999987845058e-08
-4.5669121742248535
1.999999987845058e-08
4.115527153015137
-1.999999987845058e-08
-10.833464622497559
-1.999999987845058e-08
12.851394653320312
1.999999987845058e-08
-13.56547737121582
1.999999987845058e-08
17.640199661254883
-1.999999987845058e-08
-9.860933303833008
-1.999999987845058e-08
14.380876541137695
1.999999987845058e-08
-2.4442977905273438
1.999999987845058e-08
7.638259410858154
-1.999999987845058e-08
5.6438889503479
-1.999999987845058e-08
3.032630205154419
1.999999987845058e-08
11.212681770324707
1.999999987845058e-08
0.8732609748840332
-1.999999987845058e-08
11.2460298538208
-1.999999987845058e-08
0.00740315904840827
1.999999987845058e-08
6.8152289390563965
1.999999987845058e-08
-4.145971775054932
-1.999999987845058e-08
0.4574040174484253
-1.999999987845058e-08
-14.114855766296387
1.999999987845058e-08
5.556225776672363
1.999999987845058e-08
-18.047698974609375
-1.999999987845058e-08
13.035998344421387
-1.999999987845058e-08
-10.001165390014648
1.999999987845058e-08
16.224199295043945
1.999999987845058e-08
0.02053513564169407
-1.999999987845058e-08
12.14045524597168
-1.999999987845058e-08
0.5692246556282043
1.999999987845058e-08
5.033353805541992
1.999999987845058e-08
-3.961143732070923
-1.999999987845058e-08
-1.2724660634994507
-1.999999987845058e-08
-4.00050687789917
1.999999987845058e-08
-6.490813255310059
1.999999987845058e-08
-1.291578769683838
-1.999999987845058e-08
-8.402459144592285
-1.999999987845058e-08
-1.384656548500061
1.999999987845058e-08
-4.331099510192871
1.999999987845058e-08
-2.8635759353637695
-1.999999987845058e-08
1.3569978475570679
-1.999999987845058e-08
-4.194732666015625
1.999999987845058e-08
0.8474575877189636
1.999999987845058e-08
-7.783160209655762
-1.999999987845058e-08
-5.063353538513184
-1.999999987845058e-08
-12.15934944152832
1.999999987845058e-08
-6.9819464683532715
1.999999987845058e-08
-12.853153228759766
-1.999999987845058e-08
-0.9447627663612366
-1.999999987845058e-08
-10.170428276062012
1.999999987845058e-08
6.105099201202393
1.999999987845058e-08
-6.701052188873291
-1.999999987845058e-08
7.315201282501221
-1.999999987845058e-08
-2.460576057434082
1.999999987845058e-08
3.9342870712280273
1.999999987845058e-08
2.179236650466919
-1.999999987845058e-08
1.0691500902175903
-1.999999987845058e-08
5.55979585647583
1.999999987845058e-08
2.1397321224212646
1.999999987845058e-08
16.72230339050293
-1.999999987845058e-08
11.604944229125977
-1.999999987845058e-08
12.039323806762695
1.999999987845058e-08
6.135692596435547
1.999999987845058e-08
6.950090408325195
-1.999999987845058e-08
-0.10778667777776718
-1.999999987845058e-08
8.906365394592285
1.999999987845058e-08
-2.6873247623443604
1.999999987845058e-08
13.203089714050293
-1.999999987845058e-08
-2.4221303462982178
-1.999999987845058e-08
12.112825393676758
1.999999987845058e-08
-2.90985107421875
1.999999987845058e-08
8.2063627243042
-1.999999987845058e-08
-5.674078464508057
-1.999999987845058e-08
7.2593183517456055
1.999999987845058e-08
-9.92435073852539
1.999999987845058e-08
7.413078308105469
-1.999999987845058e-08
-13.605058670043945
-1.999999987845058e-08
3.564121723175049
1.999999987845058e-08
-13.864503860473633
1.999999987845058e-08
3.564121723175049
-1.999999987845058e-08
-13.864503860473633
-1.999999987845058e-08
-4.565117835998535
1.999999987845058e-08
-9.914605140686035
1.999999987845058e-08
-12.860113143920898
-1.999999987845058e-08
-4.744133472442627
-1.999999987845058e-08
-17.305423736572266
1.999999987845058e-08
-1.2144944667816162
1.999999987845058e-08
-15.897682189941406
-1.999999987845058e-08
1.0098023414611816
-1.999999987845058e-08
-8.889100074768066
1.999999987845058e-08
1.6073732376098633
1.999999987845058e-08
-0.3415409028530121
-1.999999987845058e-08
-3.065910816192627
-1.999999987845058e-08
2.3339409828186035
1.999999987845058e-08
-13.247000694274902
1.999999987845058e-08
-5.698268890380859
-1.999999987845058e-08
-20.24224281311035
-1.999999987845058e-08
-20.125085830688477
1.999999987845058e-08
-15.356276512145996
1.999999987845058e-08
-20.125085830688477
-1.999999987845058e-08
-15.356276512145996
-1.999999987845058e-08
-29.35003662109375
1.999999987845058e-08
-2.151759386062622
1.999999987845058e-08
-25.623855590820312
-1.999999987845058e-08
7.235675811767578
-1.999999987845058e-08
-12.531347274780273
1.999999987845058e-08
6.334725379943848
1.999999987845058e-08
0.3984062969684601
-1.999999987845058e-08
-0.5570316910743713
-1.999999987845058e-08
7.907953262329102
1.999999987845058e-08
-5.365575313568115
1.999999987845058e-08
10.79413890838623
-1.999999987845058e-08
-3.8907089233398438
-1.999999987845058e-08
9.881172180175781
1.999999987845058e-08
2.3525891304016113
1.999999987845058e-08
5.2849273681640625
-1.999999987845058e-08
9.38742733001709
-1.999999987845058e-08
2.00614857673645
1.999999987845058e-08
13.826480865478516
1.999999987845058e-08
17.256196975708008
-1.999999987845058e-08
2.8977489471435547
-1.999999987845058e-08
12.763439178466797
1.999999987845058e-08
6.6186089515686035
1.999999987845058e-08
8.050507545471191
-1.999999987845058e-08
14.819828987121582
-1.999999987845058e-08
9.292181015014648
1.999999987845058e-08
18.026884078979492
1.999999987845058e-08
12.984206199645996
-1.999999987845058e-08
12.430803298950195
-1.999999987845058e-08
12.923409461975098
1.999999987845058e-08
3.3853111267089844
1.999999987845058e-08
10.03215217590332
-1.999999987845058e-08
-2.6005024909973145
-1.999999987845058e-08
7.917250633239746
1.999999987845058e-08
-4.9363861083984375
1.999999987845058e-08
5.428550720214844
-1.999999987845058e-08
-5.99529504776001
-1.999999987845058e-08
0.357646107673645
1.999999987845058e-08
-5.623542308807373
1.999999987845058e-08
0.35764604806900024
-1.999999987845058e-08
-5.623542785644531
-1.999999987845058e-08
-5.002686977386475
1.999999987845058e-08
-2.5779244899749756
1.999999987845058e-08
-7.01068639755249
-1.999999987845058e-08
1.643728256225586
-1.999999987845058e-08
-6.161435604095459
1.999999987845058e-08
4.197538375854492
1.999999987845058e-08
-6.489930152893066
-1.999999987845058e-08
4.737488269805908
-1.999999987845058e-08
-9.039899826049805
1.999999987845058e-08
5.26348352432251
1.999999987845058e-08
-8.979121208190918
-1.999999987845058e-08
6.565954208374023
-1.999999987845058e-08
-3.514252185821533
1.999999987845058e-08
6.54712438583374
1.999999987845058e-08
2.026217460632324
-1.999999987845058e-08
2.859351396560669
-1.999999987845058e-08
0.9690968990325928
1.999999987845058e-08
-2.902506113052368
1.999999987845058e-08
0.9690968990325928
-1.999999987845058e-08
-2.902506113052368
-1.999999987845058e-08
-5.911375999450684
1.999999987845058e-08
-5.724490642547607
1.999999987845058e-08
-10.988192558288574
-1.999999987845058e-08
-4.027953624725342
-1.999999987845058e-08
-8.238115310668945
1.999999987845058e-08
-2.738224983215332
1.999999987845058e-08
0.22316022217273712
-1.999999987845058e-08
-5.916105270385742
-1.999999987845058e-08
8.061805725097656
1.999999987845058e-08
-10.38764476776123
1.999999987845058e-08
12.704669952392578
-1.999999987845058e-08
-10.382984161376953
-1.999999987845058e-08
14.63273811340332
1.999999987845058e-08
-5.7491936683654785
1.999999987845058e-08
13.288317680358887
-1.999999987845058e-08
-2.0663506984710693
-1.999999987845058e-08
8.593971252441406
1.999999987845058e-08
-2.8773021697998047
1.999999987845058e-08
-22.21906280517578
-1.999999987845058e-08
-7.6581501960754395
-1.999999987845058e-08
-19.947837829589844
1.999999987845058e-08
-3.159291982650757
1.999999987845058e-08
-7.517274379730225
-1.999999987845058e-08
1.8553153276443481
-1.999999987845058e-08
5.580398082733154
1.999999987845058e-08
2.7901458740234375
1.999999987845058e-08
6.726563453674316
-1.999999987845058e-08
0.4957253634929657
-1.999999987845058e-08
-5.928647041320801
1.999999987845058e-08
0.12029717117547989
1.999999987845058e-08
-20.408559799194336
-1.999999987845058e-08
2.9720675945281982
-1.999999987845058e-08
-22.853178024291992
1.999999987845058e-08
5.63593864440918
1.999999987845058e-08
-12.538694381713867
-1.999999987845058e-08
5.766917705535889
-1.999999987845058e-08
-0.608854353427887
1.999999987845058e-08
4.119233131408691
1.999999987845058e-08
-0.608854353427887
-1.999999987845058e-08
4.119233131408691
-1.999999987845058e-08
5.086391448974609
1.999999987845058e-08
2.5458672046661377
1.999999987845058e-08
5.582346439361572
-1.999999987845058e-08
2.1908130645751953
-1.999999987845058e-08
3.9274160861968994
1.999999987845058e-08
2.1150801181793213
1.999999987845058e-08
1.2834079265594482
-1.999999987845058e-08
0.41900160908699036
-1.999999987845058e-08
0.13777172565460205
1.999999987845058e-08
-1.770749807357788
1.999999987845058e-08
4.196316719055176
-1.999999987845058e-08
-0.7348838448524475
-1.999999987845058e-08
11.438364028930664
1.999999987845058e-08
4.060869216918945
1.999999987845058e-08
15.591087341308594
-1.999999987845058e-08
8.200348854064941
-1.999999987845058e-08
16.960987091064453
1.999999987845058e-08
7.25602912902832
1.999999987845058e-08
18.810667037963867
-1.999999987845058e-08
-4.326411724090576
-1.999999987845058e-08
9.219908714294434
1.999999987845058e-08
-6.296329975128174
1.999999987845058e-08
-4.984811782836914
-1.999999987845058e-08
-4.066485404968262
-1.999999987845058e-08
-12.869368553161621
1.999999987845058e-08
-0.2012307345867157
1.999999987845058e-08
-9.473713874816895
-1.999999987845058e-08
2.240429162979126
-1.999999987845058e-08
-0.16898012161254883
1.999999987845058e-08
1.663089632987976
1.999999987845058e-08
5.884457111358643
-1.999999987845058e-08
-1.182997226715088
-1.999999987845058e-08
3.5797224044799805
1.999999987845058e-08
-4.506368160247803
1.999999987845058e-08
-4.751206398010254
-1.999999987845058e-08
-6.559045314788818
-1.999999987845058e-08
-10.370741844177246
1.999999987845058e-08
-6.552536964416504
1.999999987845058e-08
5.884457111358643
-1.999999987845058e-08
-1.182997226715088
-1.999999987845058e-08
3.5797224044799805
1.999999987845058e-08
-4.506368160247803
1.999999987845058e-08
-4.751206398010254
-1.999999987845058e-08
-6.559045314788818
-1.999999987845058e-08
-10.370741844177246
1.999999987845058e-08
-6.552536964416504
1.999999987845058e-08
-7.148576736450195
-1.999999987845058e-08
-6.3456573486328125
-1.999999987845058e-08
-0.2453431636095047
1.999999987845058e-08
-8.115131378173828
1.999999987845058e-08
1.6441864967346191
-1.999999987845058e-08
-10.163731575012207
-1.999999987845058e-08
-0.5867589116096497
1.999999987845058e-08
-9.106708526611328
1.999999987845058e-08
-1.8544648885726929
-1.999999987845058e-08
-4.75753927230835
-1.999999987845058e-08
-3.610001564025879
1.999999987845058e-08
0.39253485202789307
1.999999987845058e-08
-11.275094985961914
-1.999999987845058e-08
13.22925090789795
-1.999999987845058e-08
-7.350406169891357
1.999999987845058e-08
17.723703384399414
1.999999987845058e-08
0.3149166703224182
-1.999999987845058e-08
20.5169620513916
-1.999999987845058e-08
4.873411178588867
1.999999987845058e-08
18.612300872802734
1.999999987845058e-08
2.0642688274383545
-1.999999987845058e-08
12.69199275970459
-1.999999987845058e-08
-2.959014415740967
1.999999987845058e-08
6.255112648010254
1.999999987845058e-08
-3.4078831672668457
-1.999999987845058e-08
1.290024757385254
-1.999999987845058e-08
0.11654195189476013
1.999999987845058e-08
-2.762913942337036
1.999999987845058e-08
3.1341331005096436
-1.999999987845058e-08
-6.20261812210083
-1.999999987845058e-08
4.647121906280518
1.999999987845058e-08
-8.022878646850586
1.999999987845058e-08
5.813636779785156
-1.999999987845058e-08
-8.194783210754395
-1.999999987845058e-08
6.159284591674805
1.999999987845058e-08
-8.206811904907227
1.999999987845058e-08
6.100335597991943
-1.999999987845058e-08
-8.30444049835205
-1.999999987845058e-08
9.132658958435059
1.999999987845058e-08
-7.368496894836426
1.999999987845058e-08
16.4700984954834
-1.999999987845058e-08
-6.363772869110107
-1.999999987845058e-08
22.73014259338379
1.999999987845058e-08
-7.266690731048584
1.999999987845058e-08
21.60334587097168
-1.999999987845058e-08
-8.44533920288086
-1.999999987845058e-08
13.5904541015625
1.999999987845058e-08
-6.65977668762207
1.999999987845058e-08
5.388362407684326
-1.999999987845058e-08
-2.4039127826690674
-1.999999987845058e-08
2.702354669570923
1.999999987845058e-08
1.1709270477294922
1.999999987845058e-08
2.702354669570923
-1.999999987845058e-08
1.1709269285202026
-1.999999987845058e-08
4.676423072814941
1.999999987845058e-08
2.205733299255371
1.999999987845058e-08
6.383538246154785
-1.999999987845058e-08
0.4568466544151306
-1.999999987845058e-08
5.611445426940918
1.999999987845058e-08
-3.630788803100586
1.999999987845058e-08
3.3144524097442627
-1.999999987845058e-08
-7.718912124633789
-1.999999987845058e-08
-1.7233049869537354
1.999999987845058e-08
-7.780704975128174
1.999999987845058e-08
-11.787506103515625
-1.999999987845058e-08
-2.743521213531494
-1.999999987845058e-08
-23.68374252319336
1.999999987845058e-08
3.563602924346924
1.999999987845058e-08
-30.276554107666016
-1.999999987845058e-08
7.141589164733887
-1.999999987845058e-08
-28.802186965942383
1.999999987845058e-08
7.26300048828125
1.999999987845058e-08
-28.802186965942383
-1.999999987845058e-08
7.26300048828125
-1.999999987845058e-08
-22.665311813354492
1.999999987845058e-08
5.769003868103027
1.999999987845058e-08
-16.503450393676758
-1.999999987845058e-08
5.474208354949951
-1.999999987845058e-08
-12.981435775756836
1.999999987845058e-08
8.400797843933105
1.999999987845058e-08
-11.728079795837402
-1.999999987845058e-08
14.429548263549805
-1.999999987845058e-08
-9.853984832763672
1.999999987845058e-08
20.344392776489258
1.999999987845058e-08
-5.290409564971924
-1.999999987845058e-08
21.502717971801758
-1.999999987845058e-08
2.321833372116089
1.999999987845058e-08
16.482454299926758
1.999999987845058e-08
13.127245903015137
-1.999999987845058e-08
7.616885662078857
-1.999999987845058e-08
24.37667465209961
1.999999987845058e-08
-1.868673324584961
1.999999987845058e-08
9.235945701599121
-1.999999987845058e-08
-9.06213665008545
-1.999999987845058e-08
2.44024395942688
1.999999987845058e-08
-11.899859428405762
1.999999987845058e-08
4.440645217895508
-1.999999987845058e-08
-17.04186248779297
-1.999999987845058e-08
6.629024505615234
1.999999987845058e-08
-19.655351638793945
1.999999987845058e-08
3.649261474609375
-1.999999987845058e-08
-16.838586807250977
-1.999999987845058e-08
1.052478551864624
1.999999987845058e-08
-10.470964431762695
1.999999987845058e-08
3.684016704559326
-1.999999987845058e-08
-4.519437313079834
-1.999999987845058e-08
7.917797088623047
1.999999987845058e-08
0.23728685081005096
1.999999987845058e-08
8.77787971496582
-1.999999987845058e-08
5.589523792266846
-1.999999987845058e-08
5.521787166595459
1.999999987845058e-08
10.113703727722168
1.999999987845058e-08
8.77787971496582
-1.999999987845058e-08
5.589523792266846
-1.999999987845058e-08
5.521787166595459
1.999999987845058e-08
10.113703727722168
1.999999987845058e-08
-0.9202149510383606
-1.999999987845058e-08
10.391270637512207
-1.999999987845058e-08
-10.56696891784668
1.999999987845058e-08
7.310484886169434
1.999999987845058e-08
-21.43653678894043
-1.999999987845058e-08
5.343762397766113
-1.999999987845058e-08
-25.954078674316406
1.999999987845058e-08
6.748798847198486
1.999999987845058e-08
-19.00050163269043
-1.999999987845058e-08
9.274246215820312
-1.999999987845058e-08
-8.08993911743164
1.999999987845058e-08
8.937705039978027
1.999999987845058e-08
-3.698028564453125
-1.999999987845058e-08
4.148735523223877
-1.999999987845058e-08
-5.2798967361450195
1.999999987845058e-08
-3.188913106918335
1.999999987845058e-08
-2.8681843280792236
-1.999999987845058e-08
-14.416831016540527
-1.999999987845058e-08
0.1593148112297058
1.999999987845058e-08
-10.717822074890137
1.999999987845058e-08
4.149068832397461
-1.999999987845058e-08
-5.004031658172607
-1.999999987845058e-08
6.718448638916016
1.999999987845058e-08
-2.074925661087036
1.999999987845058e-08
4.920269012451172
-1.999999987845058e-08
-5.044527530670166
-1.999999987845058e-08
1.019897699356079
1.999999987845058e-08
-11.500133514404297
1.999999987845058e-08
-0.024339798837900162
-1.999999987845058e-08
-15.551581382751465
-1.999999987845058e-08
4.111414432525635
1.999999987845058e-08
-14.51953125
1.999999987845058e-08
13.201553344726562
-1.999999987845058e-08
-11.304193496704102
-1.999999987845058e-08
23.208585739135742
1.999999987845058e-08
-8.326726913452148
1.999999987845058e-08
23.208585739135742
-1.999999987845058e-08
-8.326726913452148
-1.999999987845058e-08
24.82134246826172
1.999999987845058e-08
-3.9870595932006836
1.999999987845058e-08
12.958488464355469
-1.999999987845058e-08
2.7723565101623535
-1.999999987845058e-08
-2.500176429748535
1.999999987845058e-08
9.397252082824707
1.999999987845058e-08
-6.231756687164307
-1.999999987845058e-08
12.403444290161133
-1.999999987845058e-08
2.669872283935547
1.999999987845058e-08
11.12345027923584
1.999999987845058e-08
10.085681915283203
-1.999999987845058e-08
8.976584434509277
-1.999999987845058e-08
5.434124946594238
1.999999987845058e-08
10.413780212402344
1.999999987845058e-08
-7.552436828613281
-1.999999987845058e-08
15.45218276977539
-1.999999987845058e-08
-19.012371063232422
1.999999987845058e-08
18.83391761779785
1.999999987845058e-08
-22.51580047607422
-1.999999987845058e-08
16.449893951416016
-1.999999987845058e-08
-15.714078903198242
1.999999987845058e-08
10.212870597839355
1.999999987845058e-08
-2.853388786315918
-1.999999987845058e-08
4.502325057983398
-1.999999987845058e-08
4.187982559204102
1.999999987845058e-08
1.0063574314117432
1.999999987845058e-08
-0.7768846750259399
-1.999999987845058e-08
-0.04444042965769768
-1.999999987845058e-08
-8.160300254821777
1.999999987845058e-08
2.550981044769287
1.999999987845058e-08
-6.264164447784424
-1.999999987845058e-08
8.236227035522461
-1.999999987845058e-08
3.1648316383361816
1.999999987845058e-08
12.824783325195312
1.999999987845058e-08
9.814453125
-1.999999987845058e-08
12.286873817443848
-1.999999987845058e-08
7.159111022949219
1.999999987845058e-08
7.0232086181640625
1.999999987845058e-08
7.159111022949219
-1.999999987845058e-08
7.0232086181640625
-1.999999987845058e-08
-2.3700671195983887
1.999999987845058e-08
0.8588625192642212
1.999999987845058e-08
-10.103081703186035
-1.999999987845058e-08
-3.8720614910125732
-1.999999987845058e-08
-8.746199607849121
1.999999987845058e-08
-7.809247016906738
1.999999987845058e-08
0.3736268877983093
-1.999999987845058e-08
-11.50637435913086
-1.999999987845058e-08
7.050008296966553
1.999999987845058e-08
-14.015032768249512
1.999999987845058e-08
2.6337127685546875
-1.999999987845058e-08
-13.633071899414062
-1.999999987845058e-08
-8.710411071777344
1.999999987845058e-08
-9.471116065979004
1.999999987845058e-08
-13.656856536865234
-1.999999987845058e-08
-4.4756059646606445
-1.999999987845058e-08
-5.699544429779053
1.999999987845058e-08
-3.923536539077759
1.999999987845058e-08
8.077620506286621
-1.999999987845058e-08
-7.51433801651001
-1.999999987845058e-08
17.799501419067383
1.999999987845058e-08
-8.459110260009766
1.999999987845058e-08
21.013866424560547
-1.999999987845058e-08
-3.4587628841400146
-1.999999987845058e-08
20.32754898071289
1.999999987845058e-08
2.7866315841674805
1.999999987845058e-08
16.98361587524414
-1.999999987845058e-08
4.728004455566406
-1.999999987845058e-08
9.461650848388672
1.999999987845058e-08
2.1422131061553955
1.999999987845058e-08
