0
488.9884033203125
1.999999987845058e-08
109.29048919677734
1.999999987845058e-08
873.7449340820312
-1.999999987845058e-08
108.72687530517578
-1.999999987845058e-08
853.1513061523438
1.999999987845058e-08
-16.849485397338867
1.999999987845058e-08
301.7806701660156
-1.999999987845058e-08
-128.7399444580078
-1.999999987845058e-08
-515.822998046875
1.999999987845058e-08
-89.786376953125
1.999999987845058e-08
-891.2910766601562
-1.999999987845058e-08
98.9095687866211
-1.999999987845058e-08
-622.526611328125
1.999999987845058e-08
262.71343994140625
1.999999987845058e-08
-211.684814453125
-1.999999987845058e-08
189.13548278808594
-1.999999987845058e-08
91.27723693847656
1.999999987845058e-08
-105.79618072509766
1.999999987845058e-08
-211.684814453125
-1.999999987845058e-08
189.13548278808594
-1.999999987845058e-08
91.27723693847656
1.999999987845058e-08
-105.79618072509766
1.999999987845058e-08
383.3044128417969
-1.999999987845058e-08
-343.2570495605469
-1.999999987845058e-08
423.2019348144531
1.999999987845058e-08
-296.59521484375
1.999999987845058e-08
-67.23255920410156
-1.999999987845058e-08
-46.717063903808594
-1.999999987845058e-08
-536.5812377929688
1.999999987845058e-08
173.14198303222656
1.999999987845058e-08
-198.64306640625
-1.999999987845058e-08
245.8243865966797
-1.999999987845058e-08
574.8712158203125
1.999999987845058e-08
185.18679809570312
1.999999987845058e-08
751.3837280273438
-1.999999987845058e-08
60.57814025878906
-1.999999987845058e-08
258.61566162109375
1.999999987845058e-08
-50.717979431152344
1.999999987845058e-08
-419.18939208984375
-1.999999987845058e-08
-167.51661682128906
-1.999999987845058e-08
-434.68536376953125
1.999999987845058e-08
-159.47970581054688
1.999999987845058e-08
-266.43316650390625
-1.999999987845058e-08
-49.491790771484375
-1.999999987845058e-08
64.03777313232422
1.999999987845058e-08
122.24249267578125
1.999999987845058e-08
293.14501953125
-1.999999987845058e-08
222.45339965820312
-1.999999987845058e-08
63.638301849365234
1.999999987845058e-08
192.32667541503906
1.999999987845058e-08
-374.2878723144531
-1.999999987845058e-08
113.79320526123047
-1.999999987845058e-08
-335.48675537109375
1.999999987845058e-08
56.0515251159668
1.999999987845058e-08
210.93673706054688
-1.999999987845058e-08
14.589198112487793
-1.999999987845058e-08
678.684326171875
1.999999987845058e-08
-9.848729133605957
1.999999987845058e-08
652.3399047851562
-1.999999987845058e-08
-35.85521697998047
-1.999999987845058e-08
169.8609619140625
1.999999987845058e-08
-113.16741180419922
1.999999987845058e-08
-381.46380615234375
-1.999999987845058e-08
-222.5513458251953
-1.999999987845058e-08
-615.2079467773438
1.999999987845058e-08
-264.77374267578125
1.999999987845058e-08
-417.73388671875
-1.999999987845058e-08
-167.10824584960938
-1.999999987845058e-08
-60.205509185791016
1.999999987845058e-08
13.0940580368042
1.999999987845058e-08
-30.785139083862305
-1.999999987845058e-08
101.88739776611328
-1.999999987845058e-08
-301.35986328125
1.999999987845058e-08
16.181503295898438
1.999999987845058e-08
-237.8403778076172
-1.999999987845058e-08
-90.04875183105469
-1.999999987845058e-08
333.8000793457031
1.999999987845058e-08
-25.98503875732422
1.999999987845058e-08
109.42398834228516
-1.999999987845058e-08
51.80581283569336
-1.999999987845058e-08
-314.8902282714844
1.999999987845058e-08
-81.6607894897461
1.999999987845058e-08
-489.8620910644531
-1.999999987845058e-08
-51.24624252319336
-1.999999987845058e-08
-418.4648742675781
1.999999987845058e-08
81.19868469238281
1.999999987845058e-08
-206.44058227539062
-1.999999987845058e-08
164.4618377685547
-1.999999987845058e-08
-80.23468780517578
1.999999987845058e-08
131.11997985839844
1.999999987845058e-08
-47.67759704589844
-1.999999987845058e-08
46.7036247253418
-1.999999987845058e-08
161.5384521484375
1.999999987845058e-08
10.798744201660156
1.999999987845058e-08
375.4110107421875
-1.999999987845058e-08
18.781461715698242
-1.999999987845058e-08
49.65748596191406
1.999999987845058e-08
-10.929669380187988
1.999999987845058e-08
375.4110107421875
-1.999999987845058e-08
18.781461715698242
-1.999999987845058e-08
49.65748596191406
1.999999987845058e-08
-10.929669380187988
1.999999987845058e-08
-517.1875610351562
-1.999999987845058e-08
-94.86072540283203
-1.999999987845058e-08
-438.51373291015625
1.999999987845058e-08
-157.67446899414062
1.999999987845058e-08
152.42019653320312
-1.999999987845058e-08
-132.84339904785156
-1.999999987845058e-08
303.8047790527344
1.999999987845058e-08
-36.125179290771484
1.999999987845058e-08
-69.13812255859375
-1.999999987845058e-08
46.87141036987305
-1.999999987845058e-08
-172.04270935058594
1.999999987845058e-08
36.722049713134766
1.999999987845058e-08
169.2403106689453
-1.999999987845058e-08
-52.55818557739258
-1.999999987845058e-08
371.23150634765625
1.999999987845058e-08
-114.55852508544922
1.999999987845058e-08
-181.8354949951172
-1.999999987845058e-08
136.56752014160156
-1.999999987845058e-08
18.759077072143555
1.999999987845058e-08
92.56333923339844
1.999999987845058e-08
74.78596496582031
-1.999999987845058e-08
35.79545974731445
-1.999999987845058e-08
397.67010498046875
1.999999987845058e-08
31.884939193725586
1.999999987845058e-08
816.92138671875
-1.999999987845058e-08
-10.857983589172363
-1.999999987845058e-08
518.2371215820312
1.999999987845058e-08
-123.17814636230469
1.999999987845058e-08
-228.82205200195312
-1.999999987845058e-08
-162.8572998046875
-1.999999987845058e-08
-209.15060424804688
1.999999987845058e-08
-71.38630676269531
1.999999987845058e-08
473.62432861328125
-1.999999987845058e-08
20.231719970703125
-1.999999987845058e-08
462.67694091796875
1.999999987845058e-08
13.421591758728027
1.999999987845058e-08
-228.82205200195312
-1.999999987845058e-08
-162.8572998046875
-1.999999987845058e-08
-209.15060424804688
1.999999987845058e-08
-71.38630676269531
1.999999987845058e-08
473.62432861328125
-1.999999987845058e-08
20.231719970703125
-1.999999987845058e-08
462.67694091796875
1.999999987845058e-08
13.421591758728027
1.999999987845058e-08
-348.77349853515625
-1.999999987845058e-08
-3.1402201652526855
-1.999999987845058e-08
-641.655517578125
1.999999987845058e-08
62.48828125
1.999999987845058e-08
-44.26842498779297
-1.999999987845058e-08
101.57198333740234
-1.999999987845058e-08
393.7083740234375
1.999999987845058e-08
10.345246315002441
1.999999987845058e-08
53.03065872192383
-1.999999987845058e-08
-95.62223052978516
-1.999999987845058e-08
-515.466064453125
1.999999987845058e-08
-98.64651489257812
1.999999987845058e-08
-602.4129028320312
-1.999999987845058e-08
-49.58927536010742
-1.999999987845058e-08
-152.56985473632812
1.999999987845058e-08
6.078605651855469
1.999999987845058e-08
320.1158142089844
-1.999999987845058e-08
89.0781478881836
-1.999999987845058e-08
273.5669860839844
1.999999987845058e-08
128.5536346435547
1.999999987845058e-08
-230.7099151611328
-1.999999987845058e-08
27.536128997802734
-1.999999987845058e-08
-501.21820068359375
1.999999987845058e-08
-106.26058197021484
1.999999987845058e-08
-139.77626037597656
-1.999999987845058e-08
-68.8624038696289
-1.999999987845058e-08
325.39178466796875
1.999999987845058e-08
103.72278594970703
1.999999987845058e-08
232.51109313964844
-1.999999987845058e-08
165.44961547851562
-1.999999987845058e-08
-188.90213012695312
1.999999987845058e-08
32.80488586425781
1.999999987845058e-08
54.6464729309082
-1.999999987845058e-08
-84.93360900878906
-1.999999987845058e-08
202.65895080566406
1.999999987845058e-08
36.42162322998047
1.999999987845058e-08
40.577972412109375
-1.999999987845058e-08
99.43444061279297
-1.999999987845058e-08
-74.00923156738281
1.999999987845058e-08
47.76182174682617
1.999999987845058e-08
-0.0032210247591137886
-1.999999987845058e-08
-46.472381591796875
-1.999999987845058e-08
43.43763732910156
1.999999987845058e-08
-77.0168228149414
1.999999987845058e-08
-8.86044979095459
-1.999999987845058e-08
-9.959648132324219
-1.999999987845058e-08
7.239984512329102
1.999999987845058e-08
71.02230072021484
1.999999987845058e-08
91.34253692626953
-1.999999987845058e-08
55.69926452636719
-1.999999987845058e-08
83.63919830322266
1.999999987845058e-08
-40.12040710449219
1.999999987845058e-08
2.807677984237671
-1.999999987845058e-08
-85.13853454589844
-1.999999987845058e-08
-5.856977462768555
1.999999987845058e-08
-21.407678604125977
1.999999987845058e-08
35.94424819946289
-1.999999987845058e-08
56.223419189453125
-1.999999987845058e-08
23.891263961791992
1.999999987845058e-08
53.859683990478516
1.999999987845058e-08
7.293433666229248
-1.999999987845058e-08
3.934765577316284
-1.999999987845058e-08
46.41804122924805
1.999999987845058e-08
-22.223175048828125
1.999999987845058e-08
28.855432510375977
-1.999999987845058e-08
-21.534330368041992
-1.999999987845058e-08
-83.9674072265625
1.999999987845058e-08
-13.493203163146973
1.999999987845058e-08
-79.67832946777344
-1.999999987845058e-08
10.688361167907715
-1.999999987845058e-08
121.36565399169922
1.999999987845058e-08
29.753440856933594
1.999999987845058e-08
-28.422426223754883
-1.999999987845058e-08
-80.87947082519531
-1.999999987845058e-08
-236.38006591796875
1.999999987845058e-08
-67.84567260742188
1.999999987845058e-08
-44.23672866821289
-1.999999987845058e-08
37.31978988647461
-1.999999987845058e-08
269.04010009765625
1.999999987845058e-08
83.90936279296875
1.999999987845058e-08
175.7465362548828
-1.999999987845058e-08
-9.31240463256836
-1.999999987845058e-08
-217.19198608398438
1.999999987845058e-08
-103.76366424560547
1.999999987845058e-08
-307.8193664550781
-1.999999987845058e-08
-48.952171325683594
-1.999999987845058e-08
38.75651168823242
1.999999987845058e-08
74.84007263183594
1.999999987845058e-08
283.6112060546875
-1.999999987845058e-08
81.84203338623047
-1.999999987845058e-08
67.78274536132812
1.999999987845058e-08
-29.583831787109375
1.999999987845058e-08
67.78274536132812
-1.999999987845058e-08
-29.583831787109375
-1.999999987845058e-08
-262.5859069824219
1.999999987845058e-08
-88.09821319580078
1.999999987845058e-08
-225.2989501953125
-1.999999987845058e-08
-19.788822174072266
-1.999999987845058e-08
95.30571746826172
1.999999987845058e-08
60.190555572509766
1.999999987845058e-08
236.67567443847656
-1.999999987845058e-08
41.651485443115234
-1.999999987845058e-08
37.22041702270508
1.999999987845058e-08
-32.15855407714844
1.999999987845058e-08
-192.74012756347656
-1.999999987845058e-08
-57.81884765625
-1.999999987845058e-08
-143.65554809570312
1.999999987845058e-08
-18.11301040649414
1.999999987845058e-08
89.47164916992188
-1.999999987845058e-08
24.73987579345703
-1.999999987845058e-08
173.38352966308594
1.999999987845058e-08
25.75214385986328
1.999999987845058e-08
173.38352966308594
-1.999999987845058e-08
25.75214385986328
-1.999999987845058e-08
1.1255125999450684
1.999999987845058e-08
-4.828853130340576
1.999999987845058e-08
-169.11029052734375
-1.999999987845058e-08
-31.080732345581055
-1.999999987845058e-08
-87.05264282226562
1.999999987845058e-08
-25.799440383911133
1.999999987845058e-08
123.7279281616211
-1.999999987845058e-08
9.464900970458984
-1.999999987845058e-08
150.008544921875
1.999999987845058e-08
41.84563446044922
1.999999987845058e-08
-38.263397216796875
-1.999999987845058e-08
37.339393615722656
-1.999999987845058e-08
-152.5670928955078
1.999999987845058e-08
2.788301944732666
1.999999987845058e-08
-38.66633987426758
-1.999999987845058e-08
-17.862316131591797
-1.999999987845058e-08
107.01181030273438
1.999999987845058e-08
1.7914990186691284
1.999999987845058e-08
107.01181030273438
-1.999999987845058e-08
1.7914990186691284
-1.999999987845058e-08
76.05931854248047
1.999999987845058e-08
36.46915817260742
1.999999987845058e-08
-44.9076042175293
-1.999999987845058e-08
42.3552131652832
-1.999999987845058e-08
-67.72412872314453
1.999999987845058e-08
11.713555335998535
1.999999987845058e-08
-1.3148126602172852
-1.999999987845058e-08
-20.03251838684082
-1.999999987845058e-08
30.03057861328125
1.999999987845058e-08
-17.6727237701416
1.999999987845058e-08
13.969843864440918
-1.999999987845058e-08
11.271885871887207
-1.999999987845058e-08
11.394577026367188
1.999999987845058e-08
23.381214141845703
1.999999987845058e-08
11.033893585205078
-1.999999987845058e-08
-3.5287277698516846
-1.999999987845058e-08
-13.558966636657715
1.999999987845058e-08
-32.933502197265625
1.999999987845058e-08
21.245201110839844
-1.999999987845058e-08
40.05381393432617
-1.999999987845058e-08
-39.94876480102539
1.999999987845058e-08
5.69981050491333
1.999999987845058e-08
-44.10859298706055
-1.999999987845058e-08
-27.85521697998047
-1.999999987845058e-08
45.09325408935547
1.999999987845058e-08
-23.56180191040039
1.999999987845058e-08
82.75810241699219
-1.999999987845058e-08
-0.2822810113430023
-1.999999987845058e-08
-5.090211868286133
1.999999987845058e-08
9.41478157043457
1.999999987845058e-08
-66.31381225585938
-1.999999987845058e-08
3.9450509548187256
-1.999999987845058e-08
12.608633995056152
1.999999987845058e-08
-3.7428369522094727
1.999999987845058e-08
88.39338684082031
-1.999999987845058e-08
-11.890206336975098
-1.999999987845058e-08
12.005395889282227
1.999999987845058e-08
-17.25819969177246
1.999999987845058e-08
107.87142944335938
-1.999999987845058e-08
-11.353392601013184
-1.999999987845058e-08
64.43278503417969
1.999999987845058e-08
-38.38523483276367
1.999999987845058e-08
-96.71259307861328
-1.999999987845058e-08
-30.161598205566406
-1.999999987845058e-08
-107.98632049560547
1.999999987845058e-08
21.693775177001953
1.999999987845058e-08
54.127845764160156
-1.999999987845058e-08
51.38831329345703
-1.999999987845058e-08
123.48819732666016
1.999999987845058e-08
13.449699401855469
1.999999987845058e-08
-10.695208549499512
-1.999999987845058e-08
-36.730865478515625
-1.999999987845058e-08
-129.39669799804688
1.999999987845058e-08
-21.936384201049805
1.999999987845058e-08
-54.81539535522461
-1.999999987845058e-08
34.9056282043457
-1.999999987845058e-08
77.8547592163086
1.999999987845058e-08
46.836700439453125
1.999999987845058e-08
-54.81539535522461
-1.999999987845058e-08
34.9056282043457
-1.999999987845058e-08
77.8547592163086
1.999999987845058e-08
46.836700439453125
1.999999987845058e-08
68.01728057861328
-1.999999987845058e-08
-1.5671616792678833
-1.999999987845058e-08
-43.64950180053711
1.999999987845058e-08
-37.93562316894531
1.999999987845058e-08
-83.88187408447266
-1.999999987845058e-08
-17.56385612487793
-1.999999987845058e-08
-18.995487213134766
1.999999987845058e-08
20.157672882080078
1.999999987845058e-08
39.673675537109375
-1.999999987845058e-08
24.781723022460938
-1.999999987845058e-08
23.102113723754883
1.999999987845058e-08
4.317182540893555
1.999999987845058e-08
-26.448204040527344
-1.999999987845058e-08
-5.023079872131348
-1.999999987845058e-08
-40.057193756103516
1.999999987845058e-08
4.028141498565674
1.999999987845058e-08
-26.448204040527344
-1.999999987845058e-08
-5.023079872131348
-1.999999987845058e-08
-40.057193756103516
1.999999987845058e-08
4.028141498565674
1.999999987845058e-08
-0.4437648355960846
-1.999999987845058e-08
12.796767234802246
-1.999999987845058e-08
49.49003601074219
1.999999987845058e-08
10.445480346679688
1.999999987845058e-08
47.858089447021484
-1.999999987845058e-08
-0.08197474479675293
-1.999999987845058e-08
-14.114947319030762
1.999999987845058e-08
-12.882378578186035
1.999999987845058e-08
-62.22795486450195
-1.999999987845058e-08
-17.09807586669922
-1.999999987845058e-08
-26.609949111938477
1.999999987845058e-08
-2.2664594650268555
1.999999987845058e-08
49.277626037597656
-1.999999987845058e-08
18.37294578552246
-1.999999987845058e-08
56.41815185546875
1.999999987845058e-08
14.359681129455566
1.999999987845058e-08
-25.147396087646484
-1.999999987845058e-08
-11.466450691223145
-1.999999987845058e-08
48.69857406616211
1.999999987845058e-08
16.738088607788086
1.999999987845058e-08
48.39397048950195
-1.999999987845058e-08
13.660378456115723
-1.999999987845058e-08
-15.611454963684082
1.999999987845058e-08
-12.959935188293457
1.999999987845058e-08
-48.354366302490234
-1.999999987845058e-08
-25.29584503173828
-1.999999987845058e-08
-8.47885799407959
1.999999987845058e-08
-10.863089561462402
1.999999987845058e-08
45.41716384887695
-1.999999987845058e-08
6.308448791503906
-1.999999987845058e-08
40.17341995239258
1.999999987845058e-08
4.314850330352783
1.999999987845058e-08
-18.08834457397461
-1.999999987845058e-08
-9.335118293762207
-1.999999987845058e-08
-51.448509216308594
1.999999987845058e-08
-13.120165824890137
1.999999987845058e-08
95.96316528320312
-1.999999987845058e-08
7.45392370223999
-1.999999987845058e-08
241.62457275390625
1.999999987845058e-08
4.167499542236328
1.999999987845058e-08
260.9779968261719
-1.999999987845058e-08
-4.012803554534912
-1.999999987845058e-08
-34.11922073364258
1.999999987845058e-08
-7.8125786781311035
1.999999987845058e-08
-386.5929870605469
-1.999999987845058e-08
-25.952465057373047
-1.999999987845058e-08
-441.8276672363281
1.999999987845058e-08
-81.22779083251953
1.999999987845058e-08
-397.1212158203125
-1.999999987845058e-08
-125.90674591064453
-1.999999987845058e-08
-458.1590881347656
1.999999987845058e-08
-84.94673156738281
1.999999987845058e-08
-343.58831787109375
-1.999999987845058e-08
21.243654251098633
-1.999999987845058e-08
-9.754016876220703
1.999999987845058e-08
99.94352722167969
1.999999987845058e-08
-343.58831787109375
-1.999999987845058e-08
21.243654251098633
-1.999999987845058e-08
-9.754016876220703
1.999999987845058e-08
99.94352722167969
1.999999987845058e-08
145.93759155273438
-1.999999987845058e-08
91.06600952148438
-1.999999987845058e-08
200.81454467773438
1.999999987845058e-08
45.797916412353516
1.999999987845058e-08
555.6386108398438
-1.999999987845058e-08
76.41011047363281
-1.999999987845058e-08
953.3270874023438
1.999999987845058e-08
154.66983032226562
1.999999987845058e-08
877.6939697265625
-1.999999987845058e-08
143.40670776367188
-1.999999987845058e-08
308.2006530761719
1.999999987845058e-08
44.26084899902344
1.999999987845058e-08
-406.363525390625
-1.999999987845058e-08
-22.5595645904541
-1.999999987845058e-08
-706.96044921875
1.999999987845058e-08
-16.819150924682617
1.999999987845058e-08
469.1424865722656
-1.999999987845058e-08
7.770066738128662
-1.999999987845058e-08
681.6354370117188
1.999999987845058e-08
22.232572555541992
1.999999987845058e-08
281.9438171386719
-1.999999987845058e-08
49.68770980834961
-1.999999987845058e-08
-190.54669189453125
1.999999987845058e-08
17.957805633544922
1.999999987845058e-08
-346.2347412109375
-1.999999987845058e-08
-90.25092315673828
-1.999999987845058e-08
-236.78485107421875
1.999999987845058e-08
-148.9576416015625
1.999999987845058e-08
-65.66272735595703
-1.999999987845058e-08
-54.86377716064453
-1.999999987845058e-08
21.739334106445312
1.999999987845058e-08
85.36920928955078
1.999999987845058e-08
-43.05964279174805
-1.999999987845058e-08
76.40922546386719
-1.999999987845058e-08
-214.8116455078125
1.999999987845058e-08
-84.5101547241211
1.999999987845058e-08
-214.8116455078125
-1.999999987845058e-08
-84.5101547241211
-1.999999987845058e-08
-340.6362609863281
1.999999987845058e-08
-187.1701202392578
1.999999987845058e-08
-287.4768981933594
-1.999999987845058e-08
-95.10061645507812
-1.999999987845058e-08
-78.1877670288086
1.999999987845058e-08
62.8595085144043
1.999999987845058e-08
82.8921890258789
-1.999999987845058e-08
70.20799255371094
-1.999999987845058e-08
-16.77526092529297
1.999999987845058e-08
-73.36219787597656
1.999999987845058e-08
-291.99114990234375
-1.999999987845058e-08
-151.8302459716797
-1.999999987845058e-08
-351.8349609375
1.999999987845058e-08
-47.2631721496582
1.999999987845058e-08
-23.907413482666016
-1.999999987845058e-08
86.43740844726562
-1.999999987845058e-08
280.44415283203125
1.999999987845058e-08
60.24632263183594
1.999999987845058e-08
-288.77130126953125
-1.999999987845058e-08
-70.64309692382812
-1.999999987845058e-08
-271.6900939941406
1.999999987845058e-08
42.08829116821289
1.999999987845058e-08
156.4031982421875
-1.999999987845058e-08
91.44561767578125
-1.999999987845058e-08
334.68646240234375
1.999999987845058e-08
10.130142211914062
1.999999987845058e-08
18.077407836914062
-1.999999987845058e-08
-49.6116828918457
-1.999999987845058e-08
-239.78170776367188
1.999999987845058e-08
9.359395027160645
1.999999987845058e-08
-33.97303771972656
-1.999999987845058e-08
67.51021575927734
-1.999999987845058e-08
249.7245635986328
1.999999987845058e-08
16.277271270751953
1.999999987845058e-08
155.69573974609375
-1.999999987845058e-08
-42.58576965332031
-1.999999987845058e-08
-81.74504089355469
1.999999987845058e-08
13.436150550842285
1.999999987845058e-08
-29.777755737304688
-1.999999987845058e-08
93.79881286621094
-1.999999987845058e-08
175.60536193847656
1.999999987845058e-08
46.85542297363281
1.999999987845058e-08
146.28273010253906
-1.999999987845058e-08
-63.78021240234375
-1.999999987845058e-08
-32.576087951660156
1.999999987845058e-08
-53.07164001464844
1.999999987845058e-08
-4.892140865325928
-1.999999987845058e-08
70.48152160644531
-1.999999987845058e-08
171.24868774414062
1.999999987845058e-08
109.55391693115234
1.999999987845058e-08
143.8040313720703
-1.999999987845058e-08
0.03173133730888367
-1.999999987845058e-08
-63.59083557128906
1.999999987845058e-08
-87.08869934082031
1.999999987845058e-08
-79.87049102783203
-1.999999987845058e-08
-24.01453971862793
-1.999999987845058e-08
145.75726318359375
1.999999987845058e-08
78.20616912841797
1.999999987845058e-08
145.75726318359375
-1.999999987845058e-08
78.20616912841797
-1.999999987845058e-08
236.29933166503906
1.999999987845058e-08
58.257240295410156
1.999999987845058e-08
21.099075317382812
-1.999999987845058e-08
-46.82992172241211
-1.999999987845058e-08
-180.5125732421875
1.999999987845058e-08
-77.39289855957031
1.999999987845058e-08
-77.47586059570312
-1.999999987845058e-08
0.8633036017417908
-1.999999987845058e-08
146.4381103515625
1.999999987845058e-08
64.34877014160156
1.999999987845058e-08
142.31593322753906
-1.999999987845058e-08
28.670347213745117
-1.999999987845058e-08
-75.59498596191406
1.999999987845058e-08
-41.096797943115234
1.999999987845058e-08
-182.67857360839844
-1.999999987845058e-08
-45.2818603515625
-1.999999987845058e-08
-37.73257064819336
1.999999987845058e-08
9.167729377746582
1.999999987845058e-08
87.87017822265625
-1.999999987845058e-08
8.019460678100586
-1.999999987845058e-08
-86.61335754394531
1.999999987845058e-08
-34.56692886352539
1.999999987845058e-08
-133.2233428955078
-1.999999987845058e-08
-39.27915954589844
-1.999999987845058e-08
-8.858811378479004
1.999999987845058e-08
-13.163939476013184
1.999999987845058e-08
78.61505889892578
-1.999999987845058e-08
7.68743371963501
-1.999999987845058e-08
8.004927635192871
1.999999987845058e-08
7.268654823303223
1.999999987845058e-08
-86.45579528808594
-1.999999987845058e-08
-6.720180511474609
-1.999999987845058e-08
-61.19811248779297
1.999999987845058e-08
-22.222932815551758
1.999999987845058e-08
9.08981704711914
-1.999999987845058e-08
-24.8158016204834
-1.999999987845058e-08
-4.927894115447998
1.999999987845058e-08
-3.0588579177856445
1.999999987845058e-08
-4.927894115447998
-1.999999987845058e-08
-3.0588579177856445
-1.999999987845058e-08
-54.84511184692383
1.999999987845058e-08
24.92060661315918
1.999999987845058e-08
-34.00870895385742
-1.999999987845058e-08
18.848648071289062
-1.999999987845058e-08
2.907553195953369
1.999999987845058e-08
-20.879995346069336
1.999999987845058e-08
-42.36962127685547
-1.999999987845058e-08
-35.937286376953125
-1.999999987845058e-08
-87.81050872802734
1.999999987845058e-08
4.448093414306641
1.999999987845058e-08
-12.388300895690918
-1.999999987845058e-08
43.837501525878906
-1.999999987845058e-08
76.03009796142578
1.999999987845058e-08
21.20394515991211
1.999999987845058e-08
-1.2074239253997803
-1.999999987845058e-08
-26.029905319213867
-1.999999987845058e-08
-140.51052856445312
1.999999987845058e-08
-18.949153900146484
1.999999987845058e-08
-88.08324432373047
-1.999999987845058e-08
29.639875411987305
-1.999999987845058e-08
107.75108337402344
1.999999987845058e-08
34.629730224609375
1.999999987845058e-08
142.03167724609375
-1.999999987845058e-08
-16.026201248168945
-1.999999987845058e-08
-28.256919860839844
1.999999987845058e-08
-40.620906829833984
1.999999987845058e-08
-102.74140167236328
-1.999999987845058e-08
-4.598516941070557
-1.999999987845058e-08
40.505680084228516
1.999999987845058e-08
23.824853897094727
1.999999987845058e-08
139.28431701660156
-1.999999987845058e-08
-1.0519473552703857
-1.999999987845058e-08
20.44165802001953
1.999999987845058e-08
-23.54077911376953
1.999999987845058e-08
-99.57511138916016
-1.999999987845058e-08
5.830070972442627
-1.999999987845058e-08
-14.592680931091309
1.999999987845058e-08
36.47234344482422
1.999999987845058e-08
-14.592680931091309
-1.999999987845058e-08
36.47234344482422
-1.999999987845058e-08
108.52447509765625
1.999999987845058e-08
9.825611114501953
1.999999987845058e-08
48.79416275024414
-1.999999987845058e-08
-31.005630493164062
-1.999999987845058e-08
-73.12974548339844
1.999999987845058e-08
-15.127197265625
1.999999987845058e-08
-35.41683578491211
-1.999999987845058e-08
29.196447372436523
-1.999999987845058e-08
77.21510314941406
1.999999987845058e-08
23.271896362304688
1.999999987845058e-08
45.290122985839844
-1.999999987845058e-08
-22.241498947143555
-1.999999987845058e-08
-73.48755645751953
1.999999987845058e-08
-25.363439559936523
1.999999987845058e-08
-56.23533630371094
-1.999999987845058e-08
23.213117599487305
-1.999999987845058e-08
67.69422912597656
1.999999987845058e-08
44.1610107421875
1.999999987845058e-08
-61.09564971923828
-1.999999987845058e-08
-28.136978149414062
-1.999999987845058e-08
-90.93040466308594
1.999999987845058e-08
-6.567010402679443
1.999999987845058e-08
37.189231872558594
-1.999999987845058e-08
27.418004989624023
-1.999999987845058e-08
107.57289123535156
1.999999987845058e-08
16.660675048828125
1.999999987845058e-08
6.4677557945251465
-1.999999987845058e-08
-19.430784225463867
-1.999999987845058e-08
-95.30094146728516
1.999999987845058e-08
-25.66551971435547
1.999999987845058e-08
-43.78188705444336
-1.999999987845058e-08
-0.6523907780647278
-1.999999987845058e-08
57.27986526489258
1.999999987845058e-08
13.224961280822754
1.999999987845058e-08
49.489566802978516
-1.999999987845058e-08
3.1388988494873047
-1.999999987845058e-08
-24.72806739807129
1.999999987845058e-08
-7.373798370361328
1.999999987845058e-08
-30.869516372680664
-1.999999987845058e-08
-6.992019176483154
-1.999999987845058e-08
27.51728630065918
1.999999987845058e-08
-3.7154362201690674
1.999999987845058e-08
46.36353302001953
-1.999999987845058e-08
1.805429458618164
-1.999999987845058e-08
6.051953315734863
1.999999987845058e-08
11.361185073852539
1.999999987845058e-08
-21.041521072387695
-1.999999987845058e-08
11.550516128540039
-1.999999987845058e-08
-6.826495170593262
1.999999987845058e-08
-5.784335613250732
1.999999987845058e-08
5.858019828796387
-1.999999987845058e-08
-19.29265022277832
-1.999999987845058e-08
-3.4203665256500244
1.999999987845058e-08
-6.43235445022583
1.999999987845058e-08
-9.159102439880371
-1.999999987845058e-08
16.642702102661133
-1.999999987845058e-08
-4.564087867736816
1.999999987845058e-08
15.47538948059082
1.999999987845058e-08
-33.9435920715332
-1.999999987845058e-08
-20.81991195678711
-1.999999987845058e-08
-30.97665023803711
1.999999987845058e-08
1.4652318954467773
1.999999987845058e-08
6.640758991241455
-1.999999987845058e-08
25.16521644592285
-1.999999987845058e-08
32.9047737121582
1.999999987845058e-08
11.869709968566895
1.999999987845058e-08
6.572068214416504
-1.999999987845058e-08
-23.062650680541992
-1.999999987845058e-08
-37.91984939575195
1.999999987845058e-08
-30.551658630371094
1.999999987845058e-08
-33.05497741699219
-1.999999987845058e-08
-0.3617972731590271
-1.999999987845058e-08
16.843231201171875
1.999999987845058e-08
23.743242263793945
1.999999987845058e-08
34.86203384399414
-1.999999987845058e-08
8.754684448242188
-1.999999987845058e-08
-10.456707000732422
1.999999987845058e-08
-19.58007049560547
1.999999987845058e-08
-9.468443870544434
-1.999999987845058e-08
10.902200698852539
-1.999999987845058e-08
51.32630157470703
1.999999987845058e-08
22.947364807128906
1.999999987845058e-08
37.10079574584961
-1.999999987845058e-08
5.638014793395996
-1.999999987845058e-08
-33.18126678466797
1.999999987845058e-08
-10.44973373413086
1.999999987845058e-08
-44.73054122924805
-1.999999987845058e-08
-5.6020050048828125
-1.999999987845058e-08
26.586381912231445
1.999999987845058e-08
0.9142329692840576
1.999999987845058e-08
70.86958312988281
-1.999999987845058e-08
-8.729310989379883
-1.999999987845058e-08
24.747303009033203
1.999999987845058e-08
-18.136554718017578
1.999999987845058e-08
-28.404146194458008
-1.999999987845058e-08
-8.626379013061523
-1.999999987845058e-08
-7.214598655700684
1.999999987845058e-08
5.433380603790283
1.999999987845058e-08
24.747303009033203
-1.999999987845058e-08
-18.136554718017578
-1.999999987845058e-08
-28.404146194458008
1.999999987845058e-08
-8.626379013061523
1.999999987845058e-08
-7.214598655700684
-1.999999987845058e-08
5.433380603790283
-1.999999987845058e-08
33.897193908691406
1.999999987845058e-08
3.1715004444122314
1.999999987845058e-08
14.71568489074707
-1.999999987845058e-08
-5.8464860916137695
-1.999999987845058e-08
-26.100284576416016
1.999999987845058e-08
-2.4838242530822754
1.999999987845058e-08
-10.934215545654297
-1.999999987845058e-08
5.402095794677734
-1.999999987845058e-08
29.526813507080078
1.999999987845058e-08
-0.9368390440940857
1.999999987845058e-08
15.289557456970215
-1.999999987845058e-08
-13.94399642944336
-1.999999987845058e-08
-30.88113021850586
1.999999987845058e-08
-11.300190925598145
1.999999987845058e-08
-25.441146850585938
-1.999999987845058e-08
4.260097026824951
-1.999999987845058e-08
16.204044342041016
1.999999987845058e-08
9.864245414733887
1.999999987845058e-08
7.02363395690918
-1.999999987845058e-08
3.2798280715942383
-1.999999987845058e-08
-44.591182708740234
1.999999987845058e-08
4.9930949211120605
1.999999987845058e-08
-45.42194747924805
-1.999999987845058e-08
18.865541458129883
-1.999999987845058e-08
10.837896347045898
1.999999987845058e-08
23.381357192993164
1.999999987845058e-08
30.028989791870117
-1.999999987845058e-08
8.473604202270508
-1.999999987845058e-08
-12.693449974060059
1.999999987845058e-08
-7.744369983673096
1.999999987845058e-08
-31.63260269165039
-1.999999987845058e-08
-9.227019309997559
-1.999999987845058e-08
10.259778022766113
1.999999987845058e-08
-3.565161943435669
1.999999987845058e-08
-23.16234016418457
-1.999999987845058e-08
8.525435447692871
-1.999999987845058e-08
5.049185752868652
1.999999987845058e-08
9.619285583496094
1.999999987845058e-08
34.449153900146484
-1.999999987845058e-08
-2.4256603717803955
-1.999999987845058e-08
10.11992359161377
1.999999987845058e-08
-13.559399604797363
1.999999987845058e-08
-25.88313102722168
-1.999999987845058e-08
-8.405742645263672
-1.999999987845058e-08
-15.25092601776123
1.999999987845058e-08
2.9087650775909424
1.999999987845058e-08
13.856785774230957
-1.999999987845058e-08
0.9605692028999329
-1.999999987845058e-08
6.126758098602295
1.999999987845058e-08
-7.695375919342041
1.999999987845058e-08
-15.920763969421387
-1.999999987845058e-08
-1.6678165197372437
-1.999999987845058e-08
2.490704298019409
1.999999987845058e-08
14.117362022399902
1.999999987845058e-08
40.558631896972656
-1.999999987845058e-08
13.58959674835205
-1.999999987845058e-08
35.807193756103516
1.999999987845058e-08
-4.794302463531494
1.999999987845058e-08
-4.0926690101623535
-1.999999987845058e-08
-12.385063171386719
-1.999999987845058e-08
-15.680314064025879
1.999999987845058e-08
3.6449735164642334
1.999999987845058e-08
9.399264335632324
-1.999999987845058e-08
19.873241424560547
-1.999999987845058e-08
14.90202522277832
1.999999987845058e-08
14.129575729370117
1.999999987845058e-08
-16.877504348754883
-1.999999987845058e-08
-3.0114870071411133
-1.999999987845058e-08
-34.62970733642578
1.999999987845058e-08
-8.754426956176758
1.999999987845058e-08
-9.302810668945312
-1.999999987845058e-08
-1.0040262937545776
-1.999999987845058e-08
16.931297302246094
1.999999987845058e-08
4.485195159912109
1.999999987845058e-08
-25.7259521484375
-1.999999987845058e-08
-5.855704307556152
-1.999999987845058e-08
-26.343812942504883
1.999999987845058e-08
-5.098371505737305
1.999999987845058e-08
-0.6954324245452881
-1.999999987845058e-08
0.7268214821815491
-1.999999987845058e-08
15.257555961608887
1.999999987845058e-08
5.543753623962402
1.999999987845058e-08
6.226439952850342
-1.999999987845058e-08
5.475688457489014
-1.999999987845058e-08
-8.53445053100586
1.999999987845058e-08
-0.2490779608488083
1.999999987845058e-08
-8.195178031921387
-1.999999987845058e-08
-8.70217227935791
-1.999999987845058e-08
4.046539306640625
1.999999987845058e-08
-13.140499114990234
1.999999987845058e-08
12.920886993408203
-1.999999987845058e-08
-9.740506172180176
-1.999999987845058e-08
12.28515911102295
1.999999987845058e-08
-4.177441120147705
1.999999987845058e-08
12.920886993408203
-1.999999987845058e-08
-9.740506172180176
-1.999999987845058e-08
12.28515911102295
1.999999987845058e-08
-4.177441120147705
1.999999987845058e-08
6.529873371124268
-1.999999987845058e-08
-4.598960876464844
-1.999999987845058e-08
1.3754353523254395
1.999999987845058e-08
-9.350807189941406
1.999999987845058e-08
-1.2480647563934326
-1.999999987845058e-08
-9.33784008026123
-1.999999987845058e-08
-1.850823998451233
1.999999987845058e-08
-1.5435068607330322
1.999999987845058e-08
-0.783440887928009
-1.999999987845058e-08
6.861601829528809
-1.999999987845058e-08
-0.24282702803611755
1.999999987845058e-08
7.591922760009766
1.999999987845058e-08
-5.966676235198975
-1.999999987845058e-08
0.35870489478111267
-1.999999987845058e-08
-19.42253875732422
1.999999987845058e-08
-6.709193706512451
1.999999987845058e-08
-19.42253875732422
-1.999999987845058e-08
-6.709193706512451
-1.999999987845058e-08
-30.221216201782227
1.999999987845058e-08
-5.946836471557617
1.999999987845058e-08
-28.10186195373535
-1.999999987845058e-08
0.22342415153980255
-1.999999987845058e-08
-19.083171844482422
1.999999987845058e-08
3.0087931156158447
1.999999987845058e-08
-13.246783256530762
-1.999999987845058e-08
0.17031727731227875
-1.999999987845058e-08
-5.689318656921387
1.999999987845058e-08
-2.9894490242004395
1.999999987845058e-08
8.974671363830566
-1.999999987845058e-08
-3.9393413066864014
-1.999999987845058e-08
17.55206871032715
1.999999987845058e-08
-3.8184216022491455
1.999999987845058e-08
9.045729637145996
-1.999999987845058e-08
-1.122288465499878
-1.999999987845058e-08
-0.30895736813545227
1.999999987845058e-08
5.384438514709473
1.999999987845058e-08
32.05481719970703
-1.999999987845058e-08
7.26721715927124
-1.999999987845058e-08
14.585393905639648
1.999999987845058e-08
7.5066680908203125
1.999999987845058e-08
5.127748966217041
-1.999999987845058e-08
12.173969268798828
-1.999999987845058e-08
15.30300521850586
1.999999987845058e-08
13.539710998535156
1.999999987845058e-08
22.00984001159668
-1.999999987845058e-08
7.830483436584473
-1.999999987845058e-08
7.930344104766846
1.999999987845058e-08
1.5615897178649902
1.999999987845058e-08
-7.603188991546631
-1.999999987845058e-08
1.6246070861816406
-1.999999987845058e-08
-2.7876474857330322
1.999999987845058e-08
5.389697074890137
1.999999987845058e-08
8.977130889892578
-1.999999987845058e-08
4.927467346191406
-1.999999987845058e-08
5.895318984985352
1.999999987845058e-08
-1.4636802673339844
1.999999987845058e-08
2.4670541286468506
-1.999999987845058e-08
-7.2856125831604
-1.999999987845058e-08
-6.883072853088379
1.999999987845058e-08
-6.426302909851074
1.999999987845058e-08
-15.485028266906738
-1.999999987845058e-08
-3.4354543685913086
-1.999999987845058e-08
-1.4737415313720703
1.999999987845058e-08
-0.344270259141922
1.999999987845058e-08
21.28441047668457
-1.999999987845058e-08
-2.4033138751983643
-1.999999987845058e-08
18.803945541381836
1.999999987845058e-08
-6.830575942993164
1.999999987845058e-08
-7.5243401527404785
-1.999999987845058e-08
-5.506443977355957
-1.999999987845058e-08
-21.872114181518555
1.999999987845058e-08
0.685219407081604
1.999999987845058e-08
-11.651512145996094
-1.999999987845058e-08
2.209789276123047
-1.999999987845058e-08
-0.4991174638271332
1.999999987845058e-08
-4.968544960021973
1.999999987845058e-08
-21.872114181518555
-1.999999987845058e-08
0.6852193474769592
-1.999999987845058e-08
-11.651512145996094
1.999999987845058e-08
2.209789276123047
1.999999987845058e-08
-0.49911749362945557
-1.999999987845058e-08
-4.968544960021973
-1.999999987845058e-08
-3.050985097885132
1.999999987845058e-08
-14.34664249420166
1.999999987845058e-08
-7.694597244262695
-1.999999987845058e-08
-17.798297882080078
-1.999999987845058e-08
-5.984647750854492
1.999999987845058e-08
-14.240857124328613
1.999999987845058e-08
-8.77624225616455
-1.999999987845058e-08
-8.051414489746094
-1.999999987845058e-08
-22.93159294128418
1.999999987845058e-08
-2.065560817718506
1.999999987845058e-08
-31.831602096557617
-1.999999987845058e-08
3.2789218425750732
-1.999999987845058e-08
-18.949609756469727
1.999999987845058e-08
5.316153049468994
1.999999987845058e-08
5.155803680419922
-1.999999987845058e-08
-5.4568681716918945
-1.999999987845058e-08
1.5827776193618774
1.999999987845058e-08
-0.3583277463912964
1.999999987845058e-08
6.596777439117432
-1.999999987845058e-08
4.613922119140625
-1.999999987845058e-08
6.94761848449707
1.999999987845058e-08
8.718230247497559
1.999999987845058e-08
-4.016815662384033
-1.999999987845058e-08
16.471908569335938
-1.999999987845058e-08
-14.223172187805176
1.999999987845058e-08
26.211584091186523
1.999999987845058e-08
-13.047792434692383
-1.999999987845058e-08
28.135337829589844
-1.999999987845058e-08
-5.44127082824707
1.999999987845058e-08
17.167455673217773
1.999999987845058e-08
1.54725980758667
-1.999999987845058e-08
0.8052278757095337
-1.999999987845058e-08
8.514601707458496
1.999999987845058e-08
-10.012372970581055
1.999999987845058e-08
1.54725980758667
-1.999999987845058e-08
0.8052278757095337
-1.999999987845058e-08
8.514601707458496
1.999999987845058e-08
-10.012372970581055
1.999999987845058e-08
14.307026863098145
-1.999999987845058e-08
-11.787259101867676
-1.999999987845058e-08
13.7545804977417
1.999999987845058e-08
-7.540472984313965
1.999999987845058e-08
8.34111499786377
-1.999999987845058e-08
-1.7085206508636475
-1.999999987845058e-08
6.512750148773193
1.999999987845058e-08
2.353196859359741
1.999999987845058e-08
11.857213973999023
-1.999999987845058e-08
3.146444797515869
-1.999999987845058e-08
16.766084671020508
1.999999987845058e-08
0.6471509337425232
1.999999987845058e-08
11.281484603881836
-1.999999987845058e-08
-3.3497862815856934
-1.999999987845058e-08
-2.822779655456543
1.999999987845058e-08
-5.318207263946533
1.999999987845058e-08
-14.7841157913208
-1.999999987845058e-08
0.05785596743226051
-1.999999987845058e-08
-9.365715980529785
1.999999987845058e-08
1.5819669961929321
1.999999987845058e-08
-5.28389835357666
-1.999999987845058e-08
1.0988237857818604
-1.999999987845058e-08
-4.219206809997559
1.999999987845058e-08
0.5413836240768433
1.999999987845058e-08
0.364962637424469
-1.999999987845058e-08
0.8592304587364197
-1.999999987845058e-08
13.45259952545166
1.999999987845058e-08
1.38824462890625
1.999999987845058e-08
27.558835983276367
-1.999999987845058e-08
0.30806079506874084
-1.999999987845058e-08
28.169330596923828
1.999999987845058e-08
-2.1839487552642822
1.999999987845058e-08
12.003523826599121
-1.999999987845058e-08
-2.259483575820923
-1.999999987845058e-08
-8.382519721984863
1.999999987845058e-08
2.2871174812316895
1.999999987845058e-08
-23.463804244995117
-1.999999987845058e-08
0.0153531888499856
-1.999999987845058e-08
-28.753799438476562
1.999999987845058e-08
-39.890750885009766
1.999999987845058e-08
-34.50977325439453
-1.999999987845058e-08
-83.0118637084961
-1.999999987845058e-08
-29.25442123413086
1.999999987845058e-08
-72.72244262695312
1.999999987845058e-08
-64.059326171875
-1.999999987845058e-08
-24.888347625732422
-1.999999987845058e-08
-284.3543701171875
1.999999987845058e-08
3.4103662967681885
1.999999987845058e-08
-607.3602905273438
-1.999999987845058e-08
48.97522735595703
-1.999999987845058e-08
-495.2947082519531
1.999999987845058e-08
153.1909942626953
1.999999987845058e-08
268.5154724121094
-1.999999987845058e-08
189.14894104003906
-1.999999987845058e-08
923.6739501953125
1.999999987845058e-08
59.78522491455078
1.999999987845058e-08
279.203125
-1.999999987845058e-08
-54.48557662963867
-1.999999987845058e-08
48.65576171875
1.999999987845058e-08
13.654561042785645
1.999999987845058e-08
-17.115095138549805
-1.999999987845058e-08
2.8371424674987793
-1.999999987845058e-08
-136.23187255859375
1.999999987845058e-08
-24.2337703704834
1.999999987845058e-08
-59.08326721191406
-1.999999987845058e-08
0.5690925717353821
-1.999999987845058e-08
249.25880432128906
1.999999987845058e-08
8.498165130615234
1.999999987845058e-08
