0
-6.551640033721924
1.999999987845058e-08
-8.84411334991455
1.999999987845058e-08
-3.2792727947235107
-1.999999987845058e-08
-11.398211479187012
-1.999999987845058e-08
6.991566181182861
1.999999987845058e-08
-7.070504665374756
1.999999987845058e-08
13.291546821594238
-1.999999987845058e-08
2.446352005004883
-1.999999987845058e-08
8.500407218933105
1.999999987845058e-08
9.440497398376465
1.999999987845058e-08
-3.9592766761779785
-1.999999987845058e-08
9.944075584411621
-1.999999987845058e-08
-13.455648422241211
1.999999987845058e-08
4.498549938201904
1.999999987845058e-08
-14.1032133102417
-1.999999987845058e-08
-5.076207160949707
-1.999999987845058e-08
-9.471964836120605
1.999999987845058e-08
-13.620585441589355
1.999999987845058e-08
-14.1032133102417
-1.999999987845058e-08
-5.076207160949707
-1.999999987845058e-08
-9.471964836120605
1.999999987845058e-08
-13.620585441589355
1.999999987845058e-08
-3.9553935527801514
-1.999999987845058e-08
-14.755476951599121
-1.999999987845058e-08
1.231795072555542
1.999999987845058e-08
-8.4937105178833
1.999999987845058e-08
4.161108493804932
-1.999999987845058e-08
-1.3881642818450928
-1.999999987845058e-08
2.7722625732421875
1.999999987845058e-08
1.6990865468978882
1.999999987845058e-08
-1.6504504680633545
-1.999999987845058e-08
2.1098151206970215
-1.999999987845058e-08
-5.2182440757751465
1.999999987845058e-08
3.574841022491455
1.999999987845058e-08
-6.137681484222412
-1.999999987845058e-08
7.665392875671387
-1.999999987845058e-08
-7.125765800476074
1.999999987845058e-08
13.395604133605957
1.999999987845058e-08
-7.125765800476074
-1.999999987845058e-08
13.395604133605957
-1.999999987845058e-08
-11.274275779724121
1.999999987845058e-08
18.26009750366211
1.999999987845058e-08
-17.09245491027832
-1.999999987845058e-08
20.5444393157959
-1.999999987845058e-08
-20.205217361450195
1.999999987845058e-08
21.122425079345703
1.999999987845058e-08
-18.67352294921875
-1.999999987845058e-08
20.467164993286133
-1.999999987845058e-08
-13.966962814331055
1.999999987845058e-08
16.974504470825195
1.999999987845058e-08
-8.307948112487793
-1.999999987845058e-08
10.24792766571045
-1.999999987845058e-08
-4.1142144203186035
1.999999987845058e-08
1.894744873046875
1.999999987845058e-08
-2.875236749649048
-1.999999987845058e-08
-6.4710564613342285
-1.999999987845058e-08
-2.543321132659912
1.999999987845058e-08
-13.595057487487793
1.999999987845058e-08
16.839740753173828
-1.999999987845058e-08
-0.9113174676895142
-1.999999987845058e-08
16.67782211303711
1.999999987845058e-08
9.072643280029297
1.999999987845058e-08
13.139655113220215
-1.999999987845058e-08
13.28287124633789
-1.999999987845058e-08
13.623068809509277
1.999999987845058e-08
7.9415202140808105
1.999999987845058e-08
17.63395881652832
-1.999999987845058e-08
-5.870906829833984
-1.999999987845058e-08
15.648377418518066
1.999999987845058e-08
-19.0180721282959
1.999999987845058e-08
6.251278400421143
-1.999999987845058e-08
-21.519685745239258
-1.999999987845058e-08
1.222213864326477
1.999999987845058e-08
-14.491833686828613
1.999999987845058e-08
8.067234992980957
-1.999999987845058e-08
-7.68289041519165
-1.999999987845058e-08
18.538915634155273
1.999999987845058e-08
-6.952358722686768
1.999999987845058e-08
19.519441604614258
-1.999999987845058e-08
-10.775952339172363
-1.999999987845058e-08
6.952821731567383
1.999999987845058e-08
-14.439891815185547
1.999999987845058e-08
-12.025115013122559
-1.999999987845058e-08
-12.351158142089844
-1.999999987845058e-08
-26.01191520690918
1.999999987845058e-08
-2.2694976329803467
1.999999987845058e-08
-30.00032615661621
-1.999999987845058e-08
9.873907089233398
-1.999999987845058e-08
-27.41497230529785
1.999999987845058e-08
16.15541648864746
1.999999987845058e-08
-21.288333892822266
-1.999999987845058e-08
15.821924209594727
-1.999999987845058e-08
-11.497056007385254
1.999999987845058e-08
12.378255844116211
1.999999987845058e-08
-1.2691150903701782
-1.999999987845058e-08
8.337984085083008
-1.999999987845058e-08
2.4443633556365967
1.999999987845058e-08
6.193995952606201
1.999999987845058e-08
2.4443633556365967
-1.999999987845058e-08
6.193995952606201
-1.999999987845058e-08
-1.5747276544570923
1.999999987845058e-08
7.033026695251465
1.999999987845058e-08
-5.529658794403076
-1.999999987845058e-08
8.110574722290039
-1.999999987845058e-08
-3.539926767349243
1.999999987845058e-08
6.875152111053467
1.999999987845058e-08
0.35729455947875977
-1.999999987845058e-08
5.125363349914551
-1.999999987845058e-08
0.86431884765625
1.999999987845058e-08
5.534214019775391
1.999999987845058e-08
0.2176070511341095
-1.999999987845058e-08
6.850990295410156
-1.999999987845058e-08
0.6453023552894592
1.999999987845058e-08
5.9354963302612305
1.999999987845058e-08
-2.5280983448028564
-1.999999987845058e-08
2.139476776123047
-1.999999987845058e-08
-9.587457656860352
1.999999987845058e-08
-1.7360364198684692
1.999999987845058e-08
-9.587458610534668
-1.999999987845058e-08
-1.7360364198684692
-1.999999987845058e-08
-9.154561996459961
1.999999987845058e-08
-1.8294178247451782
1.999999987845058e-08
5.330366611480713
-1.999999987845058e-08
1.4752004146575928
-1.999999987845058e-08
21.662948608398438
1.999999987845058e-08
2.3865456581115723
1.999999987845058e-08
22.297273635864258
-1.999999987845058e-08
-2.284850597381592
-1.999999987845058e-08
6.077723026275635
1.999999987845058e-08
-7.371566295623779
1.999999987845058e-08
-10.241308212280273
-1.999999987845058e-08
-6.101871013641357
-1.999999987845058e-08
-11.422440528869629
1.999999987845058e-08
-0.4410327970981598
1.999999987845058e-08
0.3310750126838684
-1.999999987845058e-08
1.5705562829971313
-1.999999987845058e-08
11.75912094116211
1.999999987845058e-08
-3.12149715423584
1.999999987845058e-08
11.75912094116211
-1.999999987845058e-08
-3.12149715423584
-1.999999987845058e-08
13.91514778137207
1.999999987845058e-08
-11.135133743286133
1.999999987845058e-08
6.743148326873779
-1.999999987845058e-08
-17.6936092376709
-1.999999987845058e-08
-3.9885547161102295
1.999999987845058e-08
-19.2949275970459
1.999999987845058e-08
-11.331249237060547
-1.999999987845058e-08
-16.056047439575195
-1.999999987845058e-08
-12.642332077026367
1.999999987845058e-08
-10.716920852661133
1.999999987845058e-08
-9.311057090759277
-1.999999987845058e-08
-4.879353046417236
-1.999999987845058e-08
-2.9247782230377197
1.999999987845058e-08
0.8142076134681702
1.999999987845058e-08
3.89083194732666
-1.999999987845058e-08
4.561443328857422
-1.999999987845058e-08
7.688547611236572
1.999999987845058e-08
4.373317241668701
1.999999987845058e-08
9.400280952453613
-1.999999987845058e-08
2.1457369327545166
-1.999999987845058e-08
12.613543510437012
1.999999987845058e-08
2.812174081802368
1.999999987845058e-08
14.876015663146973
-1.999999987845058e-08
6.315820217132568
-1.999999987845058e-08
10.174018859863281
1.999999987845058e-08
7.991923809051514
1.999999987845058e-08
0.5938950777053833
-1.999999987845058e-08
7.652728080749512
-1.999999987845058e-08
-4.412442207336426
1.999999987845058e-08
8.351183891296387
1.999999987845058e-08
-1.1617133617401123
-1.999999987845058e-08
8.851119995117188
-1.999999987845058e-08
3.400242328643799
1.999999987845058e-08
5.767415523529053
1.999999987845058e-08
2.6721303462982178
-1.999999987845058e-08
0.483395516872406
-1.999999987845058e-08
-0.5936523079872131
1.999999987845058e-08
-2.247260093688965
1.999999987845058e-08
6.891842365264893
-1.999999987845058e-08
-1.8345717191696167
-1.999999987845058e-08
9.668746948242188
1.999999987845058e-08
-0.5663198828697205
1.999999987845058e-08
13.754305839538574
-1.999999987845058e-08
3.6811203956604004
-1.999999987845058e-08
18.40232276916504
1.999999987845058e-08
7.847240447998047
1.999999987845058e-08
17.077714920043945
-1.999999987845058e-08
8.315430641174316
-1.999999987845058e-08
6.603094577789307
1.999999987845058e-08
4.265130519866943
1.999999987845058e-08
-5.074868679046631
-1.999999987845058e-08
-1.0546661615371704
-1.999999987845058e-08
-9.24757194519043
1.999999987845058e-08
-2.7506837844848633
1.999999987845058e-08
-10.840611457824707
-1.999999987845058e-08
-0.6089379191398621
-1.999999987845058e-08
-18.990869522094727
1.999999987845058e-08
0.40915846824645996
1.999999987845058e-08
-18.990869522094727
-1.999999987845058e-08
0.4091584384441376
-1.999999987845058e-08
-29.074440002441406
1.999999987845058e-08
-2.2059433460235596
1.999999987845058e-08
-31.625764846801758
-1.999999987845058e-08
-5.835996150970459
-1.999999987845058e-08
-28.07810401916504
1.999999987845058e-08
-7.679447174072266
1.999999987845058e-08
-22.401004791259766
-1.999999987845058e-08
-7.721403121948242
-1.999999987845058e-08
-14.298964500427246
1.999999987845058e-08
-7.229455471038818
1.999999987845058e-08
-6.648013591766357
-1.999999987845058e-08
-6.318859100341797
-1.999999987845058e-08
-2.800647735595703
1.999999987845058e-08
-4.3389387130737305
1.999999987845058e-08
-0.043560028076171875
-1.999999987845058e-08
-1.7449594736099243
-1.999999987845058e-08
4.923959732055664
1.999999987845058e-08
0.9655537009239197
1.999999987845058e-08
4.923959732055664
-1.999999987845058e-08
0.9655536413192749
-1.999999987845058e-08
11.230612754821777
1.999999987845058e-08
4.328673839569092
1.999999987845058e-08
16.54901123046875
-1.999999987845058e-08
7.736817836761475
-1.999999987845058e-08
18.48343849182129
1.999999987845058e-08
8.322547912597656
1.999999987845058e-08
14.217325210571289
-1.999999987845058e-08
4.179017066955566
-1.999999987845058e-08
4.197245121002197
1.999999987845058e-08
-1.3632807731628418
1.999999987845058e-08
-5.348691463470459
-1.999999987845058e-08
-1.9819804430007935
-1.999999987845058e-08
-8.334113121032715
1.999999987845058e-08
2.858567237854004
1.999999987845058e-08
-5.527875900268555
-1.999999987845058e-08
6.5298333168029785
-1.999999987845058e-08
-2.4797465801239014
1.999999987845058e-08
5.3433732986450195
1.999999987845058e-08
-6.206017017364502
-1.999999987845058e-08
-2.668552875518799
-1.999999987845058e-08
-6.009591579437256
1.999999987845058e-08
-7.865056037902832
1.999999987845058e-08
-6.394413948059082
-1.999999987845058e-08
-10.416764259338379
-1.999999987845058e-08
-7.234206199645996
1.999999987845058e-08
-8.530599594116211
1.999999987845058e-08
-4.792767524719238
-1.999999987845058e-08
-5.46550989151001
-1.999999987845058e-08
4.026247024536133
1.999999987845058e-08
-3.89351224899292
1.999999987845058e-08
16.511945724487305
-1.999999987845058e-08
-3.0196890830993652
-1.999999987845058e-08
25.96906852722168
1.999999987845058e-08
-1.3852612972259521
1.999999987845058e-08
29.501882553100586
-1.999999987845058e-08
1.3824020624160767
-1.999999987845058e-08
28.750110626220703
1.999999987845058e-08
4.426157474517822
1.999999987845058e-08
23.23424530029297
-1.999999987845058e-08
5.21265983581543
-1.999999987845058e-08
11.82546615600586
1.999999987845058e-08
2.538299798965454
1.999999987845058e-08
-1.1408718824386597
-1.999999987845058e-08
-0.4382668137550354
-1.999999987845058e-08
-9.346039772033691
1.999999987845058e-08
-0.1458325833082199
1.999999987845058e-08
-10.095584869384766
-1.999999987845058e-08
3.0790088176727295
-1.999999987845058e-08
-4.181994915008545
1.999999987845058e-08
6.5546369552612305
1.999999987845058e-08
4.068161487579346
-1.999999987845058e-08
8.264731407165527
-1.999999987845058e-08
7.197429180145264
1.999999987845058e-08
7.060291767120361
1.999999987845058e-08
0.8992558717727661
-1.999999987845058e-08
1.7118057012557983
-1.999999987845058e-08
-9.708630561828613
1.999999987845058e-08
-5.958378314971924
1.999999987845058e-08
-13.193392753601074
-1.999999987845058e-08
-3.727466583251953
-1.999999987845058e-08
-9.069082260131836
1.999999987845058e-08
5.538975238800049
1.999999987845058e-08
-5.4679341316223145
-1.999999987845058e-08
11.081330299377441
-1.999999987845058e-08
-2.6417250633239746
1.999999987845058e-08
10.08510684967041
1.999999987845058e-08
-2.590395212173462
-1.999999987845058e-08
6.721525192260742
-1.999999987845058e-08
-3.9096813201904297
1.999999987845058e-08
7.039029598236084
1.999999987845058e-08
-2.5859107971191406
-1.999999987845058e-08
10.1185941696167
-1.999999987845058e-08
-0.5635212063789368
1.999999987845058e-08
9.304736137390137
1.999999987845058e-08
-2.188877582550049
-1.999999987845058e-08
2.9356586933135986
-1.999999987845058e-08
-5.460078716278076
1.999999987845058e-08
-3.625072479248047
1.999999987845058e-08
-2.188877582550049
-1.999999987845058e-08
2.9356586933135986
-1.999999987845058e-08
-5.460078716278076
1.999999987845058e-08
-3.625072479248047
1.999999987845058e-08
-5.729547500610352
-1.999999987845058e-08
-5.678336143493652
-1.999999987845058e-08
-2.8510501384735107
1.999999987845058e-08
-2.7200567722320557
1.999999987845058e-08
1.1179677248001099
-1.999999987845058e-08
2.4269282817840576
-1.999999987845058e-08
4.573495864868164
1.999999987845058e-08
4.300192832946777
1.999999987845058e-08
4.985294818878174
-1.999999987845058e-08
-0.08576600253582001
-1.999999987845058e-08
2.480272054672241
1.999999987845058e-08
-6.280116558074951
1.999999987845058e-08
1.2837458848953247
-1.999999987845058e-08
-7.8651533126831055
-1.999999987845058e-08
1.9632694721221924
1.999999987845058e-08
-4.514411449432373
1.999999987845058e-08
0.23422186076641083
-1.999999987845058e-08
-1.2729803323745728
-1.999999987845058e-08
-4.96243143081665
1.999999987845058e-08
-2.2249996662139893
1.999999987845058e-08
-10.551366806030273
-1.999999987845058e-08
-6.638751029968262
-1.999999987845058e-08
-14.031785011291504
1.999999987845058e-08
-10.669014930725098
1.999999987845058e-08
-12.985879898071289
-1.999999987845058e-08
-11.393302917480469
-1.999999987845058e-08
-5.8463945388793945
1.999999987845058e-08
-9.894527435302734
1.999999987845058e-08
2.501168966293335
-1.999999987845058e-08
-10.421485900878906
-1.999999987845058e-08
4.5792412757873535
1.999999987845058e-08
-14.223909378051758
1.999999987845058e-08
2.4214887619018555
-1.999999987845058e-08
-16.155746459960938
-1.999999987845058e-08
6.188984394073486
1.999999987845058e-08
-10.643455505371094
1.999999987845058e-08
18.342573165893555
-1.999999987845058e-08
0.6370867490768433
-1.999999987845058e-08
27.429513931274414
1.999999987845058e-08
9.814413070678711
1.999999987845058e-08
22.18729019165039
-1.999999987845058e-08
11.169981002807617
-1.999999987845058e-08
6.638751029968262
1.999999987845058e-08
6.429811954498291
1.999999987845058e-08
-4.499926567077637
-1.999999987845058e-08
1.9754531383514404
-1.999999987845058e-08
-1.2577948570251465
1.999999987845058e-08
2.727606773376465
1.999999987845058e-08
13.3322114944458
-1.999999987845058e-08
7.823310852050781
-1.999999987845058e-08
26.22237777709961
1.999999987845058e-08
10.963319778442383
1.999999987845058e-08
27.004173278808594
-1.999999987845058e-08
7.009708404541016
-1.999999987845058e-08
17.120588302612305
1.999999987845058e-08
-2.006502151489258
1.999999987845058e-08
2.5250906944274902
-1.999999987845058e-08
-9.622594833374023
-1.999999987845058e-08
-13.359282493591309
1.999999987845058e-08
-11.545989990234375
1.999999987845058e-08
-24.948518753051758
-1.999999987845058e-08
-8.066201210021973
-1.999999987845058e-08
-26.104589462280273
1.999999987845058e-08
-2.690295934677124
1.999999987845058e-08
-18.440900802612305
-1.999999987845058e-08
0.8765714168548584
-1.999999987845058e-08
-9.067214965820312
1.999999987845058e-08
1.9787954092025757
1.999999987845058e-08
-3.1709394454956055
-1.999999987845058e-08
2.3397481441497803
-1.999999987845058e-08
-3.438459634780884
1.999999987845058e-08
3.038219451904297
1.999999987845058e-08
-10.6084566116333
-1.999999987845058e-08
4.3557891845703125
-1.999999987845058e-08
-20.62435531616211
1.999999987845058e-08
5.984126091003418
1.999999987845058e-08
-26.39638900756836
-1.999999987845058e-08
6.682173728942871
-1.999999987845058e-08
-24.573577880859375
1.999999987845058e-08
6.421074867248535
1.999999987845058e-08
-16.961284637451172
-1.999999987845058e-08
6.508016109466553
-1.999999987845058e-08
-7.4066948890686035
1.999999987845058e-08
6.297685623168945
1.999999987845058e-08
-0.6787292957305908
-1.999999987845058e-08
4.449130535125732
-1.999999987845058e-08
0.4469515383243561
1.999999987845058e-08
2.5637292861938477
1.999999987845058e-08
-0.3245938718318939
-1.999999987845058e-08
2.2981014251708984
-1.999999987845058e-08
3.3173885345458984
1.999999987845058e-08
1.5844261646270752
1.999999987845058e-08
11.418636322021484
-1.999999987845058e-08
-2.3328323364257812
-1.999999987845058e-08
17.724477767944336
1.999999987845058e-08
-8.477041244506836
1.999999987845058e-08
10.997025489807129
-1.999999987845058e-08
-9.31222152709961
-1.999999987845058e-08
3.860428810119629
1.999999987845058e-08
-2.119198799133301
1.999999987845058e-08
1.1014994382858276
-1.999999987845058e-08
5.146615982055664
-1.999999987845058e-08
3.4534904956817627
1.999999987845058e-08
10.315046310424805
1.999999987845058e-08
6.282129764556885
-1.999999987845058e-08
12.625150680541992
-1.999999987845058e-08
5.1913838386535645
1.999999987845058e-08
12.169533729553223
1.999999987845058e-08
1.0509706735610962
-1.999999987845058e-08
10.441675186157227
-1.999999987845058e-08
-3.8709375858306885
1.999999987845058e-08
8.351950645446777
1.999999987845058e-08
-9.093069076538086
-1.999999987845058e-08
5.080942153930664
-1.999999987845058e-08
-12.371827125549316
1.999999987845058e-08
0.16396982967853546
1.999999987845058e-08
-12.371828079223633
-1.999999987845058e-08
0.16396979987621307
-1.999999987845058e-08
-10.24449348449707
1.999999987845058e-08
-4.854681015014648
1.999999987845058e-08
-2.706071376800537
-1.999999987845058e-08
-8.792828559875488
-1.999999987845058e-08
6.938827991485596
1.999999987845058e-08
-12.856802940368652
1.999999987845058e-08
14.236146926879883
-1.999999987845058e-08
-16.85466957092285
-1.999999987845058e-08
15.26054573059082
1.999999987845058e-08
-16.836483001708984
1.999999987845058e-08
11.730666160583496
-1.999999987845058e-08
-11.007283210754395
-1.999999987845058e-08
12.13711166381836
1.999999987845058e-08
-3.9503579139709473
1.999999987845058e-08
20.541288375854492
-1.999999987845058e-08
-0.856860339641571
-1.999999987845058e-08
28.63623046875
1.999999987845058e-08
-1.6136879920959473
1.999999987845058e-08
27.301830291748047
-1.999999987845058e-08
-2.919743776321411
-1.999999987845058e-08
19.939069747924805
1.999999987845058e-08
-2.359694719314575
1.999999987845058e-08
14.04670524597168
-1.999999987845058e-08
0.019138921052217484
-1.999999987845058e-08
7.860669136047363
1.999999987845058e-08
1.9326255321502686
1.999999987845058e-08
-3.595409393310547
-1.999999987845058e-08
1.6704432964324951
-1.999999987845058e-08
-17.74620246887207
1.999999987845058e-08
1.0107711553573608
1.999999987845058e-08
-27.695589065551758
-1.999999987845058e-08
2.8969452381134033
-1.999999987845058e-08
-30.113731384277344
1.999999987845058e-08
6.31622838973999
1.999999987845058e-08
-27.0259952545166
-1.999999987845058e-08
7.397900581359863
-1.999999987845058e-08
-23.122262954711914
1.999999987845058e-08
5.478764057159424
1.999999987845058e-08
-23.122262954711914
-1.999999987845058e-08
5.478764057159424
-1.999999987845058e-08
-21.65085220336914
1.999999987845058e-08
4.032596111297607
1.999999987845058e-08
-20.87880516052246
-1.999999987845058e-08
6.220341205596924
-1.999999987845058e-08
-16.64897918701172
1.999999987845058e-08
11.160253524780273
1.999999987845058e-08
-9.238633155822754
-1.999999987845058e-08
14.407711029052734
-1.999999987845058e-08
-2.4767556190490723
1.999999987845058e-08
13.057191848754883
1.999999987845058e-08
2.474473237991333
-1.999999987845058e-08
9.129507064819336
-1.999999987845058e-08
7.003100872039795
1.999999987845058e-08
6.358115196228027
1.999999987845058e-08
10.840948104858398
-1.999999987845058e-08
5.22893762588501
-1.999999987845058e-08
11.258745193481445
1.999999987845058e-08
2.637575149536133
1.999999987845058e-08
2.502300262451172
-1.999999987845058e-08
-12.91879940032959
-1.999999987845058e-08
7.598841667175293
1.999999987845058e-08
-15.8820219039917
1.999999987845058e-08
11.158010482788086
-1.999999987845058e-08
-16.62211799621582
-1.999999987845058e-08
8.524995803833008
1.999999987845058e-08
-13.597792625427246
1.999999987845058e-08
0.6544476747512817
-1.999999987845058e-08
-11.098061561584473
-1.999999987845058e-08
-7.263006687164307
1.999999987845058e-08
-12.489065170288086
1.999999987845058e-08
-9.279241561889648
-1.999999987845058e-08
-13.336421966552734
-1.999999987845058e-08
-4.502650260925293
1.999999987845058e-08
-8.853299140930176
1.999999987845058e-08
2.0862772464752197
-1.999999987845058e-08
-1.4083826541900635
-1.999999987845058e-08
5.413013935089111
1.999999987845058e-08
3.3200020790100098
1.999999987845058e-08
4.040461540222168
-1.999999987845058e-08
2.687025547027588
-1.999999987845058e-08
8.558271408081055
1.999999987845058e-08
4.486542701721191
1.999999987845058e-08
17.505159378051758
-1.999999987845058e-08
8.486554145812988
-1.999999987845058e-08
23.05773162841797
1.999999987845058e-08
10.71064281463623
1.999999987845058e-08
16.722169876098633
-1.999999987845058e-08
8.579609870910645
-1.999999987845058e-08
-0.7778546810150146
1.999999987845058e-08
3.467991590499878
1.999999987845058e-08
-17.935630798339844
-1.999999987845058e-08
-0.4270394742488861
-1.999999987845058e-08
-24.16767692565918
1.999999987845058e-08
0.5318669080734253
1.999999987845058e-08
-19.77744483947754
-1.999999987845058e-08
5.291839599609375
-1.999999987845058e-08
-12.451326370239258
1.999999987845058e-08
8.70332145690918
1.999999987845058e-08
-8.195293426513672
-1.999999987845058e-08
7.646498680114746
-1.999999987845058e-08
-5.842947959899902
1.999999987845058e-08
4.436356544494629
1.999999987845058e-08
1.0961251258850098
-1.999999987845058e-08
2.786180019378662
-1.999999987845058e-08
13.783041000366211
1.999999987845058e-08
3.013427495956421
1.999999987845058e-08
21.672922134399414
-1.999999987845058e-08
4.266861438751221
-1.999999987845058e-08
14.63669490814209
1.999999987845058e-08
7.804203987121582
1.999999987845058e-08
-1.893447756767273
-1.999999987845058e-08
12.85841178894043
-1.999999987845058e-08
-13.201180458068848
1.999999987845058e-08
13.589858055114746
1.999999987845058e-08
-13.530707359313965
-1.999999987845058e-08
5.909748554229736
-1.999999987845058e-08
-9.198101043701172
1.999999987845058e-08
-5.582825660705566
1.999999987845058e-08
-13.201180458068848
-1.999999987845058e-08
13.589858055114746
-1.999999987845058e-08
-13.530707359313965
1.999999987845058e-08
5.909748554229736
1.999999987845058e-08
-9.198101043701172
-1.999999987845058e-08
-5.582825660705566
-1.999999987845058e-08
-7.037608623504639
1.999999987845058e-08
-11.514420509338379
1.999999987845058e-08
-6.251652717590332
-1.999999987845058e-08
-7.193999767303467
-1.999999987845058e-08
-1.8551287651062012
1.999999987845058e-08
2.575770378112793
1.999999987845058e-08
5.643678188323975
-1.999999987845058e-08
6.408843040466309
-1.999999987845058e-08
8.743557929992676
1.999999987845058e-08
-3.5153260231018066
1.999999987845058e-08
2.825982093811035
-1.999999987845058e-08
-21.520658493041992
-1.999999987845058e-08
-6.989919662475586
1.999999987845058e-08
-32.318912506103516
1.999999987845058e-08
-10.103107452392578
-1.999999987845058e-08
-26.78249168395996
-1.999999987845058e-08
-0.9678171277046204
1.999999987845058e-08
-10.47768497467041
1.999999987845058e-08
13.513303756713867
-1.999999987845058e-08
3.418653726577759
-1.999999987845058e-08
19.84928321838379
1.999999987845058e-08
6.57982063293457
1.999999987845058e-08
12.6201753616333
-1.999999987845058e-08
1.4128094911575317
-1.999999987845058e-08
-0.21848216652870178
1.999999987845058e-08
-3.9286420345306396
1.999999987845058e-08
-6.444284915924072
-1.999999987845058e-08
-5.079657077789307
-1.999999987845058e-08
-2.1531355381011963
1.999999987845058e-08
-3.9064815044403076
1.999999987845058e-08
4.521827220916748
-1.999999987845058e-08
-2.2175116539001465
-1.999999987845058e-08
3.354508876800537
1.999999987845058e-08
1.2859578132629395
1.999999987845058e-08
-17.703550338745117
-1.999999987845058e-08
6.76107931137085
-1.999999987845058e-08
-18.65634536743164
1.999999987845058e-08
4.088822841644287
1.999999987845058e-08
-6.041778087615967
-1.999999987845058e-08
-0.6364092826843262
-1.999999987845058e-08
9.711359024047852
1.999999987845058e-08
-7.0475077629089355
1.999999987845058e-08
13.300925254821777
-1.999999987845058e-08
-12.015727043151855
-1.999999987845058e-08
2.8908753395080566
1.999999987845058e-08
-8.63028335571289
1.999999987845058e-08
-7.133486270904541
-1.999999987845058e-08
4.0598368644714355
-1.999999987845058e-08
-5.641202926635742
1.999999987845058e-08
15.708345413208008
1.999999987845058e-08
0.3472546935081482
-1.999999987845058e-08
16.1916561126709
-1.999999987845058e-08
-1.8953646421432495
1.999999987845058e-08
9.531399726867676
1.999999987845058e-08
-1.895364761352539
-1.999999987845058e-08
9.531399726867676
-1.999999987845058e-08
-11.288856506347656
1.999999987845058e-08
7.078707218170166
1.999999987845058e-08
-16.138050079345703
-1.999999987845058e-08
10.416869163513184
-1.999999987845058e-08
-10.262627601623535
1.999999987845058e-08
12.43405532836914
1.999999987845058e-08
2.2311716079711914
-1.999999987845058e-08
9.603160858154297
-1.999999987845058e-08
12.839823722839355
1.999999987845058e-08
3.370756149291992
1.999999987845058e-08
15.60748291015625
-1.999999987845058e-08
-4.052343845367432
-1.999999987845058e-08
11.647904396057129
1.999999987845058e-08
-8.907612800598145
1.999999987845058e-08
6.73496150970459
-1.999999987845058e-08
-7.150567531585693
-1.999999987845058e-08
4.654423713684082
1.999999987845058e-08
-0.8655425906181335
1.999999987845058e-08
5.869242191314697
-1.999999987845058e-08
3.2017366886138916
-1.999999987845058e-08
10.508220672607422
1.999999987845058e-08
3.424142837524414
1.999999987845058e-08
17.411800384521484
-1.999999987845058e-08
3.2835402488708496
-1.999999987845058e-08
21.904760360717773
1.999999987845058e-08
3.1826374530792236
1.999999987845058e-08
20.39663314819336
-1.999999987845058e-08
1.016613483428955
-1.999999987845058e-08
15.259964942932129
1.999999987845058e-08
-2.6423497200012207
1.999999987845058e-08
9.921887397766113
-1.999999987845058e-08
-5.850586891174316
-1.999999987845058e-08
2.3843090534210205
1.999999987845058e-08
-7.898495197296143
1.999999987845058e-08
-10.14352035522461
-1.999999987845058e-08
-8.187121391296387
-1.999999987845058e-08
-22.7515869140625
1.999999987845058e-08
-5.665315628051758
1.999999987845058e-08
-10.023690223693848
-1.999999987845058e-08
8.917370796203613
-1.999999987845058e-08
-13.429061889648438
1.999999987845058e-08
12.979640007019043
1.999999987845058e-08
-12.489802360534668
-1.999999987845058e-08
11.621133804321289
-1.999999987845058e-08
-7.304703712463379
1.999999987845058e-08
2.96569561958313
1.999999987845058e-08
-5.2568745613098145
-1.999999987845058e-08
-5.158583641052246
-1.999999987845058e-08
-7.165055751800537
1.999999987845058e-08
-5.756282806396484
1.999999987845058e-08
-6.165802478790283
-1.999999987845058e-08
-2.41907000541687
-1.999999987845058e-08
-1.2403208017349243
1.999999987845058e-08
-1.9199316501617432
1.999999987845058e-08
1.5209283828735352
-1.999999987845058e-08
-4.568225383758545
-1.999999987845058e-08
1.3055610656738281
1.999999987845058e-08
-7.147181034088135
1.999999987845058e-08
3.190425395965576
-1.999999987845058e-08
-8.441357612609863
-1.999999987845058e-08
7.508496284484863
1.999999987845058e-08
-9.305349349975586
1.999999987845058e-08
9.007892608642578
-1.999999987845058e-08
-10.388259887695312
-1.999999987845058e-08
4.193478107452393
1.999999987845058e-08
-9.607852935791016
1.999999987845058e-08
-4.7892608642578125
-1.999999987845058e-08
-3.9189136028289795
-1.999999987845058e-08
-10.11706829071045
1.999999987845058e-08
4.220696926116943
1.999999987845058e-08
-4.831120491027832
-1.999999987845058e-08
7.172943115234375
-1.999999987845058e-08
6.7338643074035645
1.999999987845058e-08
1.650474190711975
1.999999987845058e-08
12.265358924865723
-1.999999987845058e-08
-7.283192157745361
-1.999999987845058e-08
7.836423873901367
1.999999987845058e-08
-12.843225479125977
1.999999987845058e-08
6.7338643074035645
-1.999999987845058e-08
1.650474190711975
-1.999999987845058e-08
12.265358924865723
1.999999987845058e-08
-7.283192157745361
1.999999987845058e-08
7.836423873901367
-1.999999987845058e-08
-12.843225479125977
-1.999999987845058e-08
1.5758031606674194
1.999999987845058e-08
-11.771661758422852
1.999999987845058e-08
0.6499716639518738
-1.999999987845058e-08
-4.155284881591797
-1.999999987845058e-08
4.107790470123291
1.999999987845058e-08
6.045230865478516
1.999999987845058e-08
8.441048622131348
-1.999999987845058e-08
11.809106826782227
-1.999999987845058e-08
13.192668914794922
1.999999987845058e-08
8.616302490234375
1.999999987845058e-08
16.823823928833008
-1.999999987845058e-08
-0.9007586240768433
-1.999999987845058e-08
13.060166358947754
1.999999987845058e-08
-8.092260360717773
1.999999987845058e-08
0.9599334001541138
-1.999999987845058e-08
-5.289161682128906
-1.999999987845058e-08
-8.994956016540527
1.999999987845058e-08
6.5816426277160645
1.999999987845058e-08
-8.23225212097168
-1.999999987845058e-08
18.304702758789062
-1.999999987845058e-08
-1.0579774379730225
1.999999987845058e-08
21.239959716796875
1.999999987845058e-08
1.9646788835525513
-1.999999987845058e-08
15.424062728881836
-1.999999987845058e-08
-4.986484050750732
1.999999987845058e-08
7.681003093719482
1.999999987845058e-08
-17.957353591918945
-1.999999987845058e-08
3.0197598934173584
-1.999999987845058e-08
-26.11367416381836
1.999999987845058e-08
1.0977531671524048
1.999999987845058e-08
-21.797832489013672
-1.999999987845058e-08
-0.7160016894340515
-1.999999987845058e-08
-7.244955062866211
1.999999987845058e-08
-3.7020304203033447
1.999999987845058e-08
8.236467361450195
-1.999999987845058e-08
-5.882937908172607
-1.999999987845058e-08
15.08482551574707
1.999999987845058e-08
-4.32811975479126
1.999999987845058e-08
11.15238094329834
-1.999999987845058e-08
0.010465689934790134
-1.999999987845058e-08
3.98307728767395
1.999999987845058e-08
3.2392687797546387
1.999999987845058e-08
2.297696828842163
-1.999999987845058e-08
3.67130184173584
-1.999999987845058e-08
6.790261268615723
1.999999987845058e-08
1.611566424369812
1.999999987845058e-08
11.17690372467041
-1.999999987845058e-08
-3.1660571098327637
-1.999999987845058e-08
10.381528854370117
1.999999987845058e-08
-8.717196464538574
1.999999987845058e-08
5.939075946807861
-1.999999987845058e-08
-9.821227073669434
-1.999999987845058e-08
2.990896701812744
1.999999987845058e-08
-4.418491363525391
1.999999987845058e-08
3.9801971912384033
-1.999999987845058e-08
11.489675521850586
-1.999999987845058e-08
0.886849582195282
1.999999987845058e-08
4.307602405548096
1.999999987845058e-08
-2.285393476486206
-1.999999987845058e-08
-7.6663126945495605
-1.999999987845058e-08
-0.7068868279457092
1.999999987845058e-08
-17.55392837524414
1.999999987845058e-08
4.082403182983398
-1.999999987845058e-08
-20.543241500854492
-1.999999987845058e-08
5.121886253356934
1.999999987845058e-08
-16.13443374633789
1.999999987845058e-08
0.716540515422821
-1.999999987845058e-08
-6.238853454589844
-1.999999987845058e-08
-4.375695705413818
1.999999987845058e-08
5.096081733703613
1.999999987845058e-08
-6.788604259490967
-1.999999987845058e-08
12.499027252197266
-1.999999987845058e-08
-6.670349597930908
1.999999987845058e-08
13.128479957580566
1.999999987845058e-08
-6.670349597930908
-1.999999987845058e-08
13.12847900390625
-1.999999987845058e-08
-4.531280994415283
1.999999987845058e-08
8.75301742553711
1.999999987845058e-08
-2.573176860809326
-1.999999987845058e-08
3.103872299194336
-1.999999987845058e-08
-4.582198143005371
1.999999987845058e-08
-0.7535926699638367
1.999999987845058e-08
-8.7763090133667
-1.999999987845058e-08
-1.9835671186447144
-1.999999987845058e-08
-10.1417236328125
1.999999987845058e-08
-3.102933406829834
1.999999987845058e-08
-10.97474193572998
-1.999999987845058e-08
-6.799920082092285
-1.999999987845058e-08
-15.245162963867188
1.999999987845058e-08
-12.203807830810547
1.999999987845058e-08
-18.15199851989746
-1.999999987845058e-08
-16.601367950439453
-1.999999987845058e-08
-14.12072467803955
1.999999987845058e-08
-18.017444610595703
1.999999987845058e-08
-14.12072467803955
-1.999999987845058e-08
-18.017444610595703
-1.999999987845058e-08
-6.15005350112915
1.999999987845058e-08
-15.949408531188965
1.999999987845058e-08
-0.29704397916793823
-1.999999987845058e-08
-12.077967643737793
-1.999999987845058e-08
2.1312646865844727
1.999999987845058e-08
-8.764449119567871
1.999999987845058e-08
5.144815444946289
-1.999999987845058e-08
-6.162594318389893
-1.999999987845058e-08
10.944351196289062
1.999999987845058e-08
-2.7372310161590576
1.999999987845058e-08
14.113225936889648
-1.999999987845058e-08
2.4075217247009277
-1.999999987845058e-08
9.910656929016113
1.999999987845058e-08
9.587728500366211
1.999999987845058e-08
3.0470821857452393
-1.999999987845058e-08
18.364423751831055
-1.999999987845058e-08
-0.8537342548370361
1.999999987845058e-08
25.30582046508789
1.999999987845058e-08
-0.8537342548370361
-1.999999987845058e-08
25.30582046508789
-1.999999987845058e-08
-2.9260590076446533
1.999999987845058e-08
25.40950584411621
1.999999987845058e-08
-4.050842761993408
-1.999999987845058e-08
18.269649505615234
-1.999999987845058e-08
-1.8095297813415527
1.999999987845058e-08
10.135226249694824
1.999999987845058e-08
3.5278446674346924
-1.999999987845058e-08
7.065732002258301
-1.999999987845058e-08
8.223305702209473
1.999999987845058e-08
8.392602920532227
1.999999987845058e-08
9.946511268615723
-1.999999987845058e-08
10.07016372680664
-1.999999987845058e-08
9.732879638671875
1.999999987845058e-08
10.781436920166016
1.999999987845058e-08
9.05586051940918
-1.999999987845058e-08
10.744606971740723
-1.999999987845058e-08
6.940052032470703
1.999999987845058e-08
9.112504959106445
1.999999987845058e-08
2.529409885406494
-1.999999987845058e-08
6.241861820220947
-1.999999987845058e-08
-1.5942445993423462
1.999999987845058e-08
3.917189598083496
1.999999987845058e-08
-3.267850399017334
-1.999999987845058e-08
1.8325103521347046
-1.999999987845058e-08
-4.1300048828125
1.999999987845058e-08
-1.8684087991714478
1.999999987845058e-08
-4.833228588104248
-1.999999987845058e-08
-7.1806559562683105
-1.999999987845058e-08
-3.7943642139434814
1.999999987845058e-08
-11.975028991699219
1.999999987845058e-08
-1.5210424661636353
-1.999999987845058e-08
-13.730490684509277
-1.999999987845058e-08
0.6778677701950073
1.999999987845058e-08
-11.750826835632324
1.999999987845058e-08
2.1000804901123047
-1.999999987845058e-08
-8.544089317321777
-1.999999987845058e-08
-0.07632190734148026
1.999999987845058e-08
-7.266687393188477
1.999999987845058e-08
-0.5094510912895203
-1.999999987845058e-08
-11.734410285949707
-1.999999987845058e-08
9.603083610534668
1.999999987845058e-08
-12.735030174255371
1.999999987845058e-08
12.218765258789062
-1.999999987845058e-08
-12.857234954833984
-1.999999987845058e-08
6.676213264465332
1.999999987845058e-08
-10.413811683654785
1.999999987845058e-08
-0.269273579120636
-1.999999987845058e-08
-5.095324516296387
-1.999999987845058e-08
-2.4928669929504395
1.999999987845058e-08
-0.5213303565979004
1.999999987845058e-08
0.22528387606143951
-1.999999987845058e-08
1.0262620449066162
-1.999999987845058e-08
4.348468780517578
1.999999987845058e-08
2.1594576835632324
1.999999987845058e-08
7.876798629760742
-1.999999987845058e-08
3.3703320026397705
-1.999999987845058e-08
9.977442741394043
1.999999987845058e-08
0.9590744376182556
1.999999987845058e-08
2.8176286220550537
-1.999999987845058e-08
-7.316583633422852
-1.999999987845058e-08
-3.288853645324707
1.999999987845058e-08
-3.2930591106414795
1.999999987845058e-08
-6.014729022979736
-1.999999987845058e-08
5.211352348327637
-1.999999987845058e-08
-8.038568496704102
1.999999987845058e-08
12.295083999633789
1.999999987845058e-08
-13.478643417358398
-1.999999987845058e-08
14.137144088745117
-1.999999987845058e-08
-19.882692337036133
1.999999987845058e-08
12.480457305908203
1.999999987845058e-08
-20.285350799560547
-1.999999987845058e-08
11.963080406188965
-1.999999987845058e-08
-12.218533515930176
1.999999987845058e-08
14.161253929138184
1.999999987845058e-08
-1.7767330408096313
-1.999999987845058e-08
15.117744445800781
-1.999999987845058e-08
3.212855100631714
1.999999987845058e-08
10.79670524597168
1.999999987845058e-08
-1.7767330408096313
-1.999999987845058e-08
15.117744445800781
-1.999999987845058e-08
3.212855100631714
1.999999987845058e-08
10.79670524597168
1.999999987845058e-08
1.2968271970748901
-1.999999987845058e-08
3.49125075340271
-1.999999987845058e-08
-2.808195114135742
1.999999987845058e-08
-2.1596624851226807
1.999999987845058e-08
-2.8015689849853516
-1.999999987845058e-08
-6.3888840675354
-1.999999987845058e-08
3.394587516784668
1.999999987845058e-08
-11.015067100524902
1.999999987845058e-08
10.620766639709473
-1.999999987845058e-08
-13.470105171203613
-1.999999987845058e-08
13.434345245361328
1.999999987845058e-08
-11.217411041259766
1.999999987845058e-08
12.454166412353516
-1.999999987845058e-08
-7.504256725311279
-1.999999987845058e-08
8.792524337768555
1.999999987845058e-08
-5.647517204284668
1.999999987845058e-08
0.9898684620857239
-1.999999987845058e-08
-2.953446865081787
-1.999999987845058e-08
-8.943961143493652
1.999999987845058e-08
3.0081658363342285
1.999999987845058e-08
-15.093836784362793
-1.999999987845058e-08
8.17113971710205
-1.999999987845058e-08
-14.033858299255371
1.999999987845058e-08
7.346377849578857
1.999999987845058e-08
-7.524995803833008
-1.999999987845058e-08
1.2595254182815552
-1.999999987845058e-08
0.31080934405326843
1.999999987845058e-08
-4.6378374099731445
1.999999987845058e-08
6.135203838348389
-1.999999987845058e-08
-6.058967113494873
-1.999999987845058e-08
7.199987411499023
1.999999987845058e-08
-3.393479824066162
1.999999987845058e-08
2.0961639881134033
-1.999999987845058e-08
-0.06434725224971771
-1.999999987845058e-08
-5.746945858001709
1.999999987845058e-08
1.3628202676773071
1.999999987845058e-08
-9.91071605682373
-1.999999987845058e-08
0.863003134727478
-1.999999987845058e-08
-6.239541053771973
1.999999987845058e-08
-0.2597048282623291
1.999999987845058e-08
5.2829203605651855
-1.999999987845058e-08
-1.3200690746307373
-1.999999987845058e-08
19.18808364868164
1.999999987845058e-08
-2.2479865550994873
1.999999987845058e-08
26.006031036376953
-1.999999987845058e-08
-2.3978044986724854
-1.999999987845058e-08
20.209720611572266
1.999999987845058e-08
-1.0763895511627197
1.999999987845058e-08
6.1189775466918945
-1.999999987845058e-08
1.090564489364624
-1.999999987845058e-08
-5.634268760681152
1.999999987845058e-08
2.170443296432495
1.999999987845058e-08
-7.80802059173584
-1.999999987845058e-08
0.8243861794471741
-1.999999987845058e-08
-3.237548351287842
1.999999987845058e-08
-1.409571647644043
1.999999987845058e-08
-3.237548351287842
-1.999999987845058e-08
-1.409571647644043
-1.999999987845058e-08
0.14137578010559082
1.999999987845058e-08
-1.5972884893417358
1.999999987845058e-08
1.2502940893173218
-1.999999987845058e-08
0.2814015746116638
-1.999999987845058e-08
5.783810615539551
1.999999987845058e-08
1.2022356986999512
1.999999987845058e-08
12.609926223754883
-1.999999987845058e-08
-0.8362272381782532
-1.999999987845058e-08
12.07769775390625
1.999999987845058e-08
-4.665987968444824
1.999999987845058e-08
0.9272562861442566
-1.999999987845058e-08
-6.889166831970215
-1.999999987845058e-08
-12.416165351867676
1.999999987845058e-08
-4.24007511138916
1.999999987845058e-08
-18.773950576782227
-1.999999987845058e-08
3.3214099407196045
-1.999999987845058e-08
-16.656137466430664
1.999999987845058e-08
11.629464149475098
1.999999987845058e-08
-4.902209758758545
-1.999999987845058e-08
14.275650978088379
-1.999999987845058e-08
-3.3362417221069336
1.999999987845058e-08
9.1792573928833
1.999999987845058e-08
-4.767826557159424
-1.999999987845058e-08
2.0878379344940186
-1.999999987845058e-08
-7.85148286819458
1.999999987845058e-08
-6.122178554534912
1.999999987845058e-08
-12.516326904296875
-1.999999987845058e-08
-12.162598609924316
-1.999999987845058e-08
-16.111345291137695
1.999999987845058e-08
-12.399972915649414
1.999999987845058e-08
-14.454739570617676
-1.999999987845058e-08
-7.8347296714782715
-1.999999987845058e-08
-6.980736255645752
1.999999987845058e-08
-2.075824022293091
1.999999987845058e-08
2.8418118953704834
-1.999999987845058e-08
2.92808198928833
-1.999999987845058e-08
9.724950790405273
1.999999987845058e-08
6.0374674797058105
1.999999987845058e-08
9.840934753417969
-1.999999987845058e-08
4.366311550140381
-1.999999987845058e-08
10.626209259033203
1.999999987845058e-08
1.890021562576294
1.999999987845058e-08
13.056028366088867
-1.999999987845058e-08
1.026741623878479
-1.999999987845058e-08
15.679388999938965
1.999999987845058e-08
4.219480514526367
1.999999987845058e-08
18.36800765991211
-1.999999987845058e-08
9.915007591247559
-1.999999987845058e-08
18.482616424560547
1.999999987845058e-08
11.15859603881836
1.999999987845058e-08
