0
-1.7432808876037598
1.999999987845058e-08
1.999999987845058e-08
1.999999987845058e-08
-0.6195635199546814
-1.999999987845058e-08
-1.999999987845058e-08
-1.999999987845058e-08
-1.7675210237503052
1.999999987845058e-08
1.999999987845058e-08
1.999999987845058e-08
-3.9751179218292236
-1.999999987845058e-08
-1.999999987845058e-08
-1.999999987845058e-08
-2.870575428009033
1.999999987845058e-08
1.999999987845058e-08
1.999999987845058e-08
2.31758451461792
-1.999999987845058e-08
-1.999999987845058e-08
-1.999999987845058e-08
7.9087371826171875
1.999999987845058e-08
1.999999987845058e-08
1.999999987845058e-08
11.403093338012695
-1.999999987845058e-08
-1.999999987845058e-08
-1.999999987845058e-08
10.135374069213867
1.999999987845058e-08
1.999999987845058e-08
1.999999987845058e-08
-6.203906536102295
-1.999999987845058e-08
-1.999999987845058e-08
-1.999999987845058e-08
-1.368064045906067
1.999999987845058e-08
1.999999987845058e-08
1.999999987845058e-08
-6.5626654624938965
-1.999999987845058e-08
-1.999999987845058e-08
-1.999999987845058e-08
-16.375137329101562
1.999999987845058e-08
1.999999987845058e-08
1.999999987845058e-08
-18.158061981201172
-1.999999987845058e-08
-1.999999987845058e-08
-1.999999987845058e-08
-6.744935035705566
1.999999987845058e-08
1.999999987845058e-08
1.999999987845058e-08
10.805715560913086
-1.999999987845058e-08
-1.999999987845058e-08
-1.999999987845058e-08
18.16970443725586
1.999999987845058e-08
1.999999987845058e-08
1.999999987845058e-08
3.878342628479004
-1.999999987845058e-08
-1.999999987845058e-08
-1.999999987845058e-08
-21.522098541259766
1.999999987845058e-08
1.999999987845058e-08
1.999999987845058e-08
-25.54755210876465
-1.999999987845058e-08
-1.999999987845058e-08
-1.999999987845058e-08
-9.095959663391113
1.999999987845058e-08
1.999999987845058e-08
1.999999987845058e-08
-3.5982329845428467
-1.999999987845058e-08
-1.999999987845058e-08
-1.999999987845058e-08
-11.974456787109375
1.999999987845058e-08
1.999999987845058e-08
1.999999987845058e-08
-21.310503005981445
-1.999999987845058e-08
-1.999999987845058e-08
-1.999999987845058e-08
-18.050247192382812
1.999999987845058e-08
1.999999987845058e-08
1.999999987845058e-08
-2.046677827835083
-1.999999987845058e-08
-1.999999987845058e-08
-1.999999987845058e-08
14.333272933959961
1.999999987845058e-08
1.999999987845058e-08
1.999999987845058e-08
20.073139190673828
-1.999999987845058e-08
-1.999999987845058e-08
-1.999999987845058e-08
15.425213813781738
1.999999987845058e-08
1.999999987845058e-08
1.999999987845058e-08
2.136840581893921
-1.999999987845058e-08
-1.999999987845058e-08
-1.999999987845058e-08
-2.0666279792785645
1.999999987845058e-08
1.999999987845058e-08
1.999999987845058e-08
-4.459560394287109
-1.999999987845058e-08
-1.999999987845058e-08
-1.999999987845058e-08
-5.483764171600342
1.999999987845058e-08
1.999999987845058e-08
1.999999987845058e-08
-7.190203666687012
-1.999999987845058e-08
-1.999999987845058e-08
-1.999999987845058e-08
-8.980426788330078
1.999999987845058e-08
1.999999987845058e-08
1.999999987845058e-08
-8.055380821228027
-1.999999987845058e-08
-1.999999987845058e-08
-1.999999987845058e-08
-2.340050458908081
1.999999987845058e-08
1.999999987845058e-08
1.999999987845058e-08
9.153287887573242
-1.999999987845058e-08
-1.999999987845058e-08
-1.999999987845058e-08
22.09166145324707
1.999999987845058e-08
1.999999987845058e-08
1.999999987845058e-08
-2.340050458908081
-1.999999987845058e-08
-1.999999987845058e-08
-1.999999987845058e-08
9.153287887573242
1.999999987845058e-08
1.999999987845058e-08
1.999999987845058e-08
22.09166145324707
-1.999999987845058e-08
-1.999999987845058e-08
-1.999999987845058e-08
27.81719207763672
1.999999987845058e-08
1.999999987845058e-08
1.999999987845058e-08
23.64623260498047
-1.999999987845058e-08
-1.999999987845058e-08
-1.999999987845058e-08
12.529333114624023
1.999999987845058e-08
1.999999987845058e-08
1.999999987845058e-08
-3.5166714191436768
-1.999999987845058e-08
-1.999999987845058e-08
-1.999999987845058e-08
-19.545114517211914
1.999999987845058e-08
1.999999987845058e-08
1.999999987845058e-08
-26.628948211669922
-1.999999987845058e-08
-1.999999987845058e-08
-1.999999987845058e-08
-21.75684356689453
1.999999987845058e-08
1.999999987845058e-08
1.999999987845058e-08
5.187726974487305
-1.999999987845058e-08
-1.999999987845058e-08
-1.999999987845058e-08
18.029348373413086
1.999999987845058e-08
1.999999987845058e-08
1.999999987845058e-08
30.420400619506836
-1.999999987845058e-08
-1.999999987845058e-08
-1.999999987845058e-08
29.074548721313477
1.999999987845058e-08
1.999999987845058e-08
1.999999987845058e-08
11.69729995727539
-1.999999987845058e-08
-1.999999987845058e-08
-1.999999987845058e-08
-10.189260482788086
1.999999987845058e-08
1.999999987845058e-08
1.999999987845058e-08
-20.20445442199707
-1.999999987845058e-08
-1.999999987845058e-08
-1.999999987845058e-08
-9.80207633972168
1.999999987845058e-08
1.999999987845058e-08
1.999999987845058e-08
9.687580108642578
-1.999999987845058e-08
-1.999999987845058e-08
-1.999999987845058e-08
16.222139358520508
1.999999987845058e-08
1.999999987845058e-08
1.999999987845058e-08
16.222139358520508
-1.999999987845058e-08
-1.999999987845058e-08
-1.999999987845058e-08
3.4581668376922607
1.999999987845058e-08
1.999999987845058e-08
1.999999987845058e-08
-13.933388710021973
-1.999999987845058e-08
-1.999999987845058e-08
-1.999999987845058e-08
-19.55585289001465
1.999999987845058e-08
1.999999987845058e-08
1.999999987845058e-08
-8.970376014709473
-1.999999987845058e-08
-1.999999987845058e-08
-1.999999987845058e-08
9.83057689666748
1.999999987845058e-08
1.999999987845058e-08
1.999999987845058e-08
23.363922119140625
-1.999999987845058e-08
-1.999999987845058e-08
-1.999999987845058e-08
23.39016342163086
1.999999987845058e-08
1.999999987845058e-08
1.999999987845058e-08
11.12934398651123
-1.999999987845058e-08
-1.999999987845058e-08
-1.999999987845058e-08
-5.360011100769043
1.999999987845058e-08
1.999999987845058e-08
1.999999987845058e-08
-15.669432640075684
-1.999999987845058e-08
-1.999999987845058e-08
-1.999999987845058e-08
-15.20665454864502
1.999999987845058e-08
1.999999987845058e-08
1.999999987845058e-08
-9.827938079833984
-1.999999987845058e-08
-1.999999987845058e-08
-1.999999987845058e-08
-8.098031997680664
1.999999987845058e-08
1.999999987845058e-08
1.999999987845058e-08
-9.092693328857422
-1.999999987845058e-08
-1.999999987845058e-08
-1.999999987845058e-08
-3.7577311992645264
1.999999987845058e-08
1.999999987845058e-08
1.999999987845058e-08
10.068603515625
-1.999999987845058e-08
-1.999999987845058e-08
-1.999999987845058e-08
23.80009651184082
1.999999987845058e-08
1.999999987845058e-08
1.999999987845058e-08
28.736801147460938
-1.999999987845058e-08
-1.999999987845058e-08
-1.999999987845058e-08
19.817670822143555
1.999999987845058e-08
1.999999987845058e-08
1.999999987845058e-08
-2.4037764072418213
-1.999999987845058e-08
-1.999999987845058e-08
-1.999999987845058e-08
-24.988351821899414
1.999999987845058e-08
1.999999987845058e-08
1.999999987845058e-08
-31.202726364135742
-1.999999987845058e-08
-1.999999987845058e-08
-1.999999987845058e-08
-20.559925079345703
1.999999987845058e-08
1.999999987845058e-08
1.999999987845058e-08
-7.875412464141846
-1.999999987845058e-08
-1.999999987845058e-08
-1.999999987845058e-08
-2.6703357696533203
1.999999987845058e-08
1.999999987845058e-08
1.999999987845058e-08
-3.7456300258636475
-1.999999987845058e-08
-1.999999987845058e-08
-1.999999987845058e-08
-7.522828102111816
1.999999987845058e-08
1.999999987845058e-08
1.999999987845058e-08
-7.300436496734619
-1.999999987845058e-08
-1.999999987845058e-08
-1.999999987845058e-08
3.169041156768799
1.999999987845058e-08
1.999999987845058e-08
1.999999987845058e-08
26.843984603881836
-1.999999987845058e-08
-1.999999987845058e-08
-1.999999987845058e-08
20.564266204833984
1.999999987845058e-08
1.999999987845058e-08
1.999999987845058e-08
2.831803321838379
-1.999999987845058e-08
-1.999999987845058e-08
-1.999999987845058e-08
-14.786408424377441
1.999999987845058e-08
1.999999987845058e-08
1.999999987845058e-08
-20.95814323425293
-1.999999987845058e-08
-1.999999987845058e-08
-1.999999987845058e-08
-15.50721549987793
1.999999987845058e-08
1.999999987845058e-08
1.999999987845058e-08
-7.754194259643555
-1.999999987845058e-08
-1.999999987845058e-08
-1.999999987845058e-08
-5.316165924072266
1.999999987845058e-08
1.999999987845058e-08
1.999999987845058e-08
-7.113951206207275
-1.999999987845058e-08
-1.999999987845058e-08
-1.999999987845058e-08
-4.571883678436279
1.999999987845058e-08
1.999999987845058e-08
1.999999987845058e-08
9.933302879333496
-1.999999987845058e-08
-1.999999987845058e-08
-1.999999987845058e-08
32.323028564453125
1.999999987845058e-08
1.999999987845058e-08
1.999999987845058e-08
45.51070785522461
-1.999999987845058e-08
-1.999999987845058e-08
-1.999999987845058e-08
35.090877532958984
1.999999987845058e-08
1.999999987845058e-08
1.999999987845058e-08
8.111144065856934
-1.999999987845058e-08
-1.999999987845058e-08
-1.999999987845058e-08
-12.950932502746582
1.999999987845058e-08
1.999999987845058e-08
1.999999987845058e-08
-16.59212303161621
-1.999999987845058e-08
-1.999999987845058e-08
-1.999999987845058e-08
-10.722738265991211
1.999999987845058e-08
1.999999987845058e-08
1.999999987845058e-08
-5.160605430603027
-1.999999987845058e-08
-1.999999987845058e-08
-1.999999987845058e-08
-0.6454768776893616
1.999999987845058e-08
1.999999987845058e-08
1.999999987845058e-08
2.5688283443450928
-1.999999987845058e-08
-1.999999987845058e-08
-1.999999987845058e-08
0.8175718188285828
1.999999987845058e-08
1.999999987845058e-08
1.999999987845058e-08
-3.863642692565918
-1.999999987845058e-08
-1.999999987845058e-08
-1.999999987845058e-08
-5.288702964782715
1.999999987845058e-08
1.999999987845058e-08
1.999999987845058e-08
-6.14085578918457
-1.999999987845058e-08
-1.999999987845058e-08
-1.999999987845058e-08
-14.87736988067627
1.999999987845058e-08
1.999999987845058e-08
1.999999987845058e-08
-28.349740982055664
-1.999999987845058e-08
-1.999999987845058e-08
-1.999999987845058e-08
-33.12928009033203
1.999999987845058e-08
1.999999987845058e-08
1.999999987845058e-08
-24.73094940185547
-1.999999987845058e-08
-1.999999987845058e-08
-1.999999987845058e-08
-12.29566478729248
1.999999987845058e-08
1.999999987845058e-08
1.999999987845058e-08
-14.87736988067627
-1.999999987845058e-08
-1.999999987845058e-08
-1.999999987845058e-08
-28.349740982055664
1.999999987845058e-08
1.999999987845058e-08
1.999999987845058e-08
-33.12928009033203
-1.999999987845058e-08
-1.999999987845058e-08
-1.999999987845058e-08
-24.73094940185547
1.999999987845058e-08
1.999999987845058e-08
1.999999987845058e-08
-12.29566478729248
-1.999999987845058e-08
-1.999999987845058e-08
-1.999999987845058e-08
-6.591937065124512
1.999999987845058e-08
1.999999987845058e-08
1.999999987845058e-08
-9.401432037353516
-1.999999987845058e-08
-1.999999987845058e-08
-1.999999987845058e-08
-12.97562313079834
1.999999987845058e-08
1.999999987845058e-08
1.999999987845058e-08
-10.258049964904785
-1.999999987845058e-08
-1.999999987845058e-08
-1.999999987845058e-08
-1.5495376586914062
1.999999987845058e-08
1.999999987845058e-08
1.999999987845058e-08
16.64651107788086
-1.999999987845058e-08
-1.999999987845058e-08
-1.999999987845058e-08
-4.80188512802124
1.999999987845058e-08
1.999999987845058e-08
1.999999987845058e-08
-16.157291412353516
-1.999999987845058e-08
-1.999999987845058e-08
-1.999999987845058e-08
-13.825543403625488
1.999999987845058e-08
1.999999987845058e-08
1.999999987845058e-08
-7.80016565322876
-1.999999987845058e-08
-1.999999987845058e-08
-1.999999987845058e-08
-4.367993354797363
1.999999987845058e-08
1.999999987845058e-08
1.999999987845058e-08
0.10373734682798386
-1.999999987845058e-08
-1.999999987845058e-08
-1.999999987845058e-08
10.045816421508789
1.999999987845058e-08
1.999999987845058e-08
1.999999987845058e-08
22.882869720458984
-1.999999987845058e-08
-1.999999987845058e-08
-1.999999987845058e-08
29.44157600402832
1.999999987845058e-08
1.999999987845058e-08
1.999999987845058e-08
22.882869720458984
-1.999999987845058e-08
-1.999999987845058e-08
-1.999999987845058e-08
29.44157600402832
1.999999987845058e-08
1.999999987845058e-08
1.999999987845058e-08
23.40272331237793
-1.999999987845058e-08
-1.999999987845058e-08
-1.999999987845058e-08
8.770207405090332
1.999999987845058e-08
1.999999987845058e-08
1.999999987845058e-08
-5.36114501953125
-1.999999987845058e-08
-1.999999987845058e-08
-1.999999987845058e-08
-11.740483283996582
1.999999987845058e-08
1.999999987845058e-08
1.999999987845058e-08
-7.060605525970459
-1.999999987845058e-08
-1.999999987845058e-08
-1.999999987845058e-08
3.121948003768921
1.999999987845058e-08
1.999999987845058e-08
1.999999987845058e-08
4.067535877227783
-1.999999987845058e-08
-1.999999987845058e-08
-1.999999987845058e-08
-11.644102096557617
1.999999987845058e-08
1.999999987845058e-08
1.999999987845058e-08
-28.414033889770508
-1.999999987845058e-08
-1.999999987845058e-08
-1.999999987845058e-08
-22.516435623168945
1.999999987845058e-08
1.999999987845058e-08
1.999999987845058e-08
5.515190601348877
-1.999999987845058e-08
-1.999999987845058e-08
-1.999999987845058e-08
31.291290283203125
1.999999987845058e-08
1.999999987845058e-08
1.999999987845058e-08
38.13441848754883
-1.999999987845058e-08
-1.999999987845058e-08
-1.999999987845058e-08
26.220455169677734
1.999999987845058e-08
1.999999987845058e-08
1.999999987845058e-08
1.5411065816879272
-1.999999987845058e-08
-1.999999987845058e-08
-1.999999987845058e-08
-21.866329193115234
1.999999987845058e-08
1.999999987845058e-08
1.999999987845058e-08
-26.645164489746094
-1.999999987845058e-08
-1.999999987845058e-08
-1.999999987845058e-08
-14.174084663391113
1.999999987845058e-08
1.999999987845058e-08
1.999999987845058e-08
-3.0247857570648193
-1.999999987845058e-08
-1.999999987845058e-08
-1.999999987845058e-08
-3.416672468185425
1.999999987845058e-08
1.999999987845058e-08
1.999999987845058e-08
-9.787888526916504
-1.999999987845058e-08
-1.999999987845058e-08
-1.999999987845058e-08
-10.782127380371094
1.999999987845058e-08
1.999999987845058e-08
1.999999987845058e-08
-0.6022232174873352
-1.999999987845058e-08
-1.999999987845058e-08
-1.999999987845058e-08
13.516928672790527
1.999999987845058e-08
1.999999987845058e-08
1.999999987845058e-08
21.275768280029297
-1.999999987845058e-08
-1.999999987845058e-08
-1.999999987845058e-08
20.456775665283203
1.999999987845058e-08
1.999999987845058e-08
1.999999987845058e-08
12.10987663269043
-1.999999987845058e-08
-1.999999987845058e-08
-1.999999987845058e-08
-0.8272724151611328
1.999999987845058e-08
1.999999987845058e-08
1.999999987845058e-08
-15.539684295654297
-1.999999987845058e-08
-1.999999987845058e-08
-1.999999987845058e-08
-12.890636444091797
1.999999987845058e-08
1.999999987845058e-08
1.999999987845058e-08
-4.300598621368408
-1.999999987845058e-08
-1.999999987845058e-08
-1.999999987845058e-08
7.813560962677002
1.999999987845058e-08
1.999999987845058e-08
1.999999987845058e-08
15.896926879882812
-1.999999987845058e-08
-1.999999987845058e-08
-1.999999987845058e-08
14.457554817199707
1.999999987845058e-08
1.999999987845058e-08
1.999999987845058e-08
7.269711494445801
-1.999999987845058e-08
-1.999999987845058e-08
-1.999999987845058e-08
0.1452142298221588
1.999999987845058e-08
1.999999987845058e-08
1.999999987845058e-08
-5.531778335571289
-1.999999987845058e-08
-1.999999987845058e-08
-1.999999987845058e-08
-7.660764694213867
1.999999987845058e-08
1.999999987845058e-08
1.999999987845058e-08
-7.660764694213867
-1.999999987845058e-08
-1.999999987845058e-08
-1.999999987845058e-08
-1.2500747442245483
1.999999987845058e-08
1.999999987845058e-08
1.999999987845058e-08
11.305021286010742
-1.999999987845058e-08
-1.999999987845058e-08
-1.999999987845058e-08
15.373649597167969
1.999999987845058e-08
1.999999987845058e-08
1.999999987845058e-08
1.5474919080734253
-1.999999987845058e-08
-1.999999987845058e-08
-1.999999987845058e-08
-19.111188888549805
1.999999987845058e-08
1.999999987845058e-08
1.999999987845058e-08
-27.41464614868164
-1.999999987845058e-08
-1.999999987845058e-08
-1.999999987845058e-08
-17.427078247070312
1.999999987845058e-08
1.999999987845058e-08
1.999999987845058e-08
-0.6654989123344421
-1.999999987845058e-08
-1.999999987845058e-08
-1.999999987845058e-08
8.785967826843262
1.999999987845058e-08
1.999999987845058e-08
1.999999987845058e-08
8.785967826843262
-1.999999987845058e-08
-1.999999987845058e-08
-1.999999987845058e-08
8.435336112976074
1.999999987845058e-08
1.999999987845058e-08
1.999999987845058e-08
3.5357697010040283
-1.999999987845058e-08
-1.999999987845058e-08
-1.999999987845058e-08
-2.3706984519958496
1.999999987845058e-08
1.999999987845058e-08
1.999999987845058e-08
-6.747113227844238
-1.999999987845058e-08
-1.999999987845058e-08
-1.999999987845058e-08
-7.491322040557861
1.999999987845058e-08
1.999999987845058e-08
1.999999987845058e-08
-7.857996940612793
-1.999999987845058e-08
-1.999999987845058e-08
-1.999999987845058e-08
-12.570130348205566
1.999999987845058e-08
1.999999987845058e-08
1.999999987845058e-08
-19.17298698425293
-1.999999987845058e-08
-1.999999987845058e-08
-1.999999987845058e-08
-21.684057235717773
1.999999987845058e-08
1.999999987845058e-08
1.999999987845058e-08
-18.550914764404297
-1.999999987845058e-08
-1.999999987845058e-08
-1.999999987845058e-08
-10.237337112426758
1.999999987845058e-08
1.999999987845058e-08
1.999999987845058e-08
5.364221572875977
-1.999999987845058e-08
-1.999999987845058e-08
-1.999999987845058e-08
25.29826545715332
1.999999987845058e-08
1.999999987845058e-08
1.999999987845058e-08
36.713565826416016
-1.999999987845058e-08
-1.999999987845058e-08
-1.999999987845058e-08
32.836822509765625
1.999999987845058e-08
1.999999987845058e-08
1.999999987845058e-08
21.03631019592285
-1.999999987845058e-08
-1.999999987845058e-08
-1.999999987845058e-08
7.585206508636475
1.999999987845058e-08
1.999999987845058e-08
1.999999987845058e-08
-7.482922077178955
-1.999999987845058e-08
-1.999999987845058e-08
-1.999999987845058e-08
-20.58695411682129
1.999999987845058e-08
1.999999987845058e-08
1.999999987845058e-08
-25.082399368286133
-1.999999987845058e-08
-1.999999987845058e-08
-1.999999987845058e-08
-20.27973747253418
1.999999987845058e-08
1.999999987845058e-08
1.999999987845058e-08
-12.594554901123047
-1.999999987845058e-08
-1.999999987845058e-08
-1.999999987845058e-08
-7.862398147583008
1.999999987845058e-08
1.999999987845058e-08
1.999999987845058e-08
-5.1367998123168945
-1.999999987845058e-08
-1.999999987845058e-08
-1.999999987845058e-08
1.3683141469955444
1.999999987845058e-08
1.999999987845058e-08
1.999999987845058e-08
13.217597961425781
-1.999999987845058e-08
-1.999999987845058e-08
-1.999999987845058e-08
22.723785400390625
1.999999987845058e-08
1.999999987845058e-08
1.999999987845058e-08
20.775495529174805
-1.999999987845058e-08
-1.999999987845058e-08
-1.999999987845058e-08
7.291761875152588
1.999999987845058e-08
1.999999987845058e-08
1.999999987845058e-08
-12.18018913269043
-1.999999987845058e-08
-1.999999987845058e-08
-1.999999987845058e-08
-7.686286926269531
1.999999987845058e-08
1.999999987845058e-08
1.999999987845058e-08
-1.407066822052002
-1.999999987845058e-08
-1.999999987845058e-08
-1.999999987845058e-08
4.145702362060547
1.999999987845058e-08
1.999999987845058e-08
1.999999987845058e-08
10.647316932678223
-1.999999987845058e-08
-1.999999987845058e-08
-1.999999987845058e-08
16.062795639038086
1.999999987845058e-08
1.999999987845058e-08
1.999999987845058e-08
14.645956039428711
-1.999999987845058e-08
-1.999999987845058e-08
-1.999999987845058e-08
6.798571586608887
1.999999987845058e-08
1.999999987845058e-08
1.999999987845058e-08
2.7639923095703125
-1.999999987845058e-08
-1.999999987845058e-08
-1.999999987845058e-08
7.57954740524292
1.999999987845058e-08
1.999999987845058e-08
1.999999987845058e-08
-21.38866424560547
-1.999999987845058e-08
-1.999999987845058e-08
-1.999999987845058e-08
-30.383277893066406
1.999999987845058e-08
1.999999987845058e-08
1.999999987845058e-08
-21.41067123413086
-1.999999987845058e-08
-1.999999987845058e-08
-1.999999987845058e-08
-6.850503444671631
1.999999987845058e-08
1.999999987845058e-08
1.999999987845058e-08
0.12207481265068054
-1.999999987845058e-08
-1.999999987845058e-08
-1.999999987845058e-08
0.4616478979587555
1.999999987845058e-08
1.999999987845058e-08
1.999999987845058e-08
-0.15154409408569336
-1.999999987845058e-08
-1.999999987845058e-08
-1.999999987845058e-08
-1.6483871936798096
1.999999987845058e-08
1.999999987845058e-08
1.999999987845058e-08
-4.830020427703857
-1.999999987845058e-08
-1.999999987845058e-08
-1.999999987845058e-08
-5.481029987335205
1.999999987845058e-08
1.999999987845058e-08
1.999999987845058e-08
0.4616478681564331
-1.999999987845058e-08
-1.999999987845058e-08
-1.999999987845058e-08
-0.15154404938220978
1.999999987845058e-08
1.999999987845058e-08
1.999999987845058e-08
-1.6483871936798096
-1.999999987845058e-08
-1.999999987845058e-08
-1.999999987845058e-08
-4.830020427703857
1.999999987845058e-08
1.999999987845058e-08
1.999999987845058e-08
-5.481029987335205
-1.999999987845058e-08
-1.999999987845058e-08
-1.999999987845058e-08
-0.7083366513252258
1.999999987845058e-08
1.999999987845058e-08
1.999999987845058e-08
4.038764476776123
-1.999999987845058e-08
-1.999999987845058e-08
-1.999999987845058e-08
2.840023994445801
1.999999987845058e-08
1.999999987845058e-08
1.999999987845058e-08
-2.7218148708343506
-1.999999987845058e-08
-1.999999987845058e-08
-1.999999987845058e-08
-7.253485679626465
1.999999987845058e-08
1.999999987845058e-08
1.999999987845058e-08
-0.2395697832107544
-1.999999987845058e-08
-1.999999987845058e-08
-1.999999987845058e-08
-6.783313751220703
1.999999987845058e-08
1.999999987845058e-08
1.999999987845058e-08
-7.5021586418151855
-1.999999987845058e-08
-1.999999987845058e-08
-1.999999987845058e-08
-3.532336950302124
1.999999987845058e-08
1.999999987845058e-08
1.999999987845058e-08
0.1793118268251419
-1.999999987845058e-08
-1.999999987845058e-08
-1.999999987845058e-08
0.4783550798892975
1.999999987845058e-08
1.999999987845058e-08
1.999999987845058e-08
-0.8967413902282715
-1.999999987845058e-08
-1.999999987845058e-08
-1.999999987845058e-08
-4.014980316162109
1.999999987845058e-08
1.999999987845058e-08
1.999999987845058e-08
-10.201664924621582
-1.999999987845058e-08
-1.999999987845058e-08
-1.999999987845058e-08
-12.997466087341309
1.999999987845058e-08
1.999999987845058e-08
1.999999987845058e-08
10.805118560791016
-1.999999987845058e-08
-1.999999987845058e-08
-1.999999987845058e-08
8.629718780517578
1.999999987845058e-08
1.999999987845058e-08
1.999999987845058e-08
5.276464939117432
-1.999999987845058e-08
-1.999999987845058e-08
-1.999999987845058e-08
4.7840728759765625
1.999999987845058e-08
1.999999987845058e-08
1.999999987845058e-08
8.581811904907227
-1.999999987845058e-08
-1.999999987845058e-08
-1.999999987845058e-08
11.009454727172852
1.999999987845058e-08
1.999999987845058e-08
1.999999987845058e-08
4.008561134338379
-1.999999987845058e-08
-1.999999987845058e-08
-1.999999987845058e-08
-7.697516918182373
1.999999987845058e-08
1.999999987845058e-08
1.999999987845058e-08
-12.002777099609375
-1.999999987845058e-08
-1.999999987845058e-08
-1.999999987845058e-08
-9.290470123291016
1.999999987845058e-08
1.999999987845058e-08
1.999999987845058e-08
-7.697517395019531
-1.999999987845058e-08
-1.999999987845058e-08
-1.999999987845058e-08
-12.002777099609375
1.999999987845058e-08
1.999999987845058e-08
1.999999987845058e-08
-9.290470123291016
-1.999999987845058e-08
-1.999999987845058e-08
-1.999999987845058e-08
-7.772014141082764
1.999999987845058e-08
1.999999987845058e-08
1.999999987845058e-08
-7.263759136199951
-1.999999987845058e-08
-1.999999987845058e-08
-1.999999987845058e-08
-5.093785285949707
1.999999987845058e-08
1.999999987845058e-08
1.999999987845058e-08
-5.4226579666137695
-1.999999987845058e-08
-1.999999987845058e-08
-1.999999987845058e-08
-10.701807022094727
1.999999987845058e-08
1.999999987845058e-08
1.999999987845058e-08
-15.65964126586914
-1.999999987845058e-08
-1.999999987845058e-08
-1.999999987845058e-08
-15.336148262023926
1.999999987845058e-08
1.999999987845058e-08
1.999999987845058e-08
-0.4222349524497986
-1.999999987845058e-08
-1.999999987845058e-08
-1.999999987845058e-08
-3.888545274734497
1.999999987845058e-08
1.999999987845058e-08
1.999999987845058e-08
-5.258678436279297
-1.999999987845058e-08
-1.999999987845058e-08
-1.999999987845058e-08
5.930653095245361
1.999999987845058e-08
1.999999987845058e-08
1.999999987845058e-08
22.888851165771484
-1.999999987845058e-08
-1.999999987845058e-08
-1.999999987845058e-08
30.129474639892578
1.999999987845058e-08
1.999999987845058e-08
1.999999987845058e-08
26.219158172607422
-1.999999987845058e-08
-1.999999987845058e-08
-1.999999987845058e-08
19.892473220825195
1.999999987845058e-08
1.999999987845058e-08
1.999999987845058e-08
13.821377754211426
-1.999999987845058e-08
-1.999999987845058e-08
-1.999999987845058e-08
7.0029072761535645
1.999999987845058e-08
1.999999987845058e-08
1.999999987845058e-08
13.821377754211426
-1.999999987845058e-08
-1.999999987845058e-08
-1.999999987845058e-08
7.0029072761535645
1.999999987845058e-08
1.999999987845058e-08
1.999999987845058e-08
3.127861738204956
-1.999999987845058e-08
-1.999999987845058e-08
-1.999999987845058e-08
5.350463390350342
1.999999987845058e-08
1.999999987845058e-08
1.999999987845058e-08
8.10107135772705
-1.999999987845058e-08
-1.999999987845058e-08
-1.999999987845058e-08
3.631216287612915
1.999999987845058e-08
1.999999987845058e-08
1.999999987845058e-08
-5.443935394287109
-1.999999987845058e-08
-1.999999987845058e-08
-1.999999987845058e-08
-9.332586288452148
1.999999987845058e-08
1.999999987845058e-08
1.999999987845058e-08
-5.068036079406738
-1.999999987845058e-08
-1.999999987845058e-08
-1.999999987845058e-08
1.3429909944534302
1.999999987845058e-08
1.999999987845058e-08
1.999999987845058e-08
10.243230819702148
-1.999999987845058e-08
-1.999999987845058e-08
-1.999999987845058e-08
11.17221736907959
1.999999987845058e-08
1.999999987845058e-08
1.999999987845058e-08
11.879637718200684
-1.999999987845058e-08
-1.999999987845058e-08
-1.999999987845058e-08
11.157689094543457
1.999999987845058e-08
1.999999987845058e-08
1.999999987845058e-08
7.889674186706543
-1.999999987845058e-08
-1.999999987845058e-08
-1.999999987845058e-08
6.226098537445068
1.999999987845058e-08
1.999999987845058e-08
1.999999987845058e-08
8.821905136108398
-1.999999987845058e-08
-1.999999987845058e-08
-1.999999987845058e-08
9.660436630249023
1.999999987845058e-08
1.999999987845058e-08
1.999999987845058e-08
3.4006431102752686
-1.999999987845058e-08
-1.999999987845058e-08
-1.999999987845058e-08
-5.190326690673828
1.999999987845058e-08
1.999999987845058e-08
1.999999987845058e-08
-8.376296043395996
-1.999999987845058e-08
-1.999999987845058e-08
-1.999999987845058e-08
-2.7903900146484375
1.999999987845058e-08
1.999999987845058e-08
1.999999987845058e-08
11.26582145690918
-1.999999987845058e-08
-1.999999987845058e-08
-1.999999987845058e-08
26.97154426574707
1.999999987845058e-08
1.999999987845058e-08
1.999999987845058e-08
32.53085708618164
-1.999999987845058e-08
-1.999999987845058e-08
-1.999999987845058e-08
23.301692962646484
1.999999987845058e-08
1.999999987845058e-08
1.999999987845058e-08
6.528345584869385
-1.999999987845058e-08
-1.999999987845058e-08
-1.999999987845058e-08
-7.762720584869385
1.999999987845058e-08
1.999999987845058e-08
1.999999987845058e-08
-15.832893371582031
-1.999999987845058e-08
-1.999999987845058e-08
-1.999999987845058e-08
-19.214082717895508
1.999999987845058e-08
1.999999987845058e-08
1.999999987845058e-08
-15.832893371582031
-1.999999987845058e-08
-1.999999987845058e-08
-1.999999987845058e-08
-19.214082717895508
1.999999987845058e-08
1.999999987845058e-08
1.999999987845058e-08
-18.332048416137695
-1.999999987845058e-08
-1.999999987845058e-08
-1.999999987845058e-08
-12.011632919311523
1.999999987845058e-08
1.999999987845058e-08
1.999999987845058e-08
-3.8768932819366455
-1.999999987845058e-08
-1.999999987845058e-08
-1.999999987845058e-08
-1.6808050870895386
1.999999987845058e-08
1.999999987845058e-08
1.999999987845058e-08
-3.826267719268799
-1.999999987845058e-08
-1.999999987845058e-08
-1.999999987845058e-08
2.977562189102173
1.999999987845058e-08
1.999999987845058e-08
1.999999987845058e-08
21.883955001831055
-1.999999987845058e-08
-1.999999987845058e-08
-1.999999987845058e-08
37.109039306640625
1.999999987845058e-08
1.999999987845058e-08
1.999999987845058e-08
36.605796813964844
-1.999999987845058e-08
-1.999999987845058e-08
-1.999999987845058e-08
23.92889404296875
1.999999987845058e-08
1.999999987845058e-08
1.999999987845058e-08
5.537628650665283
-1.999999987845058e-08
-1.999999987845058e-08
-1.999999987845058e-08
-13.77412223815918
1.999999987845058e-08
1.999999987845058e-08
1.999999987845058e-08
-27.11127281188965
-1.999999987845058e-08
-1.999999987845058e-08
-1.999999987845058e-08
-30.354442596435547
1.999999987845058e-08
1.999999987845058e-08
1.999999987845058e-08
-25.49177360534668
-1.999999987845058e-08
-1.999999987845058e-08
-1.999999987845058e-08
-17.095487594604492
1.999999987845058e-08
1.999999987845058e-08
1.999999987845058e-08
-10.906393051147461
-1.999999987845058e-08
-1.999999987845058e-08
-1.999999987845058e-08
-11.351705551147461
1.999999987845058e-08
1.999999987845058e-08
1.999999987845058e-08
-10.508193969726562
-1.999999987845058e-08
-1.999999987845058e-08
-1.999999987845058e-08
5.47014856338501
1.999999987845058e-08
1.999999987845058e-08
1.999999987845058e-08
18.31403350830078
-1.999999987845058e-08
-1.999999987845058e-08
-1.999999987845058e-08
14.509299278259277
1.999999987845058e-08
1.999999987845058e-08
1.999999987845058e-08
3.758927822113037
-1.999999987845058e-08
-1.999999987845058e-08
-1.999999987845058e-08
0.9073554277420044
1.999999987845058e-08
1.999999987845058e-08
1.999999987845058e-08
0.6077367067337036
-1.999999987845058e-08
-1.999999987845058e-08
-1.999999987845058e-08
-8.133519172668457
1.999999987845058e-08
1.999999987845058e-08
1.999999987845058e-08
-17.918420791625977
-1.999999987845058e-08
-1.999999987845058e-08
-1.999999987845058e-08
-14.595205307006836
1.999999987845058e-08
1.999999987845058e-08
1.999999987845058e-08
4.29927396774292
-1.999999987845058e-08
-1.999999987845058e-08
-1.999999987845058e-08
-0.914728581905365
1.999999987845058e-08
1.999999987845058e-08
1.999999987845058e-08
-6.623016834259033
-1.999999987845058e-08
-1.999999987845058e-08
-1.999999987845058e-08
-1.3549021482467651
1.999999987845058e-08
1.999999987845058e-08
1.999999987845058e-08
12.361309051513672
-1.999999987845058e-08
-1.999999987845058e-08
-1.999999987845058e-08
19.330150604248047
1.999999987845058e-08
1.999999987845058e-08
1.999999987845058e-08
9.85616683959961
-1.999999987845058e-08
-1.999999987845058e-08
-1.999999987845058e-08
-8.175751686096191
1.999999987845058e-08
1.999999987845058e-08
1.999999987845058e-08
-20.29349708557129
-1.999999987845058e-08
-1.999999987845058e-08
-1.999999987845058e-08
-21.2405948638916
1.999999987845058e-08
1.999999987845058e-08
1.999999987845058e-08
19.330150604248047
-1.999999987845058e-08
-1.999999987845058e-08
-1.999999987845058e-08
9.85616683959961
1.999999987845058e-08
1.999999987845058e-08
1.999999987845058e-08
-8.175751686096191
-1.999999987845058e-08
-1.999999987845058e-08
-1.999999987845058e-08
-20.29349708557129
1.999999987845058e-08
1.999999987845058e-08
1.999999987845058e-08
-21.2405948638916
-1.999999987845058e-08
-1.999999987845058e-08
-1.999999987845058e-08
-16.64100456237793
1.999999987845058e-08
1.999999987845058e-08
1.999999987845058e-08
-14.635762214660645
-1.999999987845058e-08
-1.999999987845058e-08
-1.999999987845058e-08
-16.557178497314453
1.999999987845058e-08
1.999999987845058e-08
1.999999987845058e-08
-16.018341064453125
-1.999999987845058e-08
-1.999999987845058e-08
-1.999999987845058e-08
-8.324088096618652
1.999999987845058e-08
1.999999987845058e-08
1.999999987845058e-08
14.88992691040039
-1.999999987845058e-08
-1.999999987845058e-08
-1.999999987845058e-08
-2.2574753761291504
1.999999987845058e-08
1.999999987845058e-08
1.999999987845058e-08
-22.870267868041992
-1.999999987845058e-08
-1.999999987845058e-08
-1.999999987845058e-08
-28.433439254760742
1.999999987845058e-08
1.999999987845058e-08
1.999999987845058e-08
-13.765055656433105
-1.999999987845058e-08
-1.999999987845058e-08
-1.999999987845058e-08
3.8307340145111084
1.999999987845058e-08
1.999999987845058e-08
1.999999987845058e-08
8.45362663269043
-1.999999987845058e-08
-1.999999987845058e-08
-1.999999987845058e-08
6.5328779220581055
1.999999987845058e-08
1.999999987845058e-08
1.999999987845058e-08
11.128838539123535
-1.999999987845058e-08
-1.999999987845058e-08
-1.999999987845058e-08
19.997299194335938
1.999999987845058e-08
1.999999987845058e-08
1.999999987845058e-08
8.961316108703613
-1.999999987845058e-08
-1.999999987845058e-08
-1.999999987845058e-08
-10.844908714294434
1.999999987845058e-08
1.999999987845058e-08
1.999999987845058e-08
-25.241601943969727
-1.999999987845058e-08
-1.999999987845058e-08
-1.999999987845058e-08
-24.21195411682129
1.999999987845058e-08
1.999999987845058e-08
1.999999987845058e-08
-12.00768756866455
-1.999999987845058e-08
-1.999999987845058e-08
-1.999999987845058e-08
-3.641383647918701
1.999999987845058e-08
1.999999987845058e-08
1.999999987845058e-08
-5.504158973693848
-1.999999987845058e-08
-1.999999987845058e-08
-1.999999987845058e-08
-7.472930431365967
1.999999987845058e-08
1.999999987845058e-08
1.999999987845058e-08
1.343281865119934
-1.999999987845058e-08
-1.999999987845058e-08
-1.999999987845058e-08
17.02861213684082
1.999999987845058e-08
1.999999987845058e-08
1.999999987845058e-08
-1.015224814414978
-1.999999987845058e-08
-1.999999987845058e-08
-1.999999987845058e-08
-10.80019760131836
1.999999987845058e-08
1.999999987845058e-08
1.999999987845058e-08
-8.03056812286377
-1.999999987845058e-08
-1.999999987845058e-08
-1.999999987845058e-08
0.3499555289745331
1.999999987845058e-08
1.999999987845058e-08
1.999999987845058e-08
5.293909072875977
-1.999999987845058e-08
-1.999999987845058e-08
-1.999999987845058e-08
2.189861536026001
1.999999987845058e-08
1.999999987845058e-08
1.999999987845058e-08
-8.310689926147461
-1.999999987845058e-08
-1.999999987845058e-08
-1.999999987845058e-08
-15.75808334350586
1.999999987845058e-08
1.999999987845058e-08
1.999999987845058e-08
-5.215435981750488
-1.999999987845058e-08
-1.999999987845058e-08
-1.999999987845058e-08
19.791351318359375
1.999999987845058e-08
1.999999987845058e-08
1.999999987845058e-08
-5.215435981750488
-1.999999987845058e-08
-1.999999987845058e-08
-1.999999987845058e-08
19.791351318359375
1.999999987845058e-08
1.999999987845058e-08
1.999999987845058e-08
37.01324462890625
-1.999999987845058e-08
-1.999999987845058e-08
-1.999999987845058e-08
33.453365325927734
1.999999987845058e-08
1.999999987845058e-08
1.999999987845058e-08
15.95299243927002
-1.999999987845058e-08
-1.999999987845058e-08
-1.999999987845058e-08
-0.32132819294929504
1.999999987845058e-08
1.999999987845058e-08
1.999999987845058e-08
-4.245549201965332
-1.999999987845058e-08
-1.999999987845058e-08
-1.999999987845058e-08
2.015097141265869
1.999999987845058e-08
1.999999987845058e-08
1.999999987845058e-08
3.4477858543395996
-1.999999987845058e-08
-1.999999987845058e-08
-1.999999987845058e-08
-11.165360450744629
1.999999987845058e-08
1.999999987845058e-08
1.999999987845058e-08
-36.042938232421875
-1.999999987845058e-08
-1.999999987845058e-08
-1.999999987845058e-08
-24.927160263061523
1.999999987845058e-08
1.999999987845058e-08
1.999999987845058e-08
-14.46392822265625
-1.999999987845058e-08
-1.999999987845058e-08
-1.999999987845058e-08
0.06979219615459442
1.999999987845058e-08
1.999999987845058e-08
1.999999987845058e-08
17.784576416015625
-1.999999987845058e-08
-1.999999987845058e-08
-1.999999987845058e-08
29.92147445678711
1.999999987845058e-08
1.999999987845058e-08
1.999999987845058e-08
28.971721649169922
-1.999999987845058e-08
-1.999999987845058e-08
-1.999999987845058e-08
16.797895431518555
1.999999987845058e-08
1.999999987845058e-08
1.999999987845058e-08
4.734232425689697
-1.999999987845058e-08
-1.999999987845058e-08
-1.999999987845058e-08
0.5679886341094971
1.999999987845058e-08
1.999999987845058e-08
1.999999987845058e-08
4.734232425689697
-1.999999987845058e-08
-1.999999987845058e-08
-1.999999987845058e-08
0.5679886341094971
1.999999987845058e-08
1.999999987845058e-08
1.999999987845058e-08
-0.05609585717320442
-1.999999987845058e-08
-1.999999987845058e-08
-1.999999987845058e-08
-4.807494163513184
1.999999987845058e-08
1.999999987845058e-08
1.999999987845058e-08
-14.658059120178223
-1.999999987845058e-08
-1.999999987845058e-08
-1.999999987845058e-08
-24.461854934692383
1.999999987845058e-08
1.999999987845058e-08
1.999999987845058e-08
-26.98655128479004
-1.999999987845058e-08
-1.999999987845058e-08
-1.999999987845058e-08
-18.428482055664062
1.999999987845058e-08
1.999999987845058e-08
1.999999987845058e-08
-5.57730770111084
-1.999999987845058e-08
-1.999999987845058e-08
-1.999999987845058e-08
-1.0646721124649048
1.999999987845058e-08
1.999999987845058e-08
1.999999987845058e-08
-24.420949935913086
-1.999999987845058e-08
-1.999999987845058e-08
-1.999999987845058e-08
-34.9986457824707
1.999999987845058e-08
1.999999987845058e-08
1.999999987845058e-08
-32.34101486206055
-1.999999987845058e-08
-1.999999987845058e-08
-1.999999987845058e-08
-18.852941513061523
1.999999987845058e-08
1.999999987845058e-08
1.999999987845058e-08
-3.3488082885742188
-1.999999987845058e-08
-1.999999987845058e-08
-1.999999987845058e-08
10.048240661621094
1.999999987845058e-08
1.999999987845058e-08
1.999999987845058e-08
19.509681701660156
-1.999999987845058e-08
-1.999999987845058e-08
-1.999999987845058e-08
22.685562133789062
1.999999987845058e-08
1.999999987845058e-08
1.999999987845058e-08
19.42752456665039
-1.999999987845058e-08
-1.999999987845058e-08
-1.999999987845058e-08
10.92970085144043
1.999999987845058e-08
1.999999987845058e-08
1.999999987845058e-08
22.685562133789062
-1.999999987845058e-08
-1.999999987845058e-08
-1.999999987845058e-08
19.42752456665039
1.999999987845058e-08
1.999999987845058e-08
1.999999987845058e-08
10.92970085144043
-1.999999987845058e-08
-1.999999987845058e-08
-1.999999987845058e-08
1.1628193855285645
1.999999987845058e-08
1.999999987845058e-08
1.999999987845058e-08
-2.0960516929626465
-1.999999987845058e-08
-1.999999987845058e-08
-1.999999987845058e-08
3.6040360927581787
1.999999987845058e-08
1.999999987845058e-08
1.999999987845058e-08
9.460558891296387
-1.999999987845058e-08
-1.999999987845058e-08
-1.999999987845058e-08
6.863047122955322
1.999999987845058e-08
1.999999987845058e-08
1.999999987845058e-08
-0.59125155210495
-1.999999987845058e-08
-1.999999987845058e-08
-1.999999987845058e-08
-3.6133625507354736
1.999999987845058e-08
1.999999987845058e-08
1.999999987845058e-08
0.6020285487174988
-1.999999987845058e-08
-1.999999987845058e-08
-1.999999987845058e-08
8.915108680725098
1.999999987845058e-08
1.999999987845058e-08
1.999999987845058e-08
16.663049697875977
-1.999999987845058e-08
-1.999999987845058e-08
-1.999999987845058e-08
16.683977127075195
1.999999987845058e-08
1.999999987845058e-08
1.999999987845058e-08
6.331591606140137
-1.999999987845058e-08
-1.999999987845058e-08
-1.999999987845058e-08
-2.960418939590454
1.999999987845058e-08
1.999999987845058e-08
1.999999987845058e-08
1.497388482093811
-1.999999987845058e-08
-1.999999987845058e-08
-1.999999987845058e-08
13.985234260559082
1.999999987845058e-08
1.999999987845058e-08
1.999999987845058e-08
18.189395904541016
-1.999999987845058e-08
-1.999999987845058e-08
-1.999999987845058e-08
9.949822425842285
1.999999987845058e-08
1.999999987845058e-08
1.999999987845058e-08
-0.968008279800415
-1.999999987845058e-08
-1.999999987845058e-08
-1.999999987845058e-08
-6.445047855377197
1.999999987845058e-08
1.999999987845058e-08
1.999999987845058e-08
-5.079753875732422
-1.999999987845058e-08
-1.999999987845058e-08
-1.999999987845058e-08
0.9515198469161987
1.999999987845058e-08
1.999999987845058e-08
1.999999987845058e-08
6.778901100158691
-1.999999987845058e-08
-1.999999987845058e-08
-1.999999987845058e-08
10.18117618560791
1.999999987845058e-08
1.999999987845058e-08
1.999999987845058e-08
12.82547664642334
-1.999999987845058e-08
-1.999999987845058e-08
-1.999999987845058e-08
13.572701454162598
1.999999987845058e-08
1.999999987845058e-08
1.999999987845058e-08
11.444062232971191
-1.999999987845058e-08
-1.999999987845058e-08
-1.999999987845058e-08
9.948429107666016
1.999999987845058e-08
1.999999987845058e-08
1.999999987845058e-08
6.074371337890625
-1.999999987845058e-08
-1.999999987845058e-08
-1.999999987845058e-08
1.8321882486343384
1.999999987845058e-08
1.999999987845058e-08
1.999999987845058e-08
0.9500911831855774
-1.999999987845058e-08
-1.999999987845058e-08
-1.999999987845058e-08
3.63908052444458
1.999999987845058e-08
1.999999987845058e-08
1.999999987845058e-08
8.090834617614746
-1.999999987845058e-08
-1.999999987845058e-08
-1.999999987845058e-08
11.909608840942383
1.999999987845058e-08
1.999999987845058e-08
1.999999987845058e-08
12.852361679077148
-1.999999987845058e-08
-1.999999987845058e-08
-1.999999987845058e-08
11.142603874206543
1.999999987845058e-08
1.999999987845058e-08
1.999999987845058e-08
7.654542446136475
-1.999999987845058e-08
-1.999999987845058e-08
-1.999999987845058e-08
4.171069622039795
1.999999987845058e-08
1.999999987845058e-08
1.999999987845058e-08
7.654542446136475
-1.999999987845058e-08
-1.999999987845058e-08
-1.999999987845058e-08
4.171069622039795
1.999999987845058e-08
1.999999987845058e-08
1.999999987845058e-08
4.573877811431885
-1.999999987845058e-08
-1.999999987845058e-08
-1.999999987845058e-08
8.782164573669434
1.999999987845058e-08
1.999999987845058e-08
1.999999987845058e-08
10.291383743286133
-1.999999987845058e-08
-1.999999987845058e-08
-1.999999987845058e-08
3.2127044200897217
1.999999987845058e-08
1.999999987845058e-08
1.999999987845058e-08
-11.43720817565918
-1.999999987845058e-08
-1.999999987845058e-08
-1.999999987845058e-08
-23.627416610717773
1.999999987845058e-08
1.999999987845058e-08
1.999999987845058e-08
-20.05913734436035
-1.999999987845058e-08
-1.999999987845058e-08
-1.999999987845058e-08
-0.5219942331314087
1.999999987845058e-08
1.999999987845058e-08
1.999999987845058e-08
-7.446083068847656
-1.999999987845058e-08
-1.999999987845058e-08
-1.999999987845058e-08
-12.166094779968262
1.999999987845058e-08
1.999999987845058e-08
1.999999987845058e-08
-16.740371704101562
-1.999999987845058e-08
-1.999999987845058e-08
-1.999999987845058e-08
-17.185441970825195
1.999999987845058e-08
1.999999987845058e-08
1.999999987845058e-08
-13.659309387207031
-1.999999987845058e-08
-1.999999987845058e-08
-1.999999987845058e-08
-11.667329788208008
1.999999987845058e-08
1.999999987845058e-08
1.999999987845058e-08
