0
-9.414360046386719
1.999999987845058e-08
1.999999987845058e-08
1.999999987845058e-08
-1.332228660583496
-1.999999987845058e-08
-1.999999987845058e-08
-1.999999987845058e-08
12.42889404296875
1.999999987845058e-08
1.999999987845058e-08
1.999999987845058e-08
16.66801643371582
-1.999999987845058e-08
-1.999999987845058e-08
-1.999999987845058e-08
10.9787015914917
1.999999987845058e-08
1.999999987845058e-08
1.999999987845058e-08
6.227296352386475
-1.999999987845058e-08
-1.999999987845058e-08
-1.999999987845058e-08
7.040713310241699
1.999999987845058e-08
1.999999987845058e-08
1.999999987845058e-08
9.477306365966797
-1.999999987845058e-08
-1.999999987845058e-08
-1.999999987845058e-08
8.607966423034668
1.999999987845058e-08
1.999999987845058e-08
1.999999987845058e-08
-9.945998191833496
-1.999999987845058e-08
-1.999999987845058e-08
-1.999999987845058e-08
-22.605554580688477
1.999999987845058e-08
1.999999987845058e-08
1.999999987845058e-08
-25.89605140686035
-1.999999987845058e-08
-1.999999987845058e-08
-1.999999987845058e-08
-15.369778633117676
1.999999987845058e-08
1.999999987845058e-08
1.999999987845058e-08
2.559222936630249
-1.999999987845058e-08
-1.999999987845058e-08
-1.999999987845058e-08
18.108213424682617
1.999999987845058e-08
1.999999987845058e-08
1.999999987845058e-08
23.879005432128906
-1.999999987845058e-08
-1.999999987845058e-08
-1.999999987845058e-08
19.22810173034668
1.999999987845058e-08
1.999999987845058e-08
1.999999987845058e-08
10.95630931854248
-1.999999987845058e-08
-1.999999987845058e-08
-1.999999987845058e-08
2.6651611328125
1.999999987845058e-08
1.999999987845058e-08
1.999999987845058e-08
-8.968212127685547
-1.999999987845058e-08
-1.999999987845058e-08
-1.999999987845058e-08
-22.274932861328125
1.999999987845058e-08
1.999999987845058e-08
1.999999987845058e-08
-26.93335723876953
-1.999999987845058e-08
-1.999999987845058e-08
-1.999999987845058e-08
-18.415937423706055
1.999999987845058e-08
1.999999987845058e-08
1.999999987845058e-08
-7.970172882080078
-1.999999987845058e-08
-1.999999987845058e-08
-1.999999987845058e-08
-9.34765911102295
1.999999987845058e-08
1.999999987845058e-08
1.999999987845058e-08
-17.652299880981445
-1.999999987845058e-08
-1.999999987845058e-08
-1.999999987845058e-08
-14.896546363830566
1.999999987845058e-08
1.999999987845058e-08
1.999999987845058e-08
1.9726334810256958
-1.999999987845058e-08
-1.999999987845058e-08
-1.999999987845058e-08
15.848119735717773
1.999999987845058e-08
1.999999987845058e-08
1.999999987845058e-08
15.848119735717773
-1.999999987845058e-08
-1.999999987845058e-08
-1.999999987845058e-08
13.09648609161377
1.999999987845058e-08
1.999999987845058e-08
1.999999987845058e-08
-1.6914969682693481
-1.999999987845058e-08
-1.999999987845058e-08
-1.999999987845058e-08
-14.564764022827148
1.999999987845058e-08
1.999999987845058e-08
1.999999987845058e-08
-17.988967895507812
-1.999999987845058e-08
-1.999999987845058e-08
-1.999999987845058e-08
-14.44168758392334
1.999999987845058e-08
1.999999987845058e-08
1.999999987845058e-08
-8.638291358947754
-1.999999987845058e-08
-1.999999987845058e-08
-1.999999987845058e-08
-2.322464942932129
1.999999987845058e-08
1.999999987845058e-08
1.999999987845058e-08
4.538625717163086
-1.999999987845058e-08
-1.999999987845058e-08
-1.999999987845058e-08
9.047111511230469
1.999999987845058e-08
1.999999987845058e-08
1.999999987845058e-08
9.047111511230469
-1.999999987845058e-08
-1.999999987845058e-08
-1.999999987845058e-08
4.97500467300415
1.999999987845058e-08
1.999999987845058e-08
1.999999987845058e-08
-6.1592841148376465
-1.999999987845058e-08
-1.999999987845058e-08
-1.999999987845058e-08
-11.398711204528809
1.999999987845058e-08
1.999999987845058e-08
1.999999987845058e-08
-4.675714492797852
-1.999999987845058e-08
-1.999999987845058e-08
-1.999999987845058e-08
4.499640941619873
1.999999987845058e-08
1.999999987845058e-08
1.999999987845058e-08
7.647378921508789
-1.999999987845058e-08
-1.999999987845058e-08
-1.999999987845058e-08
5.149912357330322
1.999999987845058e-08
1.999999987845058e-08
1.999999987845058e-08
-1.796820878982544
-1.999999987845058e-08
-1.999999987845058e-08
-1.999999987845058e-08
-10.527153015136719
1.999999987845058e-08
1.999999987845058e-08
1.999999987845058e-08
-13.27145004272461
-1.999999987845058e-08
-1.999999987845058e-08
-1.999999987845058e-08
-6.951432228088379
1.999999987845058e-08
1.999999987845058e-08
1.999999987845058e-08
-1.369073510169983
-1.999999987845058e-08
-1.999999987845058e-08
-1.999999987845058e-08
-6.788691520690918
1.999999987845058e-08
1.999999987845058e-08
1.999999987845058e-08
-17.621217727661133
-1.999999987845058e-08
-1.999999987845058e-08
-1.999999987845058e-08
-19.130752563476562
1.999999987845058e-08
1.999999987845058e-08
1.999999987845058e-08
-6.78094482421875
-1.999999987845058e-08
-1.999999987845058e-08
-1.999999987845058e-08
8.665938377380371
1.999999987845058e-08
1.999999987845058e-08
1.999999987845058e-08
12.716887474060059
-1.999999987845058e-08
-1.999999987845058e-08
-1.999999987845058e-08
2.2445733547210693
1.999999987845058e-08
1.999999987845058e-08
1.999999987845058e-08
-10.907742500305176
-1.999999987845058e-08
-1.999999987845058e-08
-1.999999987845058e-08
-12.269030570983887
1.999999987845058e-08
1.999999987845058e-08
1.999999987845058e-08
0.7602522969245911
-1.999999987845058e-08
-1.999999987845058e-08
-1.999999987845058e-08
15.84350299835205
1.999999987845058e-08
1.999999987845058e-08
1.999999987845058e-08
19.46532440185547
-1.999999987845058e-08
-1.999999987845058e-08
-1.999999987845058e-08
13.488626480102539
1.999999987845058e-08
1.999999987845058e-08
1.999999987845058e-08
9.934006690979004
-1.999999987845058e-08
-1.999999987845058e-08
-1.999999987845058e-08
13.481650352478027
1.999999987845058e-08
1.999999987845058e-08
1.999999987845058e-08
16.921878814697266
-1.999999987845058e-08
-1.999999987845058e-08
-1.999999987845058e-08
9.61505126953125
1.999999987845058e-08
1.999999987845058e-08
1.999999987845058e-08
-25.64916229248047
-1.999999987845058e-08
-1.999999987845058e-08
-1.999999987845058e-08
-23.313915252685547
1.999999987845058e-08
1.999999987845058e-08
1.999999987845058e-08
-5.719381809234619
-1.999999987845058e-08
-1.999999987845058e-08
-1.999999987845058e-08
8.61465072631836
1.999999987845058e-08
1.999999987845058e-08
1.999999987845058e-08
6.445285797119141
-1.999999987845058e-08
-1.999999987845058e-08
-1.999999987845058e-08
-7.59930944442749
1.999999987845058e-08
1.999999987845058e-08
1.999999987845058e-08
-16.000701904296875
-1.999999987845058e-08
-1.999999987845058e-08
-1.999999987845058e-08
-6.055306434631348
1.999999987845058e-08
1.999999987845058e-08
1.999999987845058e-08
14.835846900939941
-1.999999987845058e-08
-1.999999987845058e-08
-1.999999987845058e-08
26.68647575378418
1.999999987845058e-08
1.999999987845058e-08
1.999999987845058e-08
21.581655502319336
-1.999999987845058e-08
-1.999999987845058e-08
-1.999999987845058e-08
10.048221588134766
1.999999987845058e-08
1.999999987845058e-08
1.999999987845058e-08
2.2740557193756104
-1.999999987845058e-08
-1.999999987845058e-08
-1.999999987845058e-08
-2.472970962524414
1.999999987845058e-08
1.999999987845058e-08
1.999999987845058e-08
-6.266141891479492
-1.999999987845058e-08
-1.999999987845058e-08
-1.999999987845058e-08
-6.415490627288818
1.999999987845058e-08
1.999999987845058e-08
1.999999987845058e-08
-1.9929382801055908
-1.999999987845058e-08
-1.999999987845058e-08
-1.999999987845058e-08
3.1355783939361572
1.999999987845058e-08
1.999999987845058e-08
1.999999987845058e-08
5.074826240539551
-1.999999987845058e-08
-1.999999987845058e-08
-1.999999987845058e-08
2.792217493057251
1.999999987845058e-08
1.999999987845058e-08
1.999999987845058e-08
-1.240641474723816
-1.999999987845058e-08
-1.999999987845058e-08
-1.999999987845058e-08
-0.6422271132469177
1.999999987845058e-08
1.999999987845058e-08
1.999999987845058e-08
9.84367847442627
-1.999999987845058e-08
-1.999999987845058e-08
-1.999999987845058e-08
25.379329681396484
1.999999987845058e-08
1.999999987845058e-08
1.999999987845058e-08
31.742361068725586
-1.999999987845058e-08
-1.999999987845058e-08
-1.999999987845058e-08
20.667423248291016
1.999999987845058e-08
1.999999987845058e-08
1.999999987845058e-08
0.08269598335027695
-1.999999987845058e-08
-1.999999987845058e-08
-1.999999987845058e-08
-15.430464744567871
1.999999987845058e-08
1.999999987845058e-08
1.999999987845058e-08
-18.351581573486328
-1.999999987845058e-08
-1.999999987845058e-08
-1.999999987845058e-08
-11.775843620300293
1.999999987845058e-08
1.999999987845058e-08
1.999999987845058e-08
-4.799831867218018
-1.999999987845058e-08
-1.999999987845058e-08
-1.999999987845058e-08
-3.7114858627319336
1.999999987845058e-08
1.999999987845058e-08
1.999999987845058e-08
-7.374677658081055
-1.999999987845058e-08
-1.999999987845058e-08
-1.999999987845058e-08
-10.182256698608398
1.999999987845058e-08
1.999999987845058e-08
1.999999987845058e-08
-6.077714920043945
-1.999999987845058e-08
-1.999999987845058e-08
-1.999999987845058e-08
5.770773410797119
1.999999987845058e-08
1.999999987845058e-08
1.999999987845058e-08
16.88302230834961
-1.999999987845058e-08
-1.999999987845058e-08
-1.999999987845058e-08
19.53412628173828
1.999999987845058e-08
1.999999987845058e-08
1.999999987845058e-08
17.68794059753418
-1.999999987845058e-08
-1.999999987845058e-08
-1.999999987845058e-08
16.863601684570312
1.999999987845058e-08
1.999999987845058e-08
1.999999987845058e-08
13.228574752807617
-1.999999987845058e-08
-1.999999987845058e-08
-1.999999987845058e-08
3.3806231021881104
1.999999987845058e-08
1.999999987845058e-08
1.999999987845058e-08
-6.376788139343262
-1.999999987845058e-08
-1.999999987845058e-08
-1.999999987845058e-08
-7.421380519866943
1.999999987845058e-08
1.999999987845058e-08
1.999999987845058e-08
1.8892979621887207
-1.999999987845058e-08
-1.999999987845058e-08
-1.999999987845058e-08
15.07958698272705
1.999999987845058e-08
1.999999987845058e-08
1.999999987845058e-08
20.388137817382812
-1.999999987845058e-08
-1.999999987845058e-08
-1.999999987845058e-08
11.717815399169922
1.999999987845058e-08
1.999999987845058e-08
1.999999987845058e-08
-0.10731566697359085
-1.999999987845058e-08
-1.999999987845058e-08
-1.999999987845058e-08
-1.6261767148971558
1.999999987845058e-08
1.999999987845058e-08
1.999999987845058e-08
1.741378903388977
-1.999999987845058e-08
-1.999999987845058e-08
-1.999999987845058e-08
-4.935779571533203
1.999999987845058e-08
1.999999987845058e-08
1.999999987845058e-08
-24.78326416015625
-1.999999987845058e-08
-1.999999987845058e-08
-1.999999987845058e-08
-47.017757415771484
1.999999987845058e-08
1.999999987845058e-08
1.999999987845058e-08
-58.41181945800781
-1.999999987845058e-08
-1.999999987845058e-08
-1.999999987845058e-08
-54.63882827758789
1.999999987845058e-08
1.999999987845058e-08
1.999999987845058e-08
-42.137413024902344
-1.999999987845058e-08
-1.999999987845058e-08
-1.999999987845058e-08
-30.482084274291992
1.999999987845058e-08
1.999999987845058e-08
1.999999987845058e-08
-25.5975399017334
-1.999999987845058e-08
-1.999999987845058e-08
-1.999999987845058e-08
-27.39248275756836
1.999999987845058e-08
1.999999987845058e-08
1.999999987845058e-08
-22.174665451049805
-1.999999987845058e-08
-1.999999987845058e-08
-1.999999987845058e-08
0.7124168276786804
1.999999987845058e-08
1.999999987845058e-08
1.999999987845058e-08
29.00606918334961
-1.999999987845058e-08
-1.999999987845058e-08
-1.999999987845058e-08
43.147438049316406
1.999999987845058e-08
1.999999987845058e-08
1.999999987845058e-08
35.10199737548828
-1.999999987845058e-08
-1.999999987845058e-08
-1.999999987845058e-08
15.676700592041016
1.999999987845058e-08
1.999999987845058e-08
1.999999987845058e-08
1.016003966331482
-1.999999987845058e-08
-1.999999987845058e-08
-1.999999987845058e-08
-2.1655781269073486
1.999999987845058e-08
1.999999987845058e-08
1.999999987845058e-08
0.7841033935546875
-1.999999987845058e-08
-1.999999987845058e-08
-1.999999987845058e-08
2.4315919876098633
1.999999987845058e-08
1.999999987845058e-08
1.999999987845058e-08
2.9023361206054688
-1.999999987845058e-08
-1.999999987845058e-08
-1.999999987845058e-08
4.835909843444824
1.999999987845058e-08
1.999999987845058e-08
1.999999987845058e-08
5.397848129272461
-1.999999987845058e-08
-1.999999987845058e-08
-1.999999987845058e-08
2.8835432529449463
1.999999987845058e-08
1.999999987845058e-08
1.999999987845058e-08
4.3673858642578125
-1.999999987845058e-08
-1.999999987845058e-08
-1.999999987845058e-08
14.720465660095215
1.999999987845058e-08
1.999999987845058e-08
1.999999987845058e-08
25.273584365844727
-1.999999987845058e-08
-1.999999987845058e-08
-1.999999987845058e-08
25.75141716003418
1.999999987845058e-08
1.999999987845058e-08
1.999999987845058e-08
17.148040771484375
-1.999999987845058e-08
-1.999999987845058e-08
-1.999999987845058e-08
5.702138900756836
1.999999987845058e-08
1.999999987845058e-08
1.999999987845058e-08
-3.2851450443267822
-1.999999987845058e-08
-1.999999987845058e-08
-1.999999987845058e-08
-6.3968000411987305
1.999999987845058e-08
1.999999987845058e-08
1.999999987845058e-08
-5.6147966384887695
-1.999999987845058e-08
-1.999999987845058e-08
-1.999999987845058e-08
-6.175050258636475
1.999999987845058e-08
1.999999987845058e-08
1.999999987845058e-08
-8.033561706542969
-1.999999987845058e-08
-1.999999987845058e-08
-1.999999987845058e-08
-5.372282028198242
1.999999987845058e-08
1.999999987845058e-08
1.999999987845058e-08
2.3871731758117676
-1.999999987845058e-08
-1.999999987845058e-08
-1.999999987845058e-08
8.1693696975708
1.999999987845058e-08
1.999999987845058e-08
1.999999987845058e-08
9.899687767028809
-1.999999987845058e-08
-1.999999987845058e-08
-1.999999987845058e-08
10.576292037963867
1.999999987845058e-08
1.999999987845058e-08
1.999999987845058e-08
8.1693696975708
-1.999999987845058e-08
-1.999999987845058e-08
-1.999999987845058e-08
9.899687767028809
1.999999987845058e-08
1.999999987845058e-08
1.999999987845058e-08
10.576292037963867
-1.999999987845058e-08
-1.999999987845058e-08
-1.999999987845058e-08
6.063523769378662
1.999999987845058e-08
1.999999987845058e-08
1.999999987845058e-08
-7.508600234985352
-1.999999987845058e-08
-1.999999987845058e-08
-1.999999987845058e-08
-19.6520938873291
1.999999987845058e-08
1.999999987845058e-08
1.999999987845058e-08
-16.60413360595703
-1.999999987845058e-08
-1.999999987845058e-08
-1.999999987845058e-08
-0.7115573883056641
1.999999987845058e-08
1.999999987845058e-08
1.999999987845058e-08
11.060229301452637
-1.999999987845058e-08
-1.999999987845058e-08
-1.999999987845058e-08
6.962179183959961
1.999999987845058e-08
1.999999987845058e-08
1.999999987845058e-08
-6.066019058227539
-1.999999987845058e-08
-1.999999987845058e-08
-1.999999987845058e-08
-13.97567081451416
1.999999987845058e-08
1.999999987845058e-08
1.999999987845058e-08
-14.68957233428955
-1.999999987845058e-08
-1.999999987845058e-08
-1.999999987845058e-08
-16.717798233032227
1.999999987845058e-08
1.999999987845058e-08
1.999999987845058e-08
-23.549461364746094
-1.999999987845058e-08
-1.999999987845058e-08
-1.999999987845058e-08
-28.05858039855957
1.999999987845058e-08
1.999999987845058e-08
1.999999987845058e-08
-22.881010055541992
-1.999999987845058e-08
-1.999999987845058e-08
-1.999999987845058e-08
-10.244754791259766
1.999999987845058e-08
1.999999987845058e-08
1.999999987845058e-08
2.571499824523926
-1.999999987845058e-08
-1.999999987845058e-08
-1.999999987845058e-08
12.133054733276367
1.999999987845058e-08
1.999999987845058e-08
1.999999987845058e-08
23.629623413085938
-1.999999987845058e-08
-1.999999987845058e-08
-1.999999987845058e-08
27.86558723449707
1.999999987845058e-08
1.999999987845058e-08
1.999999987845058e-08
28.402420043945312
-1.999999987845058e-08
-1.999999987845058e-08
-1.999999987845058e-08
21.324831008911133
1.999999987845058e-08
1.999999987845058e-08
1.999999987845058e-08
10.336925506591797
-1.999999987845058e-08
-1.999999987845058e-08
-1.999999987845058e-08
2.6541731357574463
1.999999987845058e-08
1.999999987845058e-08
1.999999987845058e-08
-0.6935717463493347
-1.999999987845058e-08
-1.999999987845058e-08
-1.999999987845058e-08
-2.4899280071258545
1.999999987845058e-08
1.999999987845058e-08
1.999999987845058e-08
-2.860823631286621
-1.999999987845058e-08
-1.999999987845058e-08
-1.999999987845058e-08
-1.568367838859558
1.999999987845058e-08
1.999999987845058e-08
1.999999987845058e-08
-1.568367838859558
-1.999999987845058e-08
-1.999999987845058e-08
-1.999999987845058e-08
-2.5722455978393555
1.999999987845058e-08
1.999999987845058e-08
1.999999987845058e-08
-5.667139530181885
-1.999999987845058e-08
-1.999999987845058e-08
-1.999999987845058e-08
0.24206367135047913
1.999999987845058e-08
1.999999987845058e-08
1.999999987845058e-08
18.074974060058594
-1.999999987845058e-08
-1.999999987845058e-08
-1.999999987845058e-08
29.05638313293457
1.999999987845058e-08
1.999999987845058e-08
1.999999987845058e-08
16.69900894165039
-1.999999987845058e-08
-1.999999987845058e-08
-1.999999987845058e-08
-8.245856285095215
1.999999987845058e-08
1.999999987845058e-08
1.999999987845058e-08
-21.314027786254883
-1.999999987845058e-08
-1.999999987845058e-08
-1.999999987845058e-08
-15.40577220916748
1.999999987845058e-08
1.999999987845058e-08
1.999999987845058e-08
-9.322513580322266
-1.999999987845058e-08
-1.999999987845058e-08
-1.999999987845058e-08
-7.997218608856201
1.999999987845058e-08
1.999999987845058e-08
1.999999987845058e-08
0.3279778063297272
-1.999999987845058e-08
-1.999999987845058e-08
-1.999999987845058e-08
9.75826358795166
1.999999987845058e-08
1.999999987845058e-08
1.999999987845058e-08
12.741508483886719
-1.999999987845058e-08
-1.999999987845058e-08
-1.999999987845058e-08
7.824643135070801
1.999999987845058e-08
1.999999987845058e-08
1.999999987845058e-08
4.436713218688965
-1.999999987845058e-08
-1.999999987845058e-08
-1.999999987845058e-08
11.162052154541016
1.999999987845058e-08
1.999999987845058e-08
1.999999987845058e-08
22.17642593383789
-1.999999987845058e-08
-1.999999987845058e-08
-1.999999987845058e-08
24.996248245239258
1.999999987845058e-08
1.999999987845058e-08
1.999999987845058e-08
15.238746643066406
-1.999999987845058e-08
-1.999999987845058e-08
-1.999999987845058e-08
-2.6309854984283447
1.999999987845058e-08
1.999999987845058e-08
1.999999987845058e-08
-18.992219924926758
-1.999999987845058e-08
-1.999999987845058e-08
-1.999999987845058e-08
-22.422060012817383
1.999999987845058e-08
1.999999987845058e-08
1.999999987845058e-08
-11.074068069458008
-1.999999987845058e-08
-1.999999987845058e-08
-1.999999987845058e-08
2.0537002086639404
1.999999987845058e-08
1.999999987845058e-08
1.999999987845058e-08
3.0020244121551514
-1.999999987845058e-08
-1.999999987845058e-08
-1.999999987845058e-08
-6.783921718597412
1.999999987845058e-08
1.999999987845058e-08
1.999999987845058e-08
-11.495635032653809
-1.999999987845058e-08
-1.999999987845058e-08
-1.999999987845058e-08
-0.054492343217134476
1.999999987845058e-08
1.999999987845058e-08
1.999999987845058e-08
25.153121948242188
-1.999999987845058e-08
-1.999999987845058e-08
-1.999999987845058e-08
13.526776313781738
1.999999987845058e-08
1.999999987845058e-08
1.999999987845058e-08
-2.7319915294647217
-1.999999987845058e-08
-1.999999987845058e-08
-1.999999987845058e-08
-6.797096252441406
1.999999987845058e-08
1.999999987845058e-08
1.999999987845058e-08
2.583922863006592
-1.999999987845058e-08
-1.999999987845058e-08
-1.999999987845058e-08
12.877846717834473
1.999999987845058e-08
1.999999987845058e-08
1.999999987845058e-08
14.609657287597656
-1.999999987845058e-08
-1.999999987845058e-08
-1.999999987845058e-08
10.320924758911133
1.999999987845058e-08
1.999999987845058e-08
1.999999987845058e-08
6.490844249725342
-1.999999987845058e-08
-1.999999987845058e-08
-1.999999987845058e-08
2.6342713832855225
1.999999987845058e-08
1.999999987845058e-08
1.999999987845058e-08
6.490844249725342
-1.999999987845058e-08
-1.999999987845058e-08
-1.999999987845058e-08
2.6342713832855225
1.999999987845058e-08
1.999999987845058e-08
1.999999987845058e-08
-3.6406540870666504
-1.999999987845058e-08
-1.999999987845058e-08
-1.999999987845058e-08
-6.245563507080078
1.999999987845058e-08
1.999999987845058e-08
1.999999987845058e-08
1.3070602416992188
-1.999999987845058e-08
-1.999999987845058e-08
-1.999999987845058e-08
13.432621955871582
1.999999987845058e-08
1.999999987845058e-08
1.999999987845058e-08
20.21573257446289
-1.999999987845058e-08
-1.999999987845058e-08
-1.999999987845058e-08
19.56974220275879
1.999999987845058e-08
1.999999987845058e-08
1.999999987845058e-08
13.409982681274414
-1.999999987845058e-08
-1.999999987845058e-08
-1.999999987845058e-08
2.456329107284546
1.999999987845058e-08
1.999999987845058e-08
1.999999987845058e-08
-12.177813529968262
-1.999999987845058e-08
-1.999999987845058e-08
-1.999999987845058e-08
-7.054412364959717
1.999999987845058e-08
1.999999987845058e-08
1.999999987845058e-08
-1.4151371717453003
-1.999999987845058e-08
-1.999999987845058e-08
-1.999999987845058e-08
-1.49822998046875
1.999999987845058e-08
1.999999987845058e-08
1.999999987845058e-08
-2.875394105911255
-1.999999987845058e-08
-1.999999987845058e-08
-1.999999987845058e-08
4.384110927581787
1.999999987845058e-08
1.999999987845058e-08
1.999999987845058e-08
20.46626853942871
-1.999999987845058e-08
-1.999999987845058e-08
-1.999999987845058e-08
31.498842239379883
1.999999987845058e-08
1.999999987845058e-08
1.999999987845058e-08
24.826446533203125
-1.999999987845058e-08
-1.999999987845058e-08
-1.999999987845058e-08
2.5979366302490234
1.999999987845058e-08
1.999999987845058e-08
1.999999987845058e-08
-19.335620880126953
-1.999999987845058e-08
-1.999999987845058e-08
-1.999999987845058e-08
-22.840749740600586
1.999999987845058e-08
1.999999987845058e-08
1.999999987845058e-08
-6.85865592956543
-1.999999987845058e-08
-1.999999987845058e-08
-1.999999987845058e-08
6.6879658699035645
1.999999987845058e-08
1.999999987845058e-08
1.999999987845058e-08
1.1317318677902222
-1.999999987845058e-08
-1.999999987845058e-08
-1.999999987845058e-08
-10.533354759216309
1.999999987845058e-08
1.999999987845058e-08
1.999999987845058e-08
-7.887499809265137
-1.999999987845058e-08
-1.999999987845058e-08
-1.999999987845058e-08
6.697005748748779
1.999999987845058e-08
1.999999987845058e-08
1.999999987845058e-08
18.150224685668945
-1.999999987845058e-08
-1.999999987845058e-08
-1.999999987845058e-08
19.384326934814453
1.999999987845058e-08
1.999999987845058e-08
1.999999987845058e-08
10.472779273986816
-1.999999987845058e-08
-1.999999987845058e-08
-1.999999987845058e-08
-3.976142644882202
1.999999987845058e-08
1.999999987845058e-08
1.999999987845058e-08
-12.892816543579102
-1.999999987845058e-08
-1.999999987845058e-08
-1.999999987845058e-08
-7.834317207336426
1.999999987845058e-08
1.999999987845058e-08
1.999999987845058e-08
4.647223472595215
-1.999999987845058e-08
-1.999999987845058e-08
-1.999999987845058e-08
7.646624565124512
1.999999987845058e-08
1.999999987845058e-08
1.999999987845058e-08
-3.936628580093384
-1.999999987845058e-08
-1.999999987845058e-08
-1.999999987845058e-08
-14.120635032653809
1.999999987845058e-08
1.999999987845058e-08
1.999999987845058e-08
-8.226435661315918
-1.999999987845058e-08
-1.999999987845058e-08
-1.999999987845058e-08
8.747849464416504
1.999999987845058e-08
1.999999987845058e-08
1.999999987845058e-08
8.747849464416504
-1.999999987845058e-08
-1.999999987845058e-08
-1.999999987845058e-08
21.27802085876465
1.999999987845058e-08
1.999999987845058e-08
1.999999987845058e-08
16.409088134765625
-1.999999987845058e-08
-1.999999987845058e-08
-1.999999987845058e-08
-6.04036808013916
1.999999987845058e-08
1.999999987845058e-08
1.999999987845058e-08
-28.119813919067383
-1.999999987845058e-08
-1.999999987845058e-08
-1.999999987845058e-08
-31.19631004333496
1.999999987845058e-08
1.999999987845058e-08
1.999999987845058e-08
-18.821426391601562
-1.999999987845058e-08
-1.999999987845058e-08
-1.999999987845058e-08
-9.141719818115234
1.999999987845058e-08
1.999999987845058e-08
1.999999987845058e-08
-7.815033435821533
-1.999999987845058e-08
-1.999999987845058e-08
-1.999999987845058e-08
-5.057842254638672
1.999999987845058e-08
1.999999987845058e-08
1.999999987845058e-08
11.8278226852417
-1.999999987845058e-08
-1.999999987845058e-08
-1.999999987845058e-08
14.41382122039795
1.999999987845058e-08
1.999999987845058e-08
1.999999987845058e-08
11.07258415222168
-1.999999987845058e-08
-1.999999987845058e-08
-1.999999987845058e-08
3.989933967590332
1.999999987845058e-08
1.999999987845058e-08
1.999999987845058e-08
2.184339761734009
-1.999999987845058e-08
-1.999999987845058e-08
-1.999999987845058e-08
7.787344932556152
1.999999987845058e-08
1.999999987845058e-08
1.999999987845058e-08
15.092432022094727
-1.999999987845058e-08
-1.999999987845058e-08
-1.999999987845058e-08
16.304269790649414
1.999999987845058e-08
1.999999987845058e-08
1.999999987845058e-08
5.957520961761475
-1.999999987845058e-08
-1.999999987845058e-08
-1.999999987845058e-08
-11.039008140563965
1.999999987845058e-08
1.999999987845058e-08
1.999999987845058e-08
-22.458330154418945
-1.999999987845058e-08
-1.999999987845058e-08
-1.999999987845058e-08
-24.332277297973633
1.999999987845058e-08
1.999999987845058e-08
1.999999987845058e-08
-23.278287887573242
-1.999999987845058e-08
-1.999999987845058e-08
-1.999999987845058e-08
-25.524778366088867
1.999999987845058e-08
1.999999987845058e-08
1.999999987845058e-08
-31.887651443481445
-1.999999987845058e-08
-1.999999987845058e-08
-1.999999987845058e-08
-38.77435302734375
1.999999987845058e-08
1.999999987845058e-08
1.999999987845058e-08
-40.76181411743164
-1.999999987845058e-08
-1.999999987845058e-08
-1.999999987845058e-08
-35.681053161621094
1.999999987845058e-08
1.999999987845058e-08
1.999999987845058e-08
-25.9915714263916
-1.999999987845058e-08
-1.999999987845058e-08
-1.999999987845058e-08
-15.000092506408691
1.999999987845058e-08
1.999999987845058e-08
1.999999987845058e-08
-25.9915714263916
-1.999999987845058e-08
-1.999999987845058e-08
-1.999999987845058e-08
-15.000092506408691
1.999999987845058e-08
1.999999987845058e-08
1.999999987845058e-08
-6.5096755027771
-1.999999987845058e-08
-1.999999987845058e-08
-1.999999987845058e-08
-4.513426780700684
1.999999987845058e-08
1.999999987845058e-08
1.999999987845058e-08
-5.39853048324585
-1.999999987845058e-08
-1.999999987845058e-08
-1.999999987845058e-08
1.3430980443954468
1.999999987845058e-08
1.999999987845058e-08
1.999999987845058e-08
17.19013023376465
-1.999999987845058e-08
-1.999999987845058e-08
-1.999999987845058e-08
30.842365264892578
1.999999987845058e-08
1.999999987845058e-08
1.999999987845058e-08
31.72201919555664
-1.999999987845058e-08
-1.999999987845058e-08
-1.999999987845058e-08
18.53312110900879
1.999999987845058e-08
1.999999987845058e-08
1.999999987845058e-08
-7.328548908233643
-1.999999987845058e-08
-1.999999987845058e-08
-1.999999987845058e-08
-4.197813034057617
1.999999987845058e-08
1.999999987845058e-08
1.999999987845058e-08
-0.15074007213115692
-1.999999987845058e-08
-1.999999987845058e-08
-1.999999987845058e-08
-0.7603510022163391
1.999999987845058e-08
1.999999987845058e-08
1.999999987845058e-08
-1.8866575956344604
-1.999999987845058e-08
-1.999999987845058e-08
-1.999999987845058e-08
-0.06557989120483398
1.999999987845058e-08
1.999999987845058e-08
1.999999987845058e-08
3.7282087802886963
-1.999999987845058e-08
-1.999999987845058e-08
-1.999999987845058e-08
8.41344165802002
1.999999987845058e-08
1.999999987845058e-08
1.999999987845058e-08
11.686051368713379
-1.999999987845058e-08
-1.999999987845058e-08
-1.999999987845058e-08
8.781393051147461
1.999999987845058e-08
1.999999987845058e-08
1.999999987845058e-08
-9.514267921447754
-1.999999987845058e-08
-1.999999987845058e-08
-1.999999987845058e-08
-11.732192039489746
1.999999987845058e-08
1.999999987845058e-08
1.999999987845058e-08
-7.1377973556518555
-1.999999987845058e-08
-1.999999987845058e-08
-1.999999987845058e-08
-2.877394437789917
1.999999987845058e-08
1.999999987845058e-08
1.999999987845058e-08
-4.664435386657715
-1.999999987845058e-08
-1.999999987845058e-08
-1.999999987845058e-08
-8.319774627685547
1.999999987845058e-08
1.999999987845058e-08
1.999999987845058e-08
-5.580327987670898
-1.999999987845058e-08
-1.999999987845058e-08
-1.999999987845058e-08
6.00252628326416
1.999999987845058e-08
1.999999987845058e-08
1.999999987845058e-08
19.62238121032715
-1.999999987845058e-08
-1.999999987845058e-08
-1.999999987845058e-08
23.787635803222656
1.999999987845058e-08
1.999999987845058e-08
1.999999987845058e-08
23.787635803222656
-1.999999987845058e-08
-1.999999987845058e-08
-1.999999987845058e-08
13.509038925170898
1.999999987845058e-08
1.999999987845058e-08
1.999999987845058e-08
-4.990501880645752
-1.999999987845058e-08
-1.999999987845058e-08
-1.999999987845058e-08
-19.194040298461914
1.999999987845058e-08
1.999999987845058e-08
1.999999987845058e-08
-20.022937774658203
-1.999999987845058e-08
-1.999999987845058e-08
-1.999999987845058e-08
-11.056526184082031
1.999999987845058e-08
1.999999987845058e-08
1.999999987845058e-08
-3.421999216079712
-1.999999987845058e-08
-1.999999987845058e-08
-1.999999987845058e-08
-1.7118433713912964
1.999999987845058e-08
1.999999987845058e-08
1.999999987845058e-08
-1.2886195182800293
-1.999999987845058e-08
-1.999999987845058e-08
-1.999999987845058e-08
2.020059823989868
1.999999987845058e-08
1.999999987845058e-08
1.999999987845058e-08
5.32317590713501
-1.999999987845058e-08
-1.999999987845058e-08
-1.999999987845058e-08
5.979779243469238
1.999999987845058e-08
1.999999987845058e-08
1.999999987845058e-08
6.306271553039551
-1.999999987845058e-08
-1.999999987845058e-08
-1.999999987845058e-08
3.627803087234497
1.999999987845058e-08
1.999999987845058e-08
1.999999987845058e-08
-6.399801731109619
-1.999999987845058e-08
-1.999999987845058e-08
-1.999999987845058e-08
-16.035762786865234
1.999999987845058e-08
1.999999987845058e-08
1.999999987845058e-08
-15.332937240600586
-1.999999987845058e-08
-1.999999987845058e-08
-1.999999987845058e-08
-6.889082431793213
1.999999987845058e-08
1.999999987845058e-08
1.999999987845058e-08
1.3013222217559814
-1.999999987845058e-08
-1.999999987845058e-08
-1.999999987845058e-08
6.731093406677246
1.999999987845058e-08
1.999999987845058e-08
1.999999987845058e-08
6.731093406677246
-1.999999987845058e-08
-1.999999987845058e-08
-1.999999987845058e-08
10.252939224243164
1.999999987845058e-08
1.999999987845058e-08
1.999999987845058e-08
11.23977279663086
-1.999999987845058e-08
-1.999999987845058e-08
-1.999999987845058e-08
9.19068717956543
1.999999987845058e-08
1.999999987845058e-08
1.999999987845058e-08
3.8348729610443115
-1.999999987845058e-08
-1.999999987845058e-08
-1.999999987845058e-08
-5.705577373504639
1.999999987845058e-08
1.999999987845058e-08
1.999999987845058e-08
-15.26528549194336
-1.999999987845058e-08
-1.999999987845058e-08
-1.999999987845058e-08
-16.47519874572754
1.999999987845058e-08
1.999999987845058e-08
1.999999987845058e-08
-9.996516227722168
-1.999999987845058e-08
-1.999999987845058e-08
-1.999999987845058e-08
-7.647555828094482
1.999999987845058e-08
1.999999987845058e-08
1.999999987845058e-08
-22.984115600585938
-1.999999987845058e-08
-1.999999987845058e-08
-1.999999987845058e-08
-12.27369499206543
1.999999987845058e-08
1.999999987845058e-08
1.999999987845058e-08
-1.4719382524490356
-1.999999987845058e-08
-1.999999987845058e-08
-1.999999987845058e-08
2.2894914150238037
1.999999987845058e-08
1.999999987845058e-08
1.999999987845058e-08
-0.2834526300430298
-1.999999987845058e-08
-1.999999987845058e-08
-1.999999987845058e-08
-3.717768907546997
1.999999987845058e-08
1.999999987845058e-08
1.999999987845058e-08
-3.6043777465820312
-1.999999987845058e-08
-1.999999987845058e-08
-1.999999987845058e-08
0.26885536313056946
1.999999987845058e-08
1.999999987845058e-08
1.999999987845058e-08
3.235767126083374
-1.999999987845058e-08
-1.999999987845058e-08
-1.999999987845058e-08
2.200246572494507
1.999999987845058e-08
1.999999987845058e-08
1.999999987845058e-08
0.26885533332824707
-1.999999987845058e-08
-1.999999987845058e-08
-1.999999987845058e-08
3.235767126083374
1.999999987845058e-08
1.999999987845058e-08
1.999999987845058e-08
2.200246572494507
-1.999999987845058e-08
-1.999999987845058e-08
-1.999999987845058e-08
-0.13919663429260254
1.999999987845058e-08
1.999999987845058e-08
1.999999987845058e-08
-1.8754360675811768
-1.999999987845058e-08
-1.999999987845058e-08
-1.999999987845058e-08
-1.9774682521820068
1.999999987845058e-08
1.999999987845058e-08
1.999999987845058e-08
2.1853325366973877
-1.999999987845058e-08
-1.999999987845058e-08
-1.999999987845058e-08
6.181354999542236
1.999999987845058e-08
1.999999987845058e-08
1.999999987845058e-08
0.08221118897199631
-1.999999987845058e-08
-1.999999987845058e-08
-1.999999987845058e-08
-14.63804817199707
1.999999987845058e-08
1.999999987845058e-08
1.999999987845058e-08
-13.01665210723877
-1.999999987845058e-08
-1.999999987845058e-08
-1.999999987845058e-08
3.9816203117370605
1.999999987845058e-08
1.999999987845058e-08
1.999999987845058e-08
11.286170959472656
-1.999999987845058e-08
-1.999999987845058e-08
-1.999999987845058e-08
7.099392890930176
1.999999987845058e-08
1.999999987845058e-08
1.999999987845058e-08
3.7881057262420654
-1.999999987845058e-08
-1.999999987845058e-08
-1.999999987845058e-08
7.346493721008301
1.999999987845058e-08
1.999999987845058e-08
1.999999987845058e-08
11.653237342834473
-1.999999987845058e-08
-1.999999987845058e-08
-1.999999987845058e-08
8.950740814208984
1.999999987845058e-08
1.999999987845058e-08
1.999999987845058e-08
-2.1338441371917725
-1.999999987845058e-08
-1.999999987845058e-08
-1.999999987845058e-08
-13.2727689743042
1.999999987845058e-08
1.999999987845058e-08
1.999999987845058e-08
-5.903560161590576
-1.999999987845058e-08
-1.999999987845058e-08
-1.999999987845058e-08
-2.9381039142608643
1.999999987845058e-08
1.999999987845058e-08
1.999999987845058e-08
-10.791167259216309
-1.999999987845058e-08
-1.999999987845058e-08
-1.999999987845058e-08
-18.85127067565918
1.999999987845058e-08
1.999999987845058e-08
1.999999987845058e-08
-12.981465339660645
-1.999999987845058e-08
-1.999999987845058e-08
-1.999999987845058e-08
7.27433967590332
1.999999987845058e-08
1.999999987845058e-08
1.999999987845058e-08
29.86854362487793
-1.999999987845058e-08
-1.999999987845058e-08
-1.999999987845058e-08
42.96862030029297
1.999999987845058e-08
1.999999987845058e-08
1.999999987845058e-08
41.245384216308594
-1.999999987845058e-08
-1.999999987845058e-08
-1.999999987845058e-08
26.131925582885742
1.999999987845058e-08
1.999999987845058e-08
1.999999987845058e-08
4.365499019622803
-1.999999987845058e-08
-1.999999987845058e-08
-1.999999987845058e-08
12.123666763305664
1.999999987845058e-08
1.999999987845058e-08
1.999999987845058e-08
7.964165687561035
-1.999999987845058e-08
-1.999999987845058e-08
-1.999999987845058e-08
-5.931173324584961
1.999999987845058e-08
1.999999987845058e-08
1.999999987845058e-08
-10.86393928527832
-1.999999987845058e-08
-1.999999987845058e-08
-1.999999987845058e-08
3.5567595958709717
1.999999987845058e-08
1.999999987845058e-08
1.999999987845058e-08
21.857391357421875
-1.999999987845058e-08
-1.999999987845058e-08
-1.999999987845058e-08
23.435895919799805
1.999999987845058e-08
1.999999987845058e-08
1.999999987845058e-08
10.877741813659668
-1.999999987845058e-08
-1.999999987845058e-08
-1.999999987845058e-08
2.759239435195923
1.999999987845058e-08
1.999999987845058e-08
1.999999987845058e-08
21.857391357421875
-1.999999987845058e-08
-1.999999987845058e-08
-1.999999987845058e-08
23.435895919799805
1.999999987845058e-08
1.999999987845058e-08
1.999999987845058e-08
10.877741813659668
-1.999999987845058e-08
-1.999999987845058e-08
-1.999999987845058e-08
2.759239435195923
1.999999987845058e-08
1.999999987845058e-08
1.999999987845058e-08
6.632005214691162
-1.999999987845058e-08
-1.999999987845058e-08
-1.999999987845058e-08
12.818605422973633
1.999999987845058e-08
1.999999987845058e-08
1.999999987845058e-08
11.170689582824707
-1.999999987845058e-08
-1.999999987845058e-08
-1.999999987845058e-08
3.057420015335083
1.999999987845058e-08
1.999999987845058e-08
1.999999987845058e-08
-3.3244168758392334
-1.999999987845058e-08
-1.999999987845058e-08
-1.999999987845058e-08
-4.265682697296143
1.999999987845058e-08
1.999999987845058e-08
1.999999987845058e-08
-2.2149524688720703
-1.999999987845058e-08
-1.999999987845058e-08
-1.999999987845058e-08
4.050354480743408
1.999999987845058e-08
1.999999987845058e-08
1.999999987845058e-08
13.847393989562988
-1.999999987845058e-08
-1.999999987845058e-08
-1.999999987845058e-08
19.049327850341797
1.999999987845058e-08
1.999999987845058e-08
1.999999987845058e-08
15.826614379882812
-1.999999987845058e-08
-1.999999987845058e-08
-1.999999987845058e-08
7.460035800933838
1.999999987845058e-08
1.999999987845058e-08
1.999999987845058e-08
0.4754464626312256
-1.999999987845058e-08
-1.999999987845058e-08
-1.999999987845058e-08
-1.7010465860366821
1.999999987845058e-08
1.999999987845058e-08
1.999999987845058e-08
-2.9662468433380127
-1.999999987845058e-08
-1.999999987845058e-08
-1.999999987845058e-08
-5.792115211486816
1.999999987845058e-08
1.999999987845058e-08
1.999999987845058e-08
-5.792115211486816
-1.999999987845058e-08
-1.999999987845058e-08
-1.999999987845058e-08
-2.755464553833008
1.999999987845058e-08
1.999999987845058e-08
1.999999987845058e-08
9.945531845092773
-1.999999987845058e-08
-1.999999987845058e-08
-1.999999987845058e-08
19.70594596862793
1.999999987845058e-08
1.999999987845058e-08
1.999999987845058e-08
15.763954162597656
-1.999999987845058e-08
-1.999999987845058e-08
-1.999999987845058e-08
5.520330905914307
1.999999987845058e-08
1.999999987845058e-08
1.999999987845058e-08
-1.8328200578689575
-1.999999987845058e-08
-1.999999987845058e-08
-1.999999987845058e-08
-8.615349769592285
1.999999987845058e-08
1.999999987845058e-08
1.999999987845058e-08
-18.239126205444336
-1.999999987845058e-08
-1.999999987845058e-08
-1.999999987845058e-08
-25.246767044067383
1.999999987845058e-08
1.999999987845058e-08
1.999999987845058e-08
2.5136237144470215
-1.999999987845058e-08
-1.999999987845058e-08
-1.999999987845058e-08
15.157670021057129
1.999999987845058e-08
1.999999987845058e-08
1.999999987845058e-08
26.497547149658203
-1.999999987845058e-08
-1.999999987845058e-08
-1.999999987845058e-08
24.242263793945312
1.999999987845058e-08
1.999999987845058e-08
1.999999987845058e-08
7.1020402908325195
-1.999999987845058e-08
-1.999999987845058e-08
-1.999999987845058e-08
-16.3946590423584
1.999999987845058e-08
1.999999987845058e-08
1.999999987845058e-08
-31.324235916137695
-1.999999987845058e-08
-1.999999987845058e-08
-1.999999987845058e-08
-29.554563522338867
1.999999987845058e-08
1.999999987845058e-08
1.999999987845058e-08
-18.93001937866211
-1.999999987845058e-08
-1.999999987845058e-08
-1.999999987845058e-08
-10.485176086425781
1.999999987845058e-08
1.999999987845058e-08
1.999999987845058e-08
-29.554563522338867
-1.999999987845058e-08
-1.999999987845058e-08
-1.999999987845058e-08
-18.93001937866211
1.999999987845058e-08
1.999999987845058e-08
1.999999987845058e-08
-10.485176086425781
-1.999999987845058e-08
-1.999999987845058e-08
-1.999999987845058e-08
-6.329474449157715
1.999999987845058e-08
1.999999987845058e-08
1.999999987845058e-08
-4.593339443206787
-1.999999987845058e-08
-1.999999987845058e-08
-1.999999987845058e-08
-3.0127766132354736
1.999999987845058e-08
1.999999987845058e-08
1.999999987845058e-08
3.1327602863311768
-1.999999987845058e-08
-1.999999987845058e-08
-1.999999987845058e-08
15.344704627990723
1.999999987845058e-08
1.999999987845058e-08
1.999999987845058e-08
24.295455932617188
-1.999999987845058e-08
-1.999999987845058e-08
-1.999999987845058e-08
18.664634704589844
1.999999987845058e-08
1.999999987845058e-08
1.999999987845058e-08
18.664634704589844
-1.999999987845058e-08
-1.999999987845058e-08
-1.999999987845058e-08
2.642732620239258
1.999999987845058e-08
1.999999987845058e-08
1.999999987845058e-08
-7.536256313323975
-1.999999987845058e-08
-1.999999987845058e-08
-1.999999987845058e-08
-4.3017988204956055
1.999999987845058e-08
1.999999987845058e-08
1.999999987845058e-08
3.9044151306152344
-1.999999987845058e-08
-1.999999987845058e-08
-1.999999987845058e-08
4.898568153381348
1.999999987845058e-08
1.999999987845058e-08
1.999999987845058e-08
-3.7574362754821777
-1.999999987845058e-08
-1.999999987845058e-08
-1.999999987845058e-08
-16.812763214111328
1.999999987845058e-08
1.999999987845058e-08
1.999999987845058e-08
-29.76041030883789
-1.999999987845058e-08
-1.999999987845058e-08
-1.999999987845058e-08
-36.326622009277344
1.999999987845058e-08
1.999999987845058e-08
1.999999987845058e-08
11.872879028320312
-1.999999987845058e-08
-1.999999987845058e-08
-1.999999987845058e-08
8.745017051696777
1.999999987845058e-08
1.999999987845058e-08
1.999999987845058e-08
2.574323892593384
-1.999999987845058e-08
-1.999999987845058e-08
-1.999999987845058e-08
-0.7759655714035034
1.999999987845058e-08
1.999999987845058e-08
1.999999987845058e-08
0.5870102047920227
-1.999999987845058e-08
-1.999999987845058e-08
-1.999999987845058e-08
5.784665107727051
1.999999987845058e-08
1.999999987845058e-08
1.999999987845058e-08
9.812820434570312
-1.999999987845058e-08
-1.999999987845058e-08
-1.999999987845058e-08
8.00419807434082
1.999999987845058e-08
1.999999987845058e-08
1.999999987845058e-08
3.664077043533325
-1.999999987845058e-08
-1.999999987845058e-08
-1.999999987845058e-08
1.1841304302215576
1.999999987845058e-08
1.999999987845058e-08
1.999999987845058e-08
-0.6779919862747192
-1.999999987845058e-08
-1.999999987845058e-08
-1.999999987845058e-08
-0.8667482733726501
1.999999987845058e-08
1.999999987845058e-08
1.999999987845058e-08
3.509434700012207
-1.999999987845058e-08
-1.999999987845058e-08
-1.999999987845058e-08
7.732412338256836
1.999999987845058e-08
1.999999987845058e-08
1.999999987845058e-08
7.684940338134766
-1.999999987845058e-08
-1.999999987845058e-08
-1.999999987845058e-08
10.05826187133789
1.999999987845058e-08
1.999999987845058e-08
1.999999987845058e-08
17.517620086669922
-1.999999987845058e-08
-1.999999987845058e-08
-1.999999987845058e-08
19.33658218383789
1.999999987845058e-08
1.999999987845058e-08
1.999999987845058e-08
10.4893798828125
-1.999999987845058e-08
-1.999999987845058e-08
-1.999999987845058e-08
-0.34725770354270935
1.999999987845058e-08
1.999999987845058e-08
1.999999987845058e-08
-6.854626655578613
-1.999999987845058e-08
-1.999999987845058e-08
-1.999999987845058e-08
-10.022290229797363
1.999999987845058e-08
1.999999987845058e-08
1.999999987845058e-08
-10.487739562988281
-1.999999987845058e-08
-1.999999987845058e-08
-1.999999987845058e-08
-8.083709716796875
1.999999987845058e-08
1.999999987845058e-08
1.999999987845058e-08
-3.9861371517181396
-1.999999987845058e-08
-1.999999987845058e-08
-1.999999987845058e-08
-0.7682998776435852
1.999999987845058e-08
1.999999987845058e-08
1.999999987845058e-08
