0
-2.5277442932128906
31.544588088989258
-11.249763488769531
1.999999987845058e-08
-5.014228343963623
28.689098358154297
-10.154022216796875
-1.999999987845058e-08
-4.288568019866943
31.138208389282227
-5.889508247375488
1.999999987845058e-08
-1.256695032119751
36.642513275146484
-3.8424484729766846
-1.999999987845058e-08
1.4176288843154907
41.06507873535156
-6.037952423095703
1.999999987845058e-08
2.2825682163238525
40.75423812866211
-9.594624519348145
-1.999999987845058e-08
1.659329891204834
35.94782257080078
-10.823451042175293
1.999999987845058e-08
1.1785467863082886
32.92484664916992
-8.51758098602295
-1.999999987845058e-08
2.2774839401245117
36.24327850341797
-4.66910457611084
1.999999987845058e-08
3.551516056060791
59.96879196166992
2.7839105129241943
-1.999999987845058e-08
4.25774621963501
57.205684661865234
1.9561303853988647
1.999999987845058e-08
4.042173385620117
48.10466766357422
-1.5582873821258545
-1.999999987845058e-08
5.357442378997803
45.70512390136719
-1.8004775047302246
1.999999987845058e-08
4.584720611572266
48.847007751464844
-0.9319876432418823
-1.999999987845058e-08
-0.833868682384491
49.63010787963867
-1.9308911561965942
1.999999987845058e-08
-5.037337303161621
50.10273742675781
-0.19328872859477997
-1.999999987845058e-08
-4.597259998321533
51.96580123901367
4.169710159301758
1.999999987845058e-08
-6.033880233764648
47.128623962402344
0.8686017990112305
-1.999999987845058e-08
-13.324462890625
34.24629592895508
-11.935434341430664
1.999999987845058e-08
-5.037337303161621
50.10273742675781
-0.19328872859477997
-1.999999987845058e-08
-4.597259998321533
51.96580123901367
4.169710159301758
1.999999987845058e-08
-6.033880233764648
47.128623962402344
0.8686017990112305
-1.999999987845058e-08
-13.324462890625
34.24629592895508
-11.935434341430664
1.999999987845058e-08
-20.356340408325195
25.288545608520508
-21.622167587280273
-1.999999987845058e-08
-20.78938102722168
27.546865463256836
-20.11100196838379
1.999999987845058e-08
-15.42551326751709
35.36295700073242
-12.578003883361816
-1.999999987845058e-08
-8.861837387084961
40.166656494140625
-6.674689292907715
1.999999987845058e-08
-4.561024188995361
38.4199104309082
-4.780546188354492
-1.999999987845058e-08
-3.3384828567504883
32.1898307800293
-5.1553826332092285
1.999999987845058e-08
-8.882303237915039
25.527320861816406
-5.581504821777344
-1.999999987845058e-08
-7.1015305519104
28.769773483276367
-5.752923965454102
1.999999987845058e-08
-2.0466175079345703
32.439491271972656
-3.941387176513672
-1.999999987845058e-08
1.7060221433639526
33.08505630493164
-3.173931360244751
1.999999987845058e-08
0.9365242123603821
29.441598892211914
-6.2718281745910645
-1.999999987845058e-08
-2.400085926055908
25.590606689453125
-9.857502937316895
1.999999987845058e-08
-5.412052154541016
24.152217864990234
-10.451034545898438
-1.999999987845058e-08
-7.044493198394775
21.73112678527832
-10.481671333312988
1.999999987845058e-08
-6.3730854988098145
16.130146026611328
-12.22885799407959
-1.999999987845058e-08
-3.1865711212158203
11.719182014465332
-12.510491371154785
1.999999987845058e-08
1.346276879310608
13.284307479858398
-7.553582191467285
-1.999999987845058e-08
5.685446739196777
18.625408172607422
0.12810362875461578
1.999999987845058e-08
6.333652019500732
19.006460189819336
2.1813735961914062
-1.999999987845058e-08
0.8475292325019836
9.71972370147705
-4.334110736846924
1.999999987845058e-08
-4.285365581512451
1.038206696510315
-9.205459594726562
-1.999999987845058e-08
-1.217484474182129
5.091442584991455
-3.7918925285339355
1.999999987845058e-08
4.644241809844971
13.307289123535156
3.4490432739257812
-1.999999987845058e-08
3.7535195350646973
10.037357330322266
1.4960585832595825
1.999999987845058e-08
-0.23304826021194458
1.4635887145996094
-3.6480536460876465
-1.999999987845058e-08
1.6412872076034546
3.1663801670074463
-0.8946650624275208
1.999999987845058e-08
1.6412872076034546
3.1663801670074463
-0.8946650624275208
-1.999999987845058e-08
6.35127067565918
9.295957565307617
4.800106525421143
1.999999987845058e-08
4.416169166564941
3.5125081539154053
1.5696040391921997
-1.999999987845058e-08
-2.9922778606414795
-8.999715805053711
-7.359714984893799
1.999999987845058e-08
-6.2061638832092285
-9.869561195373535
-9.608213424682617
-1.999999987845058e-08
-3.2513959407806396
-0.6544952392578125
-5.460196495056152
1.999999987845058e-08
-0.28698232769966125
1.899115800857544
-4.457398891448975
-1.999999987845058e-08
2.2436981201171875
-1.9671744108200073
-5.1584086418151855
1.999999987845058e-08
8.530659675598145
1.33297598361969
0.5618631839752197
-1.999999987845058e-08
14.485079765319824
8.667913436889648
7.934691905975342
1.999999987845058e-08
12.362385749816895
5.111976623535156
5.609060287475586
-1.999999987845058e-08
5.143754005432129
-7.4575300216674805
-3.9654886722564697
1.999999987845058e-08
2.0047945976257324
-13.335301399230957
-8.849206924438477
-1.999999987845058e-08
4.467217445373535
-7.783573150634766
-6.077141284942627
1.999999987845058e-08
6.8726301193237305
-0.9065858721733093
-2.305431842803955
-1.999999987845058e-08
4.5979437828063965
-3.298060178756714
-2.6012468338012695
1.999999987845058e-08
-1.8412948846817017
-15.234908103942871
-6.079249382019043
-1.999999987845058e-08
-6.344594955444336
-25.458080291748047
-7.287113666534424
1.999999987845058e-08
-3.8230481147766113
-24.104774475097656
-2.640263557434082
-1.999999987845058e-08
2.2968592643737793
-16.44352149963379
2.6855359077453613
1.999999987845058e-08
2.2968592643737793
-16.44352149963379
2.6855359077453613
-1.999999987845058e-08
5.580103397369385
-12.754554748535156
2.0690977573394775
1.999999987845058e-08
6.0157551765441895
-11.600961685180664
-1.0413063764572144
-1.999999987845058e-08
7.550541877746582
-7.366002559661865
0.6037205457687378
1.999999987845058e-08
9.951475143432617
-4.4151482582092285
4.885063171386719
-1.999999987845058e-08
9.284317970275879
-9.02646255493164
4.08420467376709
1.999999987845058e-08
5.932716369628906
-15.57349967956543
-1.169744610786438
-1.999999987845058e-08
4.4934892654418945
-15.549822807312012
-3.2813405990600586
1.999999987845058e-08
5.458399772644043
-12.695507049560547
-1.1336559057235718
-1.999999987845058e-08
6.028428077697754
-14.259961128234863
0.35566675662994385
1.999999987845058e-08
8.545701026916504
-13.143003463745117
3.0253944396972656
-1.999999987845058e-08
8.06804370880127
-9.536477088928223
2.538815498352051
1.999999987845058e-08
2.6655054092407227
-14.100751876831055
-4.192527770996094
-1.999999987845058e-08
-2.235381841659546
-21.61437225341797
-9.869665145874023
1.999999987845058e-08
0.4795215129852295
-19.045360565185547
-5.06119441986084
-1.999999987845058e-08
7.982349872589111
-7.652139186859131
5.348476409912109
1.999999987845058e-08
11.44211196899414
-3.218014717102051
8.476187705993652
-1.999999987845058e-08
9.676645278930664
-10.874506950378418
3.5202834606170654
1.999999987845058e-08
9.068704605102539
-16.771390914916992
1.4555152654647827
-1.999999987845058e-08
11.500984191894531
-11.727651596069336
6.038050651550293
1.999999987845058e-08
11.179163932800293
-7.285111427307129
7.945040225982666
-1.999999987845058e-08
4.9140095710754395
-16.384435653686523
0.8140248656272888
1.999999987845058e-08
-0.7032788395881653
-30.438236236572266
-6.753032684326172
-1.999999987845058e-08
1.5500580072402954
-32.58058166503906
-4.078012943267822
1.999999987845058e-08
7.929751873016357
-24.208168029785156
4.393070220947266
-1.999999987845058e-08
9.852693557739258
-19.186918258666992
7.194179058074951
1.999999987845058e-08
7.003054618835449
-19.434362411499023
4.162346839904785
-1.999999987845058e-08
5.319343090057373
-15.663139343261719
3.209188461303711
1.999999987845058e-08
5.238819122314453
-8.22074031829834
4.270186901092529
-1.999999987845058e-08
1.3945225477218628
-8.517863273620605
0.4752925634384155
1.999999987845058e-08
-8.519195556640625
-16.63963508605957
-4.191738605499268
-1.999999987845058e-08
-4.692253112792969
-5.494593620300293
-0.286930114030838
1.999999987845058e-08
-5.758692264556885
-6.498998641967773
-4.0169878005981445
-1.999999987845058e-08
-7.433277606964111
-14.895047187805176
-7.090627670288086
1.999999987845058e-08
-2.6091041564941406
-14.47069263458252
0.3952083885669708
-1.999999987845058e-08
3.5628702640533447
-7.236645698547363
10.729279518127441
1.999999987845058e-08
0.8442716002464294
-9.607318878173828
8.741222381591797
-1.999999987845058e-08
-7.849933624267578
-21.90685272216797
-3.9523770809173584
1.999999987845058e-08
-9.873644828796387
-26.885276794433594
-11.378962516784668
-1.999999987845058e-08
-1.1891440153121948
-18.020408630371094
-6.550233840942383
1.999999987845058e-08
9.426857948303223
-8.422098159790039
0.88670814037323
-1.999999987845058e-08
13.620070457458496
-8.08578872680664
1.9361921548843384
1.999999987845058e-08
13.350346565246582
-9.327997207641602
1.3962891101837158
-1.999999987845058e-08
13.952595710754395
-4.257800579071045
5.906724452972412
1.999999987845058e-08
13.828211784362793
-0.9251319169998169
10.557577133178711
-1.999999987845058e-08
8.559815406799316
-8.220849990844727
8.292962074279785
1.999999987845058e-08
-0.37760233879089355
-19.75678253173828
2.0843968391418457
-1.999999987845058e-08
-8.451800346374512
-26.13096809387207
-2.429093360900879
1.999999987845058e-08
-15.308736801147461
-29.807907104492188
-7.882864475250244
-1.999999987845058e-08
-23.33930778503418
-37.27925491333008
-19.280529022216797
1.999999987845058e-08
-31.38483428955078
-46.321144104003906
-33.016788482666016
-1.999999987845058e-08
-34.78648376464844
-48.90470504760742
-40.08493423461914
1.999999987845058e-08
-31.400707244873047
-42.75909423828125
-36.912967681884766
-1.999999987845058e-08
-24.377836227416992
-34.80059814453125
-28.077194213867188
1.999999987845058e-08
-17.967493057250977
-31.499435424804688
-19.76854705810547
-1.999999987845058e-08
-11.982446670532227
-29.414794921875
-13.112645149230957
1.999999987845058e-08
-4.813962936401367
-23.192108154296875
-7.055252552032471
-1.999999987845058e-08
-0.4492435157299042
-18.85894775390625
-5.197079658508301
1.999999987845058e-08
-2.909710168838501
-23.31092071533203
-9.884288787841797
-1.999999987845058e-08
-6.341564655303955
-26.539403915405273
-12.814279556274414
1.999999987845058e-08
-17.967493057250977
-31.499435424804688
-19.76854705810547
-1.999999987845058e-08
-11.982446670532227
-29.414794921875
-13.112645149230957
1.999999987845058e-08
-4.813962936401367
-23.192108154296875
-7.055252552032471
-1.999999987845058e-08
-0.4492435157299042
-18.85894775390625
-5.197079658508301
1.999999987845058e-08
-2.909710168838501
-23.31092071533203
-9.884288787841797
-1.999999987845058e-08
-6.341564655303955
-26.539403915405273
-12.814279556274414
1.999999987845058e-08
-2.240067958831787
-15.73523998260498
-5.090463638305664
-1.999999987845058e-08
6.706577301025391
0.14505219459533691
7.086169719696045
1.999999987845058e-08
10.953469276428223
2.8372693061828613
11.235737800598145
-1.999999987845058e-08
8.656181335449219
-5.962576389312744
8.05002498626709
1.999999987845058e-08
-3.367171049118042
-18.295833587646484
0.35528063774108887
-1.999999987845058e-08
4.524480819702148
-8.957378387451172
7.684337139129639
1.999999987845058e-08
7.577483177185059
-4.803960800170898
11.822848320007324
-1.999999987845058e-08
6.949765682220459
-9.091086387634277
12.940787315368652
1.999999987845058e-08
8.369305610656738
-12.773445129394531
15.108790397644043
-1.999999987845058e-08
12.529766082763672
-9.0580415725708
18.606550216674805
1.999999987845058e-08
15.019665718078613
-3.1842257976531982
19.93507194519043
-1.999999987845058e-08
13.59597396850586
-4.264500141143799
17.684341430664062
1.999999987845058e-08
12.188899040222168
-10.433672904968262
16.618663787841797
-1.999999987845058e-08
14.796875953674316
-11.60434627532959
21.14107322692871
1.999999987845058e-08
13.453709602355957
-9.921952247619629
21.138158798217773
-1.999999987845058e-08
4.721905708312988
-19.2326602935791
11.591355323791504
1.999999987845058e-08
-0.34840336441993713
-23.447372436523438
8.87158489227295
-1.999999987845058e-08
1.4336678981781006
-16.9460506439209
14.87136459350586
1.999999987845058e-08
5.780236721038818
-8.127671241760254
19.862234115600586
-1.999999987845058e-08
8.638530731201172
-4.109500885009766
17.940126419067383
1.999999987845058e-08
9.850683212280273
-2.1407997608184814
12.926766395568848
-1.999999987845058e-08
8.843453407287598
-0.02469235099852085
8.636075973510742
1.999999987845058e-08
3.9419589042663574
-2.3780014514923096
4.386537075042725
-1.999999987845058e-08
-1.8743746280670166
-9.919148445129395
1.7766838073730469
1.999999987845058e-08
-2.108020305633545
-14.154991149902344
5.3226752281188965
-1.999999987845058e-08
3.869969367980957
-9.855936050415039
14.17800235748291
1.999999987845058e-08
8.753959655761719
-3.1202597618103027
20.722808837890625
-1.999999987845058e-08
6.183541297912598
-2.0805070400238037
19.34796905517578
1.999999987845058e-08
-0.9576330184936523
-5.240694999694824
13.888117790222168
-1.999999987845058e-08
-3.2164762020111084
-3.0028321743011475
13.147360801696777
1.999999987845058e-08
2.4409873485565186
8.41935920715332
17.88451385498047
-1.999999987845058e-08
8.134308815002441
19.634374618530273
19.406904220581055
1.999999987845058e-08
7.867105007171631
20.634950637817383
14.105278015136719
-1.999999987845058e-08
4.989498138427734
14.489812850952148
8.740151405334473
1.999999987845058e-08
4.989498138427734
14.489812850952148
8.740151405334473
-1.999999987845058e-08
3.2184062004089355
10.586593627929688
7.965338230133057
1.999999987845058e-08
0.749555766582489
10.1387939453125
7.39116907119751
-1.999999987845058e-08
-3.268683671951294
8.231097221374512
3.3220882415771484
1.999999987845058e-08
-4.749333381652832
6.175386905670166
0.46014130115509033
-1.999999987845058e-08
-1.1382030248641968
9.41073989868164
4.010073184967041
1.999999987845058e-08
2.729520082473755
14.729470252990723
9.847902297973633
-1.999999987845058e-08
-0.28273338079452515
12.877012252807617
9.363385200500488
1.999999987845058e-08
-8.850509643554688
4.038640975952148
2.549419403076172
-1.999999987845058e-08
-12.772336959838867
-1.3826345205307007
-1.0034077167510986
1.999999987845058e-08
-12.772336959838867
-1.3826346397399902
-1.0034077167510986
-1.999999987845058e-08
-6.2328877449035645
1.746746301651001
4.0603556632995605
1.999999987845058e-08
3.9122860431671143
6.6290459632873535
11.370013236999512
-1.999999987845058e-08
7.115325927734375
4.816354274749756
12.458515167236328
1.999999987845058e-08
2.143948793411255
-2.824010133743286
7.561601638793945
-1.999999987845058e-08
-4.3006744384765625
-8.997468948364258
2.2779934406280518
1.999999987845058e-08
-8.637955665588379
-11.681629180908203
-1.8400607109069824
-1.999999987845058e-08
-12.050508499145508
-15.875467300415039
-6.926998615264893
1.999999987845058e-08
-13.674321174621582
-22.410396575927734
-11.604657173156738
-1.999999987845058e-08
-11.050016403198242
-24.462284088134766
-11.704070091247559
1.999999987845058e-08
-5.295160293579102
-14.035582542419434
-8.269147872924805
-1.999999987845058e-08
-7.389734745025635
-13.392059326171875
-11.267792701721191
1.999999987845058e-08
-6.40197229385376
-12.59154224395752
-9.678295135498047
-1.999999987845058e-08
-0.9646358489990234
-8.554169654846191
-1.3924951553344727
1.999999987845058e-08
1.8201755285263062
-7.1995038986206055
4.702913284301758
-1.999999987845058e-08
-2.6363909244537354
-11.869855880737305
2.234619140625
1.999999987845058e-08
-10.200592041015625
-17.37006378173828
-4.438600063323975
-1.999999987845058e-08
-15.260320663452148
-20.01729393005371
-9.600481033325195
1.999999987845058e-08
-17.05757713317871
-21.374008178710938
-13.329211235046387
-1.999999987845058e-08
-17.304452896118164
-22.239103317260742
-15.951042175292969
1.999999987845058e-08
-17.304452896118164
-22.239103317260742
-15.951042175292969
-1.999999987845058e-08
-16.599811553955078
-21.965251922607422
-14.888886451721191
1.999999987845058e-08
-14.259283065795898
-20.27112579345703
-9.602039337158203
-1.999999987845058e-08
-9.585199356079102
-16.182100296020508
-2.746241807937622
1.999999987845058e-08
-3.597940683364868
-9.768427848815918
3.1695733070373535
-1.999999987845058e-08
0.7148483991622925
-3.8830411434173584
6.400128364562988
1.999999987845058e-08
1.3505758047103882
-0.7689573764801025
6.243927955627441
-1.999999987845058e-08
0.24056997895240784
0.5738763213157654
4.965474605560303
1.999999987845058e-08
1.7039610147476196
2.4736199378967285
6.4475579261779785
-1.999999987845058e-08
7.097653865814209
6.23769474029541
11.024140357971191
1.999999987845058e-08
14.770703315734863
11.374626159667969
8.783907890319824
-1.999999987845058e-08
8.706189155578613
4.127177715301514
5.654021739959717
1.999999987845058e-08
4.772406578063965
1.7220991849899292
5.013186454772949
-1.999999987845058e-08
1.7680706977844238
1.005640983581543
3.6033482551574707
1.999999987845058e-08
-3.648439407348633
-2.978579521179199
-2.452728509902954
-1.999999987845058e-08
-8.84249496459961
-6.435983180999756
-9.016610145568848
1.999999987845058e-08
-8.971210479736328
-4.405657768249512
-9.267557144165039
-1.999999987845058e-08
-5.811662197113037
-1.421884298324585
-4.776639938354492
1.999999987845058e-08
-4.509384632110596
-3.3944027423858643
-1.418572187423706
-1.999999987845058e-08
-5.410953998565674
-7.3661675453186035
0.09063402563333511
1.999999987845058e-08
-5.410953998565674
-7.3661675453186035
0.09063398092985153
-1.999999987845058e-08
-5.675924777984619
-8.036044120788574
1.618262767791748
1.999999987845058e-08
-4.510443687438965
-5.727327346801758
2.7331442832946777
-1.999999987845058e-08
-2.6881818771362305
-3.0659918785095215
2.633993148803711
1.999999987845058e-08
-0.504280686378479
-0.9915065169334412
1.812576174736023
-1.999999987845058e-08
1.392913818359375
0.17423401772975922
1.0620530843734741
1.999999987845058e-08
1.1623053550720215
0.3784973919391632
0.5589262843132019
-1.999999987845058e-08
-2.109584093093872
0.6529386639595032
-0.3659192621707916
1.999999987845058e-08
-6.180335998535156
2.0702710151672363
-2.198082685470581
-1.999999987845058e-08
-7.946235656738281
4.552813529968262
-4.347790718078613
1.999999987845058e-08
-7.946235656738281
4.5528130531311035
-4.347790718078613
-1.999999987845058e-08
-7.435476779937744
7.254809856414795
-6.106449127197266
1.999999987845058e-08
-7.964663505554199
8.451939582824707
-8.39656925201416
-1.999999987845058e-08
-12.548270225524902
5.691423416137695
-12.878878593444824
1.999999987845058e-08
-19.47898292541504
-0.5267552733421326
-17.6728458404541
-1.999999987845058e-08
-23.285919189453125
-5.426367282867432
-18.407163619995117
1.999999987845058e-08
-21.25861358642578
-5.340214252471924
-15.476696968078613
-1.999999987845058e-08
-15.187569618225098
-0.8510804772377014
-13.034502029418945
1.999999987845058e-08
-7.795674800872803
5.489218711853027
-10.986284255981445
-1.999999987845058e-08
-1.6207491159439087
10.965845108032227
-6.517642021179199
1.999999987845058e-08
-1.6207492351531982
10.965845108032227
-6.517642498016357
-1.999999987845058e-08
1.8842853307724
14.37967300415039
-0.8807947039604187
1.999999987845058e-08
4.210015773773193
17.312894821166992
2.8565335273742676
-1.999999987845058e-08
6.552990436553955
20.81621742248535
4.186628818511963
1.999999987845058e-08
6.983458042144775
22.733505249023438
3.588465929031372
-1.999999987845058e-08
5.343907356262207
22.25546646118164
2.62137770652771
1.999999987845058e-08
5.374490261077881
22.846954345703125
4.915105819702148
-1.999999987845058e-08
8.242988586425781
26.233800888061523
10.855935096740723
1.999999987845058e-08
10.202009201049805
28.63981056213379
14.594202995300293
-1.999999987845058e-08
8.670733451843262
27.00194549560547
11.629472732543945
1.999999987845058e-08
8.242988586425781
26.233800888061523
10.855935096740723
-1.999999987845058e-08
10.202009201049805
28.63981056213379
14.594202995300293
1.999999987845058e-08
8.670733451843262
27.00194549560547
11.629472732543945
-1.999999987845058e-08
4.747110366821289
23.44590950012207
4.520046234130859
1.999999987845058e-08
0.018674731254577637
20.888490676879883
-2.1843156814575195
-1.999999987845058e-08
-4.180564880371094
19.578723907470703
-6.7412824630737305
1.999999987845058e-08
-6.18848180770874
18.96804428100586
-8.567940711975098
-1.999999987845058e-08
-5.926998615264893
18.450584411621094
-7.842984199523926
1.999999987845058e-08
-5.760629177093506
16.389972686767578
-7.207197189331055
-1.999999987845058e-08
-7.014945030212402
12.780482292175293
-8.565441131591797
1.999999987845058e-08
0.3651212155818939
17.633420944213867
0.17499306797981262
-1.999999987845058e-08
1.1858903169631958
15.658195495605469
1.1222381591796875
1.999999987845058e-08
2.8522679805755615
17.450138092041016
3.7126760482788086
-1.999999987845058e-08
2.2830617427825928
18.51736068725586
4.34450101852417
1.999999987845058e-08
-2.4588725566864014
14.536115646362305
1.1482354402542114
-1.999999987845058e-08
-8.437267303466797
10.387839317321777
-2.5762200355529785
1.999999987845058e-08
-10.307379722595215
12.646124839782715
-3.949819326400757
-1.999999987845058e-08
-7.500664710998535
18.816997528076172
-5.529155731201172
1.999999987845058e-08
-4.5194549560546875
22.671710968017578
-9.430243492126465
-1.999999987845058e-08
-5.546383380889893
22.99146270751953
-13.736140251159668
1.999999987845058e-08
-11.122562408447266
20.795547485351562
-17.644365310668945
-1.999999987845058e-08
-17.98969268798828
15.871761322021484
-22.007564544677734
1.999999987845058e-08
-20.342803955078125
11.474905967712402
-23.921249389648438
-1.999999987845058e-08
-13.625167846679688
14.790922164916992
-18.862241744995117
1.999999987845058e-08
-0.466447651386261
26.51288604736328
-8.8691987991333
-1.999999987845058e-08
10.302206993103027
37.01128387451172
-1.2592542171478271
1.999999987845058e-08
12.9700927734375
37.63816833496094
0.5793337821960449
-1.999999987845058e-08
9.810762405395508
29.994441986083984
-0.1562463939189911
1.999999987845058e-08
6.514889717102051
21.996957778930664
1.2066346406936646
-1.999999987845058e-08
5.611097812652588
18.63407325744629
5.297147750854492
1.999999987845058e-08
5.61109733581543
18.63407325744629
5.297147750854492
-1.999999987845058e-08
5.640133857727051
18.623170852661133
8.197269439697266
1.999999987845058e-08
5.439187526702881
18.459476470947266
6.966982364654541
-1.999999987845058e-08
5.712687969207764
16.723388671875
3.7854034900665283
1.999999987845058e-08
6.611928462982178
14.556644439697266
2.6161303520202637
-1.999999987845058e-08
7.091796875
13.398698806762695
3.905076503753662
1.999999987845058e-08
6.783454895019531
12.506889343261719
5.012815952301025
-1.999999987845058e-08
6.877293109893799
10.37783432006836
4.518651008605957
1.999999987845058e-08
8.929076194763184
8.37723445892334
3.816260576248169
-1.999999987845058e-08
13.079446792602539
9.599878311157227
4.498804092407227
1.999999987845058e-08
16.967878341674805
13.410188674926758
5.078437805175781
-1.999999987845058e-08
17.392318725585938
14.54049015045166
2.894066095352173
1.999999987845058e-08
15.095870018005371
11.106493949890137
0.2776595652103424
-1.999999987845058e-08
14.984695434570312
9.669602394104004
2.8066699504852295
1.999999987845058e-08
18.23078727722168
14.322230339050293
9.047752380371094
-1.999999987845058e-08
19.149612426757812
16.248065948486328
10.359399795532227
1.999999987845058e-08
13.882237434387207
6.896777629852295
3.715907096862793
-1.999999987845058e-08
7.188968181610107
-5.0839762687683105
-3.2124061584472656
1.999999987845058e-08
5.759458065032959
-6.242804050445557
-3.266239643096924
-1.999999987845058e-08
8.000077247619629
-0.9424383640289307
-0.12065177410840988
1.999999987845058e-08
7.697911739349365
-2.206455707550049
-0.9832885265350342
-1.999999987845058e-08
5.262153625488281
-7.220635414123535
-3.8016304969787598
1.999999987845058e-08
5.447446823120117
-4.942651271820068
-2.562445878982544
-1.999999987845058e-08
6.947364330291748
0.024745915085077286
-0.30264607071876526
1.999999987845058e-08
5.006807327270508
-4.524597644805908
-3.3708651065826416
-1.999999987845058e-08
1.411476492881775
-14.651806831359863
-7.887719631195068
1.999999987845058e-08
1.367516279220581
-17.589563369750977
-6.029880523681641
-1.999999987845058e-08
3.4498534202575684
-14.887869834899902
-1.131653070449829
1.999999987845058e-08
2.842984676361084
-16.76116371154785
-2.3466804027557373
-1.999999987845058e-08
0.969833493232727
-21.540754318237305
-8.670066833496094
1.999999987845058e-08
0.9698334336280823
-21.540754318237305
-8.670066833496094
-1.999999987845058e-08
3.3696608543395996
-19.369384765625
-10.703685760498047
1.999999987845058e-08
10.857622146606445
-9.45259952545166
-4.5044989585876465
-1.999999987845058e-08
17.665254592895508
-1.1950987577438354
4.381308555603027
1.999999987845058e-08
17.778648376464844
-2.2963614463806152
8.652355194091797
-1.999999987845058e-08
11.745434761047363
-11.032416343688965
7.517573356628418
1.999999987845058e-08
5.242844104766846
-20.015104293823242
5.570804595947266
-1.999999987845058e-08
1.8088222742080688
-25.322803497314453
4.79624605178833
1.999999987845058e-08
0.39779046177864075
-28.075971603393555
2.973538637161255
-1.999999987845058e-08
-2.032747983932495
-29.785432815551758
-1.219555377960205
1.999999987845058e-08
-7.666236400604248
-31.4809627532959
-6.8527302742004395
-1.999999987845058e-08
-14.435943603515625
-33.89027404785156
-12.003899574279785
1.999999987845058e-08
-16.27677345275879
-35.23169708251953
-13.619950294494629
-1.999999987845058e-08
-10.4081449508667
-32.5092887878418
-9.858469009399414
1.999999987845058e-08
-1.419535517692566
-25.927814483642578
-3.0554122924804688
-1.999999987845058e-08
4.589114665985107
-19.48044204711914
2.413055896759033
1.999999987845058e-08
5.878624439239502
-16.912561416625977
4.238153457641602
-1.999999987845058e-08
4.478893280029297
-17.965606689453125
3.7827510833740234
1.999999987845058e-08
2.8184266090393066
-19.64032745361328
3.9389145374298096
-1.999999987845058e-08
1.0713251829147339
-20.514379501342773
5.216217041015625
1.999999987845058e-08
-5.033822059631348
-24.94212532043457
6.784121036529541
-1.999999987845058e-08
-9.016573905944824
-31.270606994628906
4.588886260986328
1.999999987845058e-08
-13.982487678527832
-38.07962417602539
-1.509711503982544
-1.999999987845058e-08
-18.171268463134766
-40.1180534362793
-8.455236434936523
1.999999987845058e-08
-19.510622024536133
-37.02288055419922
-12.343855857849121
-1.999999987845058e-08
-19.14366912841797
-34.86699676513672
-13.6075439453125
1.999999987845058e-08
-18.960046768188477
-35.64145278930664
-14.127058029174805
-1.999999987845058e-08
-18.427080154418945
-33.87929153442383
-13.386954307556152
1.999999987845058e-08
-17.254562377929688
-28.24333381652832
-11.321621894836426
-1.999999987845058e-08
-16.82172966003418
-25.05318832397461
-9.81121826171875
1.999999987845058e-08
-16.82172966003418
-25.05318832397461
-9.81121826171875
-1.999999987845058e-08
-16.05062484741211
-26.467166900634766
-8.089556694030762
1.999999987845058e-08
-11.742743492126465
-27.329309463500977
-3.0777041912078857
-1.999999987845058e-08
-5.077462196350098
-26.05866050720215
3.8815410137176514
1.999999987845058e-08
-1.0769275426864624
-27.213293075561523
7.689116954803467
-1.999999987845058e-08
-0.8120838403701782
-31.340620040893555
7.140356063842773
1.999999987845058e-08
-0.7476010322570801
-32.38751220703125
5.339874267578125
-1.999999987845058e-08
-0.3186038136482239
-28.53202247619629
2.702566623687744
1.999999987845058e-08
-2.828612804412842
-26.52132225036621
-3.0435752868652344
-1.999999987845058e-08
-7.258612632751465
-30.507164001464844
-9.471384048461914
1.999999987845058e-08
-8.03806209564209
-35.049598693847656
-10.624710083007812
-1.999999987845058e-08
-4.825195789337158
-34.14216613769531
-6.473755836486816
1.999999987845058e-08
-3.6112003326416016
-30.158143997192383
-4.054398536682129
-1.999999987845058e-08
-7.290926456451416
-29.238309860229492
-7.9352264404296875
1.999999987845058e-08
-11.477846145629883
-31.46843719482422
-13.99608325958252
-1.999999987845058e-08
-10.636048316955566
-30.748815536499023
-15.492856979370117
1.999999987845058e-08
-5.918713569641113
-25.5308780670166
-12.999345779418945
-1.999999987845058e-08
-3.746657609939575
-22.146129608154297
-12.535386085510254
1.999999987845058e-08
-5.9366302490234375
-22.23844337463379
-14.172162055969238
-1.999999987845058e-08
-6.380385398864746
-18.032611846923828
-11.109071731567383
1.999999987845058e-08
-1.0810433626174927
-8.410931587219238
-3.0710437297821045
-1.999999987845058e-08
4.676405429840088
-4.558475017547607
0.7070098519325256
1.999999987845058e-08
5.294981002807617
-10.104711532592773
-2.367335557937622
-1.999999987845058e-08
3.040820360183716
-14.167530059814453
-3.972200393676758
1.999999987845058e-08
1.1487256288528442
-11.554278373718262
-1.3574575185775757
-1.999999987845058e-08
-0.8432011604309082
-9.187108993530273
-0.4684107303619385
1.999999987845058e-08
-1.4423630237579346
-8.632349967956543
-1.6278685331344604
-1.999999987845058e-08
1.8803646564483643
-3.8112854957580566
0.9386117458343506
1.999999987845058e-08
5.810827732086182
2.3414053916931152
6.512220859527588
-1.999999987845058e-08
4.813564300537109
-0.007209151051938534
8.229602813720703
1.999999987845058e-08
-1.4423630237579346
-8.632349967956543
-1.6278685331344604
-1.999999987845058e-08
1.8803646564483643
-3.8112854957580566
0.9386117458343506
1.999999987845058e-08
5.810827732086182
2.3414053916931152
6.512220859527588
-1.999999987845058e-08
4.813564300537109
-0.007209151051938534
8.229602813720703
1.999999987845058e-08
-0.37202557921409607
-8.970904350280762
4.329854488372803
-1.999999987845058e-08
-4.361380577087402
-12.887320518493652
-0.23755675554275513
1.999999987845058e-08
-4.2556538581848145
-8.598963737487793
-1.5654817819595337
-1.999999987845058e-08
-1.0780291557312012
-3.4184112548828125
0.06874510645866394
1.999999987845058e-08
3.1061384677886963
-2.3443262577056885
3.129922389984131
-1.999999987845058e-08
6.369838237762451
-3.211693048477173
6.213576316833496
1.999999987845058e-08
-1.038231372833252
-2.2263948917388916
-2.9714207649230957
-1.999999987845058e-08
-1.5665230751037598
0.7651538848876953
-3.6666650772094727
1.999999987845058e-08
1.1247241497039795
5.171426296234131
-3.64328670501709
-1.999999987845058e-08
5.516663551330566
12.262587547302246
-0.625352680683136
1.999999987845058e-08
9.373320579528809
20.465913772583008
4.233593463897705
-1.999999987845058e-08
9.601523399353027
24.227195739746094
5.62514066696167
1.999999987845058e-08
4.391602993011475
19.49932861328125
0.3089698553085327
-1.999999987845058e-08
-1.595650315284729
12.273431777954102
-6.1531853675842285
1.999999987845058e-08
-1.2574831247329712
12.770827293395996
-5.782773971557617
-1.999999987845058e-08
4.259929656982422
18.847200393676758
-0.4582829773426056
1.999999987845058e-08
5.18949031829834
7.961049556732178
-2.802690029144287
-1.999999987845058e-08
2.9727747440338135
2.3679065704345703
-5.610904693603516
1.999999987845058e-08
2.3501899242401123
6.901973247528076
-4.704273223876953
-1.999999987845058e-08
0.3092678487300873
10.494304656982422
-4.025139331817627
1.999999987845058e-08
-3.151773691177368
6.2910919189453125
-4.508274078369141
-1.999999987845058e-08
-4.592800140380859
3.237412691116333
-3.1568803787231445
1.999999987845058e-08
-5.100667476654053
6.102666854858398
-2.4681265354156494
-1.999999987845058e-08
-8.786361694335938
4.869045257568359
-8.159379959106445
1.999999987845058e-08
-12.77878189086914
-3.992366075515747
-16.12246322631836
-1.999999987845058e-08
-8.543716430664062
-5.775691032409668
-14.088468551635742
1.999999987845058e-08
-8.786361694335938
4.869045257568359
-8.159379959106445
-1.999999987845058e-08
-12.77878189086914
-3.992366075515747
-16.12246322631836
1.999999987845058e-08
-8.543716430664062
-5.775691032409668
-14.088469505310059
-1.999999987845058e-08
4.327569007873535
8.681111335754395
-0.26640015840530396
1.999999987845058e-08
14.071557998657227
24.405160903930664
10.85651683807373
-1.999999987845058e-08
12.141202926635742
24.396461486816406
8.5468111038208
1.999999987845058e-08
5.189422130584717
15.68237018585205
1.0082100629806519
-1.999999987845058e-08
4.695703506469727
15.69318675994873
2.1745684146881104
1.999999987845058e-08
11.804577827453613
25.348562240600586
12.69581127166748
-1.999999987845058e-08
19.245901107788086
32.39249038696289
22.6153564453125
1.999999987845058e-08
19.245901107788086
32.39249038696289
22.6153564453125
-1.999999987845058e-08
22.61655044555664
33.006858825683594
26.856138229370117
1.999999987845058e-08
23.228374481201172
34.67505645751953
28.84553337097168
-1.999999987845058e-08
22.677005767822266
40.271366119384766
30.97097396850586
1.999999987845058e-08
19.980199813842773
42.5665283203125
29.802209854125977
-1.999999987845058e-08
13.722092628479004
35.96051788330078
22.12212562561035
1.999999987845058e-08
4.379696369171143
24.223751068115234
10.64983081817627
-1.999999987845058e-08
-6.666359901428223
12.957988739013672
-0.28622764348983765
1.999999987845058e-08
-18.67157745361328
1.3978500366210938
-10.904863357543945
-1.999999987845058e-08
-29.29376792907715
-11.659156799316406
-21.456817626953125
1.999999987845058e-08
-26.96761703491211
-12.971259117126465
-19.847618103027344
-1.999999987845058e-08
-15.716261863708496
3.3215646743774414
-6.697527885437012
1.999999987845058e-08
-7.880764961242676
16.508975982666016
3.168760061264038
-1.999999987845058e-08
-4.838613986968994
20.58486557006836
6.311543941497803
1.999999987845058e-08
-1.788802981376648
20.694904327392578
7.3953022956848145
-1.999999987845058e-08
2.5501492023468018
21.963123321533203
9.485676765441895
1.999999987845058e-08
5.055230140686035
23.296689987182617
10.358743667602539
-1.999999987845058e-08
4.77940034866333
21.53879165649414
8.684696197509766
1.999999987845058e-08
5.220931529998779
18.02559471130371
8.339179039001465
-1.999999987845058e-08
10.096603393554688
19.71131134033203
13.932612419128418
1.999999987845058e-08
16.941776275634766
28.637672424316406
22.81644058227539
-1.999999987845058e-08
16.91693878173828
32.685184478759766
25.137332916259766
1.999999987845058e-08
6.406044960021973
21.07737159729004
16.09992218017578
-1.999999987845058e-08
-4.615902423858643
5.413395404815674
4.691415786743164
1.999999987845058e-08
-4.832082271575928
4.77401065826416
2.1241161823272705
-1.999999987845058e-08
2.4396274089813232
15.540629386901855
5.6782002449035645
1.999999987845058e-08
5.22604513168335
18.808246612548828
4.910318374633789
-1.999999987845058e-08
0.51910001039505
12.012648582458496
-0.2338942438364029
1.999999987845058e-08
-3.754014492034912
9.757761001586914
-0.30202290415763855
-1.999999987845058e-08
-3.2486815452575684
15.151530265808105
6.120090007781982
1.999999987845058e-08
-3.2486815452575684
15.151530265808105
6.120090007781982
-1.999999987845058e-08
-2.114230155944824
15.264050483703613
10.275394439697266
1.999999987845058e-08
-0.8950363397598267
8.092474937438965
10.236682891845703
-1.999999987845058e-08
5.439733505249023
7.21915864944458
13.051811218261719
1.999999987845058e-08
14.07382583618164
14.881793975830078
18.100521087646484
-1.999999987845058e-08
16.032073974609375
17.34176254272461
17.228618621826172
1.999999987845058e-08
12.762537002563477
11.088789939880371
12.33362102508545
-1.999999987845058e-08
14.980917930603027
9.609938621520996
14.722475051879883
1.999999987845058e-08
24.725215911865234
19.415950775146484
25.632352828979492
-1.999999987845058e-08
30.939287185668945
27.708051681518555
31.928939819335938
1.999999987845058e-08
12.905776023864746
9.771098136901855
12.225507736206055
-1.999999987845058e-08
7.172285079956055
8.670458793640137
7.5610809326171875
1.999999987845058e-08
8.03890609741211
17.749370574951172
10.137022972106934
-1.999999987845058e-08
5.238445281982422
19.956710815429688
9.301776885986328
1.999999987845058e-08
-3.339068651199341
11.230531692504883
3.157761812210083
-1.999999987845058e-08
-7.78845739364624
6.570728778839111
0.6493821144104004
1.999999987845058e-08
-2.5812807083129883
13.301830291748047
5.017777442932129
-1.999999987845058e-08
5.970559120178223
21.031156539916992
9.249316215515137
1.999999987845058e-08
10.695677757263184
22.496925354003906
9.27111530303955
-1.999999987845058e-08
11.345178604125977
22.97846031188965
8.677051544189453
1.999999987845058e-08
6.400848388671875
24.14153289794922
6.653275966644287
-1.999999987845058e-08
2.2944650650024414
18.55535888671875
0.5887818336486816
1.999999987845058e-08
0.6281831860542297
14.56326961517334
-3.7177891731262207
-1.999999987845058e-08
1.7744734287261963
14.199932098388672
-3.5109119415283203
1.999999987845058e-08
3.1117289066314697
13.128774642944336
-1.8792448043823242
-1.999999987845058e-08
3.2353060245513916
8.600658416748047
-1.0086857080459595
1.999999987845058e-08
2.3579204082489014
2.1102466583251953
-0.32262471318244934
-1.999999987845058e-08
1.0186381340026855
-3.1391217708587646
0.5619240999221802
1.999999987845058e-08
0.3170345723628998
-3.799923896789551
1.9097424745559692
-1.999999987845058e-08
0.24573421478271484
-0.0008012573816813529
3.189567804336548
1.999999987845058e-08
0.24573417007923126
-0.0008012973121367395
3.189567804336548
-1.999999987845058e-08
-1.3449516296386719
2.2602789402008057
1.6224151849746704
1.999999987845058e-08
-4.368742942810059
-0.30020347237586975
-2.9630961418151855
-1.999999987845058e-08
-4.44366979598999
-0.7253180146217346
-4.594160079956055
1.999999987845058e-08
-1.0055441856384277
5.386592864990234
-1.012184977531433
-1.999999987845058e-08
-1.4343544244766235
8.456995964050293
-0.4943101108074188
1.999999987845058e-08
-8.677599906921387
1.851165771484375
-7.394915580749512
-1.999999987845058e-08
-13.482958793640137
-3.7100884914398193
-11.712067604064941
1.999999987845058e-08
-8.171865463256836
1.6464170217514038
-5.391848087310791
-1.999999987845058e-08
1.571094036102295
9.574522972106934
3.8939898014068604
1.999999987845058e-08
-2.940199136734009
-6.530235767364502
-5.7707037925720215
-1.999999987845058e-08
-6.339511394500732
-4.41012716293335
-8.410138130187988
1.999999987845058e-08
-9.202741622924805
-4.373570442199707
-10.374463081359863
-1.999999987845058e-08
-11.085832595825195
-9.003657341003418
-9.706070899963379
1.999999987845058e-08
-9.541175842285156
-10.14426040649414
-3.5856053829193115
-1.999999987845058e-08
-6.7016096115112305
-5.349101543426514
2.5541903972625732
1.999999987845058e-08
-7.476360321044922
-3.8862853050231934
0.5451483130455017
-1.999999987845058e-08
-10.722365379333496
-9.654669761657715
-7.09449577331543
1.999999987845058e-08
-9.558578491210938
-12.384686470031738
-9.842790603637695
-1.999999987845058e-08
-2.121770143508911
-5.547542572021484
-4.931199073791504
1.999999987845058e-08
-9.541175842285156
-10.14426040649414
-3.5856053829193115
-1.999999987845058e-08
-6.7016096115112305
-5.349101543426514
2.5541903972625732
1.999999987845058e-08
-7.476360321044922
-3.8862853050231934
0.5451483130455017
-1.999999987845058e-08
-10.722365379333496
-9.654669761657715
-7.09449577331543
1.999999987845058e-08
-9.558578491210938
-12.384686470031738
-9.842790603637695
-1.999999987845058e-08
-2.121770143508911
-5.547542572021484
-4.931199073791504
1.999999987845058e-08
