0
-3.4804470539093018
-15.2105073928833
-11.132933616638184
1.999999987845058e-08
-0.599977433681488
-8.585213661193848
-9.76087760925293
-1.999999987845058e-08
2.028348207473755
-2.112025737762451
-5.990255355834961
1.999999987845058e-08
2.0362374782562256
0.3947019577026367
-2.4921329021453857
-1.999999987845058e-08
-0.27569133043289185
-1.0844489336013794
-0.37658461928367615
1.999999987845058e-08
-1.9903435707092285
-3.3612406253814697
0.6850271224975586
-1.999999987845058e-08
-2.074331045150757
-5.8106794357299805
-0.3396373689174652
1.999999987845058e-08
-1.6803032159805298
-8.933472633361816
-2.8638460636138916
-1.999999987845058e-08
-1.875732421875
-10.714337348937988
-3.684329032897949
1.999999987845058e-08
-3.8449361324310303
-6.585052013397217
0.002751532942056656
-1.999999987845058e-08
-1.874122977256775
-1.4538973569869995
1.6415457725524902
1.999999987845058e-08
2.2199718952178955
3.999953269958496
3.182072162628174
-1.999999987845058e-08
4.117252349853516
5.047632694244385
3.233400344848633
1.999999987845058e-08
2.201831817626953
1.338060975074768
1.538116455078125
-1.999999987845058e-08
-0.2833820581436157
-2.0063114166259766
0.7532724142074585
1.999999987845058e-08
-1.6083117723464966
-3.6711814403533936
1.5757547616958618
-1.999999987845058e-08
-3.9339067935943604
-7.154940605163574
0.8816696405410767
1.999999987845058e-08
-7.556019306182861
-12.617347717285156
-2.4927759170532227
-1.999999987845058e-08
-9.222036361694336
-16.418365478515625
-5.858235836029053
1.999999987845058e-08
-1.9330081939697266
-14.350517272949219
-7.799220085144043
-1.999999987845058e-08
5.158551216125488
-8.212607383728027
-5.559918403625488
1.999999987845058e-08
11.842377662658691
-0.7231705188751221
-1.557482123374939
-1.999999987845058e-08
14.221768379211426
2.692458152770996
0.5496827363967896
1.999999987845058e-08
11.592507362365723
0.3358583152294159
-0.737518310546875
-1.999999987845058e-08
7.43972635269165
-4.19121789932251
-3.0471463203430176
1.999999987845058e-08
3.5595507621765137
-8.70050048828125
-5.111222267150879
-1.999999987845058e-08
-1.0860837697982788
-13.010421752929688
-7.549158573150635
1.999999987845058e-08
-5.486605167388916
-14.750932693481445
-8.895625114440918
-1.999999987845058e-08
-7.140417098999023
-12.770257949829102
-7.127224445343018
1.999999987845058e-08
3.5595507621765137
-8.70050048828125
-5.111222267150879
-1.999999987845058e-08
-1.0860837697982788
-13.010421752929688
-7.549158573150635
1.999999987845058e-08
-5.486605167388916
-14.750932693481445
-8.895625114440918
-1.999999987845058e-08
-7.140417098999023
-12.770257949829102
-7.127224445343018
1.999999987845058e-08
-6.341868877410889
-10.647745132446289
-3.8094823360443115
-1.999999987845058e-08
-4.102704048156738
-10.200530052185059
-1.366062879562378
1.999999987845058e-08
1.1779155731201172
-8.578292846679688
1.2818889617919922
-1.999999987845058e-08
9.714597702026367
-5.552619934082031
6.259726524353027
1.999999987845058e-08
17.244140625
-4.049532413482666
12.632494926452637
-1.999999987845058e-08
19.957595825195312
-3.4057583808898926
17.550762176513672
1.999999987845058e-08
6.942039489746094
-1.6768285036087036
6.467922210693359
-1.999999987845058e-08
3.5924596786499023
-3.7299160957336426
1.5230580568313599
1.999999987845058e-08
2.0914859771728516
-4.414006233215332
2.2394187450408936
-1.999999987845058e-08
-0.9120109677314758
-5.390822410583496
4.187258243560791
1.999999987845058e-08
-4.996913433074951
-7.163715839385986
3.2616591453552246
-1.999999987845058e-08
-7.03151798248291
-8.825138092041016
0.054945770651102066
1.999999987845058e-08
-6.12596321105957
-10.547046661376953
-2.6570708751678467
-1.999999987845058e-08
-2.9724252223968506
-11.363261222839355
-2.272571563720703
1.999999987845058e-08
1.207045078277588
-9.719597816467285
1.056074857711792
-1.999999987845058e-08
4.1468400955200195
-6.920481204986572
3.5812325477600098
1.999999987845058e-08
-5.997384071350098
-11.435789108276367
-8.000030517578125
-1.999999987845058e-08
-10.430145263671875
-15.307398796081543
-9.066984176635742
1.999999987845058e-08
-13.617401123046875
-17.744705200195312
-8.71124267578125
-1.999999987845058e-08
-16.924915313720703
-18.854755401611328
-9.138395309448242
1.999999987845058e-08
-20.238372802734375
-19.058147430419922
-10.78091049194336
-1.999999987845058e-08
-22.60907745361328
-18.756507873535156
-13.494446754455566
1.999999987845058e-08
-22.72351837158203
-17.27376365661621
-15.222538948059082
-1.999999987845058e-08
-19.91341781616211
-13.550402641296387
-13.81341552734375
1.999999987845058e-08
-16.203075408935547
-9.291825294494629
-11.426806449890137
-1.999999987845058e-08
-13.770465850830078
-7.145583152770996
-10.831952095031738
1.999999987845058e-08
-19.91341781616211
-13.550402641296387
-13.81341552734375
-1.999999987845058e-08
-16.203075408935547
-9.291825294494629
-11.426806449890137
1.999999987845058e-08
-13.770465850830078
-7.145583152770996
-10.831952095031738
-1.999999987845058e-08
-11.571093559265137
-6.527099132537842
-10.250166893005371
1.999999987845058e-08
-8.22518539428711
-5.579836368560791
-7.402194499969482
-1.999999987845058e-08
-5.84876823425293
-4.950334072113037
-4.089365005493164
1.999999987845058e-08
-7.625798225402832
-6.088833808898926
-3.3468356132507324
-1.999999987845058e-08
-13.406131744384766
-8.52856159210205
-5.9115986824035645
1.999999987845058e-08
-20.035320281982422
-11.481362342834473
-10.992094993591309
-1.999999987845058e-08
-23.98479461669922
-14.328719139099121
-16.594219207763672
1.999999987845058e-08
-23.340892791748047
-15.196617126464844
-19.114330291748047
-1.999999987845058e-08
-19.38948631286621
-13.811668395996094
-17.002059936523438
1.999999987845058e-08
-14.41416072845459
-12.361186027526855
-12.983619689941406
-1.999999987845058e-08
-8.26511287689209
-10.725162506103516
-9.81157398223877
1.999999987845058e-08
-0.5844874978065491
-7.150032043457031
-7.201767444610596
-1.999999987845058e-08
6.4311747550964355
-2.6968910694122314
-4.102046489715576
1.999999987845058e-08
10.350410461425781
0.9380319714546204
-0.8568488359451294
-1.999999987845058e-08
9.726618766784668
3.271010637283325
0.8033348321914673
1.999999987845058e-08
3.0290627479553223
1.7121000289916992
-1.4921035766601562
-1.999999987845058e-08
-8.396829605102539
-6.206015110015869
-7.78247594833374
1.999999987845058e-08
-8.396829605102539
-6.206015586853027
-7.78247594833374
-1.999999987845058e-08
-17.93685531616211
-16.589008331298828
-13.467567443847656
1.999999987845058e-08
-19.94838523864746
-22.26156234741211
-13.918600082397461
-1.999999987845058e-08
-16.085010528564453
-21.022933959960938
-10.044727325439453
1.999999987845058e-08
-11.492680549621582
-15.881170272827148
-5.788264751434326
-1.999999987845058e-08
-8.798042297363281
-10.492721557617188
-3.4623653888702393
1.999999987845058e-08
-8.048130989074707
-7.4046196937561035
-3.4007654190063477
-1.999999987845058e-08
-8.27100944519043
-6.513930797576904
-4.830789089202881
1.999999987845058e-08
-8.127359390258789
-4.642002582550049
-6.7565741539001465
-1.999999987845058e-08
-7.09566593170166
0.08313244581222534
-8.34426212310791
1.999999987845058e-08
-4.914825439453125
8.483652114868164
-4.054808139801025
-1.999999987845058e-08
-2.6669843196868896
10.805648803710938
3.287501573562622
1.999999987845058e-08
3.1669020652770996
14.968290328979492
12.000579833984375
-1.999999987845058e-08
10.01356029510498
18.985450744628906
17.870988845825195
1.999999987845058e-08
10.519404411315918
17.963661193847656
16.48629379272461
-1.999999987845058e-08
2.8606297969818115
12.213235855102539
8.641231536865234
1.999999987845058e-08
-5.619638442993164
7.058618068695068
0.03163371607661247
-1.999999987845058e-08
-8.647953033447266
5.097171306610107
-5.252167701721191
1.999999987845058e-08
-6.779819011688232
5.283967018127441
-6.43044900894165
-1.999999987845058e-08
-2.862861394882202
7.041776180267334
-4.04611349105835
1.999999987845058e-08
-0.4064911901950836
10.689017295837402
-0.6049109697341919
-1.999999987845058e-08
-5.306068420410156
8.84154987335205
-3.3413889408111572
1.999999987845058e-08
-10.725667953491211
6.000096797943115
-5.807624340057373
-1.999999987845058e-08
-13.63454532623291
4.350290775299072
-6.647124767303467
1.999999987845058e-08
-14.690214157104492
4.144842147827148
-6.5500946044921875
-1.999999987845058e-08
-14.97285270690918
5.506209850311279
-5.356022357940674
1.999999987845058e-08
-13.567886352539062
9.203035354614258
-2.7368552684783936
-1.999999987845058e-08
-10.333666801452637
14.971555709838867
0.01746835559606552
1.999999987845058e-08
-7.457376003265381
20.954265594482422
0.6495041847229004
-1.999999987845058e-08
-6.68804931640625
24.231897354125977
-2.0169427394866943
1.999999987845058e-08
-7.2321696281433105
22.5985107421875
-6.33921480178833
-1.999999987845058e-08
-6.652096271514893
18.14161491394043
-8.007859230041504
1.999999987845058e-08
-3.083771228790283
16.558252334594727
-3.6702754497528076
-1.999999987845058e-08
2.3402395248413086
20.107410430908203
4.146352291107178
1.999999987845058e-08
5.460171222686768
24.502676010131836
8.225605964660645
-1.999999987845058e-08
3.1738016605377197
24.675662994384766
4.927515506744385
1.999999987845058e-08
-3.0544369220733643
20.19809341430664
-2.016578435897827
-1.999999987845058e-08
-8.228870391845703
14.881736755371094
-6.844287395477295
1.999999987845058e-08
-8.08287239074707
13.263447761535645
-7.171704292297363
-1.999999987845058e-08
-3.22430419921875
16.156450271606445
-4.37471342086792
1.999999987845058e-08
1.311673879623413
18.960308074951172
-2.0025579929351807
-1.999999987845058e-08
1.8370238542556763
17.224315643310547
-3.0374865531921387
1.999999987845058e-08
0.6110831499099731
13.8281831741333
-5.839873790740967
-1.999999987845058e-08
2.1967129707336426
14.848316192626953
-5.410267353057861
1.999999987845058e-08
6.260181903839111
19.473690032958984
-1.0056953430175781
-1.999999987845058e-08
8.71029281616211
22.52104377746582
2.629114866256714
1.999999987845058e-08
8.20888900756836
23.225051879882812
2.6310882568359375
-1.999999987845058e-08
6.13162088394165
23.05510711669922
0.4902540147304535
1.999999987845058e-08
2.9191455841064453
20.671735763549805
-2.1241719722747803
-1.999999987845058e-08
-0.12451733648777008
16.279043197631836
-3.8525846004486084
1.999999987845058e-08
6.465235233306885
18.661338806152344
3.5191023349761963
-1.999999987845058e-08
10.684455871582031
21.33315658569336
7.239894866943359
1.999999987845058e-08
9.952188491821289
18.534639358520508
5.711927890777588
-1.999999987845058e-08
7.520747661590576
14.278448104858398
2.174530506134033
1.999999987845058e-08
6.057732105255127
12.622861862182617
-0.3672142028808594
-1.999999987845058e-08
4.3210062980651855
12.521635055541992
-3.055954694747925
1.999999987845058e-08
2.1853277683258057
12.275409698486328
-5.282020568847656
-1.999999987845058e-08
1.7600386142730713
11.059542655944824
-3.3442177772521973
1.999999987845058e-08
4.191039562225342
8.980698585510254
3.6177420616149902
-1.999999987845058e-08
7.919815540313721
8.39444637298584
11.472709655761719
1.999999987845058e-08
1.7600386142730713
11.059541702270508
-3.3442180156707764
-1.999999987845058e-08
4.191039562225342
8.980698585510254
3.6177420616149902
1.999999987845058e-08
7.9198150634765625
8.39444637298584
11.472709655761719
-1.999999987845058e-08
9.120146751403809
10.303622245788574
14.49040412902832
1.999999987845058e-08
5.444526672363281
11.428214073181152
10.164462089538574
-1.999999987845058e-08
-0.569868266582489
9.336188316345215
1.9659043550491333
1.999999987845058e-08
-3.816950798034668
6.955209255218506
-3.6259613037109375
-1.999999987845058e-08
-1.9486411809921265
8.209724426269531
-3.5278351306915283
1.999999987845058e-08
2.4204609394073486
12.353758811950684
-0.3878692090511322
-1.999999987845058e-08
5.66723108291626
16.435287475585938
1.8027582168579102
1.999999987845058e-08
11.053658485412598
23.64608383178711
3.318480968475342
-1.999999987845058e-08
13.470540046691895
25.404855728149414
4.407486438751221
1.999999987845058e-08
11.461894035339355
23.208166122436523
3.3802382946014404
-1.999999987845058e-08
5.003855228424072
17.86225128173828
-0.943743884563446
1.999999987845058e-08
-1.3915143013000488
12.74116325378418
-5.7156147956848145
-1.999999987845058e-08
-4.180907249450684
10.605713844299316
-6.830610752105713
1.999999987845058e-08
-3.2374703884124756
11.428750038146973
-3.646878719329834
-1.999999987845058e-08
0.43632641434669495
13.126606941223145
1.2386945486068726
1.999999987845058e-08
5.090881824493408
14.177698135375977
5.025709629058838
-1.999999987845058e-08
7.940802097320557
15.051492691040039
5.859587669372559
1.999999987845058e-08
7.940802097320557
15.051492691040039
5.859587669372559
-1.999999987845058e-08
7.991455554962158
16.50765037536621
3.3885231018066406
1.999999987845058e-08
7.076132297515869
17.641103744506836
-0.32265058159828186
-1.999999987845058e-08
7.162344455718994
17.532817840576172
-1.815740942955017
1.999999987845058e-08
8.27110767364502
17.030969619750977
-0.4371093809604645
-1.999999987845058e-08
8.34617805480957
16.54022216796875
-0.18728645145893097
1.999999987845058e-08
5.556129455566406
14.864530563354492
-3.828671932220459
-1.999999987845058e-08
0.9730103015899658
11.635931015014648
-8.315167427062988
1.999999987845058e-08
-2.468031167984009
7.871849060058594
-9.689446449279785
-1.999999987845058e-08
-2.907310962677002
4.594261169433594
-7.785414218902588
1.999999987845058e-08
6.893455982208252
7.596706390380859
2.4734785556793213
-1.999999987845058e-08
10.341541290283203
10.70257568359375
3.237788677215576
1.999999987845058e-08
10.331901550292969
12.069007873535156
0.529521107673645
-1.999999987845058e-08
5.328709125518799
11.39669418334961
-6.697108268737793
1.999999987845058e-08
-1.9714405536651611
9.676239013671875
-16.12144660949707
-1.999999987845058e-08
-7.63325309753418
8.363982200622559
-22.614778518676758
1.999999987845058e-08
-11.328202247619629
6.781778335571289
-23.43500518798828
-1.999999987845058e-08
-14.813002586364746
2.9783480167388916
-20.206676483154297
1.999999987845058e-08
-17.787757873535156
-1.8426862955093384
-16.27006721496582
-1.999999987845058e-08
-18.12703514099121
-3.309644937515259
-13.51076602935791
1.999999987845058e-08
-9.327282905578613
5.735297203063965
-7.485816478729248
-1.999999987845058e-08
-3.921036958694458
10.696466445922852
-3.307260513305664
1.999999987845058e-08
0.4164928197860718
15.467143058776855
0.040418244898319244
-1.999999987845058e-08
4.08624267578125
19.885229110717773
2.369067430496216
1.999999987845058e-08
8.151368141174316
23.978252410888672
4.856034755706787
-1.999999987845058e-08
14.177454948425293
30.429244995117188
9.912684440612793
1.999999987845058e-08
21.94151496887207
39.96876907348633
18.599918365478516
-1.999999987845058e-08
27.64034080505371
47.44774627685547
26.900402069091797
1.999999987845058e-08
27.377147674560547
47.7048225402832
28.404335021972656
-1.999999987845058e-08
21.499866485595703
41.89436721801758
21.465543746948242
1.999999987845058e-08
27.64034080505371
47.44774627685547
26.900402069091797
-1.999999987845058e-08
27.377147674560547
47.7048225402832
28.404335021972656
1.999999987845058e-08
21.499866485595703
41.89436721801758
21.465543746948242
-1.999999987845058e-08
13.852753639221191
34.9481086730957
10.841341972351074
1.999999987845058e-08
7.9937896728515625
30.357097625732422
2.733146905899048
-1.999999987845058e-08
4.9053168296813965
28.961162567138672
-0.11246360093355179
1.999999987845058e-08
3.270735502243042
29.420536041259766
0.23805344104766846
-1.999999987845058e-08
1.604621410369873
29.456933975219727
-0.17264552414417267
1.999999987845058e-08
0.6385330557823181
29.29558563232422
-2.2107980251312256
-1.999999987845058e-08
2.515835762023926
31.81769561767578
-3.2617058753967285
1.999999987845058e-08
10.821249961853027
40.601802825927734
1.3386179208755493
-1.999999987845058e-08
10.613842010498047
39.56540298461914
2.6397175788879395
1.999999987845058e-08
11.113201141357422
38.435359954833984
4.020381450653076
-1.999999987845058e-08
11.496977806091309
35.891204833984375
5.028886795043945
1.999999987845058e-08
10.659929275512695
32.149662017822266
6.06782865524292
-1.999999987845058e-08
7.7165446281433105
28.462278366088867
6.790945529937744
1.999999987845058e-08
2.690753221511841
24.830158233642578
5.373077392578125
-1.999999987845058e-08
-1.739700436592102
22.03905487060547
2.0360910892486572
1.999999987845058e-08
-2.870025873184204
21.825456619262695
-0.38795679807662964
-1.999999987845058e-08
-1.6468349695205688
23.190305709838867
-0.543583333492279
1.999999987845058e-08
-0.6411231160163879
23.370845794677734
0.25671112537384033
-1.999999987845058e-08
-0.255493700504303
22.035924911499023
1.043262243270874
1.999999987845058e-08
1.1436378955841064
20.657676696777344
2.7662105560302734
-1.999999987845058e-08
4.799170970916748
20.093372344970703
6.6570305824279785
1.999999987845058e-08
9.804994583129883
20.88404655456543
12.566067695617676
-1.999999987845058e-08
12.950453758239746
22.28969383239746
18.252914428710938
1.999999987845058e-08
11.360458374023438
20.62601089477539
19.800159454345703
-1.999999987845058e-08
5.992882251739502
13.309324264526367
15.260784149169922
1.999999987845058e-08
0.0756545215845108
2.816913366317749
7.541017055511475
-1.999999987845058e-08
-5.43416690826416
-7.799561500549316
0.9916655421257019
1.999999987845058e-08
-10.809496879577637
-18.42447280883789
-2.8193459510803223
-1.999999987845058e-08
-13.480061531066895
-27.400646209716797
-3.5547709465026855
1.999999987845058e-08
-9.845606803894043
-30.961332321166992
-0.08781935274600983
-1.999999987845058e-08
-0.9394757747650146
-30.186359405517578
6.60441780090332
1.999999987845058e-08
6.79301118850708
-31.08454132080078
11.680139541625977
-1.999999987845058e-08
7.691891193389893
-35.94298553466797
11.14134693145752
1.999999987845058e-08
2.4642484188079834
-41.85037612915039
6.5760698318481445
-1.999999987845058e-08
-4.268170356750488
-47.71064758300781
2.5996367931365967
1.999999987845058e-08
-9.297290802001953
-54.38093185424805
1.678771734237671
-1.999999987845058e-08
-11.31276798248291
-59.83327102661133
3.5236754417419434
1.999999987845058e-08
-11.31276798248291
-59.83327102661133
3.5236754417419434
-1.999999987845058e-08
-10.364418029785156
-62.61787033081055
6.017934799194336
1.999999987845058e-08
-8.576910018920898
-65.92945861816406
6.231659412384033
-1.999999987845058e-08
-7.3128581047058105
-70.92022705078125
5.051976203918457
1.999999987845058e-08
-5.273006439208984
-72.85508728027344
7.067185401916504
-1.999999987845058e-08
-2.6788816452026367
-70.4215316772461
11.913153648376465
1.999999987845058e-08
-2.1901018619537354
-69.61553192138672
13.62877368927002
-1.999999987845058e-08
-4.042072296142578
-73.20135498046875
10.125724792480469
1.999999987845058e-08
-6.281166076660156
-77.15614318847656
4.596858501434326
-1.999999987845058e-08
-8.39737319946289
-79.55905151367188
-0.5414916276931763
1.999999987845058e-08
-10.528068542480469
-85.63105010986328
-4.234123229980469
-1.999999987845058e-08
-10.553056716918945
-87.50863647460938
-2.2319459915161133
1.999999987845058e-08
-13.169868469238281
-89.19874572753906
-2.2051374912261963
-1.999999987845058e-08
-17.903512954711914
-92.58036041259766
-5.531707286834717
1.999999987845058e-08
-20.28477668762207
-96.67194366455078
-8.809088706970215
-1.999999987845058e-08
-18.07330322265625
-99.55997467041016
-9.322625160217285
1.999999987845058e-08
-13.497843742370605
-100.3409423828125
-7.98617696762085
-1.999999987845058e-08
-9.447102546691895
-98.79154968261719
-6.887164115905762
1.999999987845058e-08
-7.317240238189697
-96.76570892333984
-8.055257797241211
-1.999999987845058e-08
-6.867330551147461
-96.6215591430664
-12.155475616455078
1.999999987845058e-08
-6.383272171020508
-96.35711669921875
-16.130998611450195
-1.999999987845058e-08
-5.533985137939453
-92.71980285644531
-16.767972946166992
1.999999987845058e-08
-6.2160964012146
-87.79544830322266
-15.279797554016113
-1.999999987845058e-08
-8.144126892089844
-85.10370635986328
-13.841307640075684
1.999999987845058e-08
-8.18892765045166
-83.60235595703125
-11.770123481750488
-1.999999987845058e-08
-4.791461944580078
-81.2431640625
-7.428009986877441
1.999999987845058e-08
0.22383412718772888
-79.04261779785156
-1.1500977277755737
-1.999999987845058e-08
2.9552714824676514
-78.59575653076172
3.785658121109009
1.999999987845058e-08
1.088011384010315
-79.49031066894531
4.3044114112854
-1.999999987845058e-08
-2.3333044052124023
-79.3960952758789
1.851635456085205
1.999999987845058e-08
10.431015014648438
-58.10988998413086
6.729475021362305
-1.999999987845058e-08
11.021631240844727
-57.80317306518555
6.55923318862915
1.999999987845058e-08
5.523130416870117
-62.745750427246094
2.7395787239074707
-1.999999987845058e-08
-1.8331116437911987
-65.80681610107422
-1.7242612838745117
1.999999987845058e-08
-7.10545015335083
-66.27076721191406
-5.336542129516602
-1.999999987845058e-08
-9.306059837341309
-67.14918518066406
-7.744261264801025
1.999999987845058e-08
-9.061161994934082
-66.4709701538086
-7.555130958557129
-1.999999987845058e-08
-7.588367938995361
-61.922027587890625
-4.853430271148682
1.999999987845058e-08
-6.6448516845703125
-58.41010284423828
-3.0924770832061768
-1.999999987845058e-08
-6.528617858886719
-60.7801399230957
-4.084165096282959
1.999999987845058e-08
-6.528617858886719
-60.7801399230957
-4.084165096282959
-1.999999987845058e-08
-5.652456760406494
-64.63739013671875
-5.057185649871826
1.999999987845058e-08
-3.6883153915405273
-63.192298889160156
-4.4085235595703125
-1.999999987845058e-08
-1.8213438987731934
-56.814517974853516
-4.260964393615723
1.999999987845058e-08
-0.03597843274474144
-49.766578674316406
-4.875252723693848
-1.999999987845058e-08
2.004426956176758
-44.35639953613281
-3.756894588470459
1.999999987845058e-08
2.5782742500305176
-41.132774353027344
-1.6756870746612549
-1.999999987845058e-08
-0.004615607671439648
-39.629886627197266
-2.2568438053131104
1.999999987845058e-08
-3.8454673290252686
-38.465450286865234
-5.091135025024414
-1.999999987845058e-08
-5.257958889007568
-36.67655944824219
-6.1791815757751465
1.999999987845058e-08
-3.8454673290252686
-38.465450286865234
-5.091135025024414
-1.999999987845058e-08
-5.257958889007568
-36.67655944824219
-6.1791815757751465
1.999999987845058e-08
-3.4895615577697754
-33.79147720336914
-4.372122287750244
-1.999999987845058e-08
-0.2611391842365265
-28.67169952392578
-1.4852465391159058
1.999999987845058e-08
2.9171347618103027
-21.908267974853516
0.6485965847969055
-1.999999987845058e-08
3.78141450881958
-18.10099220275879
-0.1512254923582077
1.999999987845058e-08
0.8295257687568665
-19.28017234802246
-4.284235000610352
-1.999999987845058e-08
-3.0052528381347656
-20.021780014038086
-7.977049350738525
1.999999987845058e-08
-3.996002674102783
-16.676923751831055
-8.02740478515625
-1.999999987845058e-08
-3.2919020652770996
-13.716923713684082
-6.627634048461914
1.999999987845058e-08
-8.552790641784668
-18.055553436279297
-9.734197616577148
-1.999999987845058e-08
-9.436104774475098
-18.65176773071289
-8.694071769714355
1.999999987845058e-08
-12.177518844604492
-20.27916145324707
-10.561638832092285
-1.999999987845058e-08
-15.988896369934082
-21.073524475097656
-13.945231437683105
1.999999987845058e-08
-17.30440330505371
-18.224470138549805
-14.217930793762207
-1.999999987845058e-08
-14.999083518981934
-11.454569816589355
-11.520071029663086
1.999999987845058e-08
-9.920740127563477
-3.396843433380127
-9.09631061553955
-1.999999987845058e-08
-1.798830509185791
3.698111057281494
-6.367933750152588
1.999999987845058e-08
7.873936176300049
9.598756790161133
-1.0734784603118896
-1.999999987845058e-08
14.051728248596191
14.323235511779785
4.669755458831787
1.999999987845058e-08
7.446715354919434
14.25710391998291
2.5122179985046387
-1.999999987845058e-08
0.8299800157546997
10.451888084411621
-1.9928033351898193
1.999999987845058e-08
-1.4605093002319336
10.8118314743042
-1.8381130695343018
-1.999999987845058e-08
1.8032286167144775
16.898372650146484
2.4895541667938232
1.999999987845058e-08
5.635356426239014
23.28310203552246
4.581963539123535
-1.999999987845058e-08
5.302515506744385
25.26911735534668
1.46538245677948
1.999999987845058e-08
2.86800217628479
24.49859619140625
-2.097421407699585
-1.999999987845058e-08
2.202528238296509
24.28964614868164
-2.460893154144287
1.999999987845058e-08
2.538823366165161
25.334693908691406
-2.6159956455230713
-1.999999987845058e-08
1.8339730501174927
27.758045196533203
-4.726734161376953
1.999999987845058e-08
2.86800217628479
24.49859619140625
-2.097421407699585
-1.999999987845058e-08
2.202528238296509
24.28964614868164
-2.460893154144287
1.999999987845058e-08
2.538823366165161
25.334693908691406
-2.6159956455230713
-1.999999987845058e-08
1.8339730501174927
27.758045196533203
-4.726734161376953
1.999999987845058e-08
1.0068210363388062
31.570354461669922
-5.899895668029785
-1.999999987845058e-08
1.838320255279541
35.39985275268555
-3.758803606033325
1.999999987845058e-08
4.1304521560668945
37.93331527709961
0.1842191517353058
-1.999999987845058e-08
5.682661056518555
39.01344299316406
2.340474843978882
1.999999987845058e-08
4.332531452178955
39.04116439819336
-0.11590293794870377
-1.999999987845058e-08
-0.17281673848628998
38.16995620727539
-6.557069301605225
1.999999987845058e-08
-5.731785297393799
36.36699676513672
-12.89271068572998
-1.999999987845058e-08
-8.739803314208984
33.936500549316406
-15.405627250671387
1.999999987845058e-08
-7.592721939086914
30.827682495117188
-14.245436668395996
-1.999999987845058e-08
-4.035828113555908
27.761302947998047
-11.353877067565918
1.999999987845058e-08
0.7036252617835999
28.173423767089844
-7.075032711029053
-1.999999987845058e-08
6.074934959411621
34.202484130859375
-2.709887742996216
1.999999987845058e-08
9.11610221862793
42.2081413269043
-1.5424220561981201
-1.999999987845058e-08
7.8957438468933105
46.959590911865234
-3.0912320613861084
1.999999987845058e-08
5.606518745422363
47.65789031982422
-2.54783034324646
-1.999999987845058e-08
6.179426670074463
46.94252014160156
1.8961598873138428
1.999999987845058e-08
7.243100166320801
57.762020111083984
4.476551532745361
-1.999999987845058e-08
7.226290225982666
56.23793029785156
2.9530839920043945
1.999999987845058e-08
10.185714721679688
54.156715393066406
4.482204437255859
-1.999999987845058e-08
14.920672416687012
53.80393600463867
9.128129005432129
1.999999987845058e-08
18.897167205810547
56.57963562011719
14.40238094329834
-1.999999987845058e-08
19.548377990722656
60.34743881225586
15.94908618927002
1.999999987845058e-08
15.010176658630371
60.78770065307617
12.149206161499023
-1.999999987845058e-08
5.368671417236328
56.21417999267578
5.536192893981934
1.999999987845058e-08
-6.419456958770752
48.394649505615234
-1.481379747390747
-1.999999987845058e-08
-16.08539581298828
40.41276550292969
-8.170105934143066
1.999999987845058e-08
15.010176658630371
60.78770065307617
12.149206161499023
-1.999999987845058e-08
5.368671417236328
56.21417999267578
5.536192893981934
1.999999987845058e-08
-6.419456958770752
48.394649505615234
-1.481379747390747
-1.999999987845058e-08
-16.08539581298828
40.41276550292969
-8.170105934143066
1.999999987845058e-08
-20.327165603637695
36.413658142089844
-12.545197486877441
-1.999999987845058e-08
-17.909570693969727
39.4509162902832
-12.15159797668457
1.999999987845058e-08
-10.936273574829102
46.80814743041992
-8.528641700744629
-1.999999987845058e-08
-4.766857624053955
51.55773162841797
-6.663543224334717
1.999999987845058e-08
-2.777881145477295
51.54732894897461
-8.44971752166748
-1.999999987845058e-08
-2.260303258895874
51.350181579589844
-10.019769668579102
1.999999987845058e-08
0.39936381578445435
53.228755950927734
-7.833566665649414
-1.999999987845058e-08
4.083412170410156
54.783599853515625
-3.6635003089904785
1.999999987845058e-08
6.3806915283203125
55.81303787231445
-0.630977213382721
-1.999999987845058e-08
7.737459182739258
57.88111877441406
1.5463051795959473
1.999999987845058e-08
9.104695320129395
59.17548751831055
4.323863983154297
-1.999999987845058e-08
9.874163627624512
57.874629974365234
6.958199977874756
1.999999987845058e-08
10.16706657409668
56.715240478515625
7.897433280944824
-1.999999987845058e-08
11.876962661743164
58.4695930480957
7.777049541473389
1.999999987845058e-08
16.097246170043945
61.727882385253906
9.428956031799316
-1.999999987845058e-08
20.70762062072754
63.927677154541016
13.863127708435059
1.999999987845058e-08
6.904149532318115
47.745750427246094
0.248885840177536
-1.999999987845058e-08
10.836167335510254
48.844093322753906
2.597978115081787
1.999999987845058e-08
17.055871963500977
52.047096252441406
7.262299060821533
-1.999999987845058e-08
21.253002166748047
54.142398834228516
10.338976860046387
1.999999987845058e-08
19.8847713470459
52.69524383544922
10.395246505737305
-1.999999987845058e-08
13.239265441894531
47.12528610229492
7.666687488555908
1.999999987845058e-08
6.149948596954346
41.7093620300293
4.344056129455566
-1.999999987845058e-08
2.4538424015045166
41.52085494995117
2.381603956222534
1.999999987845058e-08
1.2064412832260132
43.993682861328125
1.0437650680541992
-1.999999987845058e-08
0.9002050757408142
43.07387924194336
0.03987690806388855
1.999999987845058e-08
0.9002050757408142
43.07387924194336
0.03987686708569527
-1.999999987845058e-08
2.2200472354888916
39.41923904418945
1.0708204507827759
1.999999987845058e-08
4.565991401672363
36.99721145629883
3.4525227546691895
-1.999999987845058e-08
5.803216457366943
34.9351806640625
3.957706928253174
1.999999987845058e-08
6.474815845489502
32.01890563964844
2.869706630706787
-1.999999987845058e-08
9.229374885559082
31.794918060302734
4.301361083984375
1.999999987845058e-08
13.788572311401367
35.52531051635742
8.926027297973633
-1.999999987845058e-08
17.059101104736328
38.7532844543457
12.73980712890625
1.999999987845058e-08
17.7394962310791
38.8451042175293
13.520540237426758
-1.999999987845058e-08
16.51654815673828
37.77648162841797
12.028715133666992
1.999999987845058e-08
16.51654815673828
37.77648162841797
12.028715133666992
-1.999999987845058e-08
12.962241172790527
36.48894119262695
8.161895751953125
1.999999987845058e-08
6.3795318603515625
33.44208526611328
1.9728147983551025
-1.999999987845058e-08
-0.7420425415039062
29.416067123413086
-2.9227988719940186
1.999999987845058e-08
-4.5803704261779785
26.921010971069336
-2.921710968017578
-1.999999987845058e-08
-5.2874650955200195
25.45795249938965
-0.2740272879600525
1.999999987845058e-08
-5.851449489593506
24.129196166992188
0.21187062561511993
-1.999999987845058e-08
-7.218990802764893
24.356204986572266
-2.0782151222229004
1.999999987845058e-08
-8.626444816589355
25.11876106262207
-4.301968097686768
-1.999999987845058e-08
-9.673194885253906
23.640169143676758
-3.989549398422241
1.999999987845058e-08
-9.673194885253906
23.640169143676758
-3.989549398422241
-1.999999987845058e-08
-9.83523941040039
21.417377471923828
-0.434303879737854
1.999999987845058e-08
-9.27401065826416
21.34893798828125
4.096800327301025
-1.999999987845058e-08
-9.981292724609375
21.89807891845703
5.423007488250732
1.999999987845058e-08
-13.553130149841309
19.194746017456055
2.081819772720337
-1.999999987845058e-08
-18.478803634643555
12.58676815032959
-2.8360440731048584
1.999999987845058e-08
-21.062551498413086
6.018407344818115
-5.391262054443359
-1.999999987845058e-08
-19.213769912719727
3.521091938018799
-4.738653659820557
1.999999987845058e-08
-14.386802673339844
5.23098087310791
-2.7301244735717773
-1.999999987845058e-08
-10.090510368347168
8.498065948486328
-1.7901408672332764
1.999999987845058e-08
-9.108168601989746
10.71533489227295
-3.1568357944488525
-1.999999987845058e-08
-10.948963165283203
11.416884422302246
-4.910261631011963
1.999999987845058e-08
-12.851327896118164
11.344058990478516
-4.095524787902832
-1.999999987845058e-08
-13.868833541870117
9.904656410217285
-1.5120528936386108
1.999999987845058e-08
-15.365367889404297
6.776240825653076
-0.7087115049362183
-1.999999987845058e-08
-17.603679656982422
4.3239336013793945
-2.7505390644073486
1.999999987845058e-08
-18.973613739013672
4.523177623748779
-5.073238372802734
-1.999999987845058e-08
-18.416536331176758
5.584327697753906
-5.324227809906006
1.999999987845058e-08
-15.963138580322266
5.462231636047363
-3.6689648628234863
-1.999999987845058e-08
-12.201759338378906
5.853881359100342
-1.6043003797531128
1.999999987845058e-08
-9.21133041381836
8.031299591064453
-0.9685136675834656
-1.999999987845058e-08
-8.722600936889648
9.408370971679688
-2.0864505767822266
1.999999987845058e-08
-9.1762113571167
8.212041854858398
-2.7802534103393555
-1.999999987845058e-08
-8.616320610046387
5.449319839477539
-2.55277681350708
1.999999987845058e-08
-8.053388595581055
1.7067790031433105
-4.245718002319336
-1.999999987845058e-08
-8.273420333862305
-1.8659056425094604
-8.109524726867676
1.999999987845058e-08
-7.344141483306885
-2.724607229232788
-9.535187721252441
-1.999999987845058e-08
-4.225831508636475
-1.213922142982483
-5.661069393157959
1.999999987845058e-08
-1.0702701807022095
-0.9634310007095337
0.3818913400173187
-1.999999987845058e-08
-0.6071118116378784
-4.270884990692139
3.2694194316864014
1.999999987845058e-08
-3.2831506729125977
-10.004456520080566
0.7813949584960938
-1.999999987845058e-08
-7.2526469230651855
-15.637700080871582
-5.164383411407471
1.999999987845058e-08
-10.627912521362305
-20.25350570678711
-11.507654190063477
-1.999999987845058e-08
-12.27194881439209
-23.621679306030273
-15.806131362915039
1.999999987845058e-08
-10.882526397705078
-24.182504653930664
-16.057613372802734
-1.999999987845058e-08
-5.573962211608887
-20.93667984008789
-11.903971672058105
1.999999987845058e-08
2.88262939453125
-14.503915786743164
-4.900314807891846
-1.999999987845058e-08
10.788848876953125
-7.483150005340576
1.5770316123962402
1.999999987845058e-08
12.539793968200684
-5.1767897605896
2.560800075531006
-1.999999987845058e-08
6.797059535980225
-10.031972885131836
-3.1637330055236816
1.999999987845058e-08
-6.83549690246582
-21.063947677612305
-13.48415470123291
-1.999999987845058e-08
-8.738873481750488
-21.45740509033203
-13.633368492126465
1.999999987845058e-08
-6.526772975921631
-18.86931037902832
-11.55490779876709
-1.999999987845058e-08
-0.8109733462333679
-13.480415344238281
-6.844947338104248
1.999999987845058e-08
5.341402530670166
-8.360689163208008
-1.0838991403579712
-1.999999987845058e-08
8.527814865112305
-7.925253391265869
1.9423085451126099
1.999999987845058e-08
7.3872389793396
-11.916701316833496
0.35265564918518066
-1.999999987845058e-08
4.003718852996826
-14.982714653015137
-3.4268150329589844
1.999999987845058e-08
2.8874523639678955
-14.004007339477539
-5.224271774291992
-1.999999987845058e-08
6.1909074783325195
-11.077049255371094
-3.2598178386688232
1.999999987845058e-08
6.190907001495361
-11.077049255371094
-3.2598178386688232
-1.999999987845058e-08
10.741486549377441
-8.880289077758789
0.7124379277229309
1.999999987845058e-08
12.058645248413086
-8.534273147583008
3.755380868911743
-1.999999987845058e-08
9.375175476074219
-10.643048286437988
4.225285053253174
1.999999987845058e-08
5.04832124710083
-14.231698989868164
2.557614326477051
-1.999999987845058e-08
1.7223553657531738
-16.931745529174805
0.4904094934463501
1.999999987845058e-08
0.5287646055221558
-18.550987243652344
-1.6040574312210083
-1.999999987845058e-08
1.4637242555618286
-20.290632247924805
-4.115782737731934
1.999999987845058e-08
5.155839443206787
-20.414348602294922
-4.480405807495117
-1.999999987845058e-08
10.776823043823242
-17.758955001831055
-1.100786805152893
1.999999987845058e-08
14.259895324707031
-15.974576950073242
1.7180105447769165
-1.999999987845058e-08
14.380836486816406
-13.791183471679688
2.6281538009643555
1.999999987845058e-08
15.718273162841797
-9.441023826599121
6.317270278930664
-1.999999987845058e-08
14.322683334350586
-8.706865310668945
8.208905220031738
1.999999987845058e-08
9.046653747558594
-12.846202850341797
5.765687942504883
-1.999999987845058e-08
3.519789695739746
-17.621971130371094
1.9028229713439941
1.999999987845058e-08
-0.18397948145866394
-21.190095901489258
-1.0478301048278809
-1.999999987845058e-08
-2.559051036834717
-23.691814422607422
-3.0408036708831787
1.999999987845058e-08
-2.9016027450561523
-23.137296676635742
-3.1568949222564697
-1.999999987845058e-08
-0.9172289371490479
-19.429567337036133
-1.3535116910934448
1.999999987845058e-08
1.2946364879608154
-15.859212875366211
-0.34889912605285645
-1.999999987845058e-08
2.9597275257110596
-13.101204872131348
-0.9778311252593994
1.999999987845058e-08
5.261430263519287
-10.591291427612305
-0.2567393183708191
-1.999999987845058e-08
7.428918838500977
-10.991508483886719
3.2905097007751465
1.999999987845058e-08
7.909442901611328
-14.403265953063965
7.666918754577637
-1.999999987845058e-08
7.622779846191406
-16.103389739990234
10.89232349395752
1.999999987845058e-08
7.541554927825928
-14.901738166809082
11.836886405944824
-1.999999987845058e-08
6.560417652130127
-14.15286636352539
9.629598617553711
1.999999987845058e-08
4.063518524169922
-14.762757301330566
5.009072780609131
-1.999999987845058e-08
0.9682982563972473
-15.345135688781738
0.11435726284980774
1.999999987845058e-08
-2.5694174766540527
-17.17987823486328
-4.023423671722412
-1.999999987845058e-08
-6.684203147888184
-21.950063705444336
-7.667781829833984
1.999999987845058e-08
-8.386748313903809
-25.82074737548828
-9.257585525512695
-1.999999987845058e-08
-4.084347248077393
-23.91033363342285
-6.36352014541626
1.999999987845058e-08
4.003390312194824
-18.68764877319336
-1.0002981424331665
-1.999999987845058e-08
9.830145835876465
-15.376608848571777
1.786826729774475
1.999999987845058e-08
10.558492660522461
-14.60387897491455
0.40665724873542786
-1.999999987845058e-08
7.5774335861206055
-15.238869667053223
-2.4530246257781982
1.999999987845058e-08
3.829885244369507
-16.54183006286621
-3.293440341949463
-1.999999987845058e-08
2.03808856010437
-16.696882247924805
-0.5019379258155823
1.999999987845058e-08
2.03808856010437
-16.696882247924805
-0.5019379258155823
-1.999999987845058e-08
2.7117252349853516
-15.294419288635254
4.307538032531738
1.999999987845058e-08
4.412046909332275
-13.671929359436035
8.097757339477539
-1.999999987845058e-08
5.981912136077881
-11.705622673034668
9.727702140808105
1.999999987845058e-08
6.048522472381592
-9.762358665466309
9.549490928649902
-1.999999987845058e-08
3.5028231143951416
-10.349128723144531
7.220198631286621
1.999999987845058e-08
1.3013216257095337
-12.793320655822754
3.667541980743408
-1.999999987845058e-08
4.948934555053711
-11.765031814575195
3.2180817127227783
1.999999987845058e-08
14.348810195922852
-5.121757507324219
7.944782257080078
-1.999999987845058e-08
22.652202606201172
2.5962815284729004
13.128351211547852
1.999999987845058e-08
24.695602416992188
8.070977210998535
14.164341926574707
-1.999999987845058e-08
20.6436824798584
4.921976089477539
12.518627166748047
1.999999987845058e-08
11.438314437866211
-3.293159008026123
6.391444683074951
-1.999999987845058e-08
-1.4616118669509888
-13.981471061706543
-3.842052459716797
1.999999987845058e-08
-12.778817176818848
-23.118640899658203
-12.399054527282715
-1.999999987845058e-08
-20.05091667175293
-30.65720558166504
-17.049776077270508
1.999999987845058e-08
