0
-0.32983317971229553
6.057464122772217
6.083532810211182
1.999999987845058e-08
4.333094596862793
17.71983528137207
9.941116333007812
-1.999999987845058e-08
4.205166339874268
18.476221084594727
8.587565422058105
1.999999987845058e-08
-1.9032844305038452
6.228360652923584
2.7031142711639404
-1.999999987845058e-08
-6.315393924713135
-1.0164939165115356
0.325880229473114
1.999999987845058e-08
-6.453446865081787
3.8489835262298584
1.7200642824172974
-1.999999987845058e-08
-8.238476753234863
5.878960609436035
-0.29098495841026306
1.999999987845058e-08
-12.326820373535156
0.22792962193489075
-4.445314407348633
-1.999999987845058e-08
-12.385324478149414
0.9854240417480469
-2.616046190261841
1.999999987845058e-08
-6.833524703979492
10.925970077514648
5.495110511779785
-1.999999987845058e-08
-7.118468761444092
4.192047119140625
3.1093993186950684
1.999999987845058e-08
-4.513322830200195
4.898338794708252
3.049609899520874
-1.999999987845058e-08
-0.19348382949829102
14.174574851989746
5.070564270019531
1.999999987845058e-08
1.128524661064148
17.64490509033203
4.561108589172363
-1.999999987845058e-08
-0.45558303594589233
11.713315963745117
2.4199140071868896
1.999999987845058e-08
-1.9266741275787354
6.097228527069092
2.340043544769287
-1.999999987845058e-08
-3.3126256465911865
5.271424293518066
3.035362720489502
1.999999987845058e-08
-5.934035778045654
6.166080951690674
1.1696128845214844
-1.999999987845058e-08
-8.688993453979492
6.654863357543945
-2.4291319847106934
1.999999987845058e-08
-8.688993453979492
6.654863357543945
-2.4291319847106934
-1.999999987845058e-08
-11.141322135925293
3.9814467430114746
-5.967977523803711
1.999999987845058e-08
-13.926227569580078
-2.9447109699249268
-8.998775482177734
-1.999999987845058e-08
-12.966845512390137
-4.351199626922607
-7.494202136993408
1.999999987845058e-08
-4.204838752746582
8.499491691589355
1.3441709280014038
-1.999999987845058e-08
5.869757175445557
22.869922637939453
9.526763916015625
1.999999987845058e-08
8.110857009887695
20.756914138793945
8.899563789367676
-1.999999987845058e-08
5.330632209777832
10.240166664123535
5.42182731628418
1.999999987845058e-08
5.368899822235107
11.583930015563965
7.323971748352051
-1.999999987845058e-08
6.3940887451171875
20.841089248657227
9.553999900817871
1.999999987845058e-08
5.368899822235107
11.583930015563965
7.323971748352051
-1.999999987845058e-08
6.3940887451171875
20.841089248657227
9.553999900817871
1.999999987845058e-08
2.9387435913085938
19.875843048095703
5.487411022186279
-1.999999987845058e-08
-1.10323166847229
11.339415550231934
1.7142078876495361
1.999999987845058e-08
-0.34215015172958374
8.315817832946777
4.856260299682617
-1.999999987845058e-08
0.23407837748527527
5.479053974151611
7.976326942443848
1.999999987845058e-08
-4.50803279876709
-4.442660808563232
5.296555042266846
-1.999999987845058e-08
-9.04272174835205
-9.015256881713867
3.3619723320007324
1.999999987845058e-08
-7.124445915222168
1.1806172132492065
6.990606307983398
-1.999999987845058e-08
-1.0174423456192017
14.399004936218262
11.09338665008545
1.999999987845058e-08
-1.0174423456192017
14.399004936218262
11.09338665008545
-1.999999987845058e-08
4.692595958709717
18.036640167236328
11.762486457824707
1.999999987845058e-08
8.57311725616455
14.202208518981934
11.5350341796875
-1.999999987845058e-08
9.327225685119629
9.054153442382812
11.39708423614502
1.999999987845058e-08
6.026863098144531
4.803173542022705
9.03159236907959
-1.999999987845058e-08
1.9938788414001465
3.758615255355835
5.324446678161621
1.999999987845058e-08
1.2815059423446655
7.243571758270264
3.6406331062316895
-1.999999987845058e-08
2.5276565551757812
11.358410835266113
4.2651238441467285
1.999999987845058e-08
1.7991442680358887
11.512568473815918
5.247366428375244
-1.999999987845058e-08
-1.1387596130371094
8.478919982910156
5.8907318115234375
1.999999987845058e-08
-11.829017639160156
8.675878524780273
-2.7993829250335693
-1.999999987845058e-08
-13.117680549621582
-0.9471065998077393
-3.7568581104278564
1.999999987845058e-08
-7.430582046508789
-1.7952919006347656
1.859405279159546
-1.999999987845058e-08
3.7591865062713623
11.961821556091309
11.123698234558105
1.999999987845058e-08
11.576608657836914
24.953332901000977
15.072063446044922
-1.999999987845058e-08
10.222552299499512
20.712692260742188
9.951774597167969
1.999999987845058e-08
6.084095478057861
7.964147090911865
4.524151802062988
-1.999999987845058e-08
8.053080558776855
7.567855358123779
7.219520092010498
1.999999987845058e-08
12.261024475097656
17.230789184570312
11.712281227111816
-1.999999987845058e-08
8.416833877563477
15.683100700378418
7.22838830947876
1.999999987845058e-08
-0.8758929967880249
2.2345480918884277
-2.0731842517852783
-1.999999987845058e-08
-2.9234795570373535
-0.012606658041477203
-3.442796468734741
1.999999987845058e-08
3.0443527698516846
13.616799354553223
2.3493282794952393
-1.999999987845058e-08
4.061420917510986
18.180126190185547
2.7073864936828613
1.999999987845058e-08
-4.971024036407471
2.1355462074279785
-5.291635036468506
-1.999999987845058e-08
-13.516319274902344
-11.231474876403809
-11.023144721984863
1.999999987845058e-08
-12.3394775390625
-2.7230803966522217
-7.669356822967529
-1.999999987845058e-08
-6.338054656982422
11.004135131835938
-1.7530275583267212
1.999999987845058e-08
-4.146928310394287
7.086945056915283
-1.184661626815796
-1.999999987845058e-08
-2.6384875774383545
-4.07669734954834
-1.3915845155715942
1.999999987845058e-08
-2.6384875774383545
-4.07669734954834
-1.3915846347808838
-1.999999987845058e-08
6.442126274108887
2.737449884414673
6.203614711761475
1.999999987845058e-08
17.79490089416504
22.961713790893555
16.202733993530273
-1.999999987845058e-08
18.591815948486328
29.33085823059082
16.63783836364746
1.999999987845058e-08
12.009821891784668
18.04564666748047
11.644099235534668
-1.999999987845058e-08
12.639522552490234
12.92647647857666
14.919352531433105
1.999999987845058e-08
20.00007438659668
22.561689376831055
23.403682708740234
-1.999999987845058e-08
18.080041885375977
25.34182357788086
20.294580459594727
1.999999987845058e-08
0.4572933614253998
5.759624481201172
2.2082324028015137
-1.999999987845058e-08
-19.9350528717041
-18.77483558654785
-15.203798294067383
1.999999987845058e-08
-28.32066535949707
-23.321638107299805
-19.40148162841797
-1.999999987845058e-08
-25.72796630859375
-12.271924018859863
-15.765427589416504
1.999999987845058e-08
-22.922300338745117
-9.152788162231445
-15.338808059692383
-1.999999987845058e-08
-22.006628036499023
-17.144372940063477
-16.696456909179688
1.999999987845058e-08
-15.23971176147461
-16.047786712646484
-10.40617847442627
-1.999999987845058e-08
-1.7810178995132446
0.5418887138366699
2.5166659355163574
1.999999987845058e-08
8.622223854064941
13.016862869262695
10.665416717529297
-1.999999987845058e-08
11.526619911193848
9.54898738861084
10.850427627563477
1.999999987845058e-08
13.115167617797852
5.480571746826172
11.314335823059082
-1.999999987845058e-08
16.803220748901367
14.013368606567383
15.004937171936035
1.999999987845058e-08
14.14844799041748
15.756464004516602
10.110051155090332
-1.999999987845058e-08
12.321227073669434
6.787085056304932
7.7473225593566895
1.999999987845058e-08
16.136476516723633
11.36153793334961
12.662151336669922
-1.999999987845058e-08
19.53296661376953
20.29294776916504
17.753292083740234
1.999999987845058e-08
16.1257266998291
16.399112701416016
15.160393714904785
-1.999999987845058e-08
9.98511028289795
5.1499810218811035
8.439315795898438
1.999999987845058e-08
9.460620880126953
3.725552558898926
6.246256351470947
-1.999999987845058e-08
13.839266777038574
10.986943244934082
8.187076568603516
1.999999987845058e-08
14.918052673339844
10.821349143981934
7.243792533874512
-1.999999987845058e-08
10.798571586608887
0.8732202649116516
3.7193124294281006
1.999999987845058e-08
9.09904670715332
-2.3247437477111816
5.316683292388916
-1.999999987845058e-08
13.73129940032959
8.866768836975098
12.663990020751953
1.999999987845058e-08
17.29830551147461
18.145959854125977
15.910908699035645
-1.999999987845058e-08
13.590173721313477
10.65633487701416
10.431862831115723
1.999999987845058e-08
8.423711776733398
-1.6846715211868286
5.06335973739624
-1.999999987845058e-08
8.507890701293945
0.5737549662590027
7.266973495483398
1.999999987845058e-08
8.572285652160645
11.051633834838867
10.06894588470459
-1.999999987845058e-08
0.9314822554588318
7.751631736755371
4.044384479522705
1.999999987845058e-08
-8.703713417053223
-8.316815376281738
-5.090792179107666
-1.999999987845058e-08
-8.250540733337402
-13.131674766540527
-4.574765682220459
1.999999987845058e-08
5.834558010101318
6.181529998779297
5.903801918029785
-1.999999987845058e-08
3.061175584793091
-2.6543877124786377
-0.7709320187568665
1.999999987845058e-08
3.816469192504883
-8.085221290588379
-3.3921353816986084
-1.999999987845058e-08
14.078169822692871
3.443546772003174
4.600727558135986
1.999999987845058e-08
23.29184913635254
15.410918235778809
12.287166595458984
-1.999999987845058e-08
20.51688003540039
9.409168243408203
8.74017333984375
1.999999987845058e-08
11.4109525680542
-4.575786113739014
-0.3305959403514862
-1.999999987845058e-08
7.914198875427246
-6.289453029632568
-3.6285793781280518
1.999999987845058e-08
9.529523849487305
1.3128840923309326
-2.1334035396575928
-1.999999987845058e-08
8.484504699707031
0.5131014585494995
-2.715928792953491
1.999999987845058e-08
7.914198875427246
-6.289453506469727
-3.6285793781280518
-1.999999987845058e-08
9.529523849487305
1.3128840923309326
-2.1334035396575928
1.999999987845058e-08
8.484504699707031
0.5131013989448547
-2.715928792953491
-1.999999987845058e-08
6.020362854003906
-8.185447692871094
-3.007126569747925
1.999999987845058e-08
8.98866081237793
-7.552117824554443
3.114596128463745
-1.999999987845058e-08
15.076918601989746
4.312713146209717
11.767550468444824
1.999999987845058e-08
14.533233642578125
8.512840270996094
13.07486629486084
-1.999999987845058e-08
6.101750373840332
-2.717344284057617
6.582400798797607
1.999999987845058e-08
0.23605160415172577
-11.482844352722168
2.5447609424591064
-1.999999987845058e-08
3.0233192443847656
-4.233693599700928
5.72657585144043
1.999999987845058e-08
6.974965572357178
4.904216289520264
8.105306625366211
-1.999999987845058e-08
4.416460037231445
-0.8060454726219177
3.540295362472534
1.999999987845058e-08
0.6857959628105164
-11.700870513916016
-0.6623874306678772
-1.999999987845058e-08
4.246789932250977
-10.438469886779785
4.15602970123291
1.999999987845058e-08
11.134819030761719
-2.991597890853882
12.869880676269531
-1.999999987845058e-08
11.585412979125977
-5.4351630210876465
14.66987419128418
1.999999987845058e-08
6.5678863525390625
-13.80367660522461
9.69212818145752
-1.999999987845058e-08
4.092859745025635
-13.803658485412598
5.188806056976318
1.999999987845058e-08
4.092288970947266
-8.908485412597656
1.7781193256378174
-1.999999987845058e-08
1.1305011510849
-12.574931144714355
-3.367396593093872
1.999999987845058e-08
2.8569281101226807
-18.31907844543457
-0.3841440677642822
-1.999999987845058e-08
3.822544813156128
-17.971332550048828
-1.9192557334899902
1.999999987845058e-08
2.8652937412261963
-24.365997314453125
-5.324588775634766
-1.999999987845058e-08
5.754627704620361
-25.639490127563477
-4.6031270027160645
1.999999987845058e-08
13.274775505065918
-15.902771949768066
-0.15708006918430328
-1.999999987845058e-08
19.716732025146484
-5.7492523193359375
3.0038392543792725
1.999999987845058e-08
19.208459854125977
-7.078402042388916
1.5615850687026978
-1.999999987845058e-08
12.76530933380127
-14.856046676635742
-2.8132424354553223
1.999999987845058e-08
7.114588737487793
-16.127986907958984
-6.085455894470215
-1.999999987845058e-08
4.955467224121094
-12.463624954223633
-8.100231170654297
1.999999987845058e-08
7.114588737487793
-16.127986907958984
-6.085455894470215
-1.999999987845058e-08
4.955467224121094
-12.463624954223633
-8.100231170654297
1.999999987845058e-08
2.128704786300659
-16.25811195373535
-12.221667289733887
-1.999999987845058e-08
-2.9037091732025146
-26.71811294555664
-17.480571746826172
1.999999987845058e-08
-5.871984004974365
-30.002038955688477
-18.780176162719727
-1.999999987845058e-08
-5.941699028015137
-24.165292739868164
-16.732492446899414
1.999999987845058e-08
-7.168410301208496
-21.898448944091797
-16.759143829345703
-1.999999987845058e-08
-8.899724006652832
-26.314727783203125
-18.007251739501953
1.999999987845058e-08
-6.550623416900635
-26.099220275878906
-15.662117004394531
-1.999999987845058e-08
-1.9104387760162354
-17.302400588989258
-12.136918067932129
1.999999987845058e-08
-6.0025715827941895
-12.341429710388184
-16.939926147460938
-1.999999987845058e-08
-10.270123481750488
-17.365386962890625
-17.283924102783203
1.999999987845058e-08
-10.33209228515625
-17.19281768798828
-13.673307418823242
-1.999999987845058e-08
-7.204021453857422
-12.420659065246582
-10.375533103942871
1.999999987845058e-08
-5.629921913146973
-10.709294319152832
-11.008723258972168
-1.999999987845058e-08
-8.692556381225586
-15.790274620056152
-15.66401481628418
1.999999987845058e-08
-13.19427490234375
-21.276575088500977
-20.169620513916016
-1.999999987845058e-08
-14.232821464538574
-20.25220489501953
-20.23176383972168
1.999999987845058e-08
-12.45687198638916
-16.295873641967773
-16.966320037841797
-1.999999987845058e-08
-12.201497077941895
-16.38663673400879
-14.770977973937988
1.999999987845058e-08
-16.963674545288086
-17.250102996826172
-16.30559730529785
-1.999999987845058e-08
-16.678653717041016
-13.836296081542969
-17.69725799560547
1.999999987845058e-08
-13.613099098205566
-12.937294006347656
-18.07488441467285
-1.999999987845058e-08
-7.58162260055542
-11.291868209838867
-14.33843994140625
1.999999987845058e-08
-1.269948959350586
-5.6441826820373535
-7.964746952056885
-1.999999987845058e-08
-1.8469237089157104
-3.5649125576019287
-7.413783073425293
1.999999987845058e-08
-11.133742332458496
-11.729791641235352
-16.051868438720703
-1.999999987845058e-08
-19.697940826416016
-22.365209579467773
-24.53793716430664
1.999999987845058e-08
-18.821592330932617
-23.764657974243164
-23.525493621826172
-1.999999987845058e-08
-11.454026222229004
-15.922943115234375
-16.283676147460938
1.999999987845058e-08
-0.1780681610107422
-3.432269334793091
-4.215915679931641
-1.999999987845058e-08
1.7940614223480225
0.9244146943092346
-0.3249998092651367
1.999999987845058e-08
2.105062961578369
6.924832820892334
-0.24155063927173615
-1.999999987845058e-08
-1.5312672853469849
6.488521575927734
-5.786310195922852
1.999999987845058e-08
-6.6841511726379395
0.2984619140625
-11.954827308654785
-1.999999987845058e-08
-7.444887638092041
-0.29213574528694153
-11.923535346984863
1.999999987845058e-08
-3.2005679607391357
6.927034854888916
-6.624330520629883
-1.999999987845058e-08
0.33001306653022766
10.072704315185547
-2.376368522644043
1.999999987845058e-08
1.3022857904434204
5.238243579864502
0.7249817848205566
-1.999999987845058e-08
3.793168306350708
3.2299983501434326
7.342955112457275
1.999999987845058e-08
3.793168306350708
3.2299983501434326
7.342955112457275
-1.999999987845058e-08
6.583045482635498
6.805093765258789
13.729059219360352
1.999999987845058e-08
2.2872133255004883
4.4438581466674805
10.442819595336914
-1.999999987845058e-08
-8.37985610961914
-5.7946696281433105
-0.6372814178466797
1.999999987845058e-08
-14.568573951721191
-10.173439979553223
-6.951412200927734
-1.999999987845058e-08
-11.81967830657959
-3.56300687789917
-4.203163146972656
1.999999987845058e-08
-8.304855346679688
2.048088788986206
-0.9900211095809937
-1.999999987845058e-08
-10.23830795288086
-1.478746771812439
-3.3058347702026367
1.999999987845058e-08
-13.240571022033691
-7.495628356933594
-6.971486568450928
-1.999999987845058e-08
-11.673141479492188
-7.58781099319458
-6.582230567932129
1.999999987845058e-08
-13.240571022033691
-7.495628356933594
-6.971486568450928
-1.999999987845058e-08
-11.673141479492188
-7.58781099319458
-6.582230567932129
1.999999987845058e-08
-6.164056301116943
-1.6143369674682617
-2.491521120071411
-1.999999987845058e-08
-0.8663670420646667
5.141025066375732
1.0607001781463623
1.999999987845058e-08
0.6948923468589783
6.8242034912109375
0.1940404176712036
-1.999999987845058e-08
-1.4745886325836182
2.1780946254730225
-4.598389148712158
1.999999987845058e-08
-3.1609156131744385
-2.2721457481384277
-7.871682643890381
-1.999999987845058e-08
-0.9803183078765869
0.2520299255847931
-5.672182559967041
1.999999987845058e-08
2.925952672958374
6.972474575042725
-0.8423373103141785
-1.999999987845058e-08
4.983190536499023
10.783857345581055
2.5056886672973633
1.999999987845058e-08
5.470497131347656
11.490818977355957
5.16049861907959
-1.999999987845058e-08
5.3303093910217285
13.106765747070312
7.799193859100342
1.999999987845058e-08
2.4062142372131348
14.125203132629395
6.6337199211120605
-1.999999987845058e-08
-4.512519359588623
9.403135299682617
0.4200022220611572
1.999999987845058e-08
-11.548004150390625
-0.0217792596668005
-4.825753211975098
-1.999999987845058e-08
-13.286935806274414
-5.9647746086120605
-3.422579288482666
1.999999987845058e-08
-8.857991218566895
-3.008826732635498
2.4507200717926025
-1.999999987845058e-08
-2.6894147396087646
4.413021564483643
5.983648777008057
1.999999987845058e-08
0.810255229473114
8.10032844543457
3.9820539951324463
-1.999999987845058e-08
2.390857219696045
7.848949909210205
0.1321493238210678
1.999999987845058e-08
4.995141983032227
10.181501388549805
-0.5171768665313721
-1.999999987845058e-08
6.5326714515686035
14.582307815551758
0.9171271920204163
1.999999987845058e-08
2.175835371017456
12.54317569732666
-0.5969354510307312
-1.999999987845058e-08
-6.291999816894531
3.408437728881836
-4.809093475341797
1.999999987845058e-08
-11.933074951171875
-2.895493507385254
-6.485720634460449
-1.999999987845058e-08
-13.419012069702148
-2.4443438053131104
-5.044496536254883
1.999999987845058e-08
-15.44025707244873
-1.9562855958938599
-5.241175174713135
-1.999999987845058e-08
-18.57864761352539
-4.3799333572387695
-7.397036552429199
1.999999987845058e-08
-17.401744842529297
-3.9605050086975098
-5.530419826507568
-1.999999987845058e-08
-9.535859107971191
2.2060866355895996
2.7828826904296875
1.999999987845058e-08
-9.535860061645508
2.2060863971710205
2.7828826904296875
-1.999999987845058e-08
0.15424050390720367
9.310755729675293
11.579771041870117
1.999999987845058e-08
5.841765880584717
12.631245613098145
13.867179870605469
-1.999999987845058e-08
6.648723125457764
12.137304306030273
9.410537719726562
1.999999987845058e-08
5.793912410736084
10.384063720703125
3.891939163208008
-1.999999987845058e-08
6.719310283660889
10.76999568939209
2.61629056930542
1.999999987845058e-08
9.789214134216309
14.395689964294434
5.424492835998535
-1.999999987845058e-08
11.608172416687012
16.699493408203125
7.292323589324951
1.999999987845058e-08
8.666016578674316
13.124185562133789
4.2252116203308105
-1.999999987845058e-08
2.0126402378082275
7.22821044921875
-2.215489387512207
1.999999987845058e-08
1.0308918952941895
6.572818756103516
-3.3965580463409424
-1.999999987845058e-08
5.067024230957031
8.469943046569824
0.829559862613678
1.999999987845058e-08
7.703093528747559
11.844696998596191
3.6940054893493652
-1.999999987845058e-08
9.209391593933105
15.502577781677246
5.668793678283691
1.999999987845058e-08
9.73598861694336
18.3100643157959
7.142272472381592
-1.999999987845058e-08
8.365686416625977
18.188276290893555
6.894889831542969
1.999999987845058e-08
3.67586088180542
13.922500610351562
3.401780366897583
-1.999999987845058e-08
-4.118532657623291
7.633659362792969
-3.160541296005249
1.999999987845058e-08
-12.707523345947266
2.4657299518585205
-11.092320442199707
-1.999999987845058e-08
-19.761646270751953
-0.6986414194107056
-18.106678009033203
1.999999987845058e-08
-25.031797409057617
-3.293018341064453
-22.603885650634766
-1.999999987845058e-08
-30.208412170410156
-7.962270736694336
-25.612329483032227
1.999999987845058e-08
-35.099708557128906
-14.93588924407959
-28.510528564453125
-1.999999987845058e-08
-35.55754089355469
-18.943225860595703
-28.47745132446289
1.999999987845058e-08
-29.234472274780273
-15.741965293884277
-22.136411666870117
-1.999999987845058e-08
-20.62215232849121
-9.641413688659668
-12.918740272521973
1.999999987845058e-08
-15.368016242980957
-6.918910980224609
-7.351530075073242
-1.999999987845058e-08
-12.69565486907959
-6.1771416664123535
-5.508520126342773
1.999999987845058e-08
-7.897594451904297
-3.1957318782806396
-2.418186902999878
-1.999999987845058e-08
0.8897395133972168
1.1259901523590088
3.7275164127349854
1.999999987845058e-08
0.8897395133972168
1.1259901523590088
3.7275164127349854
-1.999999987845058e-08
11.52001667022705
5.291808128356934
10.75510025024414
1.999999987845058e-08
20.12613296508789
11.440345764160156
15.822455406188965
-1.999999987845058e-08
22.271286010742188
18.123428344726562
15.350512504577637
1.999999987845058e-08
15.308028221130371
18.205961227416992
7.059655666351318
-1.999999987845058e-08
2.7442870140075684
10.26665210723877
-4.549048900604248
1.999999987845058e-08
-6.758589744567871
2.7882533073425293
-10.475648880004883
-1.999999987845058e-08
-8.139982223510742
1.711274266242981
-7.761064529418945
1.999999987845058e-08
-4.47252082824707
3.1993937492370605
-2.0333101749420166
-1.999999987845058e-08
-0.9807864427566528
2.7437522411346436
1.5948883295059204
1.999999987845058e-08
-4.47252082824707
3.1993937492370605
-2.0333101749420166
-1.999999987845058e-08
-0.9807864427566528
2.7437522411346436
1.5948883295059204
1.999999987845058e-08
0.9226422905921936
2.2959585189819336
3.659163236618042
-1.999999987845058e-08
2.3925704956054688
5.06539249420166
5.812310695648193
1.999999987845058e-08
3.9064879417419434
9.647031784057617
7.321004867553711
-1.999999987845058e-08
4.754413604736328
11.676761627197266
7.02491569519043
1.999999987845058e-08
3.9364192485809326
8.905489921569824
4.635077953338623
-1.999999987845058e-08
1.590628743171692
4.043446063995361
0.8036816716194153
1.999999987845058e-08
-0.2436486929655075
1.8661377429962158
-1.8135448694229126
-1.999999987845058e-08
-0.27471718192100525
2.882110357284546
-0.7915669083595276
1.999999987845058e-08
-0.012478030286729336
3.1590468883514404
2.31750226020813
-1.999999987845058e-08
-1.2346973419189453
1.079695224761963
3.858633041381836
1.999999987845058e-08
-3.7156777381896973
-1.1484663486480713
2.273746967315674
-1.999999987845058e-08
-6.008732318878174
-2.6245839595794678
-1.0779441595077515
1.999999987845058e-08
-6.9062628746032715
-4.335809230804443
-3.3565704822540283
-1.999999987845058e-08
-6.393561840057373
-5.609650135040283
-2.755887508392334
1.999999987845058e-08
-6.050164222717285
-5.786966323852539
-1.0618071556091309
-1.999999987845058e-08
-7.49259614944458
-6.765210151672363
-1.892642855644226
1.999999987845058e-08
-8.87877368927002
-8.553579330444336
-4.833210468292236
-1.999999987845058e-08
-5.454292297363281
-6.890862941741943
-4.612544536590576
1.999999987845058e-08
3.245088577270508
-0.1814512014389038
1.3002527952194214
-1.999999987845058e-08
10.640862464904785
6.936174392700195
8.381523132324219
1.999999987845058e-08
11.921762466430664
10.688976287841797
11.599099159240723
-1.999999987845058e-08
10.020315170288086
12.134858131408691
11.53935432434082
1.999999987845058e-08
8.674169540405273
11.979048728942871
10.604913711547852
-1.999999987845058e-08
7.169407367706299
9.230424880981445
8.90268611907959
1.999999987845058e-08
4.820044994354248
5.489301681518555
7.009504795074463
-1.999999987845058e-08
3.298680305480957
3.717772960662842
6.985835552215576
1.999999987845058e-08
3.5048458576202393
4.205023765563965
8.943111419677734
-1.999999987845058e-08
4.549129486083984
5.629119396209717
10.8628511428833
1.999999987845058e-08
10.556200981140137
4.716370582580566
20.901996612548828
-1.999999987845058e-08
13.438066482543945
4.863027095794678
22.860233306884766
1.999999987845058e-08
17.04250144958496
6.968780994415283
22.863121032714844
-1.999999987845058e-08
19.184326171875
9.75737476348877
21.124935150146484
1.999999987845058e-08
17.835330963134766
10.218966484069824
17.721330642700195
-1.999999987845058e-08
12.882753372192383
6.7624688148498535
12.593759536743164
1.999999987845058e-08
7.037187576293945
2.352365732192993
7.337456703186035
-1.999999987845058e-08
3.1498374938964844
-0.21406207978725433
3.14669132232666
1.999999987845058e-08
1.3278870582580566
-2.7585036754608154
-1.1289385557174683
-1.999999987845058e-08
-0.1990804821252823
-7.141946792602539
-6.180185794830322
1.999999987845058e-08
7.037187576293945
2.352365732192993
7.337456703186035
-1.999999987845058e-08
3.1498374938964844
-0.21406209468841553
3.14669132232666
1.999999987845058e-08
1.3278870582580566
-2.7585036754608154
-1.1289385557174683
-1.999999987845058e-08
-0.1990804821252823
-7.141946792602539
-6.180185794830322
1.999999987845058e-08
-2.6098759174346924
-11.871447563171387
-10.532971382141113
-1.999999987845058e-08
-5.347700595855713
-15.666576385498047
-12.580278396606445
1.999999987845058e-08
-6.384085655212402
-18.172138214111328
-11.307683944702148
-1.999999987845058e-08
-4.092294216156006
-17.908184051513672
-6.300963401794434
1.999999987845058e-08
0.15482193231582642
-15.256152153015137
0.0411493182182312
-1.999999987845058e-08
3.3734843730926514
-13.46702766418457
3.7569854259490967
1.999999987845058e-08
5.264999866485596
-12.798195838928223
4.619163990020752
-1.999999987845058e-08
7.831352233886719
-9.758526802062988
5.753911972045898
1.999999987845058e-08
11.707442283630371
-3.7234699726104736
8.616189956665039
-1.999999987845058e-08
15.348584175109863
1.885688066482544
11.903130531311035
1.999999987845058e-08
16.393774032592773
4.976823806762695
13.5280122756958
-1.999999987845058e-08
13.533731460571289
5.9183125495910645
12.204975128173828
1.999999987845058e-08
7.822375774383545
4.051387786865234
8.431486129760742
-1.999999987845058e-08
1.935832142829895
-0.9644598364830017
4.365842342376709
1.999999987845058e-08
-1.4004828929901123
-5.379782199859619
2.30973219871521
-1.999999987845058e-08
-1.5763801336288452
-5.7562103271484375
2.170318603515625
1.999999987845058e-08
-3.536017417907715
-3.4713683128356934
-0.4208744168281555
-1.999999987845058e-08
-3.4356882572174072
-0.8554573655128479
0.42299631237983704
1.999999987845058e-08
-0.4054640531539917
2.633030652999878
2.6117541790008545
-1.999999987845058e-08
5.852055549621582
7.022233486175537
7.340823650360107
1.999999987845058e-08
11.604920387268066
10.361477851867676
12.113525390625
-1.999999987845058e-08
12.383578300476074
10.331823348999023
12.685527801513672
1.999999987845058e-08
6.842606067657471
5.801474571228027
7.744196891784668
-1.999999987845058e-08
-2.163412094116211
-2.1642017364501953
0.2947353422641754
1.999999987845058e-08
-8.597423553466797
-8.892316818237305
-4.518974781036377
-1.999999987845058e-08
-7.700461387634277
-9.443246841430664
-3.366020441055298
1.999999987845058e-08
-7.700461387634277
-9.443246841430664
-3.366020441055298
-1.999999987845058e-08
-1.6477124691009521
-5.155668258666992
1.6379281282424927
1.999999987845058e-08
2.97223162651062
-1.9189022779464722
5.402441024780273
-1.999999987845058e-08
3.493133068084717
-1.7048611640930176
6.545958518981934
1.999999987845058e-08
1.3565311431884766
-2.308932304382324
6.624232292175293
-1.999999987845058e-08
-2.4796175956726074
-3.847968816757202
5.336030006408691
1.999999987845058e-08
-5.531714916229248
-7.023097038269043
3.199700117111206
-1.999999987845058e-08
-3.270444631576538
-8.098641395568848
3.411334991455078
1.999999987845058e-08
3.585343599319458
-4.829677581787109
5.73677396774292
-1.999999987845058e-08
7.871184825897217
-2.0831539630889893
5.347474098205566
1.999999987845058e-08
7.871184825897217
-2.0831539630889893
5.347474098205566
-1.999999987845058e-08
5.466559410095215
-3.5490241050720215
0.5053048133850098
1.999999987845058e-08
-0.1346474140882492
-5.499874114990234
-4.652475833892822
-1.999999987845058e-08
-4.000133514404297
-4.69169282913208
-5.9560346603393555
1.999999987845058e-08
-5.075570583343506
-3.8913331031799316
-3.521879196166992
-1.999999987845058e-08
-4.315723419189453
-5.501286506652832
-0.2285367101430893
1.999999987845058e-08
-1.9838722944259644
-7.787126064300537
1.5123324394226074
-1.999999987845058e-08
0.9887400269508362
-9.564825057983398
1.3351110219955444
1.999999987845058e-08
2.2915501594543457
-11.574894905090332
0.34108224511146545
-1.999999987845058e-08
1.6623587608337402
-12.739956855773926
-0.08274801820516586
1.999999987845058e-08
1.8861593008041382
-10.941534996032715
1.066623330116272
-1.999999987845058e-08
4.303394317626953
-6.668686866760254
3.7421987056732178
1.999999987845058e-08
6.8754658699035645
-2.025831699371338
6.8880615234375
-1.999999987845058e-08
8.059158325195312
2.0654475688934326
9.858794212341309
1.999999987845058e-08
9.075653076171875
5.682558536529541
12.635268211364746
-1.999999987845058e-08
11.531412124633789
8.918428421020508
14.9335298538208
1.999999987845058e-08
15.466073989868164
11.939390182495117
17.136075973510742
-1.999999987845058e-08
19.22917366027832
14.599711418151855
19.68362045288086
1.999999987845058e-08
19.678524017333984
15.643695831298828
20.272480010986328
-1.999999987845058e-08
14.70374584197998
13.68981647491455
16.151201248168945
1.999999987845058e-08
14.70374584197998
13.68981647491455
16.151199340820312
-1.999999987845058e-08
6.405942440032959
9.465378761291504
8.77776050567627
1.999999987845058e-08
-1.0073049068450928
5.239914417266846
1.9604558944702148
-1.999999987845058e-08
-5.623136520385742
2.347917079925537
-2.1201815605163574
1.999999987845058e-08
-7.139918327331543
1.357171654701233
-2.2825448513031006
-1.999999987845058e-08
-5.135592460632324
2.569058656692505
1.5924367904663086
1.999999987845058e-08
-1.265479564666748
4.264201641082764
5.922351360321045
-1.999999987845058e-08
1.0315927267074585
3.740818500518799
6.362817287445068
1.999999987845058e-08
0.975714385509491
1.0641233921051025
3.8045706748962402
-1.999999987845058e-08
1.0819822549819946
-1.4324501752853394
2.2722160816192627
1.999999987845058e-08
7.0480170249938965
-1.7939643859863281
2.737621545791626
-1.999999987845058e-08
1.3406643867492676
-5.422815322875977
-3.801509380340576
1.999999987845058e-08
-3.4460384845733643
-6.244702339172363
-9.618305206298828
-1.999999987845058e-08
-7.0365681648254395
-4.7915215492248535
-12.311007499694824
1.999999987845058e-08
-9.783329010009766
-4.6080403327941895
-11.807988166809082
-1.999999987845058e-08
-9.921231269836426
-4.951497554779053
-8.933959007263184
1.999999987845058e-08
-7.511142253875732
-4.003910064697266
-5.546929836273193
-1.999999987845058e-08
-5.104284763336182
-3.5466859340667725
-2.9007747173309326
1.999999987845058e-08
-3.1925265789031982
-3.9438271522521973
-0.019036786630749702
-1.999999987845058e-08
-0.23632624745368958
-2.2716434001922607
3.7982678413391113
1.999999987845058e-08
-5.104284763336182
-3.5466859340667725
-2.9007747173309326
-1.999999987845058e-08
-3.1925265789031982
-3.9438271522521973
-0.01903674751520157
1.999999987845058e-08
-0.23632629215717316
-2.2716434001922607
3.7982678413391113
-1.999999987845058e-08
3.700937509536743
1.1878668069839478
6.443379878997803
1.999999987845058e-08
7.012476921081543
2.7752182483673096
5.390676975250244
-1.999999987845058e-08
8.27553653717041
2.1050291061401367
1.3959277868270874
1.999999987845058e-08
6.223954677581787
1.4172700643539429
-2.5894381999969482
-1.999999987845058e-08
0.40523070096969604
-9.738907829159871e-05
-5.512866497039795
1.999999987845058e-08
-6.598751068115234
-3.705880880355835
-8.008478164672852
-1.999999987845058e-08
-10.164828300476074
-7.471371173858643
-9.151018142700195
1.999999987845058e-08
-5.173516750335693
-8.183993339538574
-7.551198959350586
-1.999999987845058e-08
-6.486179828643799
-8.126022338867188
-10.60263729095459
1.999999987845058e-08
-7.36000394821167
-9.578436851501465
-11.815802574157715
-1.999999987845058e-08
-6.311014652252197
-9.811877250671387
-10.692659378051758
1.999999987845058e-08
-3.413517713546753
-6.317600727081299
-8.821137428283691
-1.999999987845058e-08
-0.1561504602432251
-0.980776309967041
-7.866696357727051
1.999999987845058e-08
3.6672797203063965
3.916039228439331
-6.614678382873535
-1.999999987845058e-08
9.383853912353516
9.621160507202148
-2.3005826473236084
1.999999987845058e-08
14.255722045898438
15.548949241638184
3.3478684425354004
-1.999999987845058e-08
12.76035213470459
16.96348762512207
4.643142223358154
1.999999987845058e-08
4.092124938964844
12.446009635925293
-0.34454286098480225
-1.999999987845058e-08
-7.678948879241943
5.159730911254883
-8.725855827331543
1.999999987845058e-08
-19.192668914794922
-3.5869951248168945
-17.99260902404785
-1.999999987845058e-08
-27.60616683959961
-12.790003776550293
-25.849184036254883
1.999999987845058e-08
-28.937755584716797
-17.40266227722168
-27.987293243408203
-1.999999987845058e-08
-22.846054077148438
-14.455626487731934
-22.802804946899414
1.999999987845058e-08
-15.708125114440918
-8.85290813446045
-16.106794357299805
-1.999999987845058e-08
-13.9060640335083
-6.612784385681152
-15.31913948059082
1.999999987845058e-08
-16.512222290039062
-7.469067573547363
-20.44134521484375
-1.999999987845058e-08
-17.643075942993164
-7.720828056335449
-24.549091339111328
1.999999987845058e-08
-13.26932430267334
-4.820993900299072
-21.48166275024414
-1.999999987845058e-08
-4.214546203613281
1.8616445064544678
-11.590312004089355
1.999999987845058e-08
4.898765563964844
9.93969440460205
-1.6130177974700928
-1.999999987845058e-08
9.720011711120605
14.973512649536133
2.0081489086151123
1.999999987845058e-08
10.442561149597168
15.651392936706543
0.2537350058555603
-1.999999987845058e-08
9.915328979492188
14.752812385559082
-1.4143030643463135
1.999999987845058e-08
8.430688858032227
13.936742782592773
-1.7968119382858276
-1.999999987845058e-08
3.8803555965423584
12.037466049194336
-4.2583136558532715
1.999999987845058e-08
-3.5341482162475586
8.873658180236816
-9.16661548614502
-1.999999987845058e-08
-9.290726661682129
6.196372985839844
-11.652871131896973
1.999999987845058e-08
-9.309109687805176
4.510119438171387
-8.429141998291016
-1.999999987845058e-08
-4.571810245513916
3.4152331352233887
-1.9201000928878784
1.999999987845058e-08
2.153404712677002
4.428642749786377
4.4958600997924805
-1.999999987845058e-08
9.291154861450195
8.27250862121582
9.75802993774414
1.999999987845058e-08
14.897797584533691
12.56407356262207
13.282361030578613
-1.999999987845058e-08
17.62554931640625
15.926156044006348
14.81516170501709
1.999999987845058e-08
17.51996612548828
18.35039520263672
14.377968788146973
-1.999999987845058e-08
14.234508514404297
17.550945281982422
10.917208671569824
1.999999987845058e-08
8.462667465209961
12.254345893859863
4.7641801834106445
-1.999999987845058e-08
3.7517359256744385
6.636620998382568
0.006987105123698711
1.999999987845058e-08
8.462667465209961
12.254345893859863
4.7641801834106445
-1.999999987845058e-08
3.7517359256744385
6.636620998382568
0.006987105123698711
1.999999987845058e-08
2.7665205001831055
5.103790283203125
0.0150627251714468
-1.999999987845058e-08
4.0478291511535645
6.48561954498291
3.275344133377075
1.999999987845058e-08
5.305441379547119
8.68465805053711
6.460144519805908
-1.999999987845058e-08
5.73756217956543
11.795753479003906
7.081910133361816
1.999999987845058e-08
3.664832830429077
12.908981323242188
2.883319139480591
-1.999999987845058e-08
-1.484839916229248
9.320220947265625
-5.149977207183838
1.999999987845058e-08
-6.006778717041016
4.721713066101074
-11.559426307678223
-1.999999987845058e-08
-6.293734073638916
2.053069829940796
-12.125247955322266
1.999999987845058e-08
5.61719274520874
2.042189598083496
3.118194103240967
-1.999999987845058e-08
13.092020034790039
8.828557968139648
10.24162769317627
1.999999987845058e-08
15.300166130065918
15.590460777282715
8.655560493469238
-1.999999987845058e-08
11.62115478515625
17.151262283325195
0.9760338068008423
1.999999987845058e-08
7.61467981338501
16.423828125
-3.3660504817962646
-1.999999987845058e-08
6.2950239181518555
16.501379013061523
-1.6403974294662476
1.999999987845058e-08
3.6034598350524902
13.719131469726562
-0.625235915184021
-1.999999987845058e-08
-2.697249412536621
6.899065017700195
-3.9131977558135986
1.999999987845058e-08
-7.712198257446289
2.2516894340515137
-7.142728805541992
-1.999999987845058e-08
-7.774929046630859
2.3309807777404785
-7.719377040863037
1.999999987845058e-08
-5.698437690734863
-1.0948458909988403
-10.080631256103516
-1.999999987845058e-08
-5.8346686363220215
-2.519141435623169
-9.673450469970703
1.999999987845058e-08
-4.518598556518555
-0.20069989562034607
-6.305235385894775
-1.999999987845058e-08
-0.8434467911720276
4.4043707847595215
-1.1590217351913452
1.999999987845058e-08
6.1039533615112305
10.746487617492676
5.625761032104492
-1.999999987845058e-08
14.326547622680664
17.210634231567383
12.59724235534668
1.999999987845058e-08
18.947416305541992
20.015913009643555
16.487516403198242
-1.999999987845058e-08
18.505884170532227
18.20169448852539
16.53523826599121
1.999999987845058e-08
15.183454513549805
13.159327507019043
13.36240291595459
-1.999999987845058e-08
9.36379623413086
4.938919544219971
5.752151966094971
1.999999987845058e-08
18.505884170532227
18.20169448852539
16.53523826599121
-1.999999987845058e-08
15.183454513549805
13.159327507019043
13.36240291595459
1.999999987845058e-08
9.36379623413086
4.938919544219971
5.752151966094971
-1.999999987845058e-08
1.9940873384475708
-3.7268080711364746
-4.020113945007324
1.999999987845058e-08
-1.724528431892395
-6.109297275543213
-7.790265083312988
-1.999999987845058e-08
0.6800576448440552
-0.8652694821357727
-2.674487590789795
1.999999987845058e-08
3.8463754653930664
4.5648698806762695
3.1502768993377686
-1.999999987845058e-08
1.9667285680770874
3.9846980571746826
1.6868493556976318
1.999999987845058e-08
-4.119924068450928
-0.7855887413024902
-5.173871040344238
-1.999999987845058e-08
-9.617158889770508
-5.029256343841553
-10.050877571105957
1.999999987845058e-08
-9.645376205444336
-7.220469951629639
-4.517448902130127
-1.999999987845058e-08
-7.243731498718262
-6.557197093963623
-0.9930130839347839
1.999999987845058e-08
-6.964602470397949
-6.503872394561768
-1.3096424341201782
-1.999999987845058e-08
-8.909626960754395
-7.952484607696533
-5.036367416381836
1.999999987845058e-08
-10.690743446350098
-10.164081573486328
-9.383878707885742
-1.999999987845058e-08
-10.650858879089355
-11.519515037536621
-11.255270004272461
1.999999987845058e-08
-9.676168441772461
-10.823974609375
-9.743703842163086
-1.999999987845058e-08
-9.874807357788086
-9.144771575927734
-7.498499870300293
1.999999987845058e-08
-11.863611221313477
-10.218728065490723
-8.343918800354004
-1.999999987845058e-08
-13.383203506469727
-15.493906021118164
-11.739532470703125
1.999999987845058e-08
-11.858109474182129
-19.728612899780273
-12.373050689697266
-1.999999987845058e-08
-7.82314395904541
-17.601539611816406
-7.910355091094971
1.999999987845058e-08
-3.9064276218414307
-12.543803215026855
-2.425412654876709
-1.999999987845058e-08
-1.6365567445755005
-10.853924751281738
0.05460266023874283
1.999999987845058e-08
-0.8316383957862854
-10.932418823242188
0.1275559365749359
-1.999999987845058e-08
-0.7796527743339539
-7.7150726318359375
0.22473321855068207
1.999999987845058e-08
