0
-11.805659294128418
22.26970863342285
1.999999987845058e-08
1.999999987845058e-08
-0.8612058162689209
-2.7139194011688232
-1.999999987845058e-08
-1.999999987845058e-08
7.751800060272217
-35.27130126953125
1.999999987845058e-08
1.999999987845058e-08
6.232578277587891
-57.59939956665039
-1.999999987845058e-08
-1.999999987845058e-08
-3.797985553741455
-55.41084671020508
1.999999987845058e-08
1.999999987845058e-08
-12.743324279785156
-33.212860107421875
-1.999999987845058e-08
-1.999999987845058e-08
-14.343401908874512
-12.315524101257324
1.999999987845058e-08
1.999999987845058e-08
-11.84389591217041
-6.229365348815918
-1.999999987845058e-08
-1.999999987845058e-08
-9.420206069946289
-12.405219078063965
1.999999987845058e-08
1.999999987845058e-08
-6.417365074157715
-25.009885787963867
-1.999999987845058e-08
-1.999999987845058e-08
-2.5795600414276123
-39.14114761352539
1.999999987845058e-08
1.999999987845058e-08
1.5446656942367554
-53.40781021118164
-1.999999987845058e-08
-1.999999987845058e-08
5.114102363586426
-69.2552719116211
1.999999987845058e-08
1.999999987845058e-08
3.534400701522827
-78.21102905273438
-1.999999987845058e-08
-1.999999987845058e-08
-5.3350725173950195
-67.64512634277344
1.999999987845058e-08
1.999999987845058e-08
-13.995598793029785
-42.67252731323242
-1.999999987845058e-08
-1.999999987845058e-08
-12.38828182220459
-27.029993057250977
1.999999987845058e-08
1.999999987845058e-08
0.3503870368003845
-39.6006965637207
-1.999999987845058e-08
-1.999999987845058e-08
13.301308631896973
-71.0141830444336
1.999999987845058e-08
1.999999987845058e-08
13.301308631896973
-71.0141830444336
-1.999999987845058e-08
-1.999999987845058e-08
15.235635757446289
-93.54782104492188
1.999999987845058e-08
1.999999987845058e-08
7.2533440589904785
-95.66678619384766
-1.999999987845058e-08
-1.999999987845058e-08
-1.6721584796905518
-87.22386932373047
1.999999987845058e-08
1.999999987845058e-08
-5.442988395690918
-78.82605743408203
-1.999999987845058e-08
-1.999999987845058e-08
-2.8013522624969482
-75.33799743652344
1.999999987845058e-08
1.999999987845058e-08
4.351987838745117
-79.1968002319336
-1.999999987845058e-08
-1.999999987845058e-08
12.44581413269043
-92.35928344726562
1.999999987845058e-08
1.999999987845058e-08
17.291501998901367
-114.07034301757812
-1.999999987845058e-08
-1.999999987845058e-08
16.151100158691406
-135.89163208007812
1.999999987845058e-08
1.999999987845058e-08
16.151100158691406
-135.89163208007812
-1.999999987845058e-08
-1.999999987845058e-08
9.51872730255127
-144.84129333496094
1.999999987845058e-08
1.999999987845058e-08
-0.49694135785102844
-133.00587463378906
-1.999999987845058e-08
-1.999999987845058e-08
-10.460699081420898
-106.08834075927734
1.999999987845058e-08
1.999999987845058e-08
-16.091968536376953
-79.87840270996094
-1.999999987845058e-08
-1.999999987845058e-08
-14.627963066101074
-68.94268035888672
1.999999987845058e-08
1.999999987845058e-08
-5.818021297454834
-83.34742736816406
-1.999999987845058e-08
-1.999999987845058e-08
4.229895114898682
-117.54649353027344
1.999999987845058e-08
1.999999987845058e-08
5.301065444946289
-143.44747924804688
-1.999999987845058e-08
-1.999999987845058e-08
-1.8047741651535034
-145.5696563720703
1.999999987845058e-08
1.999999987845058e-08
-3.59494948387146
-157.09312438964844
-1.999999987845058e-08
-1.999999987845058e-08
-4.89001989364624
-164.6446075439453
1.999999987845058e-08
1.999999987845058e-08
-10.511307716369629
-152.09378051757812
-1.999999987845058e-08
-1.999999987845058e-08
-13.497852325439453
-131.60601806640625
1.999999987845058e-08
1.999999987845058e-08
-9.915478706359863
-123.51435089111328
-1.999999987845058e-08
-1.999999987845058e-08
-1.2908223867416382
-135.79562377929688
1.999999987845058e-08
1.999999987845058e-08
8.110650062561035
-161.90478515625
-1.999999987845058e-08
-1.999999987845058e-08
13.56205940246582
-187.6229705810547
1.999999987845058e-08
1.999999987845058e-08
10.70568561553955
-195.53564453125
-1.999999987845058e-08
-1.999999987845058e-08
-1.199410080909729
-175.0403289794922
1.999999987845058e-08
1.999999987845058e-08
-1.199410080909729
-175.0403289794922
-1.999999987845058e-08
-1.999999987845058e-08
-14.824931144714355
-140.24896240234375
1.999999987845058e-08
1.999999987845058e-08
-21.51593017578125
-120.77865600585938
-1.999999987845058e-08
-1.999999987845058e-08
-21.33203887939453
-130.26658630371094
1.999999987845058e-08
1.999999987845058e-08
-20.24180793762207
-156.39498901367188
-1.999999987845058e-08
-1.999999987845058e-08
-21.56181526184082
-175.25772094726562
1.999999987845058e-08
1.999999987845058e-08
-21.488901138305664
-177.43601989746094
-1.999999987845058e-08
-1.999999987845058e-08
-13.961404800415039
-180.20315551757812
1.999999987845058e-08
1.999999987845058e-08
-2.5551199913024902
-196.3324432373047
-1.999999987845058e-08
-1.999999987845058e-08
2.0784871578216553
-210.93870544433594
1.999999987845058e-08
1.999999987845058e-08
-8.022257804870605
-206.95765686035156
-1.999999987845058e-08
-1.999999987845058e-08
-11.883309364318848
-204.04237365722656
1.999999987845058e-08
1.999999987845058e-08
-12.049367904663086
-205.75836181640625
-1.999999987845058e-08
-1.999999987845058e-08
-8.656904220581055
-214.63247680664062
1.999999987845058e-08
1.999999987845058e-08
-5.617918968200684
-223.21031188964844
-1.999999987845058e-08
-1.999999987845058e-08
-6.000034332275391
-220.99468994140625
1.999999987845058e-08
1.999999987845058e-08
-6.146882057189941
-216.13668823242188
-1.999999987845058e-08
-1.999999987845058e-08
-2.0889503955841064
-221.79327392578125
1.999999987845058e-08
1.999999987845058e-08
2.860234498977661
-227.64439392089844
-1.999999987845058e-08
-1.999999987845058e-08
6.5972208976745605
-222.17318725585938
1.999999987845058e-08
1.999999987845058e-08
13.72447395324707
-222.552490234375
-1.999999987845058e-08
-1.999999987845058e-08
22.29225730895996
-243.1905059814453
1.999999987845058e-08
1.999999987845058e-08
21.156177520751953
-263.4040832519531
-1.999999987845058e-08
-1.999999987845058e-08
8.984735488891602
-259.92626953125
1.999999987845058e-08
1.999999987845058e-08
-2.5834271907806396
-241.41790771484375
-1.999999987845058e-08
-1.999999987845058e-08
-7.816789627075195
-225.2017364501953
1.999999987845058e-08
1.999999987845058e-08
-10.341524124145508
-210.92471313476562
-1.999999987845058e-08
-1.999999987845058e-08
-9.939107894897461
-195.92523193359375
1.999999987845058e-08
1.999999987845058e-08
-2.104065418243408
-191.5074920654297
-1.999999987845058e-08
-1.999999987845058e-08
10.523442268371582
-208.6446533203125
1.999999987845058e-08
1.999999987845058e-08
10.523442268371582
-208.6446533203125
-1.999999987845058e-08
-1.999999987845058e-08
17.063814163208008
-237.59840393066406
1.999999987845058e-08
1.999999987845058e-08
10.761737823486328
-254.002197265625
-1.999999987845058e-08
-1.999999987845058e-08
-2.525212049484253
-246.56875610351562
1.999999987845058e-08
1.999999987845058e-08
-10.830863952636719
-228.74432373046875
-1.999999987845058e-08
-1.999999987845058e-08
-9.270896911621094
-217.81204223632812
1.999999987845058e-08
1.999999987845058e-08
-2.989999294281006
-214.9430694580078
-1.999999987845058e-08
-1.999999987845058e-08
2.7399137020111084
-212.54664611816406
1.999999987845058e-08
1.999999987845058e-08
8.391277313232422
-210.3427276611328
-1.999999987845058e-08
-1.999999987845058e-08
14.259279251098633
-218.61366271972656
1.999999987845058e-08
1.999999987845058e-08
15.372492790222168
-241.24191284179688
-1.999999987845058e-08
-1.999999987845058e-08
7.021677494049072
-257.57537841796875
1.999999987845058e-08
1.999999987845058e-08
-6.165719509124756
-244.45849609375
-1.999999987845058e-08
-1.999999987845058e-08
-13.570682525634766
-211.77713012695312
1.999999987845058e-08
1.999999987845058e-08
-11.530455589294434
-189.26377868652344
-1.999999987845058e-08
-1.999999987845058e-08
-5.780056953430176
-189.59910583496094
1.999999987845058e-08
1.999999987845058e-08
-3.068838596343994
-200.26060485839844
-1.999999987845058e-08
-1.999999987845058e-08
-4.486306190490723
-202.08633422851562
1.999999987845058e-08
1.999999987845058e-08
-5.874261856079102
-189.29348754882812
-1.999999987845058e-08
-1.999999987845058e-08
-4.53428840637207
-172.2237548828125
1.999999987845058e-08
1.999999987845058e-08
-4.53428840637207
-172.2237548828125
-1.999999987845058e-08
-1.999999987845058e-08
-2.9867303371429443
-161.6723175048828
1.999999987845058e-08
1.999999987845058e-08
-4.194629669189453
-153.60769653320312
-1.999999987845058e-08
-1.999999987845058e-08
-4.979287624359131
-139.3745880126953
1.999999987845058e-08
1.999999987845058e-08
0.7257882952690125
-127.72830200195312
-1.999999987845058e-08
-1.999999987845058e-08
10.885009765625
-134.52442932128906
1.999999987845058e-08
1.999999987845058e-08
16.523601531982422
-154.28790283203125
-1.999999987845058e-08
-1.999999987845058e-08
13.785849571228027
-164.777587890625
1.999999987845058e-08
1.999999987845058e-08
5.960313320159912
-155.04322814941406
-1.999999987845058e-08
-1.999999987845058e-08
-1.7175943851470947
-135.5980987548828
1.999999987845058e-08
1.999999987845058e-08
5.960313320159912
-155.04322814941406
-1.999999987845058e-08
-1.999999987845058e-08
-1.7175943851470947
-135.5980987548828
1.999999987845058e-08
1.999999987845058e-08
-4.569880962371826
-121.85696411132812
-1.999999987845058e-08
-1.999999987845058e-08
-0.7272499203681946
-117.23932647705078
1.999999987845058e-08
1.999999987845058e-08
7.859058856964111
-122.30028533935547
-1.999999987845058e-08
-1.999999987845058e-08
14.316263198852539
-138.2516326904297
1.999999987845058e-08
1.999999987845058e-08
8.505382537841797
-145.81143188476562
-1.999999987845058e-08
-1.999999987845058e-08
-10.839225769042969
-118.76151275634766
1.999999987845058e-08
1.999999987845058e-08
-28.650732040405273
-68.95101165771484
-1.999999987845058e-08
-1.999999987845058e-08
-28.192737579345703
-39.89973449707031
1.999999987845058e-08
1.999999987845058e-08
4.319910049438477
-91.99185180664062
-1.999999987845058e-08
-1.999999987845058e-08
3.9571893215179443
-113.06571197509766
1.999999987845058e-08
1.999999987845058e-08
-6.281894683837891
-93.48297119140625
-1.999999987845058e-08
-1.999999987845058e-08
-11.052215576171875
-44.37183380126953
1.999999987845058e-08
1.999999987845058e-08
-5.771435737609863
1.9741387367248535
-1.999999987845058e-08
-1.999999987845058e-08
3.805687189102173
21.085813522338867
1.999999987845058e-08
1.999999987845058e-08
13.853285789489746
8.97644329071045
-1.999999987845058e-08
-1.999999987845058e-08
21.665721893310547
-18.540739059448242
1.999999987845058e-08
1.999999987845058e-08
23.078310012817383
-37.985450744628906
-1.999999987845058e-08
-1.999999987845058e-08
17.73076057434082
-36.62350082397461
1.999999987845058e-08
1.999999987845058e-08
2.340059280395508
14.078899383544922
-1.999999987845058e-08
-1.999999987845058e-08
-0.8803051114082336
40.83252716064453
1.999999987845058e-08
1.999999987845058e-08
1.575718879699707
54.7646369934082
-1.999999987845058e-08
-1.999999987845058e-08
8.421025276184082
54.120941162109375
1.999999987845058e-08
1.999999987845058e-08
15.249090194702148
42.06101989746094
-1.999999987845058e-08
-1.999999987845058e-08
19.602401733398438
22.087669372558594
1.999999987845058e-08
1.999999987845058e-08
21.32495880126953
2.007012128829956
-1.999999987845058e-08
-1.999999987845058e-08
16.220020294189453
1.376979947090149
1.999999987845058e-08
1.999999987845058e-08
1.7006436586380005
34.15389633178711
-1.999999987845058e-08
-1.999999987845058e-08
-11.27861499786377
80.79611206054688
1.999999987845058e-08
1.999999987845058e-08
-9.3269681930542
106.4669418334961
-1.999999987845058e-08
-1.999999987845058e-08
3.9439210891723633
101.11703491210938
1.999999987845058e-08
1.999999987845058e-08
13.921701431274414
78.96184539794922
-1.999999987845058e-08
-1.999999987845058e-08
12.407279014587402
60.087711334228516
1.999999987845058e-08
1.999999987845058e-08
2.9188830852508545
58.67036819458008
-1.999999987845058e-08
-1.999999987845058e-08
-5.884030818939209
73.0804443359375
1.999999987845058e-08
1.999999987845058e-08
-10.8962984085083
98.58899688720703
-1.999999987845058e-08
-1.999999987845058e-08
-12.738297462463379
133.72705078125
1.999999987845058e-08
1.999999987845058e-08
-5.436385631561279
154.72645568847656
-1.999999987845058e-08
-1.999999987845058e-08
14.56336498260498
132.36985778808594
1.999999987845058e-08
1.999999987845058e-08
28.675857543945312
89.25189971923828
-1.999999987845058e-08
-1.999999987845058e-08
6.07421350479126
139.98414611816406
1.999999987845058e-08
1.999999987845058e-08
-13.228632926940918
197.12005615234375
-1.999999987845058e-08
-1.999999987845058e-08
-13.797313690185547
218.26194763183594
1.999999987845058e-08
1.999999987845058e-08
0.013494153507053852
201.31312561035156
-1.999999987845058e-08
-1.999999987845058e-08
13.88800048828125
169.8843231201172
1.999999987845058e-08
1.999999987845058e-08
18.713930130004883
146.1450653076172
-1.999999987845058e-08
-1.999999987845058e-08
14.651878356933594
141.12423706054688
1.999999987845058e-08
1.999999987845058e-08
6.464702606201172
157.0652618408203
-1.999999987845058e-08
-1.999999987845058e-08
-0.582035481929779
187.39129638671875
1.999999987845058e-08
1.999999987845058e-08
6.99718713760376
207.1226043701172
-1.999999987845058e-08
-1.999999987845058e-08
8.176504135131836
185.35992431640625
1.999999987845058e-08
1.999999987845058e-08
1.0485491752624512
185.1060028076172
-1.999999987845058e-08
-1.999999987845058e-08
-6.62373685836792
200.80674743652344
1.999999987845058e-08
1.999999987845058e-08
-5.135511875152588
209.01512145996094
-1.999999987845058e-08
-1.999999987845058e-08
5.915184497833252
197.16539001464844
1.999999987845058e-08
1.999999987845058e-08
16.880985260009766
173.44436645507812
-1.999999987845058e-08
-1.999999987845058e-08
17.532194137573242
161.5623779296875
1.999999987845058e-08
1.999999987845058e-08
9.432472229003906
177.18739318847656
-1.999999987845058e-08
-1.999999987845058e-08
3.2435503005981445
210.7204132080078
1.999999987845058e-08
1.999999987845058e-08
19.15555191040039
225.37400817871094
-1.999999987845058e-08
-1.999999987845058e-08
21.741079330444336
180.4767303466797
1.999999987845058e-08
1.999999987845058e-08
11.731030464172363
172.34849548339844
-1.999999987845058e-08
-1.999999987845058e-08
-3.2071452140808105
207.38442993164062
1.999999987845058e-08
1.999999987845058e-08
-6.942975044250488
242.27232360839844
-1.999999987845058e-08
-1.999999987845058e-08
5.694372177124023
237.84877014160156
1.999999987845058e-08
1.999999987845058e-08
22.848278045654297
198.65838623046875
-1.999999987845058e-08
-1.999999987845058e-08
27.049711227416992
164.1287078857422
1.999999987845058e-08
1.999999987845058e-08
14.382364273071289
166.35569763183594
-1.999999987845058e-08
-1.999999987845058e-08
-1.8324087858200073
198.31752014160156
1.999999987845058e-08
1.999999987845058e-08
27.049711227416992
164.1287078857422
-1.999999987845058e-08
-1.999999987845058e-08
14.382364273071289
166.35569763183594
1.999999987845058e-08
1.999999987845058e-08
-1.8324087858200073
198.31752014160156
-1.999999987845058e-08
-1.999999987845058e-08
-9.052190780639648
230.10205078125
1.999999987845058e-08
1.999999987845058e-08
-6.070755481719971
237.75332641601562
-1.999999987845058e-08
-1.999999987845058e-08
2.841505765914917
213.79000854492188
1.999999987845058e-08
1.999999987845058e-08
12.557557106018066
172.32640075683594
-1.999999987845058e-08
-1.999999987845058e-08
16.423723220825195
142.39002990722656
1.999999987845058e-08
1.999999987845058e-08
9.199708938598633
145.2048797607422
-1.999999987845058e-08
-1.999999987845058e-08
-4.501134395599365
176.076904296875
1.999999987845058e-08
1.999999987845058e-08
-0.6049088835716248
206.3204803466797
-1.999999987845058e-08
-1.999999987845058e-08
3.1479904651641846
184.3252410888672
1.999999987845058e-08
1.999999987845058e-08
9.196576118469238
151.39520263671875
-1.999999987845058e-08
-1.999999987845058e-08
12.141504287719727
124.43755340576172
1.999999987845058e-08
1.999999987845058e-08
7.518452167510986
128.0925750732422
-1.999999987845058e-08
-1.999999987845058e-08
-0.45423048734664917
159.1590118408203
1.999999987845058e-08
1.999999987845058e-08
-4.197683811187744
189.66751098632812
-1.999999987845058e-08
-1.999999987845058e-08
-0.9847703576087952
200.84078979492188
1.999999987845058e-08
1.999999987845058e-08
6.287056922912598
193.73114013671875
-1.999999987845058e-08
-1.999999987845058e-08
13.058832168579102
175.21524047851562
1.999999987845058e-08
1.999999987845058e-08
-0.9847703576087952
200.84078979492188
-1.999999987845058e-08
-1.999999987845058e-08
6.287056922912598
193.73114013671875
1.999999987845058e-08
1.999999987845058e-08
13.058832168579102
175.21524047851562
-1.999999987845058e-08
-1.999999987845058e-08
16.772119522094727
149.34744262695312
1.999999987845058e-08
1.999999987845058e-08
16.499181747436523
124.71685028076172
-1.999999987845058e-08
-1.999999987845058e-08
11.119773864746094
116.9438247680664
1.999999987845058e-08
1.999999987845058e-08
1.1668357849121094
132.06182861328125
-1.999999987845058e-08
-1.999999987845058e-08
-8.810429573059082
157.32723999023438
1.999999987845058e-08
1.999999987845058e-08
-10.768991470336914
168.6338653564453
-1.999999987845058e-08
-1.999999987845058e-08
0.45912274718284607
142.66798400878906
1.999999987845058e-08
1.999999987845058e-08
-18.942626953125
92.99455261230469
-1.999999987845058e-08
-1.999999987845058e-08
-11.845979690551758
78.3182601928711
1.999999987845058e-08
1.999999987845058e-08
-4.759204864501953
64.1845474243164
-1.999999987845058e-08
-1.999999987845058e-08
1.5197020769119263
46.635353088378906
1.999999987845058e-08
1.999999987845058e-08
2.1204493045806885
40.11325454711914
-1.999999987845058e-08
-1.999999987845058e-08
-4.1342878341674805
62.94520950317383
1.999999987845058e-08
1.999999987845058e-08
-6.289498329162598
95.97218322753906
-1.999999987845058e-08
-1.999999987845058e-08
3.775183916091919
101.48860931396484
1.999999987845058e-08
1.999999987845058e-08
17.23379135131836
73.06776428222656
-1.999999987845058e-08
-1.999999987845058e-08
19.877721786499023
39.059051513671875
1.999999987845058e-08
1.999999987845058e-08
3.775183916091919
101.48860931396484
-1.999999987845058e-08
-1.999999987845058e-08
17.23379135131836
73.06776428222656
1.999999987845058e-08
1.999999987845058e-08
19.877721786499023
39.059051513671875
-1.999999987845058e-08
-1.999999987845058e-08
10.558876037597656
26.45977210998535
1.999999987845058e-08
1.999999987845058e-08
-0.15657387673854828
37.75884246826172
-1.999999987845058e-08
-1.999999987845058e-08
-4.992249488830566
57.68840408325195
1.999999987845058e-08
1.999999987845058e-08
-5.57404088973999
70.1225814819336
-1.999999987845058e-08
-1.999999987845058e-08
-6.884871482849121
71.13941955566406
1.999999987845058e-08
1.999999987845058e-08
-12.370238304138184
71.48948669433594
-1.999999987845058e-08
-1.999999987845058e-08
-19.311595916748047
74.8497085571289
1.999999987845058e-08
1.999999987845058e-08
-0.15657387673854828
37.75884246826172
-1.999999987845058e-08
-1.999999987845058e-08
-4.992249488830566
57.68840408325195
1.999999987845058e-08
1.999999987845058e-08
-5.57404088973999
70.1225814819336
-1.999999987845058e-08
-1.999999987845058e-08
-6.884871482849121
71.13941955566406
1.999999987845058e-08
1.999999987845058e-08
-12.370238304138184
71.48948669433594
-1.999999987845058e-08
-1.999999987845058e-08
-19.311595916748047
74.8497085571289
1.999999987845058e-08
1.999999987845058e-08
-19.423301696777344
61.35462951660156
-1.999999987845058e-08
-1.999999987845058e-08
-12.065592765808105
19.54693031311035
1.999999987845058e-08
1.999999987845058e-08
-9.6312255859375
-22.907434463500977
-1.999999987845058e-08
-1.999999987845058e-08
-20.29547691345215
-30.103843688964844
1.999999987845058e-08
1.999999987845058e-08
-37.60857009887695
28.640962600708008
-1.999999987845058e-08
-1.999999987845058e-08
-27.453271865844727
40.17460632324219
1.999999987845058e-08
1.999999987845058e-08
-11.902685165405273
30.713272094726562
-1.999999987845058e-08
-1.999999987845058e-08
2.027658224105835
3.3280715942382812
1.999999987845058e-08
1.999999987845058e-08
7.471303939819336
-33.092979431152344
-1.999999987845058e-08
-1.999999987845058e-08
-1.2961701154708862
-48.06560134887695
1.999999987845058e-08
1.999999987845058e-08
-16.232423782348633
-23.002117156982422
-1.999999987845058e-08
-1.999999987845058e-08
-20.048227310180664
12.6727294921875
1.999999987845058e-08
1.999999987845058e-08
-10.873779296875
24.878732681274414
-1.999999987845058e-08
-1.999999987845058e-08
-1.451120376586914
16.837892532348633
1.999999987845058e-08
1.999999987845058e-08
4.897465229034424
-2.7108285427093506
-1.999999987845058e-08
-1.999999987845058e-08
12.473119735717773
-34.575042724609375
1.999999987845058e-08
1.999999987845058e-08
16.667661666870117
-61.19755554199219
-1.999999987845058e-08
-1.999999987845058e-08
11.659151077270508
-59.34600830078125
1.999999987845058e-08
1.999999987845058e-08
2.8336055278778076
-36.29071807861328
-1.999999987845058e-08
-1.999999987845058e-08
0.013536009937524796
-24.5396785736084
1.999999987845058e-08
1.999999987845058e-08
5.978346347808838
-44.16673278808594
-1.999999987845058e-08
-1.999999987845058e-08
13.419754028320312
-75.21453094482422
1.999999987845058e-08
1.999999987845058e-08
13.170045852661133
-81.14610290527344
-1.999999987845058e-08
-1.999999987845058e-08
4.649847507476807
-54.02362060546875
1.999999987845058e-08
1.999999987845058e-08
-4.178750991821289
5.947223663330078
-1.999999987845058e-08
-1.999999987845058e-08
7.351904392242432
-10.97515869140625
1.999999987845058e-08
1.999999987845058e-08
19.08324432373047
-54.54826354980469
-1.999999987845058e-08
-1.999999987845058e-08
15.669364929199219
-81.79180145263672
1.999999987845058e-08
1.999999987845058e-08
-3.698134183883667
-67.42644500732422
-1.999999987845058e-08
-1.999999987845058e-08
-25.14875602722168
-28.26510238647461
1.999999987845058e-08
1.999999987845058e-08
-37.01884078979492
9.240737915039062
-1.999999987845058e-08
-1.999999987845058e-08
-34.991180419921875
27.619535446166992
1.999999987845058e-08
1.999999987845058e-08
-18.48260498046875
8.084330558776855
-1.999999987845058e-08
-1.999999987845058e-08
2.7939505577087402
-48.697505950927734
1.999999987845058e-08
1.999999987845058e-08
10.623496055603027
-97.10612487792969
-1.999999987845058e-08
-1.999999987845058e-08
0.9710500836372375
-92.99267578125
1.999999987845058e-08
1.999999987845058e-08
-8.73906421661377
-55.59628677368164
-1.999999987845058e-08
-1.999999987845058e-08
-6.0628461837768555
-34.01679992675781
1.999999987845058e-08
1.999999987845058e-08
-0.25021204352378845
-34.70590591430664
-1.999999987845058e-08
-1.999999987845058e-08
-1.785913348197937
-35.24781799316406
1.999999987845058e-08
1.999999987845058e-08
-5.549121856689453
-37.27827835083008
-1.999999987845058e-08
-1.999999987845058e-08
-4.803922176361084
-51.0900764465332
1.999999987845058e-08
1.999999987845058e-08
-2.0676426887512207
-63.78252029418945
-1.999999987845058e-08
-1.999999987845058e-08
-0.8864545226097107
-61.5286865234375
1.999999987845058e-08
1.999999987845058e-08
-0.8864545822143555
-61.5286865234375
-1.999999987845058e-08
-1.999999987845058e-08
-2.1546382904052734
-47.661041259765625
1.999999987845058e-08
1.999999987845058e-08
-5.332685470581055
-30.691564559936523
-1.999999987845058e-08
-1.999999987845058e-08
-5.326603412628174
-25.88713264465332
1.999999987845058e-08
1.999999987845058e-08
1.4781595468521118
-48.373321533203125
-1.999999987845058e-08
-1.999999987845058e-08
6.918541431427002
-80.16120910644531
1.999999987845058e-08
1.999999987845058e-08
1.1891191005706787
-81.57013702392578
-1.999999987845058e-08
-1.999999987845058e-08
-10.38080883026123
-49.28709411621094
1.999999987845058e-08
1.999999987845058e-08
-15.686726570129395
-18.16053009033203
-1.999999987845058e-08
-1.999999987845058e-08
-12.475607872009277
-9.517664909362793
1.999999987845058e-08
1.999999987845058e-08
-5.342026233673096
-20.696016311645508
-1.999999987845058e-08
-1.999999987845058e-08
1.6143945455551147
-46.52668762207031
1.999999987845058e-08
1.999999987845058e-08
4.055342197418213
-77.68798065185547
-1.999999987845058e-08
-1.999999987845058e-08
0.3335290253162384
-96.42451477050781
1.999999987845058e-08
1.999999987845058e-08
-4.441962242126465
-93.92488098144531
-1.999999987845058e-08
-1.999999987845058e-08
-3.40315842628479
-81.11833953857422
1.999999987845058e-08
1.999999987845058e-08
3.7342727184295654
-72.75358581542969
-1.999999987845058e-08
-1.999999987845058e-08
9.75496768951416
-70.69886779785156
1.999999987845058e-08
1.999999987845058e-08
8.075891494750977
-69.5550765991211
-1.999999987845058e-08
-1.999999987845058e-08
0.9404313564300537
-68.96358489990234
1.999999987845058e-08
1.999999987845058e-08
-6.899581432342529
-76.9777603149414
-1.999999987845058e-08
-1.999999987845058e-08
-10.32230281829834
-72.0709457397461
1.999999987845058e-08
1.999999987845058e-08
-14.005315780639648
-62.2878303527832
-1.999999987845058e-08
-1.999999987845058e-08
-16.012197494506836
-60.128570556640625
1.999999987845058e-08
1.999999987845058e-08
-16.24516487121582
-67.70501708984375
-1.999999987845058e-08
-1.999999987845058e-08
-11.929387092590332
-83.92464447021484
1.999999987845058e-08
1.999999987845058e-08
-3.3791608810424805
-105.9511947631836
-1.999999987845058e-08
-1.999999987845058e-08
0.4773644506931305
-117.15286254882812
1.999999987845058e-08
1.999999987845058e-08
-6.4760026931762695
-99.2044677734375
-1.999999987845058e-08
-1.999999987845058e-08
-17.335872650146484
-57.44373321533203
1.999999987845058e-08
1.999999987845058e-08
-18.948659896850586
-26.50422477722168
-1.999999987845058e-08
-1.999999987845058e-08
-7.872714996337891
-41.445716857910156
1.999999987845058e-08
1.999999987845058e-08
3.6360135078430176
-96.38956451416016
-1.999999987845058e-08
-1.999999987845058e-08
1.3097286224365234
-145.33888244628906
1.999999987845058e-08
1.999999987845058e-08
-14.969964981079102
-149.365234375
-1.999999987845058e-08
-1.999999987845058e-08
-31.449848175048828
-111.73779296875
1.999999987845058e-08
1.999999987845058e-08
-34.277225494384766
-66.48214721679688
-1.999999987845058e-08
-1.999999987845058e-08
-22.38763427734375
-44.66987991333008
1.999999987845058e-08
1.999999987845058e-08
-7.153306484222412
-52.762393951416016
-1.999999987845058e-08
-1.999999987845058e-08
0.4883853495121002
-72.9135513305664
1.999999987845058e-08
1.999999987845058e-08
0.48838531970977783
-72.9135513305664
-1.999999987845058e-08
-1.999999987845058e-08
0.48872819542884827
-84.01546478271484
1.999999987845058e-08
1.999999987845058e-08
-1.0404878854751587
-79.97700500488281
-1.999999987845058e-08
-1.999999987845058e-08
-2.0434374809265137
-64.36344146728516
1.999999987845058e-08
1.999999987845058e-08
-3.2767817974090576
-44.55866241455078
-1.999999987845058e-08
-1.999999987845058e-08
-3.215911388397217
-34.4932975769043
1.999999987845058e-08
1.999999987845058e-08
0.081976979970932
-47.537757873535156
-1.999999987845058e-08
-1.999999987845058e-08
5.031979560852051
-81.1932601928711
1.999999987845058e-08
1.999999987845058e-08
5.382960319519043
-108.85655212402344
-1.999999987845058e-08
-1.999999987845058e-08
-2.6358437538146973
-102.5102767944336
1.999999987845058e-08
1.999999987845058e-08
-14.124469757080078
-47.78160095214844
-1.999999987845058e-08
-1.999999987845058e-08
-9.241354942321777
-45.853092193603516
1.999999987845058e-08
1.999999987845058e-08
-2.90702748298645
-54.94344711303711
-1.999999987845058e-08
-1.999999987845058e-08
3.781083345413208
-72.87823486328125
1.999999987845058e-08
1.999999987845058e-08
8.144539833068848
-98.50706481933594
-1.999999987845058e-08
-1.999999987845058e-08
1.841102123260498
-109.2137680053711
1.999999987845058e-08
1.999999987845058e-08
-16.238609313964844
-83.0136489868164
-1.999999987845058e-08
-1.999999987845058e-08
-31.565176010131836
-33.2929801940918
1.999999987845058e-08
1.999999987845058e-08
-28.318716049194336
1.8937218189239502
-1.999999987845058e-08
-1.999999987845058e-08
-8.240456581115723
-0.30567389726638794
1.999999987845058e-08
1.999999987845058e-08
11.16110897064209
-28.438596725463867
-1.999999987845058e-08
-1.999999987845058e-08
16.37067413330078
-55.97105407714844
1.999999987845058e-08
1.999999987845058e-08
9.870743751525879
-67.98519134521484
-1.999999987845058e-08
-1.999999987845058e-08
2.63657546043396
-66.34337615966797
1.999999987845058e-08
1.999999987845058e-08
1.1981672048568726
-60.09115982055664
-1.999999987845058e-08
-1.999999987845058e-08
2.455200672149658
-52.19866943359375
1.999999987845058e-08
1.999999987845058e-08
-0.3655223548412323
-37.22833251953125
-1.999999987845058e-08
-1.999999987845058e-08
-6.365604400634766
-18.88262939453125
1.999999987845058e-08
1.999999987845058e-08
-6.139196872711182
-19.07642364501953
-1.999999987845058e-08
-1.999999987845058e-08
4.063834190368652
-52.604278564453125
1.999999987845058e-08
1.999999987845058e-08
-6.139196872711182
-19.07642364501953
-1.999999987845058e-08
-1.999999987845058e-08
4.063834190368652
-52.604278564453125
1.999999987845058e-08
1.999999987845058e-08
12.969513893127441
-96.59761047363281
-1.999999987845058e-08
-1.999999987845058e-08
8.023218154907227
-107.79999542236328
1.999999987845058e-08
1.999999987845058e-08
-5.811267852783203
-73.46554565429688
-1.999999987845058e-08
-1.999999987845058e-08
-12.769674301147461
-23.1701717376709
1.999999987845058e-08
1.999999987845058e-08
-6.754216194152832
6.610570907592773
-1.999999987845058e-08
-1.999999987845058e-08
5.780271530151367
0.2708788812160492
1.999999987845058e-08
1.999999987845058e-08
17.359453201293945
-35.9259147644043
-1.999999987845058e-08
-1.999999987845058e-08
24.326780319213867
-82.3977279663086
1.999999987845058e-08
1.999999987845058e-08
9.199478149414062
-74.74203491210938
-1.999999987845058e-08
-1.999999987845058e-08
11.817323684692383
-98.81867980957031
1.999999987845058e-08
1.999999987845058e-08
8.157655715942383
-114.3532943725586
-1.999999987845058e-08
-1.999999987845058e-08
-0.7885730266571045
-105.71263122558594
1.999999987845058e-08
1.999999987845058e-08
-6.917949199676514
-84.01993560791016
-1.999999987845058e-08
-1.999999987845058e-08
-7.019957542419434
-71.36827850341797
1.999999987845058e-08
1.999999987845058e-08
-4.954228401184082
-70.42890167236328
-1.999999987845058e-08
-1.999999987845058e-08
-0.3314749598503113
-77.80020904541016
1.999999987845058e-08
1.999999987845058e-08
9.443321228027344
-97.02397918701172
-1.999999987845058e-08
-1.999999987845058e-08
17.986968994140625
-115.02574157714844
1.999999987845058e-08
1.999999987845058e-08
17.986968994140625
-115.02574157714844
-1.999999987845058e-08
-1.999999987845058e-08
16.871997833251953
-106.61204528808594
1.999999987845058e-08
1.999999987845058e-08
9.126995086669922
-73.90047454833984
-1.999999987845058e-08
-1.999999987845058e-08
4.901179790496826
-45.92652893066406
1.999999987845058e-08
1.999999987845058e-08
9.905247688293457
-45.605140686035156
-1.999999987845058e-08
-1.999999987845058e-08
20.009428024291992
-72.4671859741211
1.999999987845058e-08
1.999999987845058e-08
23.200111389160156
-102.8079833984375
-1.999999987845058e-08
-1.999999987845058e-08
12.586930274963379
-107.18049621582031
1.999999987845058e-08
1.999999987845058e-08
-2.4465482234954834
-81.40328979492188
-1.999999987845058e-08
-1.999999987845058e-08
-7.0260210037231445
-53.10509490966797
1.999999987845058e-08
1.999999987845058e-08
-7.0260210037231445
-53.10509490966797
-1.999999987845058e-08
-1.999999987845058e-08
0.11049184203147888
-44.9398078918457
1.999999987845058e-08
1.999999987845058e-08
8.272743225097656
-47.91165542602539
-1.999999987845058e-08
-1.999999987845058e-08
11.543427467346191
-45.949039459228516
1.999999987845058e-08
1.999999987845058e-08
13.323512077331543
-42.6978759765625
-1.999999987845058e-08
-1.999999987845058e-08
16.709760665893555
-50.36674499511719
1.999999987845058e-08
1.999999987845058e-08
18.51382827758789
-68.30087280273438
-1.999999987845058e-08
-1.999999987845058e-08
13.739179611206055
-78.35838317871094
1.999999987845058e-08
1.999999987845058e-08
3.658482313156128
-65.1217269897461
-1.999999987845058e-08
-1.999999987845058e-08
-3.71217679977417
-38.16073989868164
1.999999987845058e-08
1.999999987845058e-08
4.621694087982178
-14.719833374023438
-1.999999987845058e-08
-1.999999987845058e-08
10.0413179397583
-25.219106674194336
1.999999987845058e-08
1.999999987845058e-08
9.974454879760742
-43.127655029296875
-1.999999987845058e-08
-1.999999987845058e-08
8.487457275390625
-61.56739044189453
1.999999987845058e-08
1.999999987845058e-08
9.148826599121094
-75.85913848876953
-1.999999987845058e-08
-1.999999987845058e-08
8.976269721984863
-79.0972671508789
1.999999987845058e-08
1.999999987845058e-08
5.939371109008789
-67.26852416992188
-1.999999987845058e-08
-1.999999987845058e-08
1.954562783241272
-43.78810119628906
1.999999987845058e-08
1.999999987845058e-08
-1.852893590927124
-16.262849807739258
-1.999999987845058e-08
-1.999999987845058e-08
-3.3013105392456055
2.2752935886383057
1.999999987845058e-08
1.999999987845058e-08
-3.3013105392456055
2.2752933502197266
-1.999999987845058e-08
-1.999999987845058e-08
1.1602081060409546
1.9798710346221924
1.999999987845058e-08
1.999999987845058e-08
11.17077350616455
-15.059891700744629
-1.999999987845058e-08
-1.999999987845058e-08
21.796382904052734
-41.905086517333984
1.999999987845058e-08
1.999999987845058e-08
26.274248123168945
-65.41704559326172
-1.999999987845058e-08
-1.999999987845058e-08
20.592082977294922
-65.5467300415039
1.999999987845058e-08
1.999999987845058e-08
9.26609992980957
-37.85600662231445
-1.999999987845058e-08
-1.999999987845058e-08
3.036724805831909
-7.04157018661499
1.999999987845058e-08
1.999999987845058e-08
7.033259391784668
-2.176358699798584
-1.999999987845058e-08
-1.999999987845058e-08
13.781896591186523
-22.074508666992188
1.999999987845058e-08
1.999999987845058e-08
-17.415000915527344
-36.312862396240234
-1.999999987845058e-08
-1.999999987845058e-08
-21.996807098388672
-26.73343849182129
1.999999987845058e-08
1.999999987845058e-08
-24.500545501708984
-7.9659295082092285
-1.999999987845058e-08
-1.999999987845058e-08
-23.59905433654785
5.364874362945557
1.999999987845058e-08
1.999999987845058e-08
-18.398738861083984
4.163569450378418
-1.999999987845058e-08
-1.999999987845058e-08
-10.032129287719727
-5.911567687988281
1.999999987845058e-08
1.999999987845058e-08
-2.7623629570007324
-11.894081115722656
-1.999999987845058e-08
-1.999999987845058e-08
-0.6221016645431519
-5.438054084777832
1.999999987845058e-08
1.999999987845058e-08
-0.8528639078140259
8.286849021911621
-1.999999987845058e-08
-1.999999987845058e-08
2.4665982723236084
13.902597427368164
1.999999987845058e-08
1.999999987845058e-08
-10.032129287719727
-5.911567687988281
-1.999999987845058e-08
-1.999999987845058e-08
-2.7623627185821533
-11.894081115722656
1.999999987845058e-08
1.999999987845058e-08
-0.6221016645431519
-5.438054084777832
-1.999999987845058e-08
-1.999999987845058e-08
-0.8528639078140259
8.286849021911621
1.999999987845058e-08
1.999999987845058e-08
2.4665982723236084
13.902597427368164
-1.999999987845058e-08
-1.999999987845058e-08
6.9837541580200195
7.243448734283447
1.999999987845058e-08
1.999999987845058e-08
6.122516632080078
4.433538436889648
-1.999999987845058e-08
-1.999999987845058e-08
2.754762887954712
14.498577117919922
1.999999987845058e-08
1.999999987845058e-08
3.190882682800293
26.014196395874023
-1.999999987845058e-08
-1.999999987845058e-08
5.215668678283691
31.020845413208008
1.999999987845058e-08
1.999999987845058e-08
5.605643272399902
32.96946716308594
-1.999999987845058e-08
-1.999999987845058e-08
6.935304164886475
32.474151611328125
1.999999987845058e-08
1.999999987845058e-08
10.084089279174805
26.07659149169922
-1.999999987845058e-08
-1.999999987845058e-08
11.303396224975586
15.124215126037598
1.999999987845058e-08
1.999999987845058e-08
8.014366149902344
9.308576583862305
-1.999999987845058e-08
-1.999999987845058e-08
2.2010440826416016
17.265283584594727
1.999999987845058e-08
1.999999987845058e-08
-1.8969841003417969
32.823543548583984
-1.999999987845058e-08
-1.999999987845058e-08
-2.752537488937378
43.68947219848633
1.999999987845058e-08
1.999999987845058e-08
-2.3514456748962402
50.687198638916016
-1.999999987845058e-08
-1.999999987845058e-08
-1.568489909172058
60.278404235839844
1.999999987845058e-08
1.999999987845058e-08
13.5777587890625
34.14741897583008
-1.999999987845058e-08
-1.999999987845058e-08
14.121441841125488
19.92196273803711
1.999999987845058e-08
1.999999987845058e-08
8.352652549743652
22.659854888916016
-1.999999987845058e-08
-1.999999987845058e-08
-0.8136037588119507
38.31867218017578
1.999999987845058e-08
1.999999987845058e-08
-7.566032886505127
52.21208190917969
-1.999999987845058e-08
-1.999999987845058e-08
-10.650832176208496
55.37257766723633
1.999999987845058e-08
1.999999987845058e-08
-14.50794506072998
58.905826568603516
-1.999999987845058e-08
-1.999999987845058e-08
-17.89301300048828
73.88751220703125
1.999999987845058e-08
1.999999987845058e-08
-12.911843299865723
87.96868896484375
-1.999999987845058e-08
-1.999999987845058e-08
0.5044522285461426
83.36531829833984
1.999999987845058e-08
1.999999987845058e-08
10.256538391113281
67.76628875732422
-1.999999987845058e-08
-1.999999987845058e-08
8.137360572814941
62.86659240722656
1.999999987845058e-08
1.999999987845058e-08
1.8837018013000488
65.93445587158203
-1.999999987845058e-08
-1.999999987845058e-08
1.3304718732833862
56.86543655395508
1.999999987845058e-08
1.999999987845058e-08
2.5101358890533447
39.7301025390625
-1.999999987845058e-08
-1.999999987845058e-08
-2.0148720741271973
38.3145751953125
1.999999987845058e-08
1.999999987845058e-08
-9.217045783996582
59.911949157714844
-1.999999987845058e-08
-1.999999987845058e-08
-11.149598121643066
89.22750091552734
1.999999987845058e-08
1.999999987845058e-08
-5.046784400939941
104.82180786132812
-1.999999987845058e-08
-1.999999987845058e-08
4.53629732131958
95.90264892578125
1.999999987845058e-08
1.999999987845058e-08
-5.046784400939941
104.82180786132812
-1.999999987845058e-08
-1.999999987845058e-08
4.53629732131958
95.90264892578125
1.999999987845058e-08
1.999999987845058e-08
11.36056137084961
71.2244873046875
-1.999999987845058e-08
-1.999999987845058e-08
14.739768028259277
48.076473236083984
1.999999987845058e-08
1.999999987845058e-08
16.038043975830078
36.26240158081055
-1.999999987845058e-08
-1.999999987845058e-08
11.301506996154785
40.37913513183594
1.999999987845058e-08
1.999999987845058e-08
-2.0914196968078613
62.236820220947266
-1.999999987845058e-08
-1.999999987845058e-08
-16.14084815979004
89.28186798095703
1.999999987845058e-08
1.999999987845058e-08
-20.870166778564453
102.44036865234375
-1.999999987845058e-08
-1.999999987845058e-08
-16.15117645263672
99.05626678466797
1.999999987845058e-08
1.999999987845058e-08
-16.15117645263672
99.05626678466797
-1.999999987845058e-08
-1.999999987845058e-08
-7.8750481605529785
88.62034606933594
1.999999987845058e-08
1.999999987845058e-08
-0.859660804271698
78.57843017578125
-1.999999987845058e-08
-1.999999987845058e-08
2.5115137100219727
73.89986419677734
1.999999987845058e-08
1.999999987845058e-08
3.58713960647583
72.75303649902344
-1.999999987845058e-08
-1.999999987845058e-08
5.965450286865234
63.80946731567383
1.999999987845058e-08
1.999999987845058e-08
9.306890487670898
42.99558639526367
-1.999999987845058e-08
-1.999999987845058e-08
9.235447883605957
25.669912338256836
1.999999987845058e-08
1.999999987845058e-08
5.896128177642822
25.1768741607666
-1.999999987845058e-08
-1.999999987845058e-08
2.7748868465423584
35.390602111816406
1.999999987845058e-08
1.999999987845058e-08
10.823973655700684
-3.965529203414917
-1.999999987845058e-08
-1.999999987845058e-08
0.6732991337776184
-0.559363842010498
1.999999987845058e-08
1.999999987845058e-08
-11.362212181091309
26.32380485534668
-1.999999987845058e-08
-1.999999987845058e-08
-13.606253623962402
45.74917221069336
1.999999987845058e-08
1.999999987845058e-08
-7.9907660484313965
47.89617919921875
-1.999999987845058e-08
-1.999999987845058e-08
-3.358337640762329
43.73490524291992
1.999999987845058e-08
1.999999987845058e-08
-2.277585506439209
42.469852447509766
-1.999999987845058e-08
-1.999999987845058e-08
-1.780741810798645
43.73591995239258
1.999999987845058e-08
1.999999987845058e-08
-0.4115058481693268
38.21969985961914
-1.999999987845058e-08
-1.999999987845058e-08
1.0794461965560913
15.4527587890625
1.999999987845058e-08
1.999999987845058e-08
-0.04910881817340851
-14.533637046813965
-1.999999987845058e-08
-1.999999987845058e-08
-6.535407066345215
-21.97230339050293
1.999999987845058e-08
1.999999987845058e-08
-15.214959144592285
4.962995529174805
-1.999999987845058e-08
-1.999999987845058e-08
-18.774492263793945
42.13487243652344
1.999999987845058e-08
1.999999987845058e-08
-14.251995086669922
57.847476959228516
-1.999999987845058e-08
-1.999999987845058e-08
-5.636111736297607
44.44645690917969
1.999999987845058e-08
1.999999987845058e-08
