0
-4.831207275390625
-136.24618530273438
1.999999987845058e-08
1.999999987845058e-08
-9.200257301330566
-130.7544403076172
-1.999999987845058e-08
-1.999999987845058e-08
-13.601396560668945
-118.42369079589844
1.999999987845058e-08
1.999999987845058e-08
-11.73652458190918
-113.859619140625
-1.999999987845058e-08
-1.999999987845058e-08
-6.505237102508545
-122.2323989868164
1.999999987845058e-08
1.999999987845058e-08
-6.995466232299805
-127.57258605957031
-1.999999987845058e-08
-1.999999987845058e-08
-14.725593566894531
-114.04827880859375
1.999999987845058e-08
1.999999987845058e-08
-20.25581169128418
-91.69367218017578
-1.999999987845058e-08
-1.999999987845058e-08
-15.461812019348145
-84.96607971191406
1.999999987845058e-08
1.999999987845058e-08
-2.775146245956421
-105.28321075439453
-1.999999987845058e-08
-1.999999987845058e-08
7.1001200675964355
-138.07630920410156
1.999999987845058e-08
1.999999987845058e-08
4.668386459350586
-151.93222045898438
-1.999999987845058e-08
-1.999999987845058e-08
-7.482802391052246
-130.4514617919922
1.999999987845058e-08
1.999999987845058e-08
-16.577491760253906
-92.57211303710938
-1.999999987845058e-08
-1.999999987845058e-08
-14.196425437927246
-72.12789916992188
1.999999987845058e-08
1.999999987845058e-08
-3.8325600624084473
-83.71965789794922
-1.999999987845058e-08
-1.999999987845058e-08
4.005812644958496
-112.85810852050781
1.999999987845058e-08
1.999999987845058e-08
2.4335556030273438
-136.00184631347656
-1.999999987845058e-08
-1.999999987845058e-08
-4.738330841064453
-144.00906372070312
1.999999987845058e-08
1.999999987845058e-08
-8.951358795166016
-144.05076599121094
-1.999999987845058e-08
-1.999999987845058e-08
-8.080806732177734
-145.45655822753906
1.999999987845058e-08
1.999999987845058e-08
-7.330225467681885
-149.7138671875
-1.999999987845058e-08
-1.999999987845058e-08
-10.790196418762207
-152.6901397705078
1.999999987845058e-08
1.999999987845058e-08
-17.471981048583984
-147.8979034423828
-1.999999987845058e-08
-1.999999987845058e-08
-24.07326316833496
-130.75523376464844
1.999999987845058e-08
1.999999987845058e-08
-25.364925384521484
-110.37051391601562
-1.999999987845058e-08
-1.999999987845058e-08
-17.445079803466797
-105.1071548461914
1.999999987845058e-08
1.999999987845058e-08
-5.868339538574219
-117.86296081542969
-1.999999987845058e-08
-1.999999987845058e-08
-1.049692153930664
-132.6067352294922
1.999999987845058e-08
1.999999987845058e-08
-1.049692153930664
-132.6067352294922
-1.999999987845058e-08
-1.999999987845058e-08
-5.317646026611328
-137.20677185058594
1.999999987845058e-08
1.999999987845058e-08
-13.029507637023926
-133.41116333007812
-1.999999987845058e-08
-1.999999987845058e-08
-17.59189224243164
-129.82321166992188
1.999999987845058e-08
1.999999987845058e-08
-15.50223445892334
-137.4082489013672
-1.999999987845058e-08
-1.999999987845058e-08
-11.577853202819824
-157.27488708496094
1.999999987845058e-08
1.999999987845058e-08
-14.915876388549805
-168.62716674804688
-1.999999987845058e-08
-1.999999987845058e-08
-24.449851989746094
-151.85362243652344
1.999999987845058e-08
1.999999987845058e-08
-29.0548038482666
-118.22521209716797
-1.999999987845058e-08
-1.999999987845058e-08
-22.80072784423828
-95.48949432373047
1.999999987845058e-08
1.999999987845058e-08
-11.477903366088867
-94.77658081054688
-1.999999987845058e-08
-1.999999987845058e-08
-4.7689995765686035
-104.35574340820312
1.999999987845058e-08
1.999999987845058e-08
-5.355058670043945
-107.98542785644531
-1.999999987845058e-08
-1.999999987845058e-08
-7.160187244415283
-103.87777709960938
1.999999987845058e-08
1.999999987845058e-08
-5.031466484069824
-102.86348724365234
-1.999999987845058e-08
-1.999999987845058e-08
-1.9242169857025146
-107.71957397460938
1.999999987845058e-08
1.999999987845058e-08
-2.0811476707458496
-109.70516204833984
-1.999999987845058e-08
-1.999999987845058e-08
-1.9908485412597656
-110.11080932617188
1.999999987845058e-08
1.999999987845058e-08
2.374669313430786
-119.19925689697266
-1.999999987845058e-08
-1.999999987845058e-08
4.249058723449707
-126.17208099365234
1.999999987845058e-08
1.999999987845058e-08
4.249058723449707
-126.17208099365234
-1.999999987845058e-08
-1.999999987845058e-08
-3.1228551864624023
-107.42794799804688
1.999999987845058e-08
1.999999987845058e-08
-11.797625541687012
-70.51876831054688
-1.999999987845058e-08
-1.999999987845058e-08
-11.492094039916992
-47.654327392578125
1.999999987845058e-08
1.999999987845058e-08
-6.0076727867126465
-50.28922653198242
-1.999999987845058e-08
-1.999999987845058e-08
-4.680130481719971
-63.41620635986328
1.999999987845058e-08
1.999999987845058e-08
-6.6931657791137695
-72.1916275024414
-1.999999987845058e-08
-1.999999987845058e-08
-3.2981996536254883
-74.48045349121094
1.999999987845058e-08
1.999999987845058e-08
7.842817306518555
-74.6148910522461
-1.999999987845058e-08
-1.999999987845058e-08
18.878822326660156
-77.3268051147461
1.999999987845058e-08
1.999999987845058e-08
-9.546281814575195
-76.5453109741211
-1.999999987845058e-08
-1.999999987845058e-08
-17.774259567260742
-59.489036560058594
1.999999987845058e-08
1.999999987845058e-08
-20.526988983154297
-46.488765716552734
-1.999999987845058e-08
-1.999999987845058e-08
-12.584002494812012
-55.32965087890625
1.999999987845058e-08
1.999999987845058e-08
-3.020928382873535
-77.79481506347656
-1.999999987845058e-08
-1.999999987845058e-08
-3.5004570484161377
-82.1774673461914
1.999999987845058e-08
1.999999987845058e-08
-8.976117134094238
-64.04540252685547
-1.999999987845058e-08
-1.999999987845058e-08
-7.6110711097717285
-54.959110260009766
1.999999987845058e-08
1.999999987845058e-08
-2.1823599338531494
-67.83751678466797
-1.999999987845058e-08
-1.999999987845058e-08
-2.440941572189331
-79.5801773071289
1.999999987845058e-08
1.999999987845058e-08
-17.774259567260742
-59.489036560058594
-1.999999987845058e-08
-1.999999987845058e-08
-20.526988983154297
-46.488765716552734
1.999999987845058e-08
1.999999987845058e-08
-12.584002494812012
-55.32965087890625
-1.999999987845058e-08
-1.999999987845058e-08
-3.020928382873535
-77.79481506347656
1.999999987845058e-08
1.999999987845058e-08
-3.5004570484161377
-82.1774673461914
-1.999999987845058e-08
-1.999999987845058e-08
-8.976117134094238
-64.04540252685547
1.999999987845058e-08
1.999999987845058e-08
-7.611071586608887
-54.959110260009766
-1.999999987845058e-08
-1.999999987845058e-08
-2.1823599338531494
-67.83751678466797
1.999999987845058e-08
1.999999987845058e-08
-2.440941572189331
-79.5801773071289
-1.999999987845058e-08
-1.999999987845058e-08
-6.779500484466553
-71.49700927734375
1.999999987845058e-08
1.999999987845058e-08
25.903783798217773
-63.86771774291992
-1.999999987845058e-08
-1.999999987845058e-08
18.909162521362305
-53.006126403808594
1.999999987845058e-08
1.999999987845058e-08
17.72529411315918
-54.37548828125
-1.999999987845058e-08
-1.999999987845058e-08
22.345109939575195
-79.08435821533203
1.999999987845058e-08
1.999999987845058e-08
23.081209182739258
-103.53484344482422
-1.999999987845058e-08
-1.999999987845058e-08
16.391977310180664
-100.52839660644531
1.999999987845058e-08
1.999999987845058e-08
9.58292007446289
-69.7574691772461
-1.999999987845058e-08
-1.999999987845058e-08
8.587246894836426
-29.094160079956055
1.999999987845058e-08
1.999999987845058e-08
13.636624336242676
-1.5825685262680054
-1.999999987845058e-08
-1.999999987845058e-08
24.258525848388672
-7.834437370300293
1.999999987845058e-08
1.999999987845058e-08
16.121898651123047
-48.431034088134766
-1.999999987845058e-08
-1.999999987845058e-08
10.461298942565918
-35.751705169677734
1.999999987845058e-08
1.999999987845058e-08
9.818361282348633
-16.17405128479004
-1.999999987845058e-08
-1.999999987845058e-08
17.629613876342773
-11.080730438232422
1.999999987845058e-08
1.999999987845058e-08
29.451419830322266
-34.803218841552734
-1.999999987845058e-08
-1.999999987845058e-08
34.791194915771484
-66.07589721679688
1.999999987845058e-08
1.999999987845058e-08
27.72402572631836
-65.09344482421875
-1.999999987845058e-08
-1.999999987845058e-08
15.152201652526855
-26.284543991088867
1.999999987845058e-08
1.999999987845058e-08
8.330260276794434
15.978262901306152
-1.999999987845058e-08
-1.999999987845058e-08
11.037564277648926
32.17662048339844
1.999999987845058e-08
1.999999987845058e-08
27.72402572631836
-65.09344482421875
-1.999999987845058e-08
-1.999999987845058e-08
15.152201652526855
-26.284543991088867
1.999999987845058e-08
1.999999987845058e-08
8.330260276794434
15.978262901306152
-1.999999987845058e-08
-1.999999987845058e-08
11.037564277648926
32.17662048339844
1.999999987845058e-08
1.999999987845058e-08
20.26955223083496
16.887073516845703
-1.999999987845058e-08
-1.999999987845058e-08
28.64994239807129
-18.422454833984375
1.999999987845058e-08
1.999999987845058e-08
25.14013671875
-44.172054290771484
-1.999999987845058e-08
-1.999999987845058e-08
7.847290515899658
-33.486392974853516
1.999999987845058e-08
1.999999987845058e-08
-7.4783172607421875
0.5849382281303406
-1.999999987845058e-08
-1.999999987845058e-08
-7.85383415222168
23.276805877685547
1.999999987845058e-08
1.999999987845058e-08
2.400907516479492
20.77592658996582
-1.999999987845058e-08
-1.999999987845058e-08
3.5964627265930176
5.897340297698975
1.999999987845058e-08
1.999999987845058e-08
7.421856880187988
-23.64454460144043
-1.999999987845058e-08
-1.999999987845058e-08
8.842456817626953
-50.260562896728516
1.999999987845058e-08
1.999999987845058e-08
2.56547474861145
-47.97785186767578
-1.999999987845058e-08
-1.999999987845058e-08
-5.737088203430176
-19.766984939575195
1.999999987845058e-08
1.999999987845058e-08
-7.941590309143066
8.731006622314453
-1.999999987845058e-08
-1.999999987845058e-08
-3.2930667400360107
23.783065795898438
1.999999987845058e-08
1.999999987845058e-08
6.5962605476379395
24.200592041015625
-1.999999987845058e-08
-1.999999987845058e-08
18.032594680786133
11.901580810546875
1.999999987845058e-08
1.999999987845058e-08
20.9282169342041
-2.3454222679138184
-1.999999987845058e-08
-1.999999987845058e-08
18.658740997314453
1.6593859195709229
1.999999987845058e-08
1.999999987845058e-08
17.233901977539062
3.7931745052337646
-1.999999987845058e-08
-1.999999987845058e-08
12.423312187194824
8.75838851928711
1.999999987845058e-08
1.999999987845058e-08
5.972069263458252
24.922788619995117
-1.999999987845058e-08
-1.999999987845058e-08
3.7749338150024414
49.69387435913086
1.999999987845058e-08
1.999999987845058e-08
7.489480972290039
68.27202606201172
-1.999999987845058e-08
-1.999999987845058e-08
12.845464706420898
70.73780822753906
1.999999987845058e-08
1.999999987845058e-08
15.177664756774902
61.90830993652344
-1.999999987845058e-08
-1.999999987845058e-08
13.474119186401367
49.76411056518555
1.999999987845058e-08
1.999999987845058e-08
6.543388366699219
44.04299545288086
-1.999999987845058e-08
-1.999999987845058e-08
-6.181103229522705
59.36283493041992
1.999999987845058e-08
1.999999987845058e-08
-16.771562576293945
92.0356216430664
-1.999999987845058e-08
-1.999999987845058e-08
-15.660970687866211
113.8148193359375
1.999999987845058e-08
1.999999987845058e-08
-5.899208068847656
108.68635559082031
-1.999999987845058e-08
-1.999999987845058e-08
2.6184182167053223
88.78816223144531
1.999999987845058e-08
1.999999987845058e-08
7.2532477378845215
67.51961517333984
-1.999999987845058e-08
-1.999999987845058e-08
11.091704368591309
46.0303840637207
1.999999987845058e-08
1.999999987845058e-08
14.388201713562012
28.936115264892578
-1.999999987845058e-08
-1.999999987845058e-08
13.68584156036377
31.185489654541016
1.999999987845058e-08
1.999999987845058e-08
7.237395286560059
62.2364501953125
-1.999999987845058e-08
-1.999999987845058e-08
0.2769586443901062
106.67522430419922
1.999999987845058e-08
1.999999987845058e-08
1.1830863952636719
129.5620574951172
-1.999999987845058e-08
-1.999999987845058e-08
9.49851131439209
113.17086791992188
1.999999987845058e-08
1.999999987845058e-08
15.719002723693848
76.88848876953125
-1.999999987845058e-08
-1.999999987845058e-08
15.356182098388672
49.963741302490234
1.999999987845058e-08
1.999999987845058e-08
11.593952178955078
44.9486083984375
-1.999999987845058e-08
-1.999999987845058e-08
6.251685619354248
58.948551177978516
1.999999987845058e-08
1.999999987845058e-08
-0.1736927628517151
81.49317932128906
-1.999999987845058e-08
-1.999999987845058e-08
-5.220283508300781
105.73446655273438
1.999999987845058e-08
1.999999987845058e-08
-6.117690086364746
128.88616943359375
-1.999999987845058e-08
-1.999999987845058e-08
-1.1150490045547485
137.25418090820312
1.999999987845058e-08
1.999999987845058e-08
7.7269511222839355
118.12613677978516
-1.999999987845058e-08
-1.999999987845058e-08
13.967948913574219
87.17235565185547
1.999999987845058e-08
1.999999987845058e-08
13.922192573547363
71.43806457519531
-1.999999987845058e-08
-1.999999987845058e-08
10.385174751281738
74.96934509277344
1.999999987845058e-08
1.999999987845058e-08
6.541953086853027
87.98971557617188
-1.999999987845058e-08
-1.999999987845058e-08
2.836371660232544
105.62781524658203
1.999999987845058e-08
1.999999987845058e-08
3.0520918369293213
114.00028228759766
-1.999999987845058e-08
-1.999999987845058e-08
12.416504859924316
93.62836456298828
1.999999987845058e-08
1.999999987845058e-08
23.469985961914062
59.54511642456055
-1.999999987845058e-08
-1.999999987845058e-08
20.986499786376953
54.33376693725586
1.999999987845058e-08
1.999999987845058e-08
6.236462116241455
86.71855163574219
-1.999999987845058e-08
-1.999999987845058e-08
-4.544734477996826
124.67826843261719
1.999999987845058e-08
1.999999987845058e-08
-3.714818239212036
144.18600463867188
-1.999999987845058e-08
-1.999999987845058e-08
4.676093101501465
140.460205078125
1.999999987845058e-08
1.999999987845058e-08
15.266292572021484
115.07618713378906
-1.999999987845058e-08
-1.999999987845058e-08
22.22549057006836
83.60599517822266
1.999999987845058e-08
1.999999987845058e-08
20.560659408569336
69.40288543701172
-1.999999987845058e-08
-1.999999987845058e-08
11.429998397827148
78.06217193603516
1.999999987845058e-08
1.999999987845058e-08
11.429998397827148
78.06217193603516
-1.999999987845058e-08
-1.999999987845058e-08
1.347434639930725
96.07195281982422
1.999999987845058e-08
1.999999987845058e-08
-2.84843373298645
111.92056274414062
-1.999999987845058e-08
-1.999999987845058e-08
1.4730256795883179
122.22988891601562
1.999999987845058e-08
1.999999987845058e-08
10.637944221496582
120.5340576171875
-1.999999987845058e-08
-1.999999987845058e-08
17.36078643798828
100.94847869873047
1.999999987845058e-08
1.999999987845058e-08
16.245590209960938
73.3742446899414
-1.999999987845058e-08
-1.999999987845058e-08
7.676217079162598
59.12464141845703
1.999999987845058e-08
1.999999987845058e-08
-2.232388734817505
71.43772888183594
-1.999999987845058e-08
-1.999999987845058e-08
-6.8175482749938965
102.77167510986328
1.999999987845058e-08
1.999999987845058e-08
3.833313226699829
135.8042755126953
-1.999999987845058e-08
-1.999999987845058e-08
13.751433372497559
97.42881774902344
1.999999987845058e-08
1.999999987845058e-08
16.71895980834961
52.372493743896484
-1.999999987845058e-08
-1.999999987845058e-08
2.732848882675171
43.059165954589844
1.999999987845058e-08
1.999999987845058e-08
-16.297088623046875
76.34486389160156
-1.999999987845058e-08
-1.999999987845058e-08
-20.284637451171875
112.49464416503906
1.999999987845058e-08
1.999999987845058e-08
-9.723097801208496
123.17171478271484
-1.999999987845058e-08
-1.999999987845058e-08
0.6504722833633423
116.05294799804688
1.999999987845058e-08
1.999999987845058e-08
6.457096576690674
98.36157989501953
-1.999999987845058e-08
-1.999999987845058e-08
12.245776176452637
65.40373992919922
1.999999987845058e-08
1.999999987845058e-08
13.751433372497559
97.42881774902344
-1.999999987845058e-08
-1.999999987845058e-08
16.71895980834961
52.372493743896484
1.999999987845058e-08
1.999999987845058e-08
2.732848882675171
43.059165954589844
-1.999999987845058e-08
-1.999999987845058e-08
-16.297088623046875
76.34486389160156
1.999999987845058e-08
1.999999987845058e-08
-20.284637451171875
112.49464416503906
-1.999999987845058e-08
-1.999999987845058e-08
-9.723097801208496
123.17171478271484
1.999999987845058e-08
1.999999987845058e-08
0.6504722237586975
116.05294799804688
-1.999999987845058e-08
-1.999999987845058e-08
6.457096576690674
98.36157989501953
1.999999987845058e-08
1.999999987845058e-08
12.245776176452637
65.40373992919922
-1.999999987845058e-08
-1.999999987845058e-08
15.823017120361328
32.420127868652344
1.999999987845058e-08
1.999999987845058e-08
9.725760459899902
94.77244567871094
-1.999999987845058e-08
-1.999999987845058e-08
4.442223072052002
84.78346252441406
1.999999987845058e-08
1.999999987845058e-08
0.4802897870540619
87.80833435058594
-1.999999987845058e-08
-1.999999987845058e-08
0.6264966726303101
101.5877914428711
1.999999987845058e-08
1.999999987845058e-08
3.3580234050750732
109.18247985839844
-1.999999987845058e-08
-1.999999987845058e-08
4.613184928894043
103.76449584960938
1.999999987845058e-08
1.999999987845058e-08
6.159618377685547
87.49604797363281
-1.999999987845058e-08
-1.999999987845058e-08
11.369649887084961
60.02043151855469
1.999999987845058e-08
1.999999987845058e-08
13.666400909423828
33.445858001708984
-1.999999987845058e-08
-1.999999987845058e-08
4.08778190612793
34.746368408203125
1.999999987845058e-08
1.999999987845058e-08
9.10293197631836
116.73961639404297
-1.999999987845058e-08
-1.999999987845058e-08
22.03293228149414
91.89323425292969
1.999999987845058e-08
1.999999987845058e-08
20.53008270263672
79.8416519165039
-1.999999987845058e-08
-1.999999987845058e-08
13.048828125
79.50823211669922
1.999999987845058e-08
1.999999987845058e-08
8.915410041809082
76.22872924804688
-1.999999987845058e-08
-1.999999987845058e-08
6.001300811767578
70.53402709960938
1.999999987845058e-08
1.999999987845058e-08
0.3493365943431854
74.41400909423828
-1.999999987845058e-08
-1.999999987845058e-08
-4.783836364746094
87.03711700439453
1.999999987845058e-08
1.999999987845058e-08
-4.44361686706543
91.57563781738281
-1.999999987845058e-08
-1.999999987845058e-08
1.738791823387146
72.8181381225586
1.999999987845058e-08
1.999999987845058e-08
9.961514472961426
32.41498565673828
-1.999999987845058e-08
-1.999999987845058e-08
13.02839183807373
-4.4039177894592285
1.999999987845058e-08
1.999999987845058e-08
4.6216912269592285
-4.770932197570801
-1.999999987845058e-08
-1.999999987845058e-08
-11.018966674804688
35.15436935424805
1.999999987845058e-08
1.999999987845058e-08
-20.5872802734375
85.8464126586914
-1.999999987845058e-08
-1.999999987845058e-08
-16.24334716796875
115.34342193603516
1.999999987845058e-08
1.999999987845058e-08
-2.3359177112579346
107.81640625
-1.999999987845058e-08
-1.999999987845058e-08
10.855151176452637
69.6202621459961
1.999999987845058e-08
1.999999987845058e-08
15.184396743774414
28.338916778564453
-1.999999987845058e-08
-1.999999987845058e-08
9.29798412322998
13.015557289123535
1.999999987845058e-08
1.999999987845058e-08
-0.2670270800590515
27.843442916870117
-1.999999987845058e-08
-1.999999987845058e-08
-4.900661945343018
49.33477783203125
1.999999987845058e-08
1.999999987845058e-08
-3.750330924987793
57.39314651489258
-1.999999987845058e-08
-1.999999987845058e-08
-2.0819244384765625
54.65239715576172
1.999999987845058e-08
1.999999987845058e-08
-0.6724006533622742
45.50130844116211
-1.999999987845058e-08
-1.999999987845058e-08
2.2231714725494385
28.103511810302734
1.999999987845058e-08
1.999999987845058e-08
3.1525862216949463
13.928143501281738
-1.999999987845058e-08
-1.999999987845058e-08
0.16234983503818512
18.247323989868164
1.999999987845058e-08
1.999999987845058e-08
-2.0212080478668213
37.87931442260742
-1.999999987845058e-08
-1.999999987845058e-08
-1.4361313581466675
62.887203216552734
1.999999987845058e-08
1.999999987845058e-08
0.14607848227024078
82.7178955078125
-1.999999987845058e-08
-1.999999987845058e-08
4.63195276260376
75.53141784667969
1.999999987845058e-08
1.999999987845058e-08
10.562811851501465
32.757537841796875
-1.999999987845058e-08
-1.999999987845058e-08
7.332796096801758
-10.286136627197266
1.999999987845058e-08
1.999999987845058e-08
-8.981134414672852
-8.591662406921387
-1.999999987845058e-08
-1.999999987845058e-08
-24.68556785583496
33.505794525146484
1.999999987845058e-08
1.999999987845058e-08
-24.564395904541016
70.25568389892578
-1.999999987845058e-08
-1.999999987845058e-08
-9.696264266967773
70.50141143798828
1.999999987845058e-08
1.999999987845058e-08
6.681758403778076
39.48666763305664
-1.999999987845058e-08
-1.999999987845058e-08
13.525772094726562
0.1677790880203247
1.999999987845058e-08
1.999999987845058e-08
13.525772094726562
0.16777905821800232
-1.999999987845058e-08
-1.999999987845058e-08
9.374269485473633
-26.44051170349121
1.999999987845058e-08
1.999999987845058e-08
1.1795943975448608
-31.029624938964844
-1.999999987845058e-08
-1.999999987845058e-08
-2.3050246238708496
-19.88787078857422
1.999999987845058e-08
1.999999987845058e-08
-0.5746139883995056
-6.689295291900635
-1.999999987845058e-08
-1.999999987845058e-08
-2.2321178913116455
3.305476427078247
1.999999987845058e-08
1.999999987845058e-08
-9.38260555267334
7.983997821807861
-1.999999987845058e-08
-1.999999987845058e-08
-12.480456352233887
-5.678360939025879
1.999999987845058e-08
1.999999987845058e-08
-9.779510498046875
-37.979618072509766
-1.999999987845058e-08
-1.999999987845058e-08
-12.332694053649902
-56.994510650634766
1.999999987845058e-08
1.999999987845058e-08
-21.599720001220703
-42.057891845703125
-1.999999987845058e-08
-1.999999987845058e-08
-25.71688461303711
-14.316920280456543
1.999999987845058e-08
1.999999987845058e-08
-19.38848304748535
-0.8572876453399658
-1.999999987845058e-08
-1.999999987845058e-08
-7.225399017333984
-10.82746410369873
1.999999987845058e-08
1.999999987845058e-08
4.416344165802002
-43.440216064453125
-1.999999987845058e-08
-1.999999987845058e-08
7.616757869720459
-78.53012084960938
1.999999987845058e-08
1.999999987845058e-08
-1.4062811136245728
-81.18325805664062
-1.999999987845058e-08
-1.999999987845058e-08
-13.955025672912598
-45.8619270324707
1.999999987845058e-08
1.999999987845058e-08
-18.058183670043945
-4.974636554718018
-1.999999987845058e-08
-1.999999987845058e-08
-11.684833526611328
12.94959831237793
1.999999987845058e-08
1.999999987845058e-08
-0.9066535234451294
-0.2956707775592804
-1.999999987845058e-08
-1.999999987845058e-08
5.477737903594971
-36.151947021484375
1.999999987845058e-08
1.999999987845058e-08
0.7525187730789185
-64.38517761230469
-1.999999987845058e-08
-1.999999987845058e-08
-10.879033088684082
-58.33984375
1.999999987845058e-08
1.999999987845058e-08
-16.793006896972656
-31.056766510009766
-1.999999987845058e-08
-1.999999987845058e-08
-11.492069244384766
-17.2285213470459
1.999999987845058e-08
1.999999987845058e-08
-0.9428148865699768
-31.439733505249023
-1.999999987845058e-08
-1.999999987845058e-08
6.333338737487793
-61.657039642333984
1.999999987845058e-08
1.999999987845058e-08
4.995146751403809
-82.3485107421875
-1.999999987845058e-08
-1.999999987845058e-08
-3.0988552570343018
-74.3437271118164
1.999999987845058e-08
1.999999987845058e-08
-9.832948684692383
-44.46223449707031
-1.999999987845058e-08
-1.999999987845058e-08
-11.551460266113281
-11.951583862304688
1.999999987845058e-08
1.999999987845058e-08
-9.423343658447266
8.821680068969727
-1.999999987845058e-08
-1.999999987845058e-08
-1.5441263914108276
2.1262905597686768
1.999999987845058e-08
1.999999987845058e-08
10.135136604309082
-34.70299530029297
-1.999999987845058e-08
-1.999999987845058e-08
14.237872123718262
-71.29522705078125
1.999999987845058e-08
1.999999987845058e-08
4.888732433319092
-72.00109100341797
-1.999999987845058e-08
-1.999999987845058e-08
-7.920433521270752
-37.45269012451172
1.999999987845058e-08
1.999999987845058e-08
-11.645905494689941
-1.5099053382873535
-1.999999987845058e-08
-1.999999987845058e-08
-5.65142297744751
5.696979522705078
1.999999987845058e-08
1.999999987845058e-08
1.2135233879089355
-16.653438568115234
-1.999999987845058e-08
-1.999999987845058e-08
-0.6333827972412109
-45.1749267578125
1.999999987845058e-08
1.999999987845058e-08
-13.891685485839844
-56.815574645996094
-1.999999987845058e-08
-1.999999987845058e-08
-30.728193283081055
-48.92177200317383
1.999999987845058e-08
1.999999987845058e-08
-40.587806701660156
-35.66133499145508
-1.999999987845058e-08
-1.999999987845058e-08
-41.121822357177734
-26.677175521850586
1.999999987845058e-08
1.999999987845058e-08
-37.19591522216797
-16.248790740966797
-1.999999987845058e-08
-1.999999987845058e-08
-32.25284957885742
-1.2312787771224976
1.999999987845058e-08
1.999999987845058e-08
-24.84377670288086
-0.22733408212661743
-1.999999987845058e-08
-1.999999987845058e-08
-14.526569366455078
-29.567548751831055
1.999999987845058e-08
1.999999987845058e-08
-8.49951457977295
-33.06610870361328
-1.999999987845058e-08
-1.999999987845058e-08
-2.7246711254119873
-20.608930587768555
1.999999987845058e-08
1.999999987845058e-08
6.713715553283691
-39.9381103515625
-1.999999987845058e-08
-1.999999987845058e-08
11.811685562133789
-74.57257843017578
1.999999987845058e-08
1.999999987845058e-08
3.7322638034820557
-86.65433502197266
-1.999999987845058e-08
-1.999999987845058e-08
-13.13902759552002
-60.8094482421875
1.999999987845058e-08
1.999999987845058e-08
-22.426816940307617
-22.85618782043457
-1.999999987845058e-08
-1.999999987845058e-08
-13.715727806091309
-9.705343246459961
1.999999987845058e-08
1.999999987845058e-08
8.00289249420166
-36.500003814697266
-1.999999987845058e-08
-1.999999987845058e-08
24.102930068969727
-80.43888092041016
1.999999987845058e-08
1.999999987845058e-08
-8.49951457977295
-33.06610870361328
-1.999999987845058e-08
-1.999999987845058e-08
-2.7246711254119873
-20.608930587768555
1.999999987845058e-08
1.999999987845058e-08
6.713715553283691
-39.9381103515625
-1.999999987845058e-08
-1.999999987845058e-08
11.811685562133789
-74.57257843017578
1.999999987845058e-08
1.999999987845058e-08
3.7322638034820557
-86.65433502197266
-1.999999987845058e-08
-1.999999987845058e-08
-13.13902759552002
-60.8094482421875
1.999999987845058e-08
1.999999987845058e-08
-22.426816940307617
-22.85618782043457
-1.999999987845058e-08
-1.999999987845058e-08
-13.715727806091309
-9.705343246459961
1.999999987845058e-08
1.999999987845058e-08
8.00289249420166
-36.500003814697266
-1.999999987845058e-08
-1.999999987845058e-08
24.102930068969727
-80.43888092041016
1.999999987845058e-08
1.999999987845058e-08
-22.425092697143555
-21.067773818969727
-1.999999987845058e-08
-1.999999987845058e-08
-25.80563735961914
4.465358257293701
1.999999987845058e-08
1.999999987845058e-08
-15.610575675964355
-5.689024448394775
-1.999999987845058e-08
-1.999999987845058e-08
-3.1219770908355713
-34.933349609375
1.999999987845058e-08
1.999999987845058e-08
1.8244469165802002
-55.05205535888672
-1.999999987845058e-08
-1.999999987845058e-08
-1.6625627279281616
-50.77747344970703
1.999999987845058e-08
1.999999987845058e-08
-8.715906143188477
-25.682302474975586
-1.999999987845058e-08
-1.999999987845058e-08
-13.856163024902344
5.464405536651611
1.999999987845058e-08
1.999999987845058e-08
-11.585948944091797
16.89155387878418
-1.999999987845058e-08
-1.999999987845058e-08
-3.5262887477874756
-6.22088098526001
1.999999987845058e-08
1.999999987845058e-08
-1.721985936164856
-37.74321365356445
-1.999999987845058e-08
-1.999999987845058e-08
-12.519129753112793
-38.207977294921875
1.999999987845058e-08
1.999999987845058e-08
-26.127452850341797
-2.7648754119873047
-1.999999987845058e-08
-1.999999987845058e-08
-30.661094665527344
46.13786697387695
1.999999987845058e-08
1.999999987845058e-08
-24.61989974975586
84.9802474975586
-1.999999987845058e-08
-1.999999987845058e-08
-12.76823902130127
91.75162506103516
1.999999987845058e-08
1.999999987845058e-08
-1.5591920614242554
59.52634048461914
-1.999999987845058e-08
-1.999999987845058e-08
2.056135892868042
15.259840965270996
1.999999987845058e-08
1.999999987845058e-08
-3.282835006713867
-4.350561141967773
-1.999999987845058e-08
-1.999999987845058e-08
-9.62108039855957
5.40886926651001
1.999999987845058e-08
1.999999987845058e-08
-8.76552963256836
20.451589584350586
-1.999999987845058e-08
-1.999999987845058e-08
-1.81966233253479
22.975427627563477
1.999999987845058e-08
1.999999987845058e-08
5.676759719848633
10.399791717529297
-1.999999987845058e-08
-1.999999987845058e-08
9.569328308105469
-13.042240142822266
1.999999987845058e-08
1.999999987845058e-08
4.904649257659912
-27.88888931274414
-1.999999987845058e-08
-1.999999987845058e-08
-8.022184371948242
-12.594696998596191
1.999999987845058e-08
1.999999987845058e-08
-17.80417823791504
20.955976486206055
-1.999999987845058e-08
-1.999999987845058e-08
-15.5977783203125
41.84077835083008
1.999999987845058e-08
1.999999987845058e-08
-6.3042755126953125
41.05097579956055
-1.999999987845058e-08
-1.999999987845058e-08
0.2115987092256546
31.006214141845703
1.999999987845058e-08
1.999999987845058e-08
0.21159866452217102
31.006214141845703
-1.999999987845058e-08
-1.999999987845058e-08
0.23005127906799316
22.507915496826172
1.999999987845058e-08
1.999999987845058e-08
-3.8755905628204346
17.352968215942383
-1.999999987845058e-08
-1.999999987845058e-08
-9.60084056854248
19.47111701965332
1.999999987845058e-08
1.999999987845058e-08
-13.854083061218262
34.589168548583984
-1.999999987845058e-08
-1.999999987845058e-08
-10.821703910827637
48.55241394042969
1.999999987845058e-08
1.999999987845058e-08
-0.4812343418598175
37.185665130615234
-1.999999987845058e-08
-1.999999987845058e-08
6.890506267547607
5.3723859786987305
1.999999987845058e-08
1.999999987845058e-08
1.9300854206085205
-14.783770561218262
-1.999999987845058e-08
-1.999999987845058e-08
-12.618788719177246
-1.8851429224014282
1.999999987845058e-08
1.999999987845058e-08
-12.618788719177246
-1.8851429224014282
-1.999999987845058e-08
-1.999999987845058e-08
-21.85181999206543
29.727645874023438
1.999999987845058e-08
1.999999987845058e-08
-12.677824020385742
40.48164749145508
-1.999999987845058e-08
-1.999999987845058e-08
7.108710289001465
14.9631986618042
1.999999987845058e-08
1.999999987845058e-08
15.177849769592285
-12.957154273986816
-1.999999987845058e-08
-1.999999987845058e-08
2.9130964279174805
-6.167443752288818
1.999999987845058e-08
1.999999987845058e-08
-17.30760383605957
33.96177291870117
-1.999999987845058e-08
-1.999999987845058e-08
-27.813140869140625
77.12413787841797
1.999999987845058e-08
1.999999987845058e-08
-18.384279251098633
84.53932189941406
-1.999999987845058e-08
-1.999999987845058e-08
4.23916482925415
37.66814041137695
1.999999987845058e-08
1.999999987845058e-08
-18.384279251098633
84.53932189941406
-1.999999987845058e-08
-1.999999987845058e-08
4.23916482925415
37.66814041137695
1.999999987845058e-08
1.999999987845058e-08
16.771461486816406
-30.261886596679688
-1.999999987845058e-08
-1.999999987845058e-08
3.6985349655151367
-58.2680549621582
1.999999987845058e-08
1.999999987845058e-08
-22.51752471923828
-25.56700897216797
-1.999999987845058e-08
-1.999999987845058e-08
-37.45867156982422
31.235166549682617
1.999999987845058e-08
1.999999987845058e-08
-30.75550651550293
65.52867126464844
-1.999999987845058e-08
-1.999999987845058e-08
-9.632986068725586
57.85426330566406
1.999999987845058e-08
1.999999987845058e-08
8.553182601928711
23.27056312561035
-1.999999987845058e-08
-1.999999987845058e-08
8.673179626464844
1.6453298330307007
1.999999987845058e-08
1.999999987845058e-08
13.537961959838867
30.36032485961914
-1.999999987845058e-08
-1.999999987845058e-08
9.657126426696777
0.75175541639328
1.999999987845058e-08
1.999999987845058e-08
0.5222864151000977
8.4576416015625
-1.999999987845058e-08
-1.999999987845058e-08
-0.3872726559638977
30.56041145324707
1.999999987845058e-08
1.999999987845058e-08
8.069167137145996
37.83510208129883
-1.999999987845058e-08
-1.999999987845058e-08
15.991538047790527
32.40224838256836
1.999999987845058e-08
1.999999987845058e-08
16.68815803527832
31.098602294921875
-1.999999987845058e-08
-1.999999987845058e-08
12.317699432373047
38.636959075927734
1.999999987845058e-08
1.999999987845058e-08
8.193521499633789
49.255767822265625
-1.999999987845058e-08
-1.999999987845058e-08
6.288710594177246
57.97958755493164
1.999999987845058e-08
1.999999987845058e-08
6.288710594177246
57.97958755493164
-1.999999987845058e-08
-1.999999987845058e-08
5.251878261566162
63.3590087890625
1.999999987845058e-08
1.999999987845058e-08
3.6664509773254395
66.86402893066406
-1.999999987845058e-08
-1.999999987845058e-08
0.8543223738670349
73.7578125
1.999999987845058e-08
1.999999987845058e-08
-2.0256433486938477
87.0770263671875
-1.999999987845058e-08
-1.999999987845058e-08
-0.5973971486091614
96.43000030517578
1.999999987845058e-08
1.999999987845058e-08
7.24906063079834
85.51078796386719
-1.999999987845058e-08
-1.999999987845058e-08
16.08829116821289
54.33051681518555
1.999999987845058e-08
1.999999987845058e-08
17.999116897583008
23.464771270751953
-1.999999987845058e-08
-1.999999987845058e-08
10.61888313293457
14.801313400268555
1.999999987845058e-08
1.999999987845058e-08
-1.5180801153182983
35.24576950073242
-1.999999987845058e-08
-1.999999987845058e-08
-12.410260200500488
78.1246566772461
1.999999987845058e-08
1.999999987845058e-08
-16.95296287536621
120.67039489746094
-1.999999987845058e-08
-1.999999987845058e-08
-9.84465217590332
123.9477310180664
1.999999987845058e-08
1.999999987845058e-08
7.0634331703186035
71.51306915283203
-1.999999987845058e-08
-1.999999987845058e-08
19.838638305664062
2.661088705062866
1.999999987845058e-08
1.999999987845058e-08
16.16034507751465
-25.356121063232422
-1.999999987845058e-08
-1.999999987845058e-08
-0.014257404021918774
0.3083438277244568
1.999999987845058e-08
1.999999987845058e-08
-14.400740623474121
44.10883331298828
-1.999999987845058e-08
-1.999999987845058e-08
-19.14437484741211
71.14395904541016
1.999999987845058e-08
1.999999987845058e-08
-16.990970611572266
76.84003448486328
-1.999999987845058e-08
-1.999999987845058e-08
-12.261829376220703
69.2920913696289
1.999999987845058e-08
1.999999987845058e-08
-7.229269981384277
53.409542083740234
-1.999999987845058e-08
-1.999999987845058e-08
-4.397749900817871
38.65703582763672
1.999999987845058e-08
1.999999987845058e-08
-4.017797946929932
34.25575637817383
-1.999999987845058e-08
-1.999999987845058e-08
-3.2038064002990723
36.68507385253906
1.999999987845058e-08
1.999999987845058e-08
-0.906567394733429
38.97492218017578
-1.999999987845058e-08
-1.999999987845058e-08
1.0499866008758545
40.51517105102539
1.999999987845058e-08
1.999999987845058e-08
1.4390150308609009
42.684932708740234
-1.999999987845058e-08
-1.999999987845058e-08
1.0097465515136719
46.6368522644043
1.999999987845058e-08
1.999999987845058e-08
3.9631330966949463
55.54583740234375
-1.999999987845058e-08
-1.999999987845058e-08
7.698415279388428
48.13314437866211
1.999999987845058e-08
1.999999987845058e-08
10.281217575073242
29.344579696655273
-1.999999987845058e-08
-1.999999987845058e-08
8.079646110534668
13.937520980834961
1.999999987845058e-08
1.999999987845058e-08
0.12387464940547943
20.395034790039062
-1.999999987845058e-08
-1.999999987845058e-08
-8.938372611999512
51.488346099853516
1.999999987845058e-08
1.999999987845058e-08
-12.178557395935059
90.87862396240234
-1.999999987845058e-08
-1.999999987845058e-08
-6.853642463684082
110.62894439697266
1.999999987845058e-08
1.999999987845058e-08
1.836490511894226
92.84397888183594
-1.999999987845058e-08
-1.999999987845058e-08
7.038079261779785
50.66167449951172
1.999999987845058e-08
1.999999987845058e-08
9.577466011047363
8.495116233825684
-1.999999987845058e-08
-1.999999987845058e-08
11.371110916137695
-20.966203689575195
1.999999987845058e-08
1.999999987845058e-08
7.22543478012085
-24.746278762817383
-1.999999987845058e-08
-1.999999987845058e-08
-3.8129920959472656
4.5049333572387695
1.999999987845058e-08
1.999999987845058e-08
-11.521201133728027
46.456180572509766
-1.999999987845058e-08
-1.999999987845058e-08
-7.684950828552246
69.06258392333984
1.999999987845058e-08
1.999999987845058e-08
4.028878688812256
60.49114990234375
-1.999999987845058e-08
-1.999999987845058e-08
13.002081871032715
37.414302825927734
1.999999987845058e-08
1.999999987845058e-08
13.135178565979004
23.78839683532715
-1.999999987845058e-08
-1.999999987845058e-08
9.085189819335938
20.927169799804688
1.999999987845058e-08
1.999999987845058e-08
4.902811050415039
14.691743850708008
-1.999999987845058e-08
-1.999999987845058e-08
0.6247347593307495
22.85409164428711
1.999999987845058e-08
1.999999987845058e-08
-1.7086867094039917
30.385774612426758
-1.999999987845058e-08
-1.999999987845058e-08
0.421728253364563
26.227624893188477
1.999999987845058e-08
1.999999987845058e-08
4.236921310424805
12.971365928649902
-1.999999987845058e-08
-1.999999987845058e-08
7.779737949371338
-4.441466808319092
1.999999987845058e-08
1.999999987845058e-08
10.604619979858398
-19.03034782409668
-1.999999987845058e-08
-1.999999987845058e-08
10.613550186157227
-18.699966430664062
1.999999987845058e-08
1.999999987845058e-08
7.814595699310303
-5.941225528717041
-1.999999987845058e-08
-1.999999987845058e-08
4.703100204467773
1.195442795753479
1.999999987845058e-08
1.999999987845058e-08
0.4217282235622406
26.227624893188477
-1.999999987845058e-08
-1.999999987845058e-08
4.236921310424805
12.971365928649902
1.999999987845058e-08
1.999999987845058e-08
7.779737949371338
-4.441466808319092
-1.999999987845058e-08
-1.999999987845058e-08
10.604619979858398
-19.03034782409668
1.999999987845058e-08
1.999999987845058e-08
10.613550186157227
-18.699966430664062
-1.999999987845058e-08
-1.999999987845058e-08
7.814595699310303
-5.941225528717041
1.999999987845058e-08
1.999999987845058e-08
4.703100204467773
1.195442795753479
-1.999999987845058e-08
-1.999999987845058e-08
1.4590729475021362
-0.5141933560371399
1.999999987845058e-08
1.999999987845058e-08
-0.18785028159618378
-0.6260231137275696
-1.999999987845058e-08
-1.999999987845058e-08
4.663689136505127
-0.6754222512245178
1.999999987845058e-08
1.999999987845058e-08
8.617809295654297
-42.949214935302734
-1.999999987845058e-08
-1.999999987845058e-08
9.844348907470703
-42.39270782470703
1.999999987845058e-08
1.999999987845058e-08
10.50471305847168
-31.08795928955078
-1.999999987845058e-08
-1.999999987845058e-08
14.31375503540039
-18.691301345825195
1.999999987845058e-08
1.999999987845058e-08
22.160560607910156
-21.4675350189209
-1.999999987845058e-08
-1.999999987845058e-08
26.732887268066406
-37.38882827758789
1.999999987845058e-08
1.999999987845058e-08
23.381208419799805
-49.25998306274414
-1.999999987845058e-08
-1.999999987845058e-08
18.01079750061035
-50.758888244628906
1.999999987845058e-08
1.999999987845058e-08
16.838987350463867
-48.27581787109375
-1.999999987845058e-08
-1.999999987845058e-08
18.563419342041016
-47.356842041015625
1.999999987845058e-08
1.999999987845058e-08
19.598878860473633
-51.733524322509766
-1.999999987845058e-08
-1.999999987845058e-08
17.925384521484375
-59.92150115966797
1.999999987845058e-08
1.999999987845058e-08
13.76551628112793
-61.317970275878906
-1.999999987845058e-08
-1.999999987845058e-08
10.149127960205078
-49.86672592163086
1.999999987845058e-08
1.999999987845058e-08
8.704010009765625
-30.742324829101562
-1.999999987845058e-08
-1.999999987845058e-08
9.368754386901855
-15.235068321228027
1.999999987845058e-08
1.999999987845058e-08
14.319770812988281
-19.44878578186035
-1.999999987845058e-08
-1.999999987845058e-08
21.451351165771484
-44.947364807128906
1.999999987845058e-08
1.999999987845058e-08
20.46161460876465
-60.28644943237305
-1.999999987845058e-08
-1.999999987845058e-08
8.704277992248535
-39.460655212402344
1.999999987845058e-08
1.999999987845058e-08
8.704277992248535
-39.460655212402344
-1.999999987845058e-08
-1.999999987845058e-08
0.4031282067298889
-9.648258209228516
1.999999987845058e-08
1.999999987845058e-08
6.6647796630859375
-15.098814964294434
-1.999999987845058e-08
-1.999999987845058e-08
18.218461990356445
-49.497798919677734
1.999999987845058e-08
1.999999987845058e-08
20.235132217407227
-71.58279418945312
-1.999999987845058e-08
-1.999999987845058e-08
12.494616508483887
-68.15612030029297
1.999999987845058e-08
1.999999987845058e-08
4.483109951019287
-59.67388916015625
-1.999999987845058e-08
-1.999999987845058e-08
0.3764212429523468
-59.74856948852539
1.999999987845058e-08
1.999999987845058e-08
-2.5843398571014404
-61.49895477294922
-1.999999987845058e-08
-1.999999987845058e-08
-6.751041412353516
-57.55203628540039
1.999999987845058e-08
1.999999987845058e-08
-12.009119987487793
-48.706058502197266
-1.999999987845058e-08
-1.999999987845058e-08
-16.933610916137695
-35.692893981933594
1.999999987845058e-08
1.999999987845058e-08
-17.39560317993164
-23.584930419921875
-1.999999987845058e-08
-1.999999987845058e-08
-10.221332550048828
-25.758878707885742
1.999999987845058e-08
1.999999987845058e-08
0.43821248412132263
-47.485694885253906
-1.999999987845058e-08
-1.999999987845058e-08
7.556190013885498
-76.31568145751953
1.999999987845058e-08
1.999999987845058e-08
