0
-21.237272262573242
-14.653457641601562
-21.64364242553711
1.999999987845058e-08
-12.528233528137207
-9.09743881225586
-14.254875183105469
-1.999999987845058e-08
1.295349359512329
1.0250226259231567
-2.7426655292510986
1.999999987845058e-08
17.270811080932617
15.156933784484863
9.781220436096191
-1.999999987845058e-08
29.99317169189453
23.86925506591797
19.065732955932617
1.999999987845058e-08
31.57143211364746
18.41951560974121
20.610328674316406
-1.999999987845058e-08
20.54711151123047
7.63978385925293
14.792682647705078
1.999999987845058e-08
3.4153635501861572
4.7963643074035645
5.084872245788574
-1.999999987845058e-08
-13.271990776062012
4.981413841247559
-7.319277286529541
1.999999987845058e-08
-24.231523513793945
-2.0137619972229004
-19.689132690429688
-1.999999987845058e-08
-27.26922035217285
-11.418758392333984
-26.806703567504883
1.999999987845058e-08
-27.317731857299805
-15.158224105834961
-28.889848709106445
-1.999999987845058e-08
-30.38694953918457
-16.587919235229492
-31.078676223754883
1.999999987845058e-08
-34.64891052246094
-19.539894104003906
-33.6414680480957
-1.999999987845058e-08
-32.32002258300781
-17.748010635375977
-30.740585327148438
1.999999987845058e-08
-20.122968673706055
-6.554986476898193
-19.946348190307617
-1.999999987845058e-08
-5.407702922821045
5.937408924102783
-7.714524269104004
1.999999987845058e-08
-0.24041132628917694
7.649625301361084
-4.136319637298584
-1.999999987845058e-08
-8.107394218444824
-2.9470691680908203
-12.044278144836426
1.999999987845058e-08
-18.664836883544922
-14.588777542114258
-22.25502586364746
-1.999999987845058e-08
-19.273345947265625
-14.78542709350586
-23.180801391601562
1.999999987845058e-08
-7.2411723136901855
-3.2372748851776123
-12.222477912902832
-1.999999987845058e-08
9.542862892150879
7.916120529174805
3.43735408782959
1.999999987845058e-08
18.951976776123047
9.63321590423584
13.096379280090332
-1.999999987845058e-08
15.683137893676758
6.971591472625732
11.833808898925781
1.999999987845058e-08
6.089846134185791
6.992706775665283
3.5509743690490723
-1.999999987845058e-08
-1.6987454891204834
5.729886054992676
-6.129666805267334
1.999999987845058e-08
-6.516114711761475
-0.5685582756996155
-14.130585670471191
-1.999999987845058e-08
-10.735137939453125
-6.257782936096191
-18.93963623046875
1.999999987845058e-08
-13.964411735534668
-7.903428077697754
-20.50316047668457
-1.999999987845058e-08
-12.89865779876709
-7.632122993469238
-18.81123161315918
1.999999987845058e-08
-7.23575496673584
-4.553557872772217
-13.691452980041504
-1.999999987845058e-08
-3.905733108520508
-0.33777356147766113
-9.61054515838623
1.999999987845058e-08
-9.016118049621582
-2.477316379547119
-13.029669761657715
-1.999999987845058e-08
-15.625665664672852
-7.9252190589904785
-19.621688842773438
1.999999987845058e-08
-10.670912742614746
-3.6962575912475586
-16.8100528717041
-1.999999987845058e-08
5.744751930236816
9.319881439208984
-3.228595018386841
1.999999987845058e-08
19.76220703125
17.311561584472656
8.771227836608887
-1.999999987845058e-08
21.116941452026367
15.90349292755127
10.1265287399292
1.999999987845058e-08
-3.84226655960083
0.7900803089141846
-10.498380661010742
-1.999999987845058e-08
-13.505206108093262
-7.685303211212158
-17.77637481689453
1.999999987845058e-08
-11.601609230041504
-8.009908676147461
-12.866374015808105
-1.999999987845058e-08
-3.8878870010375977
-3.2394516468048096
-2.153416872024536
1.999999987845058e-08
-1.37904953956604
-4.262906074523926
1.388434648513794
-1.999999987845058e-08
-4.467667102813721
-8.56240177154541
-2.3811237812042236
1.999999987845058e-08
-4.968324184417725
-4.996960163116455
-3.082664728164673
-1.999999987845058e-08
1.5698440074920654
3.4903793334960938
3.822514772415161
1.999999987845058e-08
14.13235092163086
7.545384883880615
16.682636260986328
-1.999999987845058e-08
28.4674015045166
10.108713150024414
32.88129806518555
1.999999987845058e-08
26.016836166381836
10.953217506408691
36.32123947143555
-1.999999987845058e-08
7.659921169281006
0.4945417642593384
17.062532424926758
1.999999987845058e-08
-4.9031171798706055
-6.066544055938721
2.5863287448883057
-1.999999987845058e-08
-6.5495710372924805
-5.9963202476501465
-0.004482989199459553
1.999999987845058e-08
-2.95664119720459
-6.143786430358887
3.282559394836426
-1.999999987845058e-08
2.057316541671753
-6.645064353942871
7.55869722366333
1.999999987845058e-08
7.330495834350586
-4.134554862976074
10.978572845458984
-1.999999987845058e-08
9.234143257141113
-1.9966039657592773
10.226613998413086
1.999999987845058e-08
7.633157253265381
-2.6910367012023926
6.844457626342773
-1.999999987845058e-08
8.23404598236084
-1.764249563217163
8.017531394958496
1.999999987845058e-08
8.23404598236084
-1.7642496824264526
8.017531394958496
-1.999999987845058e-08
11.71740436553955
2.512144088745117
13.83823299407959
1.999999987845058e-08
11.90831470489502
5.123261451721191
16.063274383544922
-1.999999987845058e-08
4.9301276206970215
1.8529783487319946
9.722344398498535
1.999999987845058e-08
-7.652304172515869
-6.852809906005859
-3.2513604164123535
-1.999999987845058e-08
-19.71601676940918
-17.013843536376953
-16.633935928344727
1.999999987845058e-08
-23.297849655151367
-21.9039249420166
-22.85848617553711
-1.999999987845058e-08
-14.460953712463379
-16.129350662231445
-18.354520797729492
1.999999987845058e-08
3.2092831134796143
-2.1125943660736084
-6.56812047958374
-1.999999987845058e-08
21.289297103881836
11.621174812316895
5.9638166427612305
1.999999987845058e-08
21.289297103881836
11.621174812316895
5.9638166427612305
-1.999999987845058e-08
33.193092346191406
19.1674861907959
15.510287284851074
1.999999987845058e-08
34.752723693847656
19.099319458007812
18.675437927246094
-1.999999987845058e-08
23.67289161682129
11.747269630432129
10.666961669921875
1.999999987845058e-08
6.5823588371276855
1.0616470575332642
-4.485664367675781
-1.999999987845058e-08
-4.358604907989502
-6.79839563369751
-14.28527545928955
1.999999987845058e-08
-5.816749095916748
-9.530956268310547
-14.229469299316406
-1.999999987845058e-08
-4.916173934936523
-9.592092514038086
-11.69357681274414
1.999999987845058e-08
-7.061112880706787
-10.085980415344238
-13.025741577148438
-1.999999987845058e-08
-9.895227432250977
-11.909653663635254
-16.62869644165039
1.999999987845058e-08
-9.895227432250977
-11.909653663635254
-16.62869644165039
-1.999999987845058e-08
-10.520792007446289
-13.251439094543457
-18.697429656982422
1.999999987845058e-08
-8.315896987915039
-10.209697723388672
-16.439207077026367
-1.999999987845058e-08
-1.964672327041626
-2.2940433025360107
-8.460508346557617
1.999999987845058e-08
6.096924781799316
3.2042055130004883
0.45014816522598267
-1.999999987845058e-08
9.511693000793457
0.8246352076530457
2.804948568344116
1.999999987845058e-08
5.35012674331665
-5.085638523101807
-2.548985242843628
-1.999999987845058e-08
-3.8886144161224365
-9.386823654174805
-11.291955947875977
1.999999987845058e-08
-11.548869132995605
-12.17332935333252
-17.630569458007812
-1.999999987845058e-08
-10.928326606750488
-12.367112159729004
-16.52100944519043
1.999999987845058e-08
-3.478137969970703
-8.079262733459473
-8.918414115905762
-1.999999987845058e-08
1.4146721363067627
-3.914637804031372
-2.753690004348755
1.999999987845058e-08
-2.0439486503601074
-5.552546977996826
-3.7417819499969482
-1.999999987845058e-08
-10.941555976867676
-10.186501502990723
-9.243376731872559
1.999999987845058e-08
-20.117952346801758
-12.239991188049316
-14.300562858581543
-1.999999987845058e-08
-25.35936737060547
-10.843256950378418
-16.69672393798828
1.999999987845058e-08
-22.756914138793945
-6.018423080444336
-14.760797500610352
-1.999999987845058e-08
-12.692058563232422
1.583493947982788
-8.104660987854004
1.999999987845058e-08
-1.887516736984253
5.813666343688965
-0.38248270750045776
-1.999999987845058e-08
2.0904664993286133
2.227731466293335
3.4258711338043213
1.999999987845058e-08
-18.16147232055664
-3.501342296600342
-18.699079513549805
-1.999999987845058e-08
-16.62477684020996
-7.574198246002197
-20.478927612304688
1.999999987845058e-08
-11.29836654663086
-3.0800297260284424
-15.584600448608398
-1.999999987845058e-08
-7.467137336730957
1.467043161392212
-11.552252769470215
1.999999987845058e-08
-6.1105265617370605
-0.015854980796575546
-10.68052864074707
-1.999999987845058e-08
-2.0897815227508545
-0.9194865822792053
-6.5425333976745605
1.999999987845058e-08
6.165729999542236
3.1019349098205566
2.8047280311584473
-1.999999987845058e-08
13.872730255126953
8.662763595581055
11.18691635131836
1.999999987845058e-08
14.778350830078125
12.311539649963379
12.209212303161621
-1.999999987845058e-08
5.618708610534668
11.05374526977539
3.426460027694702
1.999999987845058e-08
5.618708610534668
11.05374526977539
3.426460027694702
-1.999999987845058e-08
-8.540998458862305
3.925318956375122
-10.772211074829102
1.999999987845058e-08
-15.192899703979492
-2.3426871299743652
-18.985462188720703
-1.999999987845058e-08
-7.808518886566162
-0.2073015719652176
-13.443370819091797
1.999999987845058e-08
4.507089614868164
6.360252380371094
-0.5389849543571472
-1.999999987845058e-08
6.338519096374512
6.411489963531494
4.5026655197143555
1.999999987845058e-08
-6.067307472229004
-1.7701293230056763
-4.819267272949219
-1.999999987845058e-08
-18.487844467163086
-7.7106475830078125
-16.17933464050293
1.999999987845058e-08
-14.687799453735352
-3.0157172679901123
-12.468612670898438
-1.999999987845058e-08
2.9420576095581055
8.903899192810059
5.574036121368408
1.999999987845058e-08
20.89190673828125
19.333219528198242
23.73523712158203
-1.999999987845058e-08
32.1036262512207
22.168453216552734
33.134300231933594
1.999999987845058e-08
31.51988410949707
14.68810749053955
29.976848602294922
-1.999999987845058e-08
17.192413330078125
1.80057954788208
15.239742279052734
1.999999987845058e-08
0.4698368012905121
-5.010166645050049
0.4395579993724823
-1.999999987845058e-08
-6.528751850128174
-3.004669189453125
-4.840875625610352
1.999999987845058e-08
-5.5531086921691895
-1.805818796157837
-4.22019624710083
-1.999999987845058e-08
-5.870998382568359
-7.290716648101807
-5.360371112823486
1.999999987845058e-08
-12.828031539916992
-15.084869384765625
-11.00888442993164
-1.999999987845058e-08
-21.14403533935547
-18.863140106201172
-17.339994430541992
1.999999987845058e-08
3.768219470977783
-1.1420129537582397
4.185678005218506
-1.999999987845058e-08
28.38642692565918
14.605132102966309
27.2762393951416
1.999999987845058e-08
36.869449615478516
22.42772102355957
36.391990661621094
-1.999999987845058e-08
24.229379653930664
17.748329162597656
24.551883697509766
1.999999987845058e-08
2.3125874996185303
5.458737850189209
1.2911285161972046
-1.999999987845058e-08
-12.971949577331543
-4.20404052734375
-16.88987159729004
1.999999987845058e-08
-13.575112342834473
-3.402400255203247
-18.422094345092773
-1.999999987845058e-08
-2.593095064163208
5.169707775115967
-5.342525482177734
1.999999987845058e-08
9.477476119995117
9.953777313232422
8.334771156311035
-1.999999987845058e-08
12.324695587158203
5.7893266677856445
10.418758392333984
1.999999987845058e-08
12.324695587158203
5.7893266677856445
10.418758392333984
-1.999999987845058e-08
2.4510316848754883
0.128455251455307
0.38824209570884705
1.999999987845058e-08
-12.292923927307129
-0.3232160806655884
-12.496251106262207
-1.999999987845058e-08
-15.787372589111328
2.650524616241455
-15.508525848388672
1.999999987845058e-08
-1.7229490280151367
6.565586566925049
-3.4407708644866943
-1.999999987845058e-08
16.57712745666504
11.87228012084961
14.176581382751465
1.999999987845058e-08
22.292774200439453
15.65807819366455
22.030969619750977
-1.999999987845058e-08
12.708521842956543
12.199539184570312
14.262641906738281
1.999999987845058e-08
-1.0420899391174316
2.681511402130127
-0.30456244945526123
-1.999999987845058e-08
-6.863935947418213
-5.380804538726807
-8.245293617248535
1.999999987845058e-08
-6.863935947418213
-5.380804538726807
-8.245293617248535
-1.999999987845058e-08
-4.28773832321167
-7.909672737121582
-6.670612335205078
1.999999987845058e-08
-1.9083049297332764
-5.591350555419922
-3.80305814743042
-1.999999987845058e-08
-3.102644920349121
-1.306221604347229
-4.776593208312988
1.999999987845058e-08
-3.4857964515686035
-0.9810759425163269
-6.069397449493408
-1.999999987845058e-08
0.8157800436019897
-5.292506217956543
-2.1808736324310303
1.999999987845058e-08
11.299038887023926
-2.4099020957946777
10.097511291503906
-1.999999987845058e-08
24.383108139038086
12.898104667663574
26.3148193359375
1.999999987845058e-08
31.28844451904297
25.376813888549805
34.262760162353516
-1.999999987845058e-08
30.05501937866211
24.01425552368164
30.12526512145996
1.999999987845058e-08
17.260478973388672
13.325085639953613
14.610465049743652
-1.999999987845058e-08
0.4218062460422516
3.9535717964172363
0.7603166103363037
1.999999987845058e-08
-20.039453506469727
-10.796896934509277
-17.188095092773438
-1.999999987845058e-08
-35.97914123535156
-22.17043685913086
-31.25282096862793
1.999999987845058e-08
-46.15592575073242
-28.481996536254883
-39.9106559753418
-1.999999987845058e-08
-51.402259826660156
-32.985225677490234
-44.335548400878906
1.999999987845058e-08
-49.0403938293457
-32.31294250488281
-41.43410110473633
-1.999999987845058e-08
-37.55152893066406
-23.239248275756836
-30.16754150390625
1.999999987845058e-08
-21.324506759643555
-11.083985328674316
-15.842007637023926
-1.999999987845058e-08
-8.618885040283203
-1.7616832256317139
-4.371613502502441
1.999999987845058e-08
-2.817197799682617
4.877356052398682
2.867248773574829
-1.999999987845058e-08
-1.0084922313690186
8.157082557678223
5.962174415588379
1.999999987845058e-08
-2.9040098190307617
5.305480480194092
3.488394260406494
-1.999999987845058e-08
-8.111692428588867
0.8338877558708191
-1.572394609451294
1.999999987845058e-08
-9.822352409362793
0.5647965669631958
-1.8950414657592773
-1.999999987845058e-08
-3.2112877368927
1.339935302734375
4.503602027893066
1.999999987845058e-08
10.032587051391602
2.756748914718628
15.147575378417969
-1.999999987845058e-08
25.398130416870117
10.470285415649414
27.86840057373047
1.999999987845058e-08
34.191551208496094
18.755136489868164
36.014286041259766
-1.999999987845058e-08
28.87950325012207
15.888322830200195
31.999467849731445
1.999999987845058e-08
14.163591384887695
5.443210124969482
19.419050216674805
-1.999999987845058e-08
1.6084613800048828
-1.2598148584365845
8.297242164611816
1.999999987845058e-08
-4.47902250289917
-3.3270792961120605
1.1742130517959595
-1.999999987845058e-08
-7.699458599090576
-4.572872638702393
-4.736577033996582
1.999999987845058e-08
-9.581931114196777
-3.108651876449585
-7.473829746246338
-1.999999987845058e-08
-5.210337162017822
3.132880449295044
-1.8682295083999634
1.999999987845058e-08
8.132309913635254
10.401543617248535
11.318024635314941
-1.999999987845058e-08
21.697280883789062
13.975499153137207
23.099626541137695
1.999999987845058e-08
22.362628936767578
12.025232315063477
23.27330207824707
-1.999999987845058e-08
9.0772123336792
4.823958873748779
10.354424476623535
1.999999987845058e-08
9.077211380004883
4.823958873748779
10.354424476623535
-1.999999987845058e-08
-4.00140905380249
-2.3304524421691895
-3.884472608566284
1.999999987845058e-08
-3.6209473609924316
-1.1776076555252075
-4.527231693267822
-1.999999987845058e-08
8.527862548828125
8.425185203552246
9.900270462036133
1.999999987845058e-08
22.1678466796875
18.810163497924805
27.50596046447754
-1.999999987845058e-08
32.42578125
26.692930221557617
39.21432113647461
1.999999987845058e-08
39.495819091796875
32.655765533447266
44.64441680908203
-1.999999987845058e-08
40.009849548339844
31.974498748779297
43.257816314697266
1.999999987845058e-08
30.919450759887695
20.672382354736328
33.576534271240234
-1.999999987845058e-08
18.08737564086914
7.116846084594727
20.766908645629883
1.999999987845058e-08
7.5526533126831055
7.81741189956665
9.04663372039795
-1.999999987845058e-08
7.622438430786133
11.400158882141113
7.504576206207275
1.999999987845058e-08
8.649874687194824
11.756856918334961
7.861255645751953
-1.999999987845058e-08
10.593875885009766
13.353384971618652
10.152569770812988
1.999999987845058e-08
11.062774658203125
15.414168357849121
9.529518127441406
-1.999999987845058e-08
7.88449239730835
12.44069766998291
2.6325035095214844
1.999999987845058e-08
4.778258323669434
4.820366859436035
-4.536870956420898
-1.999999987845058e-08
5.94111967086792
-0.6686741709709167
-4.662983417510986
1.999999987845058e-08
9.59070110321045
0.626813530921936
0.912479817867279
-1.999999987845058e-08
11.755731582641602
6.778204441070557
6.562074184417725
1.999999987845058e-08
9.340604782104492
11.53171157836914
8.450308799743652
-1.999999987845058e-08
3.3672895431518555
11.372428894042969
7.507879734039307
1.999999987845058e-08
0.9590477347373962
8.652127265930176
9.39942455291748
-1.999999987845058e-08
6.010787010192871
6.860641002655029
16.450071334838867
1.999999987845058e-08
12.058004379272461
7.21766471862793
22.419540405273438
-1.999999987845058e-08
9.307098388671875
7.33966588973999
18.363588333129883
1.999999987845058e-08
-4.2195940017700195
2.2744927406311035
2.973496198654175
-1.999999987845058e-08
-17.096349716186523
-5.414430618286133
-11.240806579589844
1.999999987845058e-08
-13.419110298156738
-3.6666715145111084
-7.925472259521484
-1.999999987845058e-08
6.1756486892700195
8.930238723754883
11.197711944580078
1.999999987845058e-08
6.175648212432861
8.930238723754883
11.197711944580078
-1.999999987845058e-08
23.220149993896484
16.31575584411621
26.48088264465332
1.999999987845058e-08
24.924678802490234
10.426738739013672
26.03948211669922
-1.999999987845058e-08
13.051738739013672
1.190040111541748
13.599461555480957
1.999999987845058e-08
-4.831979751586914
-5.518301010131836
-4.372006893157959
-1.999999987845058e-08
-18.189369201660156
-13.4136381149292
-19.70481300354004
1.999999987845058e-08
-18.005977630615234
-18.028207778930664
-20.99300765991211
-1.999999987845058e-08
-5.961565971374512
-10.346856117248535
-6.822592735290527
1.999999987845058e-08
7.524500846862793
2.980379343032837
8.903450965881348
-1.999999987845058e-08
14.752582550048828
7.216602325439453
13.880404472351074
1.999999987845058e-08
14.752582550048828
7.216601848602295
13.880404472351074
-1.999999987845058e-08
16.05813217163086
2.776293992996216
10.554540634155273
1.999999987845058e-08
13.364768028259277
-0.4480539560317993
6.184446334838867
-1.999999987845058e-08
5.462515354156494
-2.7052154541015625
1.182030200958252
1.999999987845058e-08
-6.31796407699585
-9.386148452758789
-5.45832633972168
-1.999999987845058e-08
-16.171194076538086
-17.65055274963379
-10.612726211547852
1.999999987845058e-08
-19.317380905151367
-22.118711471557617
-11.578483581542969
-1.999999987845058e-08
-14.98661994934082
-23.319766998291016
-9.027853012084961
1.999999987845058e-08
-7.420019626617432
-21.810211181640625
-5.879509925842285
-1.999999987845058e-08
-2.5241312980651855
-14.805256843566895
-4.710440158843994
1.999999987845058e-08
-2.5083506107330322
-4.901325702667236
-6.758011817932129
-1.999999987845058e-08
-3.430117130279541
-10.538683891296387
-6.104655742645264
1.999999987845058e-08
-4.153476238250732
-11.19044017791748
-3.753225803375244
-1.999999987845058e-08
-5.775310516357422
-6.110308647155762
-3.804499864578247
1.999999987845058e-08
-7.933815002441406
-4.71102237701416
-7.239307403564453
-1.999999987845058e-08
-8.432267189025879
-7.962046146392822
-8.897592544555664
1.999999987845058e-08
-6.019606113433838
-8.852555274963379
-5.670058250427246
-1.999999987845058e-08
-1.8430851697921753
-5.625267028808594
-1.539495825767517
1.999999987845058e-08
-0.6673538684844971
-3.1548678874969482
-2.9909615516662598
-1.999999987845058e-08
-7.055052757263184
-5.062577724456787
-11.338340759277344
1.999999987845058e-08
-7.055052757263184
-5.062577724456787
-11.338340759277344
-1.999999987845058e-08
-17.957839965820312
-10.523004531860352
-21.356491088867188
1.999999987845058e-08
-24.637197494506836
-15.35100269317627
-27.035144805908203
-1.999999987845058e-08
-21.16939926147461
-14.149888038635254
-25.327110290527344
1.999999987845058e-08
-9.9852876663208
-7.640427112579346
-18.102415084838867
-1.999999987845058e-08
-1.0970466136932373
-4.359991073608398
-13.149054527282715
1.999999987845058e-08
-1.8521475791931152
-7.387296199798584
-16.648324966430664
-1.999999987845058e-08
-8.719264030456543
-10.442289352416992
-25.730606079101562
1.999999987845058e-08
-13.500332832336426
-11.315073013305664
-33.065853118896484
-1.999999987845058e-08
-11.444708824157715
-12.14079475402832
-33.413063049316406
1.999999987845058e-08
-3.3586699962615967
-10.016627311706543
-26.398841857910156
-1.999999987845058e-08
3.497579574584961
-4.273977756500244
-18.78661346435547
1.999999987845058e-08
2.8611600399017334
-1.8603976964950562
-17.656158447265625
-1.999999987845058e-08
-1.0195062160491943
-4.511962890625
-19.954240798950195
1.999999987845058e-08
-0.6812596917152405
-5.631435394287109
-18.272953033447266
-1.999999987845058e-08
2.220306158065796
-3.9753010272979736
-13.858100891113281
1.999999987845058e-08
0.9452975392341614
-4.471332550048828
-13.835299491882324
-1.999999987845058e-08
-4.321610927581787
-5.517575740814209
-18.512237548828125
1.999999987845058e-08
-7.217271327972412
-2.316173553466797
-21.662841796875
-1.999999987845058e-08
-5.37868595123291
1.1085609197616577
-21.008563995361328
1.999999987845058e-08
-8.795002937316895
0.23266831040382385
-20.03207015991211
-1.999999987845058e-08
-17.254121780395508
-3.0864694118499756
-24.125904083251953
1.999999987845058e-08
-18.56884002685547
-9.655892372131348
-23.138771057128906
-1.999999987845058e-08
-9.170027732849121
-9.229450225830078
-13.392117500305176
1.999999987845058e-08
1.627747654914856
-2.0509979724884033
-2.7708001136779785
-1.999999987845058e-08
5.195618629455566
1.949208378791809
0.29442447423934937
1.999999987845058e-08
0.975713312625885
-1.8829456567764282
-4.970873832702637
-1.999999987845058e-08
-10.080378532409668
-10.883852005004883
-16.238616943359375
1.999999987845058e-08
-21.84185218811035
-17.408010482788086
-26.726619720458984
-1.999999987845058e-08
-22.080371856689453
-13.2528657913208
-25.91066551208496
1.999999987845058e-08
-0.5786813497543335
4.17390251159668
-3.6828854084014893
-1.999999987845058e-08
-3.6863081455230713
-1.5165205001831055
-5.255334377288818
1.999999987845058e-08
-11.199841499328613
-8.692788124084473
-11.544814109802246
-1.999999987845058e-08
-12.739141464233398
-9.35453987121582
-12.719118118286133
1.999999987845058e-08
-7.4489617347717285
-6.108287811279297
-7.36456823348999
-1.999999987845058e-08
-0.4920392632484436
-2.3939690589904785
-0.011654986999928951
1.999999987845058e-08
1.8047890663146973
0.11315711587667465
2.9261863231658936
-1.999999987845058e-08
-3.1463356018066406
-2.850626230239868
-1.80543053150177
1.999999987845058e-08
-11.782583236694336
-11.972773551940918
-10.211015701293945
-1.999999987845058e-08
-18.697124481201172
-20.06235694885254
-15.57448673248291
1.999999987845058e-08
-20.796100616455078
-22.619287490844727
-15.335477828979492
-1.999999987845058e-08
-16.42686653137207
-21.793424606323242
-9.81950569152832
1.999999987845058e-08
-5.075443267822266
-16.5825138092041
1.0688660144805908
-1.999999987845058e-08
7.859004974365234
-6.4532012939453125
13.198500633239746
1.999999987845058e-08
11.724674224853516
-1.390051245689392
16.746505737304688
-1.999999987845058e-08
2.621603488922119
-7.266258716583252
7.929749011993408
1.999999987845058e-08
-8.415185928344727
-11.401275634765625
-2.230367422103882
-1.999999987845058e-08
-7.170009613037109
-3.7523586750030518
-0.5535832643508911
1.999999987845058e-08
4.213695526123047
3.810114622116089
9.460076332092285
-1.999999987845058e-08
11.384090423583984
-0.28468528389930725
14.507339477539062
1.999999987845058e-08
4.213695526123047
3.810114622116089
9.460076332092285
-1.999999987845058e-08
11.384090423583984
-0.28468528389930725
14.507339477539062
1.999999987845058e-08
7.850189208984375
-7.941041946411133
10.530129432678223
-1.999999987845058e-08
-2.4155149459838867
-11.158928871154785
1.2927215099334717
1.999999987845058e-08
-13.474884986877441
-14.58529281616211
-9.519655227661133
-1.999999987845058e-08
-20.056520462036133
-18.76959228515625
-16.87674903869629
1.999999987845058e-08
-19.51329803466797
-16.879549026489258
-17.056636810302734
-1.999999987845058e-08
-13.20129680633545
-9.681541442871094
-11.97360897064209
1.999999987845058e-08
-5.133652687072754
-4.146689414978027
-5.603761672973633
-1.999999987845058e-08
-1.0900269746780396
-1.9747544527053833
-1.1240580081939697
1.999999987845058e-08
-4.92465877532959
-2.092440605163574
-1.5292404890060425
-1.999999987845058e-08
-12.336350440979004
-5.235085964202881
-5.891235828399658
1.999999987845058e-08
-13.730348587036133
-8.920451164245605
-7.375002861022949
-1.999999987845058e-08
-7.969679832458496
-10.180509567260742
-3.261474370956421
1.999999987845058e-08
-5.9705095291137695
-12.602638244628906
-1.8249772787094116
-1.999999987845058e-08
-13.38670539855957
-17.302865982055664
-8.800704002380371
1.999999987845058e-08
-20.242753982543945
-17.13796615600586
-15.514691352844238
-1.999999987845058e-08
-18.472002029418945
-11.886963844299316
-13.570708274841309
1.999999987845058e-08
-13.803364753723145
-9.973272323608398
-7.333728790283203
-1.999999987845058e-08
-9.408702850341797
-9.051569938659668
-0.1058129072189331
1.999999987845058e-08
0.6619786024093628
0.04472264274954796
11.72420597076416
-1.999999987845058e-08
15.97669506072998
12.764525413513184
25.292743682861328
1.999999987845058e-08
25.573230743408203
17.550094604492188
30.487266540527344
-1.999999987845058e-08
19.198543548583984
12.41016960144043
20.897689819335938
1.999999987845058e-08
-2.776285171508789
0.9267840385437012
-1.4915192127227783
-1.999999987845058e-08
-28.032760620117188
-13.248151779174805
-26.15503692626953
1.999999987845058e-08
-42.841026306152344
-23.063093185424805
-39.67060852050781
-1.999999987845058e-08
-45.311649322509766
-23.87945556640625
-38.387664794921875
1.999999987845058e-08
-44.2843132019043
-21.46316909790039
-31.94344139099121
-1.999999987845058e-08
-45.28411102294922
-23.433917999267578
-29.532115936279297
1.999999987845058e-08
-33.2379264831543
-25.759279251098633
-18.894079208374023
-1.999999987845058e-08
-14.661676406860352
-13.809593200683594
-0.8577440977096558
1.999999987845058e-08
1.8722898960113525
2.112659454345703
14.954239845275879
-1.999999987845058e-08
7.252789497375488
12.197431564331055
18.27939796447754
1.999999987845058e-08
2.4176056385040283
12.178542137145996
10.443765640258789
-1.999999987845058e-08
-5.007687091827393
5.457685947418213
-0.13608606159687042
1.999999987845058e-08
-7.536454200744629
0.27249401807785034
-4.961419105529785
-1.999999987845058e-08
0.5205608010292053
4.455442905426025
2.8082659244537354
1.999999987845058e-08
16.828109741210938
15.997428894042969
20.4945125579834
-1.999999987845058e-08
27.25369644165039
22.34014320373535
31.908443450927734
1.999999987845058e-08
22.115808486938477
17.124279022216797
25.890830993652344
-1.999999987845058e-08
9.53975772857666
9.668412208557129
11.400205612182617
1.999999987845058e-08
2.8856890201568604
10.657113075256348
3.545614242553711
-1.999999987845058e-08
6.864501476287842
18.65277671813965
7.085611343383789
1.999999987845058e-08
17.852651596069336
26.155027389526367
17.551523208618164
-1.999999987845058e-08
28.207786560058594
30.344205856323242
28.036449432373047
1.999999987845058e-08
32.491180419921875
32.48687744140625
33.652565002441406
-1.999999987845058e-08
30.28949546813965
30.907175064086914
32.072357177734375
1.999999987845058e-08
22.855012893676758
22.59202766418457
23.59187126159668
-1.999999987845058e-08
11.597360610961914
11.344157218933105
12.13858413696289
1.999999987845058e-08
11.597360610961914
11.344157218933105
12.13858413696289
-1.999999987845058e-08
-0.48967379331588745
5.183298110961914
2.4077625274658203
1.999999987845058e-08
-7.726419448852539
5.888166427612305
-2.325052499771118
-1.999999987845058e-08
-4.9609761238098145
9.112494468688965
0.48487165570259094
1.999999987845058e-08
5.873950004577637
13.521010398864746
10.293067932128906
-1.999999987845058e-08
17.122901916503906
20.908687591552734
21.967496871948242
1.999999987845058e-08
23.965309143066406
27.669795989990234
29.90230941772461
-1.999999987845058e-08
26.103775024414062
27.3023624420166
31.82034683227539
1.999999987845058e-08
23.11008071899414
21.328718185424805
28.26401138305664
-1.999999987845058e-08
14.82828426361084
15.530065536499023
20.9133358001709
1.999999987845058e-08
23.11008071899414
21.328718185424805
28.26401138305664
-1.999999987845058e-08
14.82828426361084
15.530065536499023
20.9133358001709
1.999999987845058e-08
4.562803745269775
9.207626342773438
12.324841499328613
-1.999999987845058e-08
-2.9694278240203857
1.0621018409729004
6.222035884857178
1.999999987845058e-08
-4.438468933105469
-1.8873201608657837
6.444154739379883
-1.999999987845058e-08
0.32794421911239624
4.779412746429443
12.857770919799805
1.999999987845058e-08
7.459296226501465
13.660527229309082
21.10437774658203
-1.999999987845058e-08
14.37280559539795
18.953975677490234
29.734771728515625
1.999999987845058e-08
20.86385154724121
23.448123931884766
38.94942855834961
-1.999999987845058e-08
25.42376136779785
27.240615844726562
44.68522262573242
1.999999987845058e-08
30.41053581237793
23.01498794555664
40.37913131713867
-1.999999987845058e-08
27.237743377685547
17.782869338989258
32.05500411987305
1.999999987845058e-08
20.261449813842773
13.136270523071289
22.345457077026367
-1.999999987845058e-08
13.878167152404785
9.674789428710938
14.759854316711426
1.999999987845058e-08
8.339886665344238
6.908701419830322
9.205265045166016
-1.999999987845058e-08
4.489694595336914
5.1318359375
5.970254898071289
1.999999987845058e-08
4.415442943572998
4.8397722244262695
5.4837870597839355
-1.999999987845058e-08
6.0135416984558105
5.602019309997559
5.079246520996094
1.999999987845058e-08
7.977587699890137
7.431729316711426
5.155593395233154
-1.999999987845058e-08
13.766512870788574
10.48217487335205
11.119056701660156
1.999999987845058e-08
23.263479232788086
14.643635749816895
23.004474639892578
-1.999999987845058e-08
30.6035213470459
20.052413940429688
33.041622161865234
1.999999987845058e-08
31.193754196166992
22.2728271484375
34.55918884277344
-1.999999987845058e-08
22.472246170043945
13.218388557434082
26.066368103027344
1.999999987845058e-08
5.855274200439453
-3.630089282989502
12.349081039428711
-1.999999987845058e-08
-7.6494011878967285
-12.155083656311035
3.7913925647735596
1.999999987845058e-08
-6.2088541984558105
-5.9475417137146
6.601240158081055
-1.999999987845058e-08
8.550235748291016
4.871737003326416
16.149415969848633
1.999999987845058e-08
24.55052375793457
12.268108367919922
23.751333236694336
-1.999999987845058e-08
32.3538932800293
16.14446258544922
24.650360107421875
1.999999987845058e-08
9.872949600219727
3.7493221759796143
4.063313007354736
-1.999999987845058e-08
-2.953935146331787
1.860390067100525
-3.8245723247528076
1.999999987845058e-08
-7.786807060241699
-0.49344030022621155
-8.31530475616455
-1.999999987845058e-08
-2.5877461433410645
-0.8701369762420654
-6.441381931304932
1.999999987845058e-08
3.7881479263305664
2.4584171772003174
-1.309260368347168
-1.999999987845058e-08
1.8969827890396118
3.3988730907440186
0.7265119552612305
1.999999987845058e-08
-7.742473125457764
-1.5165412425994873
-2.188013792037964
-1.999999987845058e-08
-17.214025497436523
-6.301062107086182
-6.591335296630859
1.999999987845058e-08
-19.21791648864746
-5.7390642166137695
-8.032912254333496
-1.999999987845058e-08
-12.824301719665527
-2.409821033477783
-5.003698825836182
1.999999987845058e-08
-12.824301719665527
-2.409821033477783
-5.003698825836182
-1.999999987845058e-08
-3.5833728313446045
0.5138408541679382
0.0755041316151619
1.999999987845058e-08
2.78430438041687
2.6261470317840576
3.5077052116394043
-1.999999987845058e-08
5.108243465423584
2.1321208477020264
3.2910704612731934
1.999999987845058e-08
6.422481060028076
-0.007116127759218216
1.7197411060333252
-1.999999987845058e-08
10.152482032775879
2.2302064895629883
3.83394193649292
1.999999987845058e-08
15.217891693115234
9.360136985778809
9.743950843811035
-1.999999987845058e-08
18.161619186401367
14.747261047363281
14.302420616149902
1.999999987845058e-08
19.057493209838867
15.828380584716797
15.914780616760254
-1.999999987845058e-08
20.389102935791016
14.72436237335205
17.311935424804688
1.999999987845058e-08
27.346065521240234
10.390713691711426
20.08310317993164
-1.999999987845058e-08
27.474489212036133
11.640589714050293
16.624576568603516
1.999999987845058e-08
19.482437133789062
10.322508811950684
6.105064392089844
-1.999999987845058e-08
8.055973052978516
2.1310999393463135
-7.170632362365723
1.999999987845058e-08
2.794539213180542
-3.471022844314575
-12.549033164978027
-1.999999987845058e-08
3.0807487964630127
-0.35414761304855347
-9.166186332702637
1.999999987845058e-08
-0.625444233417511
-0.30297109484672546
-8.921674728393555
-1.999999987845058e-08
-10.203620910644531
-10.030326843261719
-16.609073638916016
1.999999987845058e-08
-14.815889358520508
-15.029287338256836
-20.95809555053711
-1.999999987845058e-08
-5.182127475738525
-5.244223594665527
-11.973138809204102
1.999999987845058e-08
12.236748695373535
6.869991302490234
3.610490322113037
-1.999999987845058e-08
22.25421905517578
9.311029434204102
12.529797554016113
1.999999987845058e-08
17.721691131591797
6.068383693695068
10.674931526184082
-1.999999987845058e-08
3.8571321964263916
0.9638753533363342
1.766140103340149
1.999999987845058e-08
-7.579276084899902
-7.360524654388428
-7.573559761047363
-1.999999987845058e-08
-7.986452579498291
-12.034889221191406
-9.625715255737305
1.999999987845058e-08
0.40456274151802063
-3.845855951309204
-2.6495935916900635
-1.999999987845058e-08
9.240644454956055
11.516169548034668
6.615386486053467
1.999999987845058e-08
13.309368133544922
20.075185775756836
11.071977615356445
-1.999999987845058e-08
10.897031784057617
16.853118896484375
8.28113079071045
1.999999987845058e-08
10.897031784057617
16.853118896484375
8.28113079071045
-1.999999987845058e-08
2.031529664993286
6.1644721031188965
-0.6347295045852661
1.999999987845058e-08
-8.949597358703613
-5.037667274475098
-11.051104545593262
-1.999999987845058e-08
-15.299745559692383
-9.30962085723877
-17.0450496673584
1.999999987845058e-08
-16.211776733398438
-5.679854869842529
-18.400060653686523
-1.999999987845058e-08
-17.309762954711914
-3.6373534202575684
-21.019901275634766
1.999999987845058e-08
-19.11563491821289
-8.969221115112305
-25.489355087280273
-1.999999987845058e-08
-15.398079872131348
-13.253410339355469
-24.522626876831055
1.999999987845058e-08
-8.53157901763916
-9.6639986038208
-18.7908992767334
-1.999999987845058e-08
-10.548480033874512
-6.208634853363037
-19.854671478271484
1.999999987845058e-08
-21.479230880737305
-10.475363731384277
-28.90979766845703
-1.999999987845058e-08
-23.865032196044922
-15.061820030212402
-30.086538314819336
1.999999987845058e-08
-6.162276744842529
-9.234794616699219
-12.62869930267334
-1.999999987845058e-08
18.81381607055664
3.6106338500976562
11.391005516052246
1.999999987845058e-08
23.427001953125
7.113239765167236
16.16609764099121
-1.999999987845058e-08
-3.5276732444763184
-8.046055793762207
-8.772088050842285
1.999999987845058e-08
-36.386558532714844
-27.22429847717285
-39.50051498413086
-1.999999987845058e-08
-39.282108306884766
-26.72873306274414
-41.927757263183594
1.999999987845058e-08
-12.233644485473633
-7.12316370010376
-15.29659652709961
-1.999999987845058e-08
12.195253372192383
7.9847517013549805
9.250630378723145
1.999999987845058e-08
13.246548652648926
7.120399475097656
11.012084007263184
-1.999999987845058e-08
-2.3086419105529785
0.09317129105329514
-3.2351837158203125
1.999999987845058e-08
-18.762187957763672
-4.590461254119873
-18.025768280029297
-1.999999987845058e-08
-23.530136108398438
-6.245237350463867
-22.519222259521484
1.999999987845058e-08
-11.733025550842285
-2.6990389823913574
-12.468268394470215
-1.999999987845058e-08
7.100083351135254
5.557374477386475
4.894612789154053
1.999999987845058e-08
14.796732902526855
9.454193115234375
13.065674781799316
-1.999999987845058e-08
4.248097896575928
2.1870434284210205
3.40775465965271
1.999999987845058e-08
-11.759554862976074
-9.969226837158203
-13.038739204406738
-1.999999987845058e-08
-17.029882431030273
-15.288150787353516
-18.926265716552734
1.999999987845058e-08
-17.029882431030273
-15.288150787353516
-18.926265716552734
-1.999999987845058e-08
-11.108744621276855
-10.157830238342285
-11.682511329650879
1.999999987845058e-08
-5.595376014709473
-1.4307936429977417
-3.2078747749328613
-1.999999987845058e-08
-9.811092376708984
-0.22838275134563446
-4.397547721862793
1.999999987845058e-08
-24.755685806274414
-12.2613525390625
-16.55855941772461
-1.999999987845058e-08
-40.36336135864258
-27.83048439025879
-30.081886291503906
1.999999987845058e-08
-39.65114974975586
-28.47660255432129
-29.81952667236328
-1.999999987845058e-08
-19.359468460083008
-12.63260269165039
-13.125680923461914
1.999999987845058e-08
2.017744541168213
-0.4604508876800537
3.758707046508789
-1.999999987845058e-08
9.049227714538574
-3.210923433303833
8.205201148986816
1.999999987845058e-08
-8.27712631225586
-8.640191078186035
-11.839851379394531
-1.999999987845058e-08
-10.062698364257812
-7.36301326751709
-17.488405227661133
1.999999987845058e-08
-2.3913474082946777
-2.9863293170928955
-12.392281532287598
-1.999999987845058e-08
7.343470573425293
2.847388982772827
-2.2860913276672363
1.999999987845058e-08
6.382813453674316
3.285992383956909
-1.0302410125732422
-1.999999987845058e-08
-6.2898406982421875
-3.888554573059082
-11.91562557220459
1.999999987845058e-08
-18.065210342407227
-12.8040771484375
-23.848127365112305
-1.999999987845058e-08
-16.46409797668457
-15.24036693572998
-24.341537475585938
1.999999987845058e-08
-2.358731269836426
-8.83924674987793
-11.832347869873047
-1.999999987845058e-08
10.704050064086914
-0.040132660418748856
3.1993346214294434
1.999999987845058e-08
11.482994079589844
1.925439715385437
8.244793891906738
-1.999999987845058e-08
-0.3400355875492096
-5.863483905792236
-1.159964919090271
1.999999987845058e-08
-17.873842239379883
-16.320505142211914
-18.480297088623047
-1.999999987845058e-08
-29.66737174987793
-19.752094268798828
-29.914575576782227
1.999999987845058e-08
-26.738006591796875
-15.487408638000488
-26.543088912963867
-1.999999987845058e-08
-13.966180801391602
-10.29885482788086
-13.90811538696289
1.999999987845058e-08
-5.5192952156066895
-8.363090515136719
-4.805122375488281
-1.999999987845058e-08
-8.413045883178711
-10.953733444213867
-6.0890398025512695
1.999999987845058e-08
-15.931183815002441
-16.722108840942383
-12.966513633728027
-1.999999987845058e-08
-14.613791465759277
-16.795597076416016
-12.033256530761719
1.999999987845058e-08
-14.613791465759277
-16.795597076416016
-12.033256530761719
-1.999999987845058e-08
0.7284043431282043
-4.2723774909973145
3.745443105697632
1.999999987845058e-08
18.38884925842285
12.151127815246582
22.728059768676758
-1.999999987845058e-08
22.977033615112305
18.671083450317383
27.60338592529297
1.999999987845058e-08
12.592568397521973
13.115933418273926
15.814623832702637
-1.999999987845058e-08
-4.293018817901611
1.332047939300537
-2.6056737899780273
1.999999987845058e-08
