0
-34.88446044921875
-23.1795597076416
-31.164108276367188
1.999999987845058e-08
-46.9390983581543
-32.247982025146484
-43.81304931640625
-1.999999987845058e-08
-42.048885345458984
-33.79191970825195
-41.278079986572266
1.999999987845058e-08
-21.623437881469727
-25.223041534423828
-22.96160316467285
-1.999999987845058e-08
5.398739814758301
-9.384453773498535
2.535921335220337
1.999999987845058e-08
24.036935806274414
4.025340557098389
21.015771865844727
-1.999999987845058e-08
25.46477508544922
8.103132247924805
24.17259979248047
1.999999987845058e-08
15.211189270019531
4.138701915740967
16.252269744873047
-1.999999987845058e-08
3.75305438041687
-3.8228280544281006
5.414963245391846
1.999999987845058e-08
3.753054141998291
-3.8228280544281006
5.414963245391846
-1.999999987845058e-08
-2.0462162494659424
-10.094593048095703
-2.5379867553710938
1.999999987845058e-08
-0.4183635413646698
-8.299057006835938
-4.112654209136963
-1.999999987845058e-08
4.337353706359863
-1.0267376899719238
-1.123393177986145
1.999999987845058e-08
5.342205047607422
-0.024783238768577576
0.1900680959224701
-1.999999987845058e-08
0.6556620597839355
-8.246180534362793
-2.4886043071746826
1.999999987845058e-08
-5.0788798332214355
-13.691381454467773
-5.241735935211182
-1.999999987845058e-08
-6.921469688415527
-9.586018562316895
-5.067188262939453
1.999999987845058e-08
-3.1549010276794434
-4.141225814819336
-2.0654308795928955
-1.999999987845058e-08
6.687479019165039
-1.428975224494934
5.274819374084473
1.999999987845058e-08
6.687479019165039
-1.428975224494934
5.274819374084473
-1.999999987845058e-08
19.101781845092773
5.46160888671875
16.729726791381836
1.999999987845058e-08
22.91880989074707
13.283309936523438
22.18541145324707
-1.999999987845058e-08
10.521867752075195
7.5912933349609375
11.353174209594727
1.999999987845058e-08
-8.241933822631836
-9.505838394165039
-7.761003494262695
-1.999999987845058e-08
-17.671560287475586
-19.430118560791016
-17.54201889038086
1.999999987845058e-08
-16.208709716796875
-16.547836303710938
-14.467002868652344
-1.999999987845058e-08
-11.193604469299316
-10.541669845581055
-7.22393274307251
1.999999987845058e-08
-6.417983531951904
-6.877959251403809
-1.501837968826294
-1.999999987845058e-08
-4.330965518951416
-6.323160648345947
0.5429055690765381
1.999999987845058e-08
-5.175509452819824
-9.150737762451172
-0.6629131436347961
-1.999999987845058e-08
-4.34127140045166
-10.0166654586792
-0.3679952919483185
1.999999987845058e-08
-3.230741262435913
-6.779592037200928
1.0125064849853516
-1.999999987845058e-08
-10.686969757080078
-9.323975563049316
-4.841309070587158
1.999999987845058e-08
-24.564010620117188
-20.349430084228516
-17.44967269897461
-1.999999987845058e-08
-29.50160789489746
-24.148319244384766
-23.255929946899414
1.999999987845058e-08
-19.53705406188965
-13.088830947875977
-16.380699157714844
-1.999999987845058e-08
-5.6887335777282715
-2.5135953426361084
-6.930034160614014
1.999999987845058e-08
2.040729284286499
-4.060843467712402
-3.166569709777832
-1.999999987845058e-08
3.0530593395233154
-9.094728469848633
-3.2304506301879883
1.999999987845058e-08
-7.919197082519531
-10.0585298538208
-3.9452478885650635
-1.999999987845058e-08
-2.3711071014404297
-8.21031665802002
1.3413002490997314
1.999999987845058e-08
-0.8571823835372925
-4.848257541656494
1.243865966796875
-1.999999987845058e-08
-2.6886355876922607
-2.3678691387176514
-3.4602060317993164
1.999999987845058e-08
-4.4086151123046875
-1.4503568410873413
-7.784360885620117
-1.999999987845058e-08
-1.9579931497573853
0.3196309208869934
-6.327525615692139
1.999999987845058e-08
6.533092498779297
7.310425758361816
2.9111251831054688
-1.999999987845058e-08
16.468219757080078
17.02065086364746
14.219036102294922
1.999999987845058e-08
21.405847549438477
19.607643127441406
19.400096893310547
-1.999999987845058e-08
19.713136672973633
12.511689186096191
17.115829467773438
1.999999987845058e-08
16.468219757080078
17.02065086364746
14.219036102294922
-1.999999987845058e-08
21.405847549438477
19.607643127441406
19.400096893310547
1.999999987845058e-08
19.713136672973633
12.511688232421875
17.115829467773438
-1.999999987845058e-08
12.572637557983398
4.779544830322266
11.13491439819336
1.999999987845058e-08
2.783540964126587
2.628497362136841
4.235105514526367
-1.999999987845058e-08
-3.2026543617248535
2.995929718017578
-0.5655930042266846
1.999999987845058e-08
0.33628687262535095
3.789335250854492
1.627573013305664
-1.999999987845058e-08
10.351722717285156
7.001792907714844
11.26732063293457
1.999999987845058e-08
16.450708389282227
10.46512508392334
20.207578659057617
-1.999999987845058e-08
12.551521301269531
9.197385787963867
20.333576202392578
1.999999987845058e-08
-8.440962791442871
1.6270588636398315
-0.6778944730758667
-1.999999987845058e-08
-0.18528105318546295
7.260824203491211
2.524125099182129
1.999999987845058e-08
12.8716459274292
15.766008377075195
11.016874313354492
-1.999999987845058e-08
23.80336570739746
24.183996200561523
20.812639236450195
1.999999987845058e-08
26.790119171142578
27.377540588378906
25.86023712158203
-1.999999987845058e-08
21.552968978881836
23.423555374145508
23.264678955078125
1.999999987845058e-08
14.81816577911377
16.509159088134766
18.256731033325195
-1.999999987845058e-08
11.313076972961426
10.944860458374023
16.767902374267578
1.999999987845058e-08
8.453632354736328
8.200935363769531
17.60367202758789
-1.999999987845058e-08
2.036398410797119
7.560638427734375
15.178781509399414
1.999999987845058e-08
-7.855234622955322
5.225898265838623
6.7836995124816895
-1.999999987845058e-08
-16.671066284179688
-0.3353273272514343
-3.3711063861846924
1.999999987845058e-08
-19.902982711791992
-3.5104732513427734
-8.33637809753418
-1.999999987845058e-08
-18.32862091064453
-1.477107048034668
-7.596053600311279
1.999999987845058e-08
-16.190473556518555
-0.050871916115283966
-6.840470314025879
-1.999999987845058e-08
-12.989566802978516
-0.29838940501213074
-5.752176761627197
1.999999987845058e-08
-4.477492332458496
4.823742389678955
2.5900795459747314
-1.999999987845058e-08
8.304146766662598
14.755096435546875
17.120412826538086
1.999999987845058e-08
18.780054092407227
20.395353317260742
27.34641456604004
-1.999999987845058e-08
20.53529167175293
18.488981246948242
26.05283546447754
1.999999987845058e-08
20.53529167175293
18.488981246948242
26.05283546447754
-1.999999987845058e-08
12.56758975982666
13.1907958984375
15.261609077453613
1.999999987845058e-08
2.797098398208618
8.051547050476074
3.363553524017334
-1.999999987845058e-08
0.9038020968437195
4.898665428161621
-0.8509650230407715
1.999999987845058e-08
6.484005451202393
5.357151985168457
4.905808448791504
-1.999999987845058e-08
10.77382755279541
8.174169540405273
13.995798110961914
1.999999987845058e-08
9.315133094787598
10.219256401062012
18.91579246520996
-1.999999987845058e-08
5.510740756988525
11.539534568786621
20.053251266479492
1.999999987845058e-08
0.8113582134246826
12.030755996704102
19.080402374267578
-1.999999987845058e-08
-7.350305557250977
7.618849754333496
12.905960083007812
1.999999987845058e-08
-20.40545654296875
-5.552614212036133
0.02151457965373993
-1.999999987845058e-08
-20.881837844848633
-3.2957723140716553
1.314130187034607
1.999999987845058e-08
-20.82781219482422
-1.0604832172393799
1.2376456260681152
-1.999999987845058e-08
-19.250734329223633
-3.40372896194458
-0.4233725368976593
1.999999987845058e-08
-16.61251449584961
-7.594283580780029
-0.6399086713790894
-1.999999987845058e-08
-16.612232208251953
-10.504144668579102
-1.3137376308441162
1.999999987845058e-08
-20.634401321411133
-12.549609184265137
-6.215511798858643
-1.999999987845058e-08
-24.73872947692871
-13.942366600036621
-13.038962364196777
1.999999987845058e-08
-21.475238800048828
-12.249276161193848
-13.111665725708008
-1.999999987845058e-08
-8.262819290161133
-6.291114330291748
-2.582231044769287
1.999999987845058e-08
-8.262819290161133
-6.291114330291748
-2.582231044769287
-1.999999987845058e-08
8.321975708007812
1.4907455444335938
11.346233367919922
1.999999987845058e-08
20.16913604736328
7.770908832550049
19.637727737426758
-1.999999987845058e-08
21.74720001220703
9.134917259216309
18.149951934814453
1.999999987845058e-08
10.865092277526855
4.083809852600098
7.021459579467773
-1.999999987845058e-08
-3.8041329383850098
-1.8344871997833252
-5.529947280883789
1.999999987845058e-08
-6.704496383666992
-1.3589599132537842
-6.7844133377075195
-1.999999987845058e-08
6.198657989501953
4.560301780700684
5.434818744659424
1.999999987845058e-08
23.904579162597656
10.834612846374512
21.023252487182617
-1.999999987845058e-08
32.29363250732422
13.836463928222656
28.573352813720703
1.999999987845058e-08
23.954124450683594
9.324207305908203
21.678945541381836
-1.999999987845058e-08
5.083440780639648
-1.751313328742981
4.345344543457031
1.999999987845058e-08
-9.459837913513184
-9.266030311584473
-10.421687126159668
-1.999999987845058e-08
-13.67460823059082
-8.415400505065918
-16.337324142456055
1.999999987845058e-08
-13.692928314208984
-7.376174449920654
-19.314456939697266
-1.999999987845058e-08
-13.609539031982422
-10.436883926391602
-22.485788345336914
1.999999987845058e-08
-11.19304084777832
-10.009907722473145
-20.461210250854492
-1.999999987845058e-08
-4.9559149742126465
-3.4042766094207764
-11.179574966430664
1.999999987845058e-08
6.059504508972168
2.187943696975708
1.4811897277832031
-1.999999987845058e-08
22.797119140625
5.280932426452637
15.138748168945312
1.999999987845058e-08
38.17885971069336
10.328802108764648
26.099607467651367
-1.999999987845058e-08
39.23733139038086
13.655841827392578
25.93538475036621
1.999999987845058e-08
22.933456420898438
7.525150299072266
11.359838485717773
-1.999999987845058e-08
1.0054843425750732
-5.190107822418213
-8.84447193145752
1.999999987845058e-08
-12.726125717163086
-14.506773948669434
-22.882665634155273
-1.999999987845058e-08
-13.359413146972656
-16.104860305786133
-26.41419792175293
1.999999987845058e-08
-4.235965251922607
-11.59946060180664
-21.412527084350586
-1.999999987845058e-08
6.256962299346924
-4.296475887298584
-12.794781684875488
1.999999987845058e-08
7.847837448120117
0.27273109555244446
-8.554549217224121
-1.999999987845058e-08
-0.9052793383598328
-0.8294904232025146
-12.03689956665039
1.999999987845058e-08
-0.9052793383598328
-0.8294904828071594
-12.03689956665039
-1.999999987845058e-08
-8.296412467956543
-2.7994778156280518
-15.216021537780762
1.999999987845058e-08
-6.021838188171387
-1.6292215585708618
-11.601943969726562
-1.999999987845058e-08
-0.014339469373226166
-0.6017451286315918
-6.479050636291504
1.999999987845058e-08
2.1447341442108154
-1.3211816549301147
-5.068199157714844
-1.999999987845058e-08
2.3535900115966797
0.09974221140146255
-3.7641894817352295
1.999999987845058e-08
5.2276201248168945
3.2424066066741943
0.688331127166748
-1.999999987845058e-08
7.796457767486572
1.7641979455947876
3.324131488800049
1.999999987845058e-08
4.246071815490723
-5.34126091003418
-0.8864268064498901
-1.999999987845058e-08
-3.6368234157562256
-11.956388473510742
-8.640984535217285
1.999999987845058e-08
-26.31092071533203
-20.145132064819336
-31.959854125976562
-1.999999987845058e-08
-23.54842758178711
-19.728853225708008
-31.257022857666016
1.999999987845058e-08
-8.299983024597168
-13.281462669372559
-17.95708465576172
-1.999999987845058e-08
9.64177131652832
-1.8646368980407715
0.5920618772506714
1.999999987845058e-08
20.749902725219727
8.21812629699707
14.443131446838379
-1.999999987845058e-08
23.225868225097656
9.299793243408203
18.625423431396484
1.999999987845058e-08
16.48899269104004
0.36042988300323486
11.996123313903809
-1.999999987845058e-08
2.5321545600891113
-10.589127540588379
-1.643487811088562
1.999999987845058e-08
-8.877822875976562
-16.013479232788086
-13.281988143920898
-1.999999987845058e-08
-8.808931350708008
-15.368087768554688
-16.229618072509766
1.999999987845058e-08
-8.808931350708008
-15.368088722229004
-16.229618072509766
-1.999999987845058e-08
0.15895040333271027
-10.572965621948242
-11.838377952575684
1.999999987845058e-08
7.89931058883667
-4.4922590255737305
-6.4525556564331055
-1.999999987845058e-08
7.584859371185303
-2.7236275672912598
-5.803971290588379
1.999999987845058e-08
0.882093608379364
-6.680291652679443
-10.400653839111328
-1.999999987845058e-08
-3.962280035018921
-8.91487979888916
-13.713001251220703
1.999999987845058e-08
-0.21429190039634705
-3.8130784034729004
-9.347518920898438
-1.999999987845058e-08
11.726741790771484
4.785355091094971
1.8937265872955322
1.999999987845058e-08
26.04993438720703
11.318483352661133
15.02817440032959
-1.999999987845058e-08
32.6407356262207
13.082581520080566
22.941335678100586
1.999999987845058e-08
32.6407356262207
13.082581520080566
22.941335678100586
-1.999999987845058e-08
24.456031799316406
8.754267692565918
19.4493350982666
1.999999987845058e-08
8.345224380493164
1.4396209716796875
7.538295745849609
-1.999999987845058e-08
-3.972477436065674
-3.534552574157715
-4.484005928039551
1.999999987845058e-08
-10.486120223999023
-6.150674343109131
-13.32496166229248
-1.999999987845058e-08
-12.932483673095703
-8.524277687072754
-17.63580322265625
1.999999987845058e-08
-8.453205108642578
-7.942954063415527
-13.15415096282959
-1.999999987845058e-08
2.078981876373291
-2.580441951751709
-0.9914471507072449
1.999999987845058e-08
10.177379608154297
2.4934749603271484
8.99990177154541
-1.999999987845058e-08
13.862044334411621
4.717702388763428
13.035080909729004
1.999999987845058e-08
25.926605224609375
15.404815673828125
24.8222599029541
-1.999999987845058e-08
26.24129867553711
17.405683517456055
27.19413948059082
1.999999987845058e-08
20.741605758666992
13.946459770202637
23.487857818603516
-1.999999987845058e-08
11.391413688659668
9.16489028930664
15.331759452819824
1.999999987845058e-08
-0.5053767561912537
3.8774876594543457
2.939685821533203
-1.999999987845058e-08
-7.375541687011719
-1.2821391820907593
-8.308402061462402
1.999999987845058e-08
-1.5386052131652832
-0.9569339752197266
-8.65778636932373
-1.999999987845058e-08
14.1019926071167
8.296369552612305
3.944365978240967
1.999999987845058e-08
30.259849548339844
20.95347023010254
21.008338928222656
-1.999999987845058e-08
39.598533630371094
27.538846969604492
32.32010269165039
1.999999987845058e-08
39.598533630371094
27.538846969604492
32.32010269165039
-1.999999987845058e-08
36.66879653930664
23.650876998901367
31.386211395263672
1.999999987845058e-08
19.298784255981445
11.203693389892578
16.638525009155273
-1.999999987845058e-08
-5.228877544403076
-4.742880344390869
-5.67025089263916
1.999999987845058e-08
-22.516931533813477
-16.956666946411133
-22.718568801879883
-1.999999987845058e-08
-22.85004234313965
-18.71206283569336
-24.62265396118164
1.999999987845058e-08
-8.145191192626953
-9.67675495147705
-12.172869682312012
-1.999999987845058e-08
10.365236282348633
3.490407705307007
4.861944198608398
1.999999987845058e-08
21.50168228149414
14.075153350830078
16.487123489379883
-1.999999987845058e-08
24.393482208251953
19.57550621032715
20.147836685180664
1.999999987845058e-08
22.383329391479492
15.41659927368164
13.078556060791016
-1.999999987845058e-08
16.424684524536133
10.406885147094727
6.31548547744751
1.999999987845058e-08
6.854892730712891
4.757971286773682
-1.2517024278640747
-1.999999987845058e-08
-3.5469613075256348
-1.6983051300048828
-9.531437873840332
1.999999987845058e-08
-9.803933143615723
-4.216514587402344
-14.66598129272461
-1.999999987845058e-08
-8.974940299987793
-0.6398599743843079
-12.889673233032227
1.999999987845058e-08
-4.667672634124756
2.8284478187561035
-7.875158309936523
-1.999999987845058e-08
-0.9272608160972595
2.6005382537841797
-4.388062953948975
1.999999987845058e-08
3.457350969314575
3.2773239612579346
-1.0503002405166626
-1.999999987845058e-08
9.389297485351562
7.166766166687012
3.3741679191589355
1.999999987845058e-08
-17.02387237548828
-9.583980560302734
-20.724130630493164
-1.999999987845058e-08
-15.937262535095215
-5.604917526245117
-18.397708892822266
1.999999987845058e-08
-12.453227043151855
1.767872929573059
-13.299443244934082
-1.999999987845058e-08
-4.910983562469482
6.559082984924316
-7.117278099060059
1.999999987845058e-08
5.5069169998168945
8.507518768310547
-0.09710469841957092
-1.999999987845058e-08
11.032422065734863
7.82639217376709
3.990201711654663
1.999999987845058e-08
3.1418373584747314
0.007615185342729092
-3.016143798828125
-1.999999987845058e-08
-14.443291664123535
-13.066500663757324
-20.301393508911133
1.999999987845058e-08
-26.139076232910156
-19.17776107788086
-32.86473083496094
-1.999999987845058e-08
-22.387771606445312
-13.200450897216797
-29.887645721435547
1.999999987845058e-08
-12.453227043151855
1.767872929573059
-13.299443244934082
-1.999999987845058e-08
-4.910983562469482
6.559082984924316
-7.117278099060059
1.999999987845058e-08
5.5069169998168945
8.507518768310547
-0.09710469841957092
-1.999999987845058e-08
11.032422065734863
7.82639217376709
3.990201711654663
1.999999987845058e-08
3.1418373584747314
0.0076151881366968155
-3.016143798828125
-1.999999987845058e-08
-14.443291664123535
-13.066500663757324
-20.301393508911133
1.999999987845058e-08
-26.139076232910156
-19.17776107788086
-32.86473083496094
-1.999999987845058e-08
-22.387771606445312
-13.200450897216797
-29.887645721435547
1.999999987845058e-08
-9.682143211364746
-4.84503698348999
-18.131235122680664
-1.999999987845058e-08
-1.2901028394699097
-2.6136348247528076
-10.235763549804688
1.999999987845058e-08
-9.491779327392578
0.1868216097354889
-4.227219581604004
-1.999999987845058e-08
-21.2280330657959
-7.225422382354736
-14.539234161376953
1.999999987845058e-08
-34.13482666015625
-15.139688491821289
-25.84011459350586
-1.999999987845058e-08
-39.88912582397461
-20.509675979614258
-32.818267822265625
1.999999987845058e-08
-30.178531646728516
-16.16582489013672
-26.898365020751953
-1.999999987845058e-08
-9.812453269958496
-4.321753025054932
-8.95512866973877
1.999999987845058e-08
3.3096048831939697
1.392663598060608
4.943019866943359
-1.999999987845058e-08
-0.2055365890264511
-2.5737342834472656
2.962435007095337
1.999999987845058e-08
-10.537681579589844
-6.412320137023926
-8.202994346618652
-1.999999987845058e-08
-14.848971366882324
-6.454128742218018
-16.112037658691406
1.999999987845058e-08
-14.848971366882324
-6.454129219055176
-16.112037658691406
-1.999999987845058e-08
-11.649239540100098
-5.838111877441406
-16.500333786010742
1.999999987845058e-08
-7.2875471115112305
-4.216853618621826
-12.104388236999512
-1.999999987845058e-08
-7.277498722076416
-2.4285314083099365
-7.5292582511901855
1.999999987845058e-08
-11.384742736816406
-4.365429878234863
-5.617516040802002
-1.999999987845058e-08
-14.470324516296387
-8.379871368408203
-5.380105972290039
1.999999987845058e-08
-13.20547866821289
-9.035582542419434
-4.45708703994751
-1.999999987845058e-08
-9.475388526916504
-6.226156711578369
-2.292511463165283
1.999999987845058e-08
-6.372282028198242
-3.932111978530884
0.7556105852127075
-1.999999987845058e-08
-4.529271125793457
-3.378607749938965
5.160067081451416
1.999999987845058e-08
-0.7113209366798401
-2.0775790214538574
12.296104431152344
-1.999999987845058e-08
7.077964782714844
1.7044448852539062
20.358606338500977
1.999999987845058e-08
11.661489486694336
5.41228723526001
21.818649291992188
-1.999999987845058e-08
6.1039042472839355
5.55115270614624
13.892662048339844
1.999999987845058e-08
-3.246809482574463
2.5600476264953613
5.562826156616211
-1.999999987845058e-08
-7.651735782623291
-0.3858239948749542
4.2593817710876465
1.999999987845058e-08
-9.294159889221191
-0.6350481510162354
5.339710712432861
-1.999999987845058e-08
-12.403493881225586
1.9835124015808105
2.121997356414795
1.999999987845058e-08
-13.793266296386719
4.635499477386475
-3.424901008605957
-1.999999987845058e-08
-9.162544250488281
5.944502830505371
-4.298436641693115
1.999999987845058e-08
-9.162544250488281
5.944502830505371
-4.298436641693115
-1.999999987845058e-08
2.079585075378418
9.8036470413208
4.514128684997559
1.999999987845058e-08
16.936351776123047
17.848106384277344
20.982250213623047
-1.999999987845058e-08
26.54163360595703
22.778505325317383
33.92478942871094
1.999999987845058e-08
23.219255447387695
18.565391540527344
33.610374450683594
-1.999999987845058e-08
9.890472412109375
8.789222717285156
22.2637996673584
1.999999987845058e-08
-5.4510345458984375
-1.1451592445373535
7.6768951416015625
-1.999999987845058e-08
-16.833587646484375
-8.193648338317871
-3.7222700119018555
1.999999987845058e-08
-21.904136657714844
-9.57486343383789
-7.755335330963135
-1.999999987845058e-08
-23.608749389648438
-7.064269542694092
-6.478313446044922
1.999999987845058e-08
-23.608749389648438
-7.064269542694092
-6.478313446044922
-1.999999987845058e-08
-26.067644119262695
-6.459553241729736
-6.176201343536377
1.999999987845058e-08
-28.78057861328125
-8.258210182189941
-8.321948051452637
-1.999999987845058e-08
-28.491107940673828
-8.177694320678711
-8.976155281066895
1.999999987845058e-08
-22.4877986907959
-5.35905122756958
-4.90227746963501
-1.999999987845058e-08
-9.584672927856445
-0.8064494729042053
4.90807580947876
1.999999987845058e-08
5.93064546585083
6.389995098114014
18.145631790161133
-1.999999987845058e-08
14.268815040588379
13.263181686401367
26.620187759399414
1.999999987845058e-08
8.857686996459961
10.892190933227539
21.227846145629883
-1.999999987845058e-08
-7.615022659301758
-4.025537490844727
2.4491982460021973
1.999999987845058e-08
-27.40983772277832
-19.94363021850586
-21.90528678894043
-1.999999987845058e-08
-17.35690689086914
-11.359174728393555
-14.874442100524902
1.999999987845058e-08
-1.6573203802108765
-1.5597889423370361
-0.967824399471283
-1.999999987845058e-08
13.9403657913208
7.971592903137207
16.23288917541504
1.999999987845058e-08
20.42072105407715
12.251744270324707
25.184354782104492
-1.999999987845058e-08
15.266376495361328
8.584178924560547
21.52914047241211
1.999999987845058e-08
1.9440836906433105
-1.3756941556930542
10.666443824768066
-1.999999987845058e-08
-12.141729354858398
-12.663270950317383
0.08030056953430176
1.999999987845058e-08
-17.676660537719727
-18.23973846435547
-3.752246618270874
-1.999999987845058e-08
-13.014790534973145
-15.101798057556152
0.4998396337032318
1.999999987845058e-08
-7.051762104034424
-8.667332649230957
5.6512956619262695
-1.999999987845058e-08
-8.559558868408203
-6.636508464813232
3.196160078048706
1.999999987845058e-08
-17.082372665405273
-10.288951873779297
-6.289737224578857
-1.999999987845058e-08
-22.979228973388672
-13.964125633239746
-12.974987983703613
1.999999987845058e-08
-15.25492000579834
-11.380044937133789
-7.752619743347168
-1.999999987845058e-08
4.8727593421936035
-2.481943130493164
7.289106369018555
1.999999987845058e-08
22.05496597290039
6.153590679168701
20.760669708251953
-1.999999987845058e-08
24.3513240814209
8.90555477142334
24.602161407470703
1.999999987845058e-08
14.832262992858887
6.918065071105957
19.507678985595703
-1.999999987845058e-08
5.098582744598389
4.992870330810547
11.534287452697754
1.999999987845058e-08
5.098582744598389
4.992870330810547
11.534287452697754
-1.999999987845058e-08
3.391008138656616
3.6787657737731934
6.979366779327393
1.999999987845058e-08
7.655515193939209
-0.1596159189939499
6.64065408706665
-1.999999987845058e-08
9.985635757446289
-3.9485936164855957
6.428000450134277
1.999999987845058e-08
6.068118095397949
-2.7255234718322754
3.307203531265259
-1.999999987845058e-08
-3.704120635986328
-1.7936372756958008
-3.757964849472046
1.999999987845058e-08
-17.402294158935547
-9.134566307067871
-14.37069034576416
-1.999999987845058e-08
-29.11750602722168
-18.534324645996094
-23.067598342895508
1.999999987845058e-08
-30.06699562072754
-18.811155319213867
-22.471717834472656
-1.999999987845058e-08
-18.333768844604492
-11.96285343170166
-12.703471183776855
1.999999987845058e-08
-1.6029802560806274
-5.733222007751465
0.08613238483667374
-1.999999987845058e-08
10.389275550842285
-1.6477417945861816
10.343921661376953
1.999999987845058e-08
12.980976104736328
-0.7071018815040588
13.849408149719238
-1.999999987845058e-08
8.572010040283203
-4.773557186126709
10.124648094177246
1.999999987845058e-08
2.5048446655273438
-9.496201515197754
4.227275848388672
-1.999999987845058e-08
-2.20758318901062
-9.950088500976562
0.682593584060669
1.999999987845058e-08
-4.383110523223877
-8.62581729888916
-0.25008755922317505
-1.999999987845058e-08
-2.4371283054351807
-7.174172401428223
1.5274180173873901
1.999999987845058e-08
3.7190194129943848
-1.5674024820327759
6.985108375549316
-1.999999987845058e-08
9.605667114257812
5.535009860992432
12.274680137634277
1.999999987845058e-08
8.281469345092773
3.4201176166534424
9.381016731262207
-1.999999987845058e-08
0.5944303274154663
-6.553835868835449
-0.47226065397262573
1.999999987845058e-08
-1.5811008214950562
-8.755147933959961
-3.382169723510742
-1.999999987845058e-08
7.48391580581665
0.7527409791946411
6.65505838394165
1.999999987845058e-08
15.846278190612793
7.681954383850098
16.423372268676758
-1.999999987845058e-08
11.339742660522461
4.18110466003418
13.843695640563965
1.999999987845058e-08
0.19324178993701935
-1.1106926202774048
5.153625011444092
-1.999999987845058e-08
-2.3752245903015137
0.9223849773406982
3.001688241958618
1.999999987845058e-08
7.28648042678833
9.21646499633789
9.75958251953125
-1.999999987845058e-08
17.371002197265625
15.5944185256958
17.22103500366211
1.999999987845058e-08
17.371002197265625
15.5944185256958
17.22103500366211
-1.999999987845058e-08
15.205798149108887
12.694042205810547
16.693344116210938
1.999999987845058e-08
0.874532163143158
2.6094720363616943
7.875892162322998
-1.999999987845058e-08
-15.030632019042969
-5.5316243171691895
-2.243126153945923
1.999999987845058e-08
-22.02275848388672
-8.384151458740234
-7.575686454772949
-1.999999987845058e-08
-17.90271759033203
-10.217608451843262
-8.133888244628906
1.999999987845058e-08
-10.356147766113281
-12.020964622497559
-8.341849327087402
-1.999999987845058e-08
-9.217673301696777
-10.917211532592773
-12.056872367858887
1.999999987845058e-08
-16.78879165649414
-9.845876693725586
-19.91257667541504
-1.999999987845058e-08
-26.376188278198242
-13.248547554016113
-28.517343521118164
1.999999987845058e-08
-9.217673301696777
-10.917211532592773
-12.056872367858887
-1.999999987845058e-08
-16.78879165649414
-9.845876693725586
-19.91257667541504
1.999999987845058e-08
-26.376188278198242
-13.248547554016113
-28.517343521118164
-1.999999987845058e-08
-28.444974899291992
-15.36082935333252
-30.74354362487793
1.999999987845058e-08
-17.22026824951172
-7.083315372467041
-20.18680191040039
-1.999999987845058e-08
4.755980014801025
9.153837203979492
1.4818817377090454
1.999999987845058e-08
25.921104431152344
22.238435745239258
22.741466522216797
-1.999999987845058e-08
35.86421585083008
26.149385452270508
33.0521125793457
1.999999987845058e-08
35.282108306884766
23.125288009643555
32.77871322631836
-1.999999987845058e-08
28.69781494140625
17.405149459838867
26.402206420898438
1.999999987845058e-08
27.091812133789062
22.90699577331543
17.297353744506836
-1.999999987845058e-08
30.262556076049805
19.920970916748047
16.194690704345703
1.999999987845058e-08
26.88357162475586
16.15171241760254
11.096616744995117
-1.999999987845058e-08
22.79962158203125
14.092583656311035
6.623743057250977
1.999999987845058e-08
22.863250732421875
12.62158489227295
5.6681904792785645
-1.999999987845058e-08
24.56534767150879
12.109140396118164
6.544035911560059
1.999999987845058e-08
24.06683921813965
12.756668090820312
6.381357192993164
-1.999999987845058e-08
22.228113174438477
12.976577758789062
5.813979625701904
1.999999987845058e-08
21.93120574951172
13.320242881774902
7.81358003616333
-1.999999987845058e-08
25.66633415222168
16.706710815429688
14.007408142089844
1.999999987845058e-08
25.66633415222168
16.706710815429688
14.007408142089844
-1.999999987845058e-08
34.057289123535156
22.653217315673828
22.924036026000977
1.999999987845058e-08
41.27381134033203
26.26432228088379
28.838533401489258
-1.999999987845058e-08
39.01146697998047
24.79005241394043
25.509641647338867
1.999999987845058e-08
26.908065795898438
19.218969345092773
12.848185539245605
-1.999999987845058e-08
12.409184455871582
10.79204273223877
-2.6435554027557373
1.999999987845058e-08
2.9332480430603027
2.9281485080718994
-12.731293678283691
-1.999999987845058e-08
-0.055847834795713425
-0.3978002369403839
-14.329957962036133
1.999999987845058e-08
-0.6044269800186157
-1.5051677227020264
-11.983685493469238
-1.999999987845058e-08
-1.6697829961776733
-4.238863468170166
-10.990825653076172
1.999999987845058e-08
-2.3389124870300293
-5.627408027648926
-11.937387466430664
-1.999999987845058e-08
-1.8313617706298828
-2.668262243270874
-13.937309265136719
1.999999987845058e-08
-0.05578405782580376
1.2218624353408813
-15.901474952697754
-1.999999987845058e-08
6.047634601593018
4.9223480224609375
-13.057509422302246
1.999999987845058e-08
17.7869930267334
11.542264938354492
-2.5175909996032715
-1.999999987845058e-08
27.716033935546875
17.190574645996094
8.429930686950684
1.999999987845058e-08
27.149751663208008
14.028629302978516
9.929703712463379
-1.999999987845058e-08
17.05372428894043
4.299430847167969
1.7885879278182983
1.999999987845058e-08
5.351630210876465
-3.0283703804016113
-8.324406623840332
-1.999999987845058e-08
-2.8400206565856934
-5.444725513458252
-15.265312194824219
1.999999987845058e-08
-7.55079984664917
-6.0742058753967285
-19.56846809387207
-1.999999987845058e-08
-9.511454582214355
-6.382416725158691
-22.180089950561523
1.999999987845058e-08
-9.852314949035645
-7.355044841766357
-22.950674057006836
-1.999999987845058e-08
-10.457072257995605
-10.180538177490234
-22.43561553955078
1.999999987845058e-08
-10.16624927520752
-11.95097827911377
-20.329002380371094
-1.999999987845058e-08
-6.19128942489624
-8.751367568969727
-15.964456558227539
1.999999987845058e-08
1.308411955833435
-2.1011998653411865
-10.964561462402344
-1.999999987845058e-08
11.092716217041016
4.848445892333984
-6.749752044677734
1.999999987845058e-08
21.639007568359375
11.485319137573242
-2.911886692047119
-1.999999987845058e-08
27.480619430541992
14.421002388000488
-1.6046768426895142
1.999999987845058e-08
23.26068115234375
8.396984100341797
-6.340703010559082
-1.999999987845058e-08
11.103896141052246
-3.099699020385742
-14.887977600097656
1.999999987845058e-08
-2.849891424179077
-10.428475379943848
-22.163856506347656
-1.999999987845058e-08
-13.532400131225586
-11.508480072021484
-26.7984619140625
1.999999987845058e-08
-14.575528144836426
-10.152254104614258
-26.702693939208984
-1.999999987845058e-08
-2.6364874839782715
-5.680501937866211
-18.3375244140625
1.999999987845058e-08
12.426948547363281
2.2080721855163574
-7.1798906326293945
-1.999999987845058e-08
15.887519836425781
7.139331340789795
-4.662867069244385
1.999999987845058e-08
7.143208026885986
6.17606782913208
-11.38097095489502
-1.999999987845058e-08
-3.133603811264038
3.7753992080688477
-17.67815589904785
1.999999987845058e-08
-8.270553588867188
0.3205869197845459
-18.439239501953125
-1.999999987845058e-08
-7.033839702606201
-6.26828145980835
-14.903637886047363
1.999999987845058e-08
-0.9165025949478149
-9.817625999450684
-9.037538528442383
-1.999999987845058e-08
4.2778000831604
-5.410361289978027
-4.933377742767334
1.999999987845058e-08
1.8221771717071533
-2.141386032104492
-8.654264450073242
-1.999999987845058e-08
-8.689406394958496
-8.7560453414917
-19.483095169067383
1.999999987845058e-08
-16.921741485595703
-15.612462997436523
-24.5743408203125
-1.999999987845058e-08
-10.898487091064453
-9.431228637695312
-13.304343223571777
1.999999987845058e-08
5.828767776489258
4.13284158706665
5.52788782119751
-1.999999987845058e-08
18.523176193237305
11.617396354675293
15.803729057312012
1.999999987845058e-08
18.523176193237305
11.617396354675293
15.803729057312012
-1.999999987845058e-08
20.227306365966797
11.337597846984863
14.620453834533691
1.999999987845058e-08
14.135833740234375
6.997287273406982
8.034392356872559
-1.999999987845058e-08
6.6439056396484375
0.19765737652778625
1.6239855289459229
1.999999987845058e-08
4.33036994934082
-3.7076501846313477
1.2217167615890503
-1.999999987845058e-08
6.7627668380737305
-1.2368568181991577
6.977124214172363
1.999999987845058e-08
3.828441619873047
-0.06784073263406754
8.370112419128418
-1.999999987845058e-08
-9.88960075378418
-6.534148216247559
-1.5859787464141846
1.999999987845058e-08
-25.73233985900879
-14.490580558776855
-15.463465690612793
-1.999999987845058e-08
-32.674137115478516
-17.700002670288086
-22.9280948638916
1.999999987845058e-08
-32.674137115478516
-17.700002670288086
-22.9280948638916
-1.999999987845058e-08
-27.90911102294922
-16.879751205444336
-20.42136001586914
1.999999987845058e-08
-13.501838684082031
-10.000627517700195
-7.297527313232422
-1.999999987845058e-08
5.511037349700928
4.723843574523926
12.392230987548828
1.999999987845058e-08
18.231138229370117
16.865686416625977
24.994718551635742
-1.999999987845058e-08
15.203255653381348
14.146320343017578
19.774688720703125
1.999999987845058e-08
1.6459647417068481
1.8812512159347534
5.210718631744385
-1.999999987845058e-08
-7.135885238647461
-4.467545509338379
-1.4167817831039429
1.999999987845058e-08
-5.906705856323242
-1.6800932884216309
2.4718844890594482
-1.999999987845058e-08
-5.656195640563965
-0.521437406539917
3.8310325145721436
1.999999987845058e-08
-15.94505786895752
-8.336057662963867
-5.927221298217773
-1.999999987845058e-08
-29.750181198120117
-19.014474868774414
-19.35211753845215
1.999999987845058e-08
-33.328712463378906
-21.077600479125977
-23.23914909362793
-1.999999987845058e-08
-23.698583602905273
-11.946776390075684
-13.997713088989258
1.999999987845058e-08
-10.514877319335938
-1.8673807382583618
-0.540327787399292
-1.999999987845058e-08
-4.781339168548584
-1.3706759214401245
5.582312107086182
1.999999987845058e-08
-6.6472487449646
-6.810922145843506
3.374831438064575
-1.999999987845058e-08
-8.568133354187012
-7.789050102233887
0.4504678547382355
1.999999987845058e-08
-9.20864200592041
-4.7170305252075195
-1.1549160480499268
-1.999999987845058e-08
-11.146627426147461
-4.064941883087158
-3.4674508571624756
1.999999987845058e-08
11.87279987335205
5.7156758308410645
17.95245933532715
-1.999999987845058e-08
1.2756645679473877
-0.7981163263320923
9.663810729980469
1.999999987845058e-08
-10.466198921203613
-8.778520584106445
3.0595455169677734
-1.999999987845058e-08
-11.73509407043457
-9.60158920288086
5.515178680419922
1.999999987845058e-08
-2.343050003051758
-1.1681073904037476
14.054856300354004
-1.999999987845058e-08
7.788115501403809
7.011773586273193
20.525819778442383
1.999999987845058e-08
10.813040733337402
6.977694034576416
21.163259506225586
-1.999999987845058e-08
5.7865400314331055
3.1794369220733643
16.87186622619629
1.999999987845058e-08
-4.475437641143799
1.5706584453582764
8.714703559875488
-1.999999987845058e-08
-15.230142593383789
-1.4155118465423584
-1.4283705949783325
1.999999987845058e-08
-15.230142593383789
-1.4155118465423584
-1.428370714187622
-1.999999987845058e-08
-21.171300888061523
-9.256765365600586
-8.177420616149902
1.999999987845058e-08
-19.243511199951172
-15.210651397705078
-5.520646572113037
-1.999999987845058e-08
-11.465184211730957
-12.765311241149902
5.436873435974121
1.999999987845058e-08
-5.5462141036987305
-7.42072057723999
14.267132759094238
-1.999999987845058e-08
-9.067481994628906
-7.627538681030273
11.39133071899414
1.999999987845058e-08
-18.96489906311035
-11.691468238830566
0.8950150012969971
-1.999999987845058e-08
-22.575544357299805
-12.776662826538086
-3.2847037315368652
1.999999987845058e-08
-14.161006927490234
-9.275601387023926
4.784000873565674
-1.999999987845058e-08
-2.638333320617676
-3.817213296890259
16.708086013793945
1.999999987845058e-08
-9.067481994628906
-7.627538681030273
11.39133071899414
-1.999999987845058e-08
-18.96489906311035
-11.691468238830566
0.8950150609016418
1.999999987845058e-08
-22.575544357299805
-12.776662826538086
-3.2847037315368652
-1.999999987845058e-08
-14.161006927490234
-9.275601387023926
4.784000873565674
1.999999987845058e-08
-2.638333320617676
-3.817213296890259
16.708086013793945
-1.999999987845058e-08
0.23447145521640778
-0.4483843743801117
20.384654998779297
1.999999987845058e-08
-7.0114545822143555
-3.242872476577759
12.255585670471191
-1.999999987845058e-08
-15.662803649902344
-9.18563175201416
0.8196027278900146
1.999999987845058e-08
-18.146270751953125
-10.080235481262207
-3.911942958831787
-1.999999987845058e-08
-17.025041580200195
-7.129400730133057
-3.7504498958587646
1.999999987845058e-08
0.2026338130235672
5.036419868469238
13.070808410644531
-1.999999987845058e-08
-10.497086524963379
0.011627479456365108
1.8445582389831543
1.999999987845058e-08
-22.54404640197754
-7.054594039916992
-10.703840255737305
-1.999999987845058e-08
-31.69232177734375
-13.923135757446289
-19.326045989990234
1.999999987845058e-08
-32.904296875
-17.246416091918945
-20.638492584228516
-1.999999987845058e-08
-26.551603317260742
-14.646631240844727
-15.400494575500488
1.999999987845058e-08
-16.3303165435791
-7.265241622924805
-6.244441509246826
-1.999999987845058e-08
-5.995746612548828
0.32538077235221863
3.646808624267578
1.999999987845058e-08
1.0057319402694702
4.260934352874756
10.455777168273926
-1.999999987845058e-08
2.5436394214630127
3.3983256816864014
11.531746864318848
1.999999987845058e-08
-2.2968437671661377
-1.6759920120239258
5.705687522888184
-1.999999987845058e-08
-11.63412857055664
-6.842782020568848
-5.697064399719238
1.999999987845058e-08
-18.33257484436035
-6.052908897399902
-15.536048889160156
-1.999999987845058e-08
-14.896533966064453
0.863625705242157
-14.950220108032227
1.999999987845058e-08
-1.5952337980270386
8.360995292663574
-3.4157464504241943
-1.999999987845058e-08
12.565919876098633
13.402750015258789
10.106574058532715
1.999999987845058e-08
17.088716506958008
15.239480018615723
15.878266334533691
-1.999999987845058e-08
8.635689735412598
10.390046119689941
10.360085487365723
1.999999987845058e-08
-5.954128265380859
-0.5681498646736145
-1.5673654079437256
-1.999999987845058e-08
-16.095088958740234
-7.115374565124512
-10.25367546081543
1.999999987845058e-08
8.635689735412598
10.390046119689941
10.360085487365723
-1.999999987845058e-08
-5.954128265380859
-0.5681498050689697
-1.5673654079437256
1.999999987845058e-08
-16.095088958740234
-7.115374565124512
-10.25367546081543
-1.999999987845058e-08
-18.108936309814453
-3.5887091159820557
-11.629132270812988
1.999999987845058e-08
-15.431136131286621
0.5214343667030334
-9.683488845825195
-1.999999987845058e-08
-9.946128845214844
-2.3160030841827393
-6.650289535522461
1.999999987845058e-08
-2.5107736587524414
-5.524923324584961
-0.904288113117218
-1.999999987845058e-08
1.1578420400619507
-3.472404956817627
4.370931148529053
1.999999987845058e-08
-2.4462087154388428
-0.9110077619552612
3.426393985748291
-1.999999987845058e-08
-6.515324592590332
-0.7803168296813965
-0.891265869140625
1.999999987845058e-08
-2.9761135578155518
1.3108161687850952
0.04795661196112633
-1.999999987845058e-08
7.18882942199707
7.220032215118408
7.875413417816162
1.999999987845058e-08
16.654630661010742
12.85676097869873
15.240373611450195
-1.999999987845058e-08
20.420495986938477
15.762685775756836
16.551799774169922
1.999999987845058e-08
19.809932708740234
16.2552490234375
14.093903541564941
-1.999999987845058e-08
17.061437606811523
11.963526725769043
10.959333419799805
1.999999987845058e-08
