0
2.9648265838623047
-28.401134490966797
42.009742736816406
-25.850000381469727
1.2607942819595337
-23.528762817382812
44.426944732666016
-46.517330169677734
-0.620671272277832
-16.7008056640625
38.67604446411133
-55.92693328857422
-2.356302261352539
-9.746834754943848
28.3499813079834
-50.51321029663086
-4.161930084228516
-2.8731372356414795
15.764936447143555
-33.66584777832031
-12.516819953918457
29.064044952392578
-41.102752685546875
41.38052749633789
-13.030206680297852
29.130075454711914
-33.02238845825195
15.862492561340332
-13.387720108032227
26.486845016479492
-21.1132755279541
-13.561538696289062
-13.887407302856445
22.552093505859375
-5.963805675506592
-39.51605224609375
-14.173462867736816
18.35171127319336
11.622556686401367
-57.74367141723633
-13.960826873779297
13.782708168029785
26.560667037963867
-59.8652458190918
-13.483831405639648
7.954536437988281
35.65997314453125
-44.111541748046875
-12.983060836791992
0.7038316130638123
41.1047248840332
-19.108293533325195
-12.328577041625977
-6.74807596206665
43.89780044555664
8.574922561645508
-11.32883358001709
-13.466917037963867
40.78544998168945
33.9567756652832
-12.516819953918457
29.064044952392578
-41.102752685546875
41.38052749633789
-13.030206680297852
29.130075454711914
-33.02238845825195
15.862492561340332
-13.387720108032227
26.486845016479492
-21.1132755279541
-13.561538696289062
-13.887407302856445
22.552093505859375
-5.963805675506592
-39.51605224609375
-14.173462867736816
18.35171127319336
11.622556686401367
-57.74367141723633
-13.960826873779297
13.782708168029785
26.560667037963867
-59.8652458190918
-13.483831405639648
7.954536437988281
35.65997314453125
-44.111541748046875
-12.983060836791992
0.7038316130638123
41.1047248840332
-19.108293533325195
-12.328577041625977
-6.74807596206665
43.89780044555664
8.574922561645508
-11.32883358001709
-13.466917037963867
40.78544998168945
33.9567756652832
-2.77585768699646
-26.037212371826172
-41.55359649658203
-26.63567352294922
-1.034985899925232
-21.34618377685547
-44.08909606933594
-49.842384338378906
0.6605417728424072
-15.483964920043945
-39.106689453125
-61.551185607910156
2.312222957611084
-8.966005325317383
-29.094539642333984
-56.751869201660156
4.031165599822998
-2.710465669631958
-15.698891639709473
-36.20981216430664
5.85012674331665
3.1346092224121094
-0.7007763385772705
-6.705314636230469
7.571900367736816
9.494653701782227
14.184197425842285
24.17539405822754
8.957265853881836
16.30730628967285
28.191190719604492
48.13887405395508
10.074984550476074
22.337371826171875
39.487857818603516
57.87253952026367
11.222326278686523
26.618167877197266
45.185855865478516
52.95704650878906
14.246354103088379
13.469010353088379
-23.434553146362305
-54.030921936035156
13.80172061920166
6.972978115081787
-33.18742752075195
-41.382164001464844
13.32733154296875
0.6258619427680969
-40.85206604003906
-16.99840545654297
12.785771369934082
-6.389811992645264
-44.450138092041016
11.740464210510254
11.700508117675781
-13.654568672180176
-39.407859802246094
36.88245391845703
10.229727745056152
-20.039560317993164
-26.687116622924805
52.25151824951172
8.893122673034668
-24.721193313598633
-11.183870315551758
56.86762619018555
7.51815128326416
-27.139768600463867
5.572864055633545
51.13530349731445
5.845061302185059
-27.661853790283203
21.13434600830078
32.59966278076172
4.123249053955078
-26.755292892456055
30.724435806274414
4.0852370262146
14.246354103088379
13.469010353088379
-23.434553146362305
-54.030921936035156
13.80172061920166
6.972978115081787
-33.18742752075195
-41.382164001464844
13.32733154296875
0.6258619427680969
-40.85206604003906
-16.99840545654297
12.785771369934082
-6.389811992645264
-44.450138092041016
11.740464210510254
11.700508117675781
-13.654568672180176
-39.407859802246094
36.88245391845703
10.229727745056152
-20.039560317993164
-26.687116622924805
52.25151824951172
8.893122673034668
-24.721193313598633
-11.183870315551758
56.86762619018555
7.51815128326416
-27.139768600463867
5.572864055633545
51.13530349731445
5.845061302185059
-27.661853790283203
21.13434600830078
32.59966278076172
4.123249053955078
-26.755292892456055
30.724435806274414
4.0852370262146
-6.075250148773193
2.233177423477173
0.6785672307014465
-7.73668098449707
-7.836525917053223
9.252227783203125
-15.362818717956543
19.223194122314453
-9.342844009399414
16.31836700439453
-29.048324584960938
44.02894973754883
-10.542969703674316
21.52829360961914
-37.2363166809082
58.88632583618164
-11.468284606933594
24.341453552246094
-40.72380447387695
55.542545318603516
-12.336591720581055
26.32663917541504
-41.2333869934082
36.81956481933594
-13.360088348388672
27.7103271484375
-36.14179611206055
11.35520076751709
-14.225918769836426
26.935558319091797
-23.79562759399414
-16.669620513916016
-14.430275917053223
23.79584312438965
-7.3321146965026855
-41.27656173706055
-14.106864929199219
19.061172485351562
9.90816879272461
-54.3204460144043
-10.376680374145508
-18.634662628173828
25.07121467590332
52.11876678466797
-9.06889820098877
-22.703481674194336
12.35930347442627
58.731346130371094
-7.6077728271484375
-26.009578704833984
-3.3607242107391357
50.04261779785156
-6.047494411468506
-27.760725021362305
-20.83226203918457
28.09876823425293
-4.583256244659424
-27.720197677612305
-34.100914001464844
-0.9619832038879395
-3.1469690799713135
-26.306365966796875
-40.05669403076172
-28.7819881439209
-1.3575769662857056
-23.220558166503906
-41.28567123413086
-46.405052185058594
0.7967341542243958
-17.95185089111328
-38.82368469238281
-52.136817932128906
2.804105043411255
-11.043938636779785
-30.60382080078125
-49.048709869384766
4.434414863586426
-3.6626124382019043
-16.76434326171875
-34.30166244506836
12.280547142028809
29.222078323364258
37.31138610839844
42.52623748779297
12.74374771118164
30.427330017089844
29.607351303100586
18.76238441467285
13.400032997131348
28.249662399291992
18.91830062866211
-11.17574691772461
14.015768051147461
23.864320755004883
5.82445764541626
-38.497398376464844
14.171136856079102
18.366954803466797
-9.178394317626953
-53.807289123535156
14.01515007019043
12.424320220947266
-23.612106323242188
-53.07734298706055
13.862017631530762
6.412996292114258
-34.787715911865234
-39.21029281616211
13.600625991821289
0.2019973248243332
-41.189762115478516
-18.90650749206543
12.8321533203125
-6.237216949462891
-42.11681365966797
4.193900108337402
11.579813957214355
-12.72691822052002
-36.698333740234375
28.69597816467285
12.280547142028809
29.222078323364258
37.31138610839844
42.52623748779297
12.74374771118164
30.427330017089844
29.607351303100586
18.76238441467285
13.400032997131348
28.249662399291992
18.91830062866211
-11.17574691772461
14.015768051147461
23.864320755004883
5.82445764541626
-38.497398376464844
14.171136856079102
18.366954803466797
-9.178394317626953
-53.807289123535156
14.01515007019043
12.424320220947266
-23.612106323242188
-53.07734298706055
13.862017631530762
6.412996292114258
-34.787715911865234
-39.21029281616211
13.600625991821289
0.2019973248243332
-41.189762115478516
-18.90650749206543
12.8321533203125
-6.237216949462891
-42.11681365966797
4.193900108337402
11.579813957214355
-12.72691822052002
-36.698333740234375
28.69597816467285
2.8160862922668457
-24.081302642822266
40.62279510498047
-26.36370086669922
0.9502661228179932
-20.756742477416992
41.525115966796875
-46.641300201416016
-1.0605138540267944
-16.5524959564209
36.47308349609375
-58.106529235839844
-2.9208147525787354
-10.749299049377441
27.32895278930664
-56.15829849243164
-4.575338363647461
-3.372058868408203
14.832728385925293
-38.220741271972656
-6.1537933349609375
4.1369123458862305
0.3659433424472809
-11.453922271728516
-7.6360249519348145
10.403657913208008
-13.909358978271484
14.612847328186035
-8.988269805908203
15.620048522949219
-26.774208068847656
36.174930572509766
-10.326621055603027
20.746803283691406
-36.54487228393555
48.90387725830078
-11.653677940368652
25.41613006591797
-40.7382926940918
47.551422119140625
2.8160862922668457
-24.081302642822266
40.62279510498047
-26.36370086669922
0.9502661228179932
-20.756742477416992
41.525115966796875
-46.641300201416016
-1.0605138540267944
-16.5524959564209
36.47308349609375
-58.106529235839844
-2.9208147525787354
-10.749299049377441
27.32895278930664
-56.15829849243164
-4.575338363647461
-3.372058868408203
14.832728385925293
-38.220741271972656
-6.1537933349609375
4.1369123458862305
0.3659433424472809
-11.453922271728516
-7.6360249519348145
10.403657913208008
-13.909358978271484
14.612847328186035
-8.988269805908203
15.620048522949219
-26.774208068847656
36.174930572509766
-10.326621055603027
20.746803283691406
-36.54487228393555
48.90387725830078
-11.653677940368652
25.41613006591797
-40.7382926940918
47.551422119140625
-14.16681957244873
13.56954288482666
25.32010269165039
-56.51676559448242
-13.738080024719238
6.3612751960754395
35.84530258178711
-44.439537048339844
-13.360358238220215
-0.24119332432746887
40.401649475097656
-23.543167114257812
-12.698309898376465
-7.088837146759033
40.1849250793457
7.16404914855957
-11.64871883392334
-14.176440238952637
34.95353698730469
38.527923583984375
-10.279189109802246
-20.149188995361328
23.857107162475586
56.05418014526367
-8.806697845458984
-24.507118225097656
9.659187316894531
57.500694274902344
-7.4851202964782715
-27.589725494384766
-3.3320581912994385
48.61756134033203
-6.131345272064209
-29.104402542114258
-15.357197761535645
31.508586883544922
-4.480198860168457
-28.31378173828125
-28.810565948486328
5.599208831787109
6.010536193847656
3.3249080181121826
-1.2903672456741333
-7.069945335388184
7.754033088684082
9.815265655517578
13.293535232543945
17.013368606567383
9.202895164489746
15.760769844055176
26.913848876953125
39.595672607421875
10.33942985534668
20.82552719116211
37.79011917114258
55.20900344848633
11.427882194519043
24.50358009338379
43.03145980834961
55.96721649169922
12.53505802154541
26.677268981933594
41.54918670654297
38.46586608886719
13.372179985046387
27.358863830566406
34.85606384277344
10.082009315490723
13.764653205871582
26.398193359375
23.367576599121094
-16.381336212158203
13.9476957321167
23.776670455932617
8.142417907714844
-35.816917419433594
14.149128913879395
19.644174575805664
-7.797134876251221
-50.541595458984375
9.939119338989258
-18.46913719177246
-23.834373474121094
51.26093292236328
8.906454086303711
-22.763322830200195
-11.772954940795898
54.40263366699219
7.787914752960205
-26.25490379333496
1.8912785053253174
42.97735595703125
6.337712287902832
-27.882869720458984
16.16083335876465
21.67193031311035
4.720797061920166
-27.34860610961914
30.068931579589844
-2.5564420223236084
2.9643783569335938
-25.529966354370117
39.63081741333008
-23.821035385131836
1.0576857328414917
-21.932462692260742
40.7022705078125
-39.09638214111328
-0.7963012456893921
-15.92245101928711
34.8477897644043
-47.36214828491211
-2.470349073410034
-9.465678215026855
26.640151977539062
-46.02647018432617
-4.1010050773620605
-3.6926164627075195
16.526683807373047
-31.830026626586914
9.939119338989258
-18.46913719177246
-23.834373474121094
51.26093292236328
8.906454086303711
-22.763322830200195
-11.772954940795898
54.40263366699219
7.787914752960205
-26.25490379333496
1.8912785053253174
42.97735595703125
6.337712287902832
-27.882869720458984
16.16083335876465
21.67193031311035
4.720797061920166
-27.34860610961914
30.068931579589844
-2.5564420223236084
2.9643783569335938
-25.529966354370117
39.63081741333008
-23.821035385131836
1.0576857328414917
-21.932462692260742
40.7022705078125
-39.09638214111328
-0.7963012456893921
-15.92245101928711
34.8477897644043
-47.36214828491211
-2.470349073410034
-9.465678215026855
26.640151977539062
-46.02647018432617
-4.1010050773620605
-3.6926164627075195
16.526683807373047
-31.830026626586914
-12.236103057861328
27.674497604370117
-39.238983154296875
39.57948303222656
-13.156654357910156
28.260713577270508
-33.15083312988281
15.144402503967285
-13.776886940002441
26.9052677154541
-23.704429626464844
-13.517775535583496
-14.07866096496582
23.60588264465332
-9.58076286315918
-37.369380950927734
-14.110567092895508
18.74641227722168
7.181948661804199
-52.089481353759766
-14.00294017791748
13.227903366088867
22.68242835998535
-54.82770919799805
-13.78713321685791
7.170259952545166
34.680320739746094
-42.9059944152832
-13.321124076843262
0.28331154584884644
41.92217254638672
-19.921491622924805
-12.534626007080078
-7.059548854827881
43.2872200012207
5.2834038734436035
-11.573907852172852
-14.080520629882812
37.7240104675293
28.411630630493164
-2.184114694595337
-26.496362686157227
-40.105098724365234
-28.07777976989746
-0.585684597492218
-23.26857566833496
-40.75204849243164
-49.88853454589844
1.0679165124893188
-17.94911003112793
-37.214080810546875
-62.145729064941406
2.708818197250366
-10.8300142288208
-30.086368560791016
-57.845542907714844
4.328914642333984
-3.5473270416259766
-18.81845474243164
-38.12863540649414
6.016435146331787
3.3040709495544434
-3.2728686332702637
-10.324167251586914
7.670540809631348
10.308541297912598
14.285229682922363
19.618932723999023
9.136221885681152
16.65663719177246
29.026653289794922
44.98220443725586
10.433419227600098
21.333358764648438
36.69746780395508
58.486915588378906
11.622382164001465
24.870258331298828
37.379478454589844
57.23701095581055
-2.184114694595337
-26.496362686157227
-40.105098724365234
-28.07777976989746
-0.585684597492218
-23.26857566833496
-40.75204849243164
-49.88853454589844
1.0679165124893188
-17.94911003112793
-37.214080810546875
-62.145729064941406
2.708818197250366
-10.8300142288208
-30.086368560791016
-57.845542907714844
4.328914642333984
-3.5473270416259766
-18.81845474243164
-38.12863540649414
6.016435146331787
3.3040709495544434
-3.2728686332702637
-10.324167251586914
7.670540809631348
10.308541297912598
14.285229682922363
19.618932723999023
9.136221885681152
16.65663719177246
29.026653289794922
44.98220443725586
10.433419227600098
21.333358764648438
36.69746780395508
58.486915588378906
11.622382164001465
24.870258331298828
37.379478454589844
57.23701095581055
14.22392463684082
15.025229454040527
-24.01416015625
-59.694271087646484
13.979589462280273
8.052595138549805
-33.98234176635742
-45.86333084106445
13.46720027923584
0.2592807114124298
-38.97038650512695
-21.511240005493164
12.61190414428711
-7.178609371185303
-39.88743209838867
9.748983383178711
11.516108512878418
-13.853407859802246
-36.10105514526367
37.200992584228516
10.22298812866211
-19.4010066986084
-26.231422424316406
51.674129486083984
8.822065353393555
-23.580991744995117
-11.939977645874023
54.06019592285156
7.504664421081543
-26.441669464111328
3.297787666320801
48.39737319946289
6.122840404510498
-27.563058853149414
17.897842407226562
31.797544479370117
4.451801776885986
-27.044265747070312
30.71294593811035
1.4149476289749146
14.22392463684082
15.025229454040527
-24.01416015625
-59.694271087646484
13.979589462280273
8.052595138549805
-33.98234176635742
-45.86333084106445
13.46720027923584
0.2592807114124298
-38.97038650512695
-21.511240005493164
12.61190414428711
-7.178609371185303
-39.88743209838867
9.748983383178711
11.516108512878418
-13.853407859802246
-36.10105514526367
37.200992584228516
10.22298812866211
-19.4010066986084
-26.231422424316406
51.674129486083984
8.822065353393555
-23.580991744995117
-11.939977645874023
54.06019592285156
7.504664421081543
-26.441669464111328
3.297787666320801
48.39737319946289
6.122840404510498
-27.563058853149414
17.897842407226562
31.797544479370117
4.451801776885986
-27.044265747070312
30.71294593811035
1.4149476289749146
-5.856803894042969
3.462106943130493
1.6474663019180298
-10.371267318725586
-7.465511798858643
10.353200912475586
-14.600590705871582
19.1350154876709
-8.96378231048584
16.31626319885254
-29.024858474731445
43.30752182006836
-10.295967102050781
21.410415649414062
-37.907073974609375
56.25518035888672
-11.455495834350586
25.096996307373047
-40.65955352783203
55.048519134521484
-12.44222640991211
26.808216094970703
-39.111724853515625
39.807525634765625
-13.206280708312988
27.229055404663086
-33.83417510986328
15.023955345153809
-13.727927207946777
26.960359573364258
-23.442766189575195
-13.458941459655762
-14.062557220458984
25.063026428222656
-8.084451675415039
-38.901615142822266
-14.204035758972168
20.49713706970215
9.526935577392578
-53.0897102355957
-10.06332015991211
-17.956655502319336
23.990400314331055
50.21243667602539
-8.909506797790527
-22.450109481811523
8.823758125305176
55.995487213134766
-7.798652172088623
-26.395360946655273
-5.985623359680176
46.38966369628906
-6.495424270629883
-28.75088119506836
-17.621244430541992
24.59700584411621
-4.755916118621826
-28.201929092407227
-29.44536590576172
-0.5798554420471191
-2.7099552154541016
-25.004043579101562
-40.98924255371094
-23.77701187133789
-0.686850905418396
-20.831466674804688
-44.97829055786133
-44.210025787353516
1.0168828964233398
-16.170927047729492
-39.12138366699219
-55.369388580322266
2.472125768661499
-10.096318244934082
-27.77010154724121
-49.917476654052734
4.059456825256348
-3.0205466747283936
-13.675724983215332
-30.899709701538086
-10.06332015991211
-17.956655502319336
23.990400314331055
50.21243667602539
-8.909506797790527
-22.450109481811523
8.823758125305176
55.995487213134766
-7.798652172088623
-26.395360946655273
-5.985623359680176
46.38966369628906
-6.495424270629883
-28.75088119506836
-17.621244430541992
24.59700584411621
-4.755916118621826
-28.201929092407227
-29.44536590576172
-0.5798554420471191
-2.7099552154541016
-25.004043579101562
-40.98924255371094
-23.77701187133789
-0.686850905418396
-20.831466674804688
-44.97829055786133
-44.210025787353516
1.0168828964233398
-16.170927047729492
-39.12138366699219
-55.369388580322266
2.472125768661499
-10.096318244934082
-27.77010154724121
-49.917476654052734
4.059456825256348
-3.0205466747283936
-13.675724983215332
-30.899709701538086
12.061322212219238
27.985488891601562
40.82365036010742
41.638206481933594
12.927175521850586
28.970722198486328
34.00847625732422
13.60755729675293
13.815464973449707
27.52845001220703
22.0002498626709
-14.38260269165039
14.200048446655273
24.82219696044922
6.64204740524292
-36.07844543457031
14.028468132019043
20.857826232910156
-9.311599731445312
-49.044464111328125
13.866277694702148
14.518010139465332
-24.433490753173828
-51.354896545410156
13.868904113769531
7.03868293762207
-35.915122985839844
-42.38140106201172
13.586176872253418
0.16157539188861847
-40.59449768066406
-23.073755264282227
12.821293830871582
-6.626785755157471
-39.45750427246094
2.737138509750366
11.699377059936523
-13.58001708984375
-34.55647277832031
29.058073043823242
2.493818998336792
-25.612220764160156
41.209129333496094
-30.05256462097168
0.7320404052734375
-22.030725479125977
45.012176513671875
-51.16706848144531
-0.9753275513648987
-16.72456932067871
40.82804489135742
-58.91597366333008
-2.676992416381836
-10.6258544921875
30.75809669494629
-50.97557067871094
-4.414161205291748
-4.221621990203857
16.346418380737305
-33.174591064453125
-6.00748872756958
2.9048149585723877
0.2813340425491333
-8.523415565490723
-7.496545314788818
10.410361289978027
-14.612136840820312
20.15423583984375
-9.070718765258789
16.986650466918945
-28.374160766601562
43.42902374267578
-10.538118362426758
21.720016479492188
-39.50640869140625
54.47593688964844
-11.587418556213379
24.685924530029297
-43.62379837036133
53.1103401184082
-13.592595100402832
12.977372169494629
22.206411361694336
-49.95090103149414
-13.619316101074219
6.430627346038818
33.502685546875
-39.438297271728516
-13.375073432922363
-0.5786111950874329
39.871543884277344
-19.863433837890625
-12.382946014404297
-7.430502414703369
40.46629333496094
5.011033058166504
-10.98989486694336
-13.379610061645508
36.23665237426758
31.155908584594727
-9.755936622619629
-18.845050811767578
27.101608276367188
52.339149475097656
-8.656559944152832
-23.980243682861328
13.360662460327148
61.24412155151367
-7.40316915512085
-27.84250831604004
-3.0845677852630615
52.36955642700195
-5.998887062072754
-29.618040084838867
-19.464521408081055
27.34806251525879
-4.525521278381348
-28.80085563659668
-31.93523597717285
-4.600782871246338
-13.592595100402832
12.977372169494629
22.206411361694336
-49.95090103149414
-13.619316101074219
6.430627346038818
33.502685546875
-39.438297271728516
-13.375073432922363
-0.5786111950874329
39.871543884277344
-19.863433837890625
-12.382946014404297
-7.430502414703369
40.46629333496094
5.011033058166504
-10.98989486694336
-13.379610061645508
36.23665237426758
31.155908584594727
-9.755936622619629
-18.845050811767578
27.101608276367188
52.339149475097656
-8.656559944152832
-23.980243682861328
13.360662460327148
61.24412155151367
-7.40316915512085
-27.84250831604004
-3.0845677852630615
52.36955642700195
-5.998887062072754
-29.618040084838867
-19.464521408081055
27.34806251525879
-4.525521278381348
-28.80085563659668
-31.93523597717285
-4.600782871246338
5.679652690887451
4.076817512512207
-3.351289749145508
-11.839744567871094
7.288376331329346
10.65192699432373
12.316144943237305
14.928839683532715
8.907045364379883
16.477258682250977
26.75519371032715
39.12327575683594
10.306062698364258
21.622352600097656
37.1290168762207
54.06041717529297
11.409527778625488
25.203580856323242
41.055694580078125
56.262168884277344
12.346234321594238
26.99883460998535
39.09492874145508
43.243064880371094
13.220564842224121
27.496355056762695
33.343387603759766
17.123558044433594
13.904464721679688
26.209606170654297
23.456356048583984
-13.404562950134277
14.161211013793945
22.82475471496582
8.703258514404297
-38.56731033325195
13.998814582824707
18.670835494995117
-8.536186218261719
-53.723609924316406
5.679652690887451
4.076817512512207
-3.351289749145508
-11.839744567871094
7.288376331329346
10.65192699432373
12.316144943237305
14.928839683532715
8.907045364379883
16.477258682250977
26.75519371032715
39.12327575683594
10.306062698364258
21.622352600097656
37.1290168762207
54.06041717529297
11.409527778625488
25.203580856323242
41.055694580078125
56.262168884277344
12.346234321594238
26.99883460998535
39.09492874145508
43.243064880371094
13.220564842224121
27.496355056762695
33.343387603759766
17.123558044433594
13.904464721679688
26.209606170654297
23.456356048583984
-13.404562950134277
14.161211013793945
22.82475471496582
8.703258514404297
-38.56731033325195
13.998814582824707
18.670835494995117
-8.536186218261719
-53.723609924316406
10.484879493713379
-18.206867218017578
-24.15011978149414
53.77011489868164
9.203742980957031
-23.217546463012695
-11.390871047973633
57.058650970458984
7.558069229125977
-26.4114990234375
4.059096336364746
46.59210205078125
5.872941493988037
-27.8426570892334
19.779550552368164
26.237009048461914
4.263094902038574
-27.44251251220703
32.551692962646484
-2.0121636390686035
2.599679946899414
-25.230266571044922
40.7967643737793
-31.141271591186523
0.8661845326423645
-21.27635955810547
43.002017974853516
-49.89424133300781
-0.8767529129981995
-15.880180358886719
38.877777099609375
-54.127132415771484
-2.6616692543029785
-9.939560890197754
29.96438217163086
-47.719261169433594
-4.481662273406982
-3.5160534381866455
16.69171905517578
-32.89761734008789
-12.384842872619629
28.479248046875
-42.084285736083984
37.0753288269043
-13.237491607666016
28.465423583984375
-36.673397064208984
16.04918670654297
-13.838432312011719
27.04138946533203
-25.242136001586914
-11.731837272644043
-13.927250862121582
24.765958786010742
-6.955237865447998
-37.42953109741211
-13.892953872680664
21.113689422607422
11.740541458129883
-53.77504348754883
-14.07811450958252
14.956238746643066
25.12748908996582
-55.99481201171875
-14.098987579345703
6.900203227996826
34.21919250488281
-43.4456787109375
-13.57686710357666
-0.7627840638160706
40.2470703125
-20.26961326599121
-12.603239059448242
-7.392195224761963
41.03861999511719
6.113098621368408
-11.380956649780273
-14.014117240905762
34.82593536376953
28.48133659362793
-2.763434410095215
-26.64580726623535
-38.85184097290039
-22.184619903564453
-0.9785740375518799
-22.330623626708984
-41.80233383178711
-47.30046844482422
0.7845445275306702
-16.628429412841797
-38.3099250793457
-58.0323600769043
2.457122564315796
-9.942294120788574
-29.434083938598633
-48.554237365722656
4.0342698097229
-3.383287191390991
-16.5943603515625
-26.28974723815918
5.647202491760254
2.615729331970215
-0.8981270790100098
-2.664332389831543
7.372080326080322
9.101396560668945
15.753189086914062
19.07663345336914
9.036442756652832
16.14742660522461
29.40924072265625
41.192779541015625
10.343913078308105
22.00911521911621
38.00210189819336
58.8774299621582
11.212031364440918
25.196701049804688
43.147918701171875
61.026161193847656
-2.763434410095215
-26.64580726623535
-38.85184097290039
-22.184619903564453
-0.9785740375518799
-22.330623626708984
-41.80233383178711
-47.30046844482422
0.7845445275306702
-16.628429412841797
-38.3099250793457
-58.0323600769043
2.457122564315796
-9.942294120788574
-29.434083938598633
-48.554237365722656
4.0342698097229
-3.383287191390991
-16.5943603515625
-26.28974723815918
5.647202491760254
2.615729331970215
-0.8981270790100098
-2.664332389831543
7.372080326080322
9.101396560668945
15.753189086914062
19.07663345336914
9.036442756652832
16.14742660522461
29.40924072265625
41.192779541015625
10.343913078308105
22.00911521911621
38.00210189819336
58.8774299621582
11.212031364440918
25.196701049804688
43.147918701171875
61.026161193847656
14.05338191986084
12.946566581726074
-23.541183471679688
-55.34832763671875
13.890365600585938
7.216662406921387
-33.66483688354492
-42.14842224121094
13.487363815307617
-0.22353523969650269
-41.115943908691406
-20.666563034057617
12.589034080505371
-7.711112976074219
-43.4222297668457
2.789193630218506
11.380704879760742
-13.53215503692627
-37.752811431884766
25.78728675842285
10.08217716217041
-18.380746841430664
-25.617176055908203
47.1519660949707
8.69719409942627
-23.077241897583008
-10.819058418273926
58.1468620300293
7.262310981750488
-26.85585594177246
4.600105285644531
49.1942138671875
5.89630651473999
-28.27861976623535
20.175485610961914
24.567707061767578
4.538796901702881
-27.471296310424805
34.05118942260742
-2.0098137855529785
-5.945811748504639
3.597031831741333
-0.5849274396896362
-8.241934776306152
-7.244560718536377
10.750142097473145
-17.056055068969727
21.056476593017578
-8.778541564941406
16.190082550048828
-29.434656143188477
43.52184295654297
-10.311683654785156
20.430461883544922
-37.5430908203125
54.008872985839844
-11.433465957641602
24.407264709472656
-41.593727111816406
52.42314529418945
-12.181242942810059
26.933189392089844
-40.843833923339844
39.02031707763672
-12.888282775878906
27.297807693481445
-34.43667984008789
14.477063179016113
-13.650506019592285
26.638202667236328
-22.65458106994629
-14.778960227966309
-14.138147354125977
24.526620864868164
-7.771042823791504
-39.02796936035156
-14.173664093017578
19.880760192871094
7.50385046005249
-51.346092224121094
-5.945811748504639
3.597031831741333
-0.5849274396896362
-8.241934776306152
-7.244560718536377
10.750142097473145
-17.056055068969727
21.056476593017578
-8.778541564941406
16.190082550048828
-29.434656143188477
43.52184295654297
-10.311683654785156
20.430461883544922
-37.5430908203125
54.008872985839844
-11.433465957641602
24.407264709472656
-41.593727111816406
52.42314529418945
-12.181242942810059
26.933189392089844
-40.843833923339844
39.02031707763672
-12.888282775878906
27.297807693481445
-34.43667984008789
14.477063179016113
-13.650506019592285
26.638202667236328
-22.65458106994629
-14.778960227966309
-14.138147354125977
24.526620864868164
-7.771042823791504
-39.02796936035156
-14.173664093017578
19.880760192871094
7.50385046005249
-51.346092224121094
-10.320228576660156
-19.32832908630371
24.26368522644043
49.12512969970703
-8.998326301574707
-23.11269760131836
10.485614776611328
52.60322952270508
-7.542558193206787
-25.778221130371094
-6.445249557495117
44.8386344909668
-6.012317180633545
-27.874980926513672
-21.76506233215332
27.35649871826172
-4.360276699066162
-28.453378677368164
-32.601505279541016
1.3850795030593872
-2.659152030944824
-26.737380981445312
-38.98906707763672
-27.360673904418945
-1.0304890871047974
-22.965700149536133
-40.28271484375
-47.14548873901367
0.698250949382782
-17.374448776245117
-36.35733413696289
-51.2866096496582
2.623716115951538
-10.599425315856934
-28.052988052368164
-44.03059768676758
4.496821403503418
-3.4043407440185547
-15.956705093383789
-29.95496368408203
-10.320228576660156
-19.32832908630371
24.26368522644043
49.12512969970703
-8.998326301574707
-23.11269760131836
10.485614776611328
52.60322952270508
-7.542558193206787
-25.778221130371094
-6.445249557495117
44.8386344909668
-6.012317180633545
-27.874980926513672
-21.76506233215332
27.35649871826172
-4.360276699066162
-28.453378677368164
-32.601505279541016
1.3850795030593872
-2.659152030944824
-26.737380981445312
-38.98906707763672
-27.360673904418945
-1.0304890871047974
-22.965700149536133
-40.28271484375
-47.14548873901367
0.698250949382782
-17.374448776245117
-36.35733413696289
-51.2866096496582
2.623716115951538
-10.599425315856934
-28.052988052368164
-44.03059768676758
4.496821403503418
-3.4043407440185547
-15.956705093383789
-29.95496368408203
12.56110668182373
28.207170486450195
40.572654724121094
40.14253616333008
13.077527046203613
28.815601348876953
34.12118148803711
13.11773681640625
13.418374061584473
27.521190643310547
21.01781463623047
-15.400653839111328
13.773319244384766
24.567493438720703
4.20974588394165
-40.34331130981445
13.950104713439941
19.64532470703125
-10.964881896972656
-56.53172302246094
13.82247257232666
13.690953254699707
-23.825035095214844
-57.87641906738281
13.657576560974121
7.273245811462402
-35.25160598754883
-42.629512786865234
13.524510383605957
0.20724593102931976
-42.33037567138672
-17.16279411315918
13.064515113830566
-6.795090198516846
-42.5350456237793
10.892110824584961
12.146005630493164
-13.048491477966309
-36.515159606933594
35.24055862426758
2.690678834915161
-25.528400421142578
39.93619918823242
-27.01200294494629
0.9638023376464844
-21.456565856933594
41.875701904296875
-42.10723876953125
-0.6878999471664429
-16.360273361206055
37.55369567871094
-49.778709411621094
-2.4288723468780518
-10.401589393615723
29.246009826660156
-49.68061828613281
-4.312272548675537
-3.783989906311035
16.8812255859375
-35.483421325683594
-6.113621234893799
3.2754766941070557
1.0818967819213867
-8.403092384338379
-7.664290904998779
10.427813529968262
-15.342815399169922
20.349010467529297
-9.020008087158203
17.18535614013672
-30.244672775268555
43.089717864990234
-10.264631271362305
22.924646377563477
-41.3305778503418
56.443336486816406
-11.388017654418945
26.994829177856445
-46.08339309692383
55.63505554199219
-13.82331371307373
13.785309791564941
26.768857955932617
-53.24267578125
-13.39064884185791
7.128397464752197
37.80006790161133
-40.58163070678711
-13.094470024108887
0.16684530675411224
45.683250427246094
-19.626487731933594
-12.59107780456543
-6.425774574279785
47.22516632080078
6.004114151000977
-11.725333213806152
-13.058362007141113
39.41234588623047
30.73796844482422
-10.554837226867676
-19.506135940551758
25.720401763916016
47.36217498779297
-9.149540901184082
-24.66803550720215
11.316011428833008
53.14164733886719
-7.581986427307129
-27.7093448638916
-3.224527597427368
45.89938735961914
-5.9269585609436035
-28.414888381958008
-17.829837799072266
25.22905921936035
-4.359908580780029
-27.078678131103516
-30.063087463378906
-0.5337957739830017
-13.82331371307373
13.785309791564941
26.768857955932617
-53.24267578125
-13.39064884185791
7.128397464752197
37.80006790161133
-40.58163070678711
-13.094470024108887
0.16684530675411224
45.683250427246094
-19.626487731933594
-12.59107780456543
-6.425774574279785
47.22516632080078
6.004114151000977
-11.725333213806152
-13.058362007141113
39.41234588623047
30.73796844482422
-10.554837226867676
-19.506135940551758
25.720401763916016
47.36217498779297
-9.149540901184082
-24.66803550720215
11.316011428833008
53.14164733886719
-7.581986427307129
-27.7093448638916
-3.224527597427368
45.89938735961914
-5.9269585609436035
-28.414888381958008
-17.829837799072266
25.22905921936035
-4.359908580780029
-27.078678131103516
-30.063087463378906
-0.5337957739830017
6.033902645111084
2.7952256202697754
-1.807416319847107
-6.968987941741943
7.482527256011963
9.777331352233887
14.458233833312988
16.505203247070312
8.925064086914062
16.616775512695312
28.618898391723633
37.54054641723633
10.338911056518555
21.985319137573242
38.62747573852539
50.86581039428711
11.560376167297363
25.22164535522461
43.2821044921875
50.5529670715332
12.420785903930664
26.595632553100586
41.14402770996094
36.548946380615234
13.033519744873047
26.63224220275879
32.2484130859375
12.264748573303223
13.689773559570312
25.784265518188477
19.037124633789062
-17.5692138671875
14.314949035644531
23.751249313354492
4.633145809173584
-43.20446014404297
14.472668647766113
19.653474807739258
-9.992018699645996
-54.97761917114258
6.033902645111084
2.7952256202697754
-1.807416319847107
-6.968987941741943
7.482527256011963
9.777331352233887
14.458233833312988
16.505203247070312
8.925064086914062
16.616775512695312
28.618898391723633
37.54054641723633
10.338911056518555
21.985319137573242
38.62747573852539
50.86581039428711
11.560376167297363
25.22164535522461
43.2821044921875
50.5529670715332
12.420785903930664
26.595632553100586
41.14402770996094
36.548946380615234
13.033519744873047
26.63224220275879
32.2484130859375
12.264748573303223
13.689773559570312
25.784265518188477
19.037124633789062
-17.5692138671875
14.314949035644531
23.751249313354492
4.633145809173584
-43.20446014404297
14.472668647766113
19.653474807739258
-9.992018699645996
-54.97761917114258
10.23387622833252
-19.714004516601562
-27.293914794921875
55.52215576171875
9.292811393737793
-24.15372085571289
-11.615676879882812
58.32514190673828
8.138981819152832
-26.79076385498047
5.407188892364502
48.13734817504883
6.611313819885254
-28.008655548095703
20.296323776245117
28.177417755126953
4.703030109405518
-27.8156681060791
31.836336135864258
1.3323947191238403
2.674947738647461
-25.6092586517334
39.765682220458984
-25.66948890686035
0.7673528790473938
-21.417938232421875
43.619659423828125
-45.37852096557617
-1.0055906772613525
-16.01764488220215
41.76206588745117
-53.30659484863281
-2.7181406021118164
-9.681257247924805
32.97954559326172
-47.60599899291992
-4.345173358917236
-2.82767653465271
19.012399673461914
-29.65892219543457
-12.345983505249023
28.599241256713867
-38.54621124267578
39.10093688964844
-12.914023399353027
29.519287109375
-32.345279693603516
14.558688163757324
-13.51571273803711
27.57818031311035
-22.676555633544922
-11.919426918029785
-14.026922225952148
23.052295684814453
-9.837509155273438
-34.91087341308594
-14.232059478759766
17.867698669433594
6.690708637237549
-50.84672164916992
-14.040691375732422
13.075189590454102
23.994848251342773
-54.70784378051758
-13.610838890075684
7.383064270019531
36.071380615234375
-43.2358283996582
-13.24068546295166
0.1435558795928955
40.429962158203125
-20.55043601989746
-12.77834415435791
-7.092563629150391
39.05231475830078
3.752288579940796
-11.73262882232666
-13.33622932434082
34.28657150268555
24.45390510559082
-12.345983505249023
28.599241256713867
-38.54621124267578
39.10093688964844
-12.914023399353027
29.519287109375
-32.345279693603516
14.558688163757324
-13.51571273803711
27.57818031311035
-22.676555633544922
-11.919426918029785
-14.026922225952148
23.052295684814453
-9.837509155273438
-34.91087341308594
-14.232059478759766
17.867698669433594
6.690708637237549
-50.84672164916992
-14.040691375732422
13.075189590454102
23.994848251342773
-54.70784378051758
-13.610838890075684
7.383064270019531
36.071380615234375
-43.2358283996582
-13.24068546295166
0.1435558795928955
40.429962158203125
-20.55043601989746
-12.77834415435791
-7.092563629150391
39.05231475830078
3.752288579940796
-11.73262882232666
-13.33622932434082
34.28657150268555
24.45390510559082
-2.8032991886138916
-26.600343704223633
-38.50851821899414
-30.139366149902344
-1.003841519355774
-22.293930053710938
-41.3940544128418
-53.53300476074219
0.8725219964981079
-16.968902587890625
-38.783592224121094
-63.02937316894531
2.671884059906006
-10.260022163391113
-30.581144332885742
-55.13914108276367
4.426085948944092
-2.83284330368042
-17.868379592895508
-35.02099609375
6.140262126922607
4.102277755737305
-2.7704546451568604
-8.983481407165527
7.6479010581970215
10.492667198181152
13.308040618896484
20.713762283325195
8.948054313659668
16.648181915283203
28.545207977294922
47.52503967285156
10.222696304321289
21.943222045898438
38.63951110839844
60.30771255493164
11.417169570922852
25.527610778808594
40.843746185302734
54.85051345825195
6.140262126922607
4.102277755737305
-2.7704546451568604
-8.983481407165527
7.6479010581970215
10.492667198181152
13.308040618896484
20.713762283325195
8.948054313659668
16.648181915283203
28.545207977294922
47.52503967285156
10.222696304321289
21.943222045898438
38.63951110839844
60.30771255493164
11.417169570922852
25.527610778808594
40.843746185302734
54.85051345825195
12.31382942199707
27.22698211669922
36.978919982910156
37.56464385986328
12.95421028137207
27.371234893798828
30.569114685058594
16.32429313659668
13.507928848266602
26.392906188964844
22.101388931274414
-8.162904739379883
13.978309631347656
24.38850975036621
8.921346664428711
-35.065608978271484
14.239330291748047
20.735599517822266
-8.327176094055176
-54.475914001464844
