0
-14.007149696350098
13.44575309753418
25.78679084777832
-62.61418151855469
-13.56973648071289
7.255730152130127
36.737064361572266
-46.37522888183594
-13.002082824707031
0.7390414476394653
41.53024673461914
-20.640186309814453
-12.389930725097656
-5.664616107940674
42.80335998535156
9.824284553527832
-11.550020217895508
-12.189337730407715
38.80840301513672
38.431915283203125
-12.587345123291016
26.74074363708496
-41.744022369384766
41.12394714355469
-13.36162281036377
27.326656341552734
-34.569190979003906
15.822818756103516
-13.813346862792969
26.599933624267578
-21.91841697692871
-14.48888111114502
-14.091739654541016
23.6154842376709
-6.755052089691162
-44.1606559753418
-14.1809663772583
18.919404983520508
9.774040222167969
-62.6778678894043
-14.007149696350098
13.44575309753418
25.78679084777832
-62.61418151855469
-13.56973648071289
7.255730152130127
36.737064361572266
-46.37522888183594
-13.002082824707031
0.7390414476394653
41.53024673461914
-20.640186309814453
-12.389930725097656
-5.664616107940674
42.80335998535156
9.824284553527832
-11.550020217895508
-12.189337730407715
38.80840301513672
38.431915283203125
-2.8304693698883057
-25.069982528686523
-41.85776901245117
-29.508852005004883
-1.0879998207092285
-20.994903564453125
-42.21213150024414
-51.53166580200195
0.790346086025238
-16.283164978027344
-37.678951263427734
-56.613224029541016
2.6996567249298096
-10.369325637817383
-29.048969268798828
-46.14516067504883
4.498805999755859
-2.629305839538574
-16.75033187866211
-26.77374839782715
6.088506698608398
5.071832656860352
-1.5784143209457397
-3.4432804584503174
7.499414443969727
10.801680564880371
14.855629920959473
20.939809799194336
8.842784881591797
15.711421966552734
28.055391311645508
42.611183166503906
10.1577730178833
21.38140106201172
35.21242141723633
56.74724197387695
11.363821983337402
26.402341842651367
38.81842803955078
58.13905334472656
14.27421760559082
12.78948974609375
-25.131046295166016
-56.09831619262695
14.037981986999512
7.015198707580566
-36.459651947021484
-43.647674560546875
13.243709564208984
0.5868033170700073
-41.4357795715332
-22.102569580078125
12.244612693786621
-6.840068817138672
-40.44168472290039
4.859447479248047
11.122052192687988
-13.9344482421875
-34.17325210571289
29.532245635986328
9.865612030029297
-19.30735969543457
-23.90005111694336
46.42229080200195
8.599793434143066
-23.493980407714844
-11.152913093566895
54.576942443847656
7.309357166290283
-27.104257583618164
3.2820799350738525
49.31684875488281
6.0044026374816895
-29.22469711303711
17.693443298339844
27.473461151123047
4.697218418121338
-28.787817001342773
29.707923889160156
-2.2090046405792236
14.27421760559082
12.78948974609375
-25.131046295166016
-56.09831619262695
14.037981986999512
7.015198707580566
-36.459651947021484
-43.647674560546875
13.243709564208984
0.5868033170700073
-41.4357795715332
-22.102569580078125
12.244612693786621
-6.840068817138672
-40.44168472290039
4.859447479248047
11.122052192687988
-13.9344482421875
-34.17325210571289
29.532245635986328
9.865612030029297
-19.30735969543457
-23.90005111694336
46.42229080200195
8.599793434143066
-23.493980407714844
-11.152913093566895
54.576942443847656
7.309357166290283
-27.104257583618164
3.2820799350738525
49.31684875488281
6.0044026374816895
-29.22469711303711
17.693443298339844
27.473461151123047
4.697218418121338
-28.787817001342773
29.707923889160156
-2.2090046405792236
-5.807345390319824
2.9372928142547607
0.4388293921947479
-10.835461616516113
-7.287326335906982
10.060026168823242
-17.856786727905273
18.894784927368164
-8.8847074508667
17.11992645263672
-31.289024353027344
44.378414154052734
-10.378168106079102
22.02051544189453
-38.41117858886719
58.616058349609375
-11.463006019592285
25.06979751586914
-41.9402961730957
56.16478729248047
-12.201529502868652
27.760223388671875
-42.74221420288086
39.76564407348633
-12.86282730102539
29.630720138549805
-37.30506134033203
14.393802642822266
-13.543489456176758
28.906051635742188
-23.591917037963867
-13.493860244750977
-13.992565155029297
25.28074836730957
-5.998189449310303
-35.22492599487305
-14.011869430541992
20.08363151550293
10.314967155456543
-47.834808349609375
-10.605232238769531
-19.10207748413086
25.047121047973633
51.42171096801758
-9.12460708618164
-24.1312313079834
12.820426940917969
57.68678665161133
-7.516079902648926
-27.469057083129883
-2.454204797744751
47.75276184082031
-6.042344570159912
-28.688995361328125
-18.04229736328125
26.724626541137695
-4.372103214263916
-28.249971389770508
-30.559051513671875
0.6026769280433655
-2.5661773681640625
-26.401559829711914
-38.48001480102539
-28.86044692993164
-0.8787298798561096
-22.78886604309082
-41.43916320800781
-55.843563079833984
0.8239527344703674
-17.16800308227539
-38.90707778930664
-66.54639434814453
2.67781400680542
-10.185884475708008
-31.02772331237793
-55.38007354736328
4.427504539489746
-3.2380895614624023
-17.915386199951172
-32.99654769897461
-10.605232238769531
-19.10207748413086
25.047121047973633
51.42171096801758
-9.12460708618164
-24.1312313079834
12.820426940917969
57.68678665161133
-7.516079902648926
-27.469057083129883
-2.454204797744751
47.75276184082031
-6.042344570159912
-28.688995361328125
-18.04229736328125
26.724626541137695
-4.372103214263916
-28.249971389770508
-30.559051513671875
0.6026769280433655
-2.5661773681640625
-26.401559829711914
-38.48001480102539
-28.86044692993164
-0.8787298798561096
-22.78886604309082
-41.43916320800781
-55.843563079833984
0.8239527344703674
-17.16800308227539
-38.90707778930664
-66.54639434814453
2.67781400680542
-10.185884475708008
-31.02772331237793
-55.38007354736328
4.427504539489746
-3.2380895614624023
-17.915386199951172
-32.99654769897461
12.179201126098633
28.00529670715332
41.998619079589844
39.751163482666016
12.91306209564209
28.281110763549805
34.334739685058594
17.874860763549805
13.625452041625977
27.350624084472656
21.776899337768555
-11.977752685546875
14.102089881896973
25.46180534362793
6.655940532684326
-41.235782623291016
14.189311027526855
21.184751510620117
-9.926880836486816
-59.40974044799805
13.998300552368164
14.186756134033203
-25.135967254638672
-61.009883880615234
13.72308349609375
6.187344551086426
-34.71022415161133
-46.17472457885742
13.338501930236816
-1.121065616607666
-37.95600509643555
-19.14870834350586
12.654168128967285
-7.608836650848389
-37.09720230102539
11.215140342712402
11.565452575683594
-13.614733695983887
-33.31244659423828
36.77651596069336
2.845872163772583
-25.34139060974121
38.89699935913086
-26.022937774658203
1.0625855922698975
-21.55367088317871
41.763492584228516
-43.874507904052734
-0.7801765203475952
-16.59535789489746
38.81623458862305
-51.07676696777344
-2.6099581718444824
-11.075432777404785
30.163084030151367
-47.62474822998047
-4.321906566619873
-5.077413558959961
16.19293212890625
-33.07390594482422
-5.920260429382324
2.4812233448028564
-0.4086366295814514
-8.411615371704102
-7.44028902053833
10.846583366394043
-16.296977996826172
21.043455123901367
-8.923150062561035
17.247617721557617
-29.56464195251465
46.24110412597656
-10.359362602233887
21.075075149536133
-38.76599884033203
57.835235595703125
-11.542097091674805
24.40691375732422
-42.81510925292969
52.761940002441406
2.845872163772583
-25.34139060974121
38.89699935913086
-26.022937774658203
1.0625855922698975
-21.55367088317871
41.763492584228516
-43.874507904052734
-0.7801765203475952
-16.59535789489746
38.81623458862305
-51.07676696777344
-2.6099581718444824
-11.075432777404785
30.163084030151367
-47.62474822998047
-4.321906566619873
-5.077413558959961
16.19293212890625
-33.07390594482422
-5.920260429382324
2.4812233448028564
-0.4086366295814514
-8.411615371704102
-7.44028902053833
10.846583366394043
-16.296977996826172
21.043455123901367
-8.923150062561035
17.247617721557617
-29.56464195251465
46.24110412597656
-10.359362602233887
21.075075149536133
-38.76599884033203
57.835235595703125
-11.542097091674805
24.40691375732422
-42.81510925292969
52.761940002441406
-14.14015007019043
13.703332901000977
23.85787010192871
-49.789634704589844
-13.753520011901855
5.840329170227051
34.25291061401367
-42.040374755859375
-13.443339347839355
-1.1756125688552856
37.76915740966797
-20.979244232177734
-12.818792343139648
-7.597429275512695
37.0841178894043
6.96195125579834
-11.606951713562012
-14.248992919921875
34.398860931396484
32.85721206665039
-10.128460884094238
-20.667816162109375
27.516460418701172
50.51900100708008
-8.731200218200684
-25.47842788696289
14.04916763305664
55.00112533569336
-7.3652801513671875
-28.38283920288086
-3.3862600326538086
44.45948791503906
-5.831731796264648
-29.708471298217773
-20.30908203125
22.880420684814453
-4.20083475112915
-28.896799087524414
-34.21407699584961
-1.6216918230056763
6.016266345977783
3.5492801666259766
0.35241833329200745
-6.247927188873291
7.534857749938965
10.29611873626709
16.148042678833008
25.071063995361328
8.910719871520996
16.31852149963379
28.676837921142578
48.6988410949707
10.243613243103027
21.229228973388672
38.52678680419922
62.36509323120117
11.470379829406738
24.725257873535156
45.213470458984375
61.438453674316406
12.344047546386719
26.92008399963379
45.16469955444336
45.471656799316406
12.936372756958008
27.835803985595703
36.6892204284668
19.284076690673828
13.453727722167969
26.67867660522461
22.716365814208984
-11.63626480102539
13.836282730102539
23.462656021118164
6.6646528244018555
-39.4432373046875
13.953226089477539
19.277912139892578
-9.475841522216797
-55.28302764892578
6.016266345977783
3.5492801666259766
0.35241833329200745
-6.247927188873291
7.534857749938965
10.29611873626709
16.148042678833008
25.071063995361328
8.910719871520996
16.31852149963379
28.676837921142578
48.6988410949707
10.243613243103027
21.229228973388672
38.52678680419922
62.36509323120117
11.470379829406738
24.725257873535156
45.213470458984375
61.438453674316406
12.344047546386719
26.92008399963379
45.16469955444336
45.471656799316406
12.936372756958008
27.835803985595703
36.6892204284668
19.284076690673828
13.453727722167969
26.67867660522461
22.716365814208984
-11.63626480102539
13.836282730102539
23.462656021118164
6.6646528244018555
-39.4432373046875
13.953226089477539
19.277912139892578
-9.475841522216797
-55.28302764892578
10.128179550170898
-19.027725219726562
-24.422990798950195
49.905242919921875
9.006593704223633
-22.58372688293457
-13.40162181854248
55.77511215209961
7.759145259857178
-26.42157745361328
1.8210395574569702
47.39963912963867
6.088779449462891
-29.431798934936523
18.420331954956055
28.94089126586914
4.311203956604004
-29.209768295288086
31.840932846069336
1.1822090148925781
2.756347894668579
-26.29741859436035
39.51189422607422
-30.50689125061035
1.2261545658111572
-22.7033634185791
41.516475677490234
-52.15316390991211
-0.6161487102508545
-18.003662109375
38.94099426269531
-56.88771438598633
-2.5639820098876953
-10.84660816192627
30.99075698852539
-48.73007583618164
-4.281601905822754
-2.720226526260376
16.66849708557129
-31.222728729248047
-12.45887279510498
28.306015014648438
-41.30817794799805
38.77035140991211
-13.021881103515625
27.723339080810547
-33.79463577270508
15.85183048248291
-13.463754653930664
25.856624603271484
-20.943450927734375
-13.120433807373047
-13.991981506347656
23.482900619506836
-5.7018280029296875
-40.77783203125
-14.2838773727417
20.070173263549805
8.951958656311035
-56.282806396484375
-14.244246482849121
14.562305450439453
22.822917938232422
-55.4747314453125
-14.036243438720703
7.621264934539795
35.33538818359375
-42.21953201293945
-13.604278564453125
0.391989529132843
42.78105545043945
-19.26292610168457
-12.8073091506958
-6.727100849151611
42.342525482177734
8.73396110534668
-11.59207534790039
-13.650384902954102
35.32314682006836
32.52292251586914
-12.45887279510498
28.306015014648438
-41.30817794799805
38.77035140991211
-13.021881103515625
27.723339080810547
-33.79463577270508
15.85183048248291
-13.463754653930664
25.856624603271484
-20.943450927734375
-13.120433807373047
-13.991981506347656
23.482900619506836
-5.7018280029296875
-40.77783203125
-14.2838773727417
20.070173263549805
8.951958656311035
-56.282806396484375
-14.244246482849121
14.562305450439453
22.822917938232422
-55.4747314453125
-14.036243438720703
7.621264934539795
35.33538818359375
-42.21953201293945
-13.604278564453125
0.391989529132843
42.78105545043945
-19.26292610168457
-12.8073091506958
-6.727100849151611
42.342525482177734
8.73396110534668
-11.59207534790039
-13.650384902954102
35.32314682006836
32.52292251586914
-2.479837417602539
-25.9631404876709
-38.378639221191406
-26.747894287109375
-0.9430190324783325
-22.44706153869629
-40.7645263671875
-47.37141418457031
0.750755250453949
-17.2128849029541
-38.456417083740234
-54.854400634765625
2.613276481628418
-10.467108726501465
-30.123188018798828
-46.51844787597656
4.503719806671143
-3.702958822250366
-16.547082901000977
-27.374759674072266
6.137872219085693
3.251237154006958
-0.7920029759407043
-4.382157802581787
7.525600910186768
11.058436393737793
14.433961868286133
20.169902801513672
8.945810317993164
17.981035232543945
26.786056518554688
43.49797058105469
10.402344703674316
22.23406410217285
34.865848541259766
57.85820388793945
11.594425201416016
24.709949493408203
38.940086364746094
55.824989318847656
14.223952293395996
14.871877670288086
-22.90074920654297
-62.16775131225586
13.882153511047363
7.9161906242370605
-35.294036865234375
-49.89244842529297
13.155573844909668
0.6949915885925293
-42.12890625
-23.578298568725586
12.493800163269043
-6.1316657066345215
-42.21724319458008
6.097875595092773
11.676963806152344
-12.979727745056152
-37.08991622924805
32.37733459472656
10.335137367248535
-19.279539108276367
-26.61369514465332
51.6847038269043
8.972681045532227
-23.6018123626709
-11.375849723815918
58.50273132324219
7.852931022644043
-25.696443557739258
5.030351638793945
48.53007888793945
6.307738304138184
-26.65999412536621
20.574310302734375
25.530460357666016
4.269186973571777
-27.032670974731445
34.6154670715332
-1.048357605934143
14.223952293395996
14.871877670288086
-22.90074920654297
-62.16775131225586
13.882153511047363
7.9161906242370605
-35.294036865234375
-49.89244842529297
13.155573844909668
0.6949915885925293
-42.12890625
-23.578298568725586
12.493800163269043
-6.1316657066345215
-42.21724319458008
6.097875595092773
11.676963806152344
-12.979727745056152
-37.08991622924805
32.37733459472656
10.335137367248535
-19.279539108276367
-26.61369514465332
51.6847038269043
8.972681045532227
-23.6018123626709
-11.375849723815918
58.50273132324219
7.852931022644043
-25.696443557739258
5.030351638793945
48.53007888793945
6.307738304138184
-26.65999412536621
20.574310302734375
25.530460357666016
4.269186973571777
-27.032670974731445
34.6154670715332
-1.048357605934143
-5.9492082595825195
4.018680095672607
-0.3293522596359253
-9.646097183227539
-7.567034721374512
10.295641899108887
-13.500909805297852
22.46532440185547
-8.959297180175781
16.68950843811035
-26.36726188659668
45.97217559814453
-10.157966613769531
22.790668487548828
-37.84646224975586
55.21800231933594
-11.312409400939941
26.976078033447266
-42.96046829223633
50.551605224609375
-12.296144485473633
28.311372756958008
-40.6483039855957
37.032928466796875
-12.926837921142578
27.617197036743164
-33.59126281738281
15.569522857666016
-13.355788230895996
25.928050994873047
-21.802629470825195
-12.619047164916992
-13.820172309875488
22.95868682861328
-6.044559001922607
-39.09666442871094
-14.214536666870117
18.577007293701172
9.552109718322754
-54.78639602661133
-10.595237731933594
-18.38212013244629
26.867183685302734
56.56673049926758
-9.192667961120605
-22.829103469848633
12.782157897949219
54.03107452392578
-7.626735210418701
-26.75989532470703
-3.725069761276245
41.70383834838867
-5.956851959228516
-28.479881286621094
-17.829776763916016
25.74629783630371
-4.1632866859436035
-28.09103775024414
-29.39555549621582
2.707520008087158
-2.3288705348968506
-26.178207397460938
-40.00092315673828
-25.285003662109375
-0.7395325899124146
-22.630722045898438
-45.519203186035156
-48.692848205566406
0.6760526299476624
-17.89556884765625
-41.700660705566406
-60.33865737915039
2.281858205795288
-12.110559463500977
-30.675405502319336
-54.860313415527344
4.111402988433838
-4.759301662445068
-16.61973762512207
-32.65666580200195
-10.595237731933594
-18.38212013244629
26.867183685302734
56.56673049926758
-9.192667961120605
-22.829103469848633
12.782157897949219
54.03107452392578
-7.626735210418701
-26.75989532470703
-3.725069761276245
41.70383834838867
-5.956851959228516
-28.479881286621094
-17.829776763916016
25.74629783630371
-4.1632866859436035
-28.09103775024414
-29.39555549621582
2.707520008087158
-2.3288705348968506
-26.178207397460938
-40.00092315673828
-25.285003662109375
-0.7395325899124146
-22.630722045898438
-45.519203186035156
-48.692848205566406
0.6760526299476624
-17.89556884765625
-41.700660705566406
-60.33865737915039
2.281858205795288
-12.110559463500977
-30.675405502319336
-54.860313415527344
4.111402988433838
-4.759301662445068
-16.61973762512207
-32.65666580200195
12.277204513549805
28.892118453979492
39.71028137207031
37.3652458190918
13.074214935302734
29.691980361938477
32.00475311279297
11.248842239379883
13.453697204589844
27.7471866607666
19.897729873657227
-14.66612720489502
13.804725646972656
24.364526748657227
6.44261360168457
-35.47883605957031
14.26416015625
19.824155807495117
-8.035979270935059
-47.60617446899414
14.350173950195312
14.030869483947754
-22.822511672973633
-51.04391860961914
13.706700325012207
7.62162971496582
-34.40373611450195
-42.64093017578125
12.82175350189209
0.8514584898948669
-40.0926628112793
-19.751514434814453
12.173975944519043
-6.607833385467529
-39.963321685791016
7.628921985626221
11.423112869262695
-14.163252830505371
-34.93258285522461
29.30158805847168
2.613041639328003
-25.54330825805664
40.82789993286133
-25.78046989440918
0.6822476387023926
-22.76308250427246
44.639549255371094
-42.6020393371582
-1.0595629215240479
-17.53761863708496
40.42667007446289
-51.32373809814453
-2.688413381576538
-10.216190338134766
29.71786117553711
-49.29066467285156
-4.3896355628967285
-3.0902388095855713
16.113113403320312
-34.50505065917969
-6.053604602813721
2.9470090866088867
1.0795387029647827
-9.93377685546875
-7.505934715270996
9.236197471618652
-14.675796508789062
19.077112197875977
-8.860694885253906
16.0086669921875
-29.390108108520508
43.32668685913086
-10.30066204071045
21.8258056640625
-40.54015350341797
53.39474868774414
-11.659159660339355
25.514890670776367
-44.72877502441406
49.87363815307617
2.613041639328003
-25.54330825805664
40.82789993286133
-25.78046989440918
0.6822476387023926
-22.76308250427246
44.639549255371094
-42.6020393371582
-1.0595629215240479
-17.53761863708496
40.42667007446289
-51.32373809814453
-2.688413381576538
-10.216190338134766
29.71786117553711
-49.29066467285156
-4.3896355628967285
-3.0902388095855713
16.113113403320312
-34.50505065917969
-6.053604602813721
2.9470090866088867
1.0795387029647827
-9.93377685546875
-7.505934715270996
9.236197471618652
-14.675796508789062
19.077112197875977
-8.860694885253906
16.0086669921875
-29.390108108520508
43.32668685913086
-10.30066204071045
21.8258056640625
-40.54015350341797
53.39474868774414
-11.659159660339355
25.514890670776367
-44.72877502441406
49.87363815307617
-13.920693397521973
13.468149185180664
23.83763885498047
-58.13042068481445
-13.3544921875
6.017552852630615
36.40602493286133
-42.649452209472656
-12.719289779663086
-1.2193703651428223
42.56888198852539
-19.900075912475586
-12.10892391204834
-7.730645179748535
41.51948165893555
7.649557590484619
-11.345101356506348
-13.524645805358887
36.07786560058594
36.14120101928711
-10.29966926574707
-18.79517936706543
25.863500595092773
54.83696365356445
-9.04900074005127
-23.325851440429688
10.67064380645752
58.021968841552734
-7.736920356750488
-26.7360897064209
-5.667164325714111
49.89299774169922
-6.30338191986084
-28.58389663696289
-19.749950408935547
31.912614822387695
-4.608155250549316
-28.445985794067383
-30.836576461791992
2.682119607925415
5.9270782470703125
2.545245885848999
-0.2274976521730423
-4.417954921722412
7.418826103210449
10.194910049438477
13.500749588012695
20.945310592651367
8.853898048400879
15.772661209106445
25.82982635498047
41.81475067138672
10.19552230834961
19.882781982421875
35.0595588684082
54.49705505371094
11.30739688873291
24.053565979003906
40.91203689575195
54.8194694519043
12.126872062683105
27.35458755493164
41.71900177001953
40.77861022949219
12.829413414001465
27.986957550048828
35.56740188598633
15.36120319366455
13.571521759033203
26.29432487487793
23.744630813598633
-14.714628219604492
14.154854774475098
23.64975357055664
8.420109748840332
-40.99893569946289
14.211419105529785
19.893157958984375
-9.336835861206055
-55.146888732910156
5.9270782470703125
2.545245885848999
-0.2274976521730423
-4.417954921722412
7.418826103210449
10.194910049438477
13.500749588012695
20.945310592651367
8.853898048400879
15.772661209106445
25.82982635498047
41.81475067138672
10.19552230834961
19.882781982421875
35.0595588684082
54.49705505371094
11.30739688873291
24.053565979003906
40.91203689575195
54.8194694519043
12.126872062683105
27.35458755493164
41.71900177001953
40.77861022949219
12.829413414001465
27.986957550048828
35.56740188598633
15.36120319366455
13.571521759033203
26.29432487487793
23.744630813598633
-14.714628219604492
14.154854774475098
23.64975357055664
8.420109748840332
-40.99893569946289
14.211419105529785
19.893157958984375
-9.336835861206055
-55.146888732910156
10.481011390686035
-19.429534912109375
-26.204242706298828
47.82400131225586
8.929587364196777
-24.701051712036133
-13.482659339904785
51.39179992675781
7.4588494300842285
-27.830066680908203
2.060779094696045
43.61306381225586
5.922941207885742
-28.391006469726562
16.990005493164062
24.525327682495117
4.26760721206665
-27.019580841064453
29.290555953979492
-0.8418777585029602
2.7656338214874268
-23.879636764526367
37.35374069213867
-24.651195526123047
1.284643292427063
-19.889678955078125
39.63439178466797
-43.1708869934082
-0.5919784307479858
-16.058944702148438
36.174705505371094
-54.757652282714844
-2.6356616020202637
-11.152509689331055
28.27814483642578
-53.562461853027344
-4.391590118408203
-4.241517543792725
16.961374282836914
-35.799381256103516
-12.514552116394043
27.344202041625977
-41.501373291015625
33.50189208984375
-13.353679656982422
27.8266658782959
-34.587547302246094
10.258275985717773
-13.881839752197266
27.082971572875977
-22.86558723449707
-14.02114486694336
-14.278462409973145
23.61801528930664
-7.591076850891113
-34.1566162109375
-14.434295654296875
17.963247299194336
9.429791450500488
-47.70471954345703
-14.153882026672363
12.316740036010742
25.820453643798828
-52.458248138427734
-13.59868049621582
6.696296215057373
37.91007614135742
-44.34186553955078
-13.046286582946777
-0.027402646839618683
42.97190856933594
-22.693620681762695
-12.326144218444824
-7.0812788009643555
41.915584564208984
6.118951320648193
-11.178854942321777
-13.224849700927734
36.781246185302734
32.564945220947266
-2.8203094005584717
-25.582983016967773
-40.70354080200195
-27.455265045166016
-0.9677738547325134
-21.45629119873047
-39.805686950683594
-50.6932487487793
0.816879153251648
-16.098970413208008
-34.22551345825195
-60.06039047241211
2.5972812175750732
-9.971744537353516
-28.163787841796875
-51.36537170410156
4.41887092590332
-3.499711751937866
-18.930747985839844
-29.886558532714844
6.093282699584961
3.0611770153045654
-3.8379194736480713
-5.038723468780518
7.560522079467773
9.831328392028809
13.944032669067383
18.551733016967773
8.946884155273438
16.485490798950195
29.65412139892578
39.51030731201172
10.302717208862305
21.912128448486328
40.98282241821289
52.73737335205078
11.521474838256836
25.514081954956055
46.86391830444336
51.674522399902344
-2.8203094005584717
-25.582983016967773
-40.70354080200195
-27.455265045166016
-0.9677738547325134
-21.45629119873047
-39.805686950683594
-50.6932487487793
0.816879153251648
-16.098970413208008
-34.22551345825195
-60.06039047241211
2.5972812175750732
-9.971744537353516
-28.163787841796875
-51.36537170410156
4.41887092590332
-3.499711751937866
-18.930747985839844
-29.886558532714844
6.093282699584961
3.0611770153045654
-3.8379194736480713
-5.038723468780518
7.560522079467773
9.831328392028809
13.944032669067383
18.551733016967773
8.946884155273438
16.485490798950195
29.65412139892578
39.51030731201172
10.302717208862305
21.912128448486328
40.98282241821289
52.73737335205078
11.521474838256836
25.514081954956055
46.86391830444336
51.674522399902344
13.993658065795898
13.607294082641602
-25.77592658996582
-52.015541076660156
13.529388427734375
6.252371788024902
-38.24456024169922
-40.498905181884766
12.911128044128418
-0.28957870602607727
-46.04692840576172
-21.648279190063477
12.38623046875
-6.053522109985352
-46.48863220214844
3.7735915184020996
11.731407165527344
-12.401759147644043
-40.04789733886719
30.841007232666016
10.559405326843262
-19.244321823120117
-28.429534912109375
49.55230712890625
9.0303316116333
-25.0314998626709
-13.520035743713379
54.8445930480957
7.5681633949279785
-28.376462936401367
3.0739262104034424
47.69647979736328
6.175633907318115
-28.719329833984375
19.929128646850586
27.707780838012695
4.586076736450195
-26.625286102294922
33.41474914550781
-1.9993551969528198
13.993658065795898
13.607294082641602
-25.77592658996582
-52.015541076660156
13.529388427734375
6.252371788024902
-38.24456024169922
-40.498905181884766
12.911128044128418
-0.28957870602607727
-46.04692840576172
-21.648279190063477
12.38623046875
-6.053522109985352
-46.48863220214844
3.7735915184020996
11.731407165527344
-12.401759147644043
-40.04789733886719
30.841007232666016
10.559405326843262
-19.244321823120117
-28.429534912109375
49.55230712890625
9.0303316116333
-25.0314998626709
-13.520035743713379
54.8445930480957
7.5681633949279785
-28.376462936401367
3.0739262104034424
47.69647979736328
6.175633907318115
-28.719329833984375
19.929128646850586
27.707780838012695
4.586076736450195
-26.625286102294922
33.41474914550781
-1.9993551969528198
-10.560442924499512
-19.369468688964844
23.947853088378906
51.56809616088867
-9.303446769714355
-23.601993560791016
9.658933639526367
60.97442626953125
-7.884026050567627
-26.739770889282227
-5.916445255279541
56.26041793823242
-6.09954309463501
-29.034809112548828
-20.235403060913086
34.1952018737793
-4.090470790863037
-29.306554794311523
-29.951181411743164
0.026807531714439392
-2.3041365146636963
-27.048160552978516
-35.6147346496582
-33.5970458984375
-0.8127525448799133
-22.955881118774414
-39.509952545166016
-55.15308380126953
0.6650527119636536
-17.272050857543945
-39.68058776855469
-60.111385345458984
2.317950487136841
-10.227232933044434
-32.25590515136719
-51.26203155517578
4.166431427001953
-2.8717105388641357
-17.476686477661133
-33.18626403808594
-10.560442924499512
-19.369468688964844
23.947853088378906
51.56809616088867
-9.303446769714355
-23.601993560791016
9.658933639526367
60.97442626953125
-7.884026050567627
-26.739770889282227
-5.916445255279541
56.26041793823242
-6.09954309463501
-29.034809112548828
-20.235403060913086
34.1952018737793
-4.090470790863037
-29.306554794311523
-29.951181411743164
0.026807531714439392
-2.3041365146636963
-27.048160552978516
-35.6147346496582
-33.5970458984375
-0.8127525448799133
-22.955881118774414
-39.509952545166016
-55.15308380126953
0.6650527119636536
-17.272050857543945
-39.68058776855469
-60.111385345458984
2.317950487136841
-10.227232933044434
-32.25590515136719
-51.26203155517578
4.166431427001953
-2.8717105388641357
-17.476686477661133
-33.18626403808594
-10.560442924499512
-19.369468688964844
23.947853088378906
51.56809616088867
-9.303446769714355
-23.601993560791016
9.658933639526367
60.97442626953125
-7.884026050567627
-26.739770889282227
-5.916445255279541
56.26041793823242
-6.09954309463501
-29.034809112548828
-20.235403060913086
34.1952018737793
-4.090470790863037
-29.306554794311523
-29.951181411743164
0.026807531714439392
-2.3041365146636963
-27.048160552978516
-35.6147346496582
-33.5970458984375
-0.8127525448799133
-22.955881118774414
-39.509952545166016
-55.15308380126953
0.6650527119636536
-17.272050857543945
-39.68058776855469
-60.111385345458984
2.317950487136841
-10.227232933044434
-32.25590515136719
-51.26203155517578
4.166431427001953
-2.8717105388641357
-17.476686477661133
-33.18626403808594
12.360980987548828
28.493057250976562
40.517086029052734
38.250545501708984
13.075640678405762
28.538562774658203
33.345741271972656
14.865742683410645
13.538125991821289
26.54589080810547
20.58167266845703
-14.085675239562988
13.725279808044434
22.979244232177734
6.102604389190674
-40.4195671081543
13.721710205078125
18.786121368408203
-10.182332992553711
-56.057579040527344
13.59410572052002
14.29509162902832
-24.880739212036133
-56.730812072753906
13.270275115966797
8.073020935058594
-33.340293884277344
-43.4030876159668
12.76950454711914
-0.11693079024553299
-37.38618087768555
-19.925687789916992
12.205951690673828
-7.704421520233154
-39.66288375854492
8.261444091796875
11.442910194396973
-13.224109649658203
-37.04863357543945
34.565765380859375
2.6786115169525146
-27.634666442871094
40.400047302246094
-23.971281051635742
0.9642331600189209
-23.018035888671875
40.591064453125
-47.576663970947266
-0.8574076890945435
-16.563295364379883
37.822696685791016
-56.440975189208984
-2.6446573734283447
-10.453254699707031
29.457157135009766
-48.801639556884766
-4.296987056732178
-4.222975254058838
14.927002906799316
-31.061519622802734
-5.881291389465332
3.5349574089050293
-0.9081927537918091
-9.103443145751953
-7.462767124176025
11.46261215209961
-15.206077575683594
13.538975715637207
-8.91577434539795
17.47979164123535
-28.702762603759766
34.89961242675781
-10.14173412322998
21.92292594909668
-39.6522331237793
51.12171936035156
-11.226841926574707
25.64470672607422
-44.303016662597656
53.44316864013672
2.6786115169525146
-27.634666442871094
40.400047302246094
-23.971281051635742
0.9642331600189209
-23.018035888671875
40.591064453125
-47.576663970947266
-0.8574076890945435
-16.563295364379883
37.822696685791016
-56.440975189208984
-2.6446573734283447
-10.453254699707031
29.457157135009766
-48.801639556884766
-4.296987056732178
-4.222975254058838
14.927002906799316
-31.061519622802734
-5.881291389465332
3.5349574089050293
-0.9081927537918091
-9.103443145751953
-7.462767124176025
11.46261215209961
-15.206077575683594
13.538975715637207
-8.91577434539795
17.47979164123535
-28.702762603759766
34.89961242675781
-10.14173412322998
21.92292594909668
-39.6522331237793
51.12171936035156
-11.226841926574707
25.64470672607422
-44.303016662597656
53.44316864013672
-14.096489906311035
14.024222373962402
24.51380157470703
-56.12905502319336
-13.683013916015625
7.514410495758057
34.207801818847656
-47.30363464355469
-13.11205768585205
0.30081626772880554
40.7958869934082
-24.831632614135742
-12.244695663452148
-7.075429916381836
42.709590911865234
5.936622619628906
-11.250594139099121
-13.508049964904785
36.67721176147461
35.4708137512207
-10.319135665893555
-18.602325439453125
24.22357177734375
54.1390495300293
-9.18568229675293
-22.727426528930664
10.033645629882812
57.462989807128906
-7.643423557281494
-26.01085090637207
-4.864016532897949
47.45730972290039
-5.998672008514404
-27.649751663208008
-20.190597534179688
28.28925132751465
-4.480033874511719
-26.89592742919922
-32.56434631347656
2.942108631134033
6.02786922454834
3.9837446212768555
0.19793125987052917
-5.259830951690674
7.422257423400879
11.346185684204102
16.176620483398438
28.622882843017578
8.95658016204834
17.550090789794922
30.395282745361328
51.85209274291992
10.520109176635742
22.11023712158203
39.06196975708008
59.56025695800781
11.678055763244629
25.621707916259766
41.360469818115234
56.315452575683594
12.368732452392578
28.119577407836914
38.99351119995117
43.97724151611328
12.967194557189941
29.260568618774414
32.10423278808594
20.082780838012695
13.702588081359863
28.58966827392578
20.426025390625
-11.541095733642578
14.331048011779785
25.374839782714844
6.054495811462402
-38.84685516357422
14.523056030273438
19.70138931274414
-8.807607650756836
-51.910789489746094
10.140512466430664
-18.979219436645508
-22.155305862426758
47.4755859375
9.157917022705078
-23.26382064819336
-9.229070663452148
54.371192932128906
7.993826866149902
-25.97109603881836
4.33131742477417
48.628597259521484
6.451656818389893
-27.83739471435547
18.565338134765625
29.569297790527344
4.787470817565918
-28.055892944335938
33.042301177978516
1.3473460674285889
3.0266690254211426
-25.838245391845703
43.89354705810547
-25.766883850097656
1.0878058671951294
-22.100149154663086
45.51874923706055
-44.808807373046875
-0.8794236779212952
-17.196752548217773
37.883663177490234
-55.60148620605469
-2.750445604324341
-10.599041938781738
26.571714401245117
-54.24114990234375
-4.572823524475098
-3.078521728515625
14.223128318786621
-35.77287673950195
10.140512466430664
-18.979219436645508
-22.155305862426758
47.4755859375
9.157917022705078
-23.26382064819336
-9.229070663452148
54.371192932128906
7.993826866149902
-25.97109603881836
4.33131742477417
48.628597259521484
6.451656818389893
-27.83739471435547
18.565338134765625
29.569297790527344
4.787470817565918
-28.055892944335938
33.042301177978516
1.3473460674285889
3.0266690254211426
-25.838245391845703
43.89354705810547
-25.766883850097656
1.0878058671951294
-22.100149154663086
45.51874923706055
-44.808807373046875
-0.8794236779212952
-17.196752548217773
37.883663177490234
-55.60148620605469
-2.750445604324341
-10.599041938781738
26.571714401245117
-54.24114990234375
-4.572823524475098
-3.078521728515625
14.223128318786621
-35.77287673950195
-12.482284545898438
28.4027099609375
-42.256919860839844
33.87019348144531
-13.165608406066895
28.261537551879883
-32.50148391723633
10.776721000671387
-13.820906639099121
26.543790817260742
-19.632234573364258
-12.882967948913574
-14.340720176696777
23.4339542388916
-5.381633281707764
-35.849613189697266
-14.393908500671387
18.679994583129883
9.830581665039062
-51.46821975708008
-14.005159378051758
12.690242767333984
23.19757080078125
-54.558616638183594
-13.677803993225098
6.40367317199707
33.360713958740234
-44.51436233520508
-13.54426097869873
0.07390792667865753
41.29795837402344
-21.861806869506836
-12.983098030090332
-6.6260576248168945
43.71742630004883
7.505790710449219
-11.773611068725586
-13.331884384155273
36.840152740478516
33.47258758544922
-12.482284545898438
28.4027099609375
-42.256919860839844
33.87019348144531
-13.165608406066895
28.261537551879883
-32.50148391723633
10.776721000671387
-13.820906639099121
26.543790817260742
-19.632234573364258
-12.882967948913574
-14.340720176696777
23.4339542388916
-5.381633281707764
-35.849613189697266
-14.393908500671387
18.679994583129883
9.830581665039062
-51.46821975708008
-14.005159378051758
12.690242767333984
23.19757080078125
-54.558616638183594
-13.677803993225098
6.40367317199707
33.360713958740234
-44.51436233520508
-13.54426097869873
0.07390792667865753
41.29795837402344
-21.861806869506836
-12.983098030090332
-6.6260576248168945
43.71742630004883
7.505790710449219
-11.773611068725586
-13.331884384155273
36.840152740478516
33.47258758544922
-2.789898157119751
-25.88372230529785
-37.07160568237305
-26.228710174560547
-0.8709899187088013
-22.712108612060547
-41.681724548339844
-45.51301956176758
1.0657789707183838
-17.39413833618164
-39.429473876953125
-53.82197952270508
2.7127645015716553
-10.60821533203125
-29.303667068481445
-48.32500076293945
4.232968807220459
-3.766223192214966
-15.582070350646973
-30.685102462768555
5.8786396980285645
2.6241931915283203
-0.9729927778244019
-6.054942607879639
7.482940196990967
9.048805236816406
14.387526512145996
20.978490829467773
8.89741325378418
15.627605438232422
27.280019760131836
44.52470016479492
10.24411678314209
21.39415740966797
35.366573333740234
56.982398986816406
11.472843170166016
25.318939208984375
40.185447692871094
55.142425537109375
13.843730926513672
14.499030113220215
-25.808307647705078
-52.30125427246094
13.583760261535645
7.79910135269165
-38.085289001464844
-41.13052749633789
13.11093807220459
0.054300449788570404
-43.752254486083984
-19.99277114868164
12.365689277648926
-7.825250148773193
-41.97474670410156
4.28334903717041
11.441825866699219
-14.356132507324219
-35.061920166015625
27.786039352416992
10.450706481933594
-19.08755874633789
-25.25562286376953
46.67204666137695
9.22390079498291
-23.18241310119629
-12.152460098266602
53.76042175292969
7.667514801025391
-26.707141876220703
3.634413003921509
44.33942794799805
6.009620189666748
-28.520715713500977
18.96805763244629
23.23563003540039
4.292813777923584
-28.625059127807617
31.51657485961914
-2.2552523612976074
-5.8257012367248535
3.1131410598754883
0.18777747452259064
-11.094762802124023
-7.399841785430908
10.234220504760742
-14.7798490524292
18.76413345336914
-9.019841194152832
16.9064998626709
-27.57862663269043
43.34518814086914
-10.346270561218262
21.450517654418945
-35.53483200073242
56.585018157958984
-11.283100128173828
24.02510643005371
-38.65480041503906
54.91083526611328
-12.157681465148926
26.195924758911133
-37.662513732910156
39.88242721557617
-13.12509536743164
28.090505599975586
-30.761043548583984
15.844751358032227
-13.824100494384766
28.3742618560791
-18.318010330200195
-12.506382942199707
-13.958273887634277
25.932056427001953
-5.1189656257629395
-38.184898376464844
-13.826826095581055
21.09991455078125
7.32854700088501
-52.643959045410156
