0
-5.279858589172363
12.356481552124023
0.2916701138019562
1.999999987845058e-08
-3.983656644821167
13.271855354309082
0.9723883271217346
-1.999999987845058e-08
0.37060514092445374
15.138392448425293
6.336000442504883
1.999999987845058e-08
3.6384215354919434
15.084691047668457
10.87134075164795
-1.999999987845058e-08
3.877884864807129
13.719841957092285
11.146371841430664
1.999999987845058e-08
1.7949914932250977
12.800359725952148
8.393705368041992
-1.999999987845058e-08
-1.333601713180542
12.165295600891113
4.9753875732421875
1.999999987845058e-08
-3.6310741901397705
11.018826484680176
2.3966245651245117
-1.999999987845058e-08
-2.491081714630127
10.528543472290039
2.558666706085205
1.999999987845058e-08
-2.491081714630127
10.528543472290039
2.558666706085205
-1.999999987845058e-08
2.473332643508911
12.66154956817627
5.742370128631592
1.999999987845058e-08
8.545372009277344
17.287471771240234
9.711030960083008
-1.999999987845058e-08
12.887035369873047
21.652111053466797
12.924083709716797
1.999999987845058e-08
14.278142929077148
22.59484100341797
14.711503028869629
-1.999999987845058e-08
13.054930686950684
19.700437545776367
13.97607421875
1.999999987845058e-08
10.607062339782715
15.29369068145752
10.964527130126953
-1.999999987845058e-08
8.038542747497559
10.849508285522461
7.597291469573975
1.999999987845058e-08
5.738996982574463
6.428496837615967
5.151048183441162
-1.999999987845058e-08
4.073198318481445
3.6808431148529053
3.5531578063964844
1.999999987845058e-08
2.9026200771331787
4.747981548309326
2.358182668685913
-1.999999987845058e-08
0.8667543530464172
7.946929931640625
0.9642462134361267
1.999999987845058e-08
-3.300027847290039
8.91363525390625
-1.8620487451553345
-1.999999987845058e-08
-8.936800003051758
5.921596527099609
-7.086489677429199
1.999999987845058e-08
-13.48900318145752
1.0922222137451172
-13.11709213256836
-1.999999987845058e-08
-14.249992370605469
-2.5022788047790527
-16.212360382080078
1.999999987845058e-08
-10.511857032775879
-2.679565668106079
-14.400357246398926
-1.999999987845058e-08
-4.4404706954956055
0.8359185457229614
-9.459162712097168
1.999999987845058e-08
0.40942054986953735
5.267175674438477
-5.188791751861572
-1.999999987845058e-08
2.2732691764831543
7.345644474029541
-4.1289801597595215
1.999999987845058e-08
-14.249992370605469
-2.5022788047790527
-16.212360382080078
-1.999999987845058e-08
-10.511857032775879
-2.679565668106079
-14.400357246398926
1.999999987845058e-08
-4.4404706954956055
0.8359185457229614
-9.459162712097168
-1.999999987845058e-08
0.40942057967185974
5.267175674438477
-5.188791751861572
1.999999987845058e-08
2.2732691764831543
7.345644474029541
-4.1289801597595215
-1.999999987845058e-08
2.619474411010742
7.516635894775391
-4.815096378326416
1.999999987845058e-08
3.400186777114868
8.004057884216309
-3.9194529056549072
-1.999999987845058e-08
4.903433799743652
8.627022743225098
-0.7895413041114807
1.999999987845058e-08
7.050376892089844
8.265728950500488
2.9490416049957275
-1.999999987845058e-08
9.30298137664795
7.199003219604492
5.621896266937256
1.999999987845058e-08
13.725455284118652
4.297043800354004
6.290909290313721
-1.999999987845058e-08
20.6337890625
5.929595947265625
11.558852195739746
1.999999987845058e-08
25.800979614257812
4.530630588531494
16.21237564086914
-1.999999987845058e-08
27.382915496826172
0.211387038230896
18.28764533996582
1.999999987845058e-08
25.23530387878418
-5.646217346191406
16.208044052124023
-1.999999987845058e-08
21.05582046508789
-11.295042991638184
10.855786323547363
1.999999987845058e-08
17.87451934814453
-14.49860668182373
6.110368251800537
-1.999999987845058e-08
17.20167350769043
-15.722167015075684
4.864084720611572
1.999999987845058e-08
18.372196197509766
-18.14306640625
6.650974750518799
-1.999999987845058e-08
20.741430282592773
-22.39676856994629
10.007140159606934
1.999999987845058e-08
24.067794799804688
-25.622146606445312
14.545783996582031
-1.999999987845058e-08
26.66888999938965
-26.713459014892578
19.2003231048584
1.999999987845058e-08
26.12883186340332
-27.88315200805664
21.351032257080078
-1.999999987845058e-08
22.516889572143555
-29.93277359008789
19.708730697631836
1.999999987845058e-08
17.935588836669922
-31.058605194091797
15.374833106994629
-1.999999987845058e-08
13.499066352844238
-30.9489688873291
10.098556518554688
1.999999987845058e-08
9.814257621765137
-30.411760330200195
5.852544784545898
-1.999999987845058e-08
8.671819686889648
-26.46749496459961
4.56939172744751
1.999999987845058e-08
10.903728485107422
-14.762571334838867
5.881752967834473
-1.999999987845058e-08
13.990976333618164
2.5013647079467773
6.435000419616699
1.999999987845058e-08
13.27160930633545
26.52278709411621
-1.9627701044082642
-1.999999987845058e-08
14.056177139282227
17.95488739013672
-0.5428111553192139
1.999999987845058e-08
15.775436401367188
3.434119701385498
2.4757938385009766
-1.999999987845058e-08
15.468406677246094
-16.006793975830078
3.879286527633667
1.999999987845058e-08
11.326659202575684
-41.14657974243164
2.605414628982544
-1.999999987845058e-08
6.0811591148376465
-68.74409484863281
1.266015648841858
1.999999987845058e-08
3.3871889114379883
-92.11603546142578
2.3631818294525146
-1.999999987845058e-08
2.8723397254943848
-108.95775604248047
4.918745994567871
1.999999987845058e-08
1.887890338897705
-121.27253723144531
6.446672439575195
-1.999999987845058e-08
-0.06396426260471344
-128.9373321533203
6.4625701904296875
1.999999987845058e-08
-0.06396430730819702
-128.9373321533203
6.4625701904296875
-1.999999987845058e-08
-0.41470494866371155
-131.06967163085938
7.261763095855713
1.999999987845058e-08
3.3216187953948975
-131.3629150390625
11.483283996582031
-1.999999987845058e-08
9.416309356689453
-135.41961669921875
18.05902671813965
1.999999987845058e-08
12.302188873291016
-144.70816040039062
21.797414779663086
-1.999999987845058e-08
8.346015930175781
-157.53530883789062
18.959150314331055
1.999999987845058e-08
-0.4161047637462616
-173.3224639892578
11.274589538574219
-1.999999987845058e-08
-8.683510780334473
-191.27769470214844
3.7446954250335693
1.999999987845058e-08
-11.621417999267578
-206.89157104492188
1.098638892173767
-1.999999987845058e-08
-7.491069793701172
-215.0936737060547
4.791234016418457
1.999999987845058e-08
-7.491069793701172
-215.0936737060547
4.791234016418457
-1.999999987845058e-08
0.1603625863790512
-216.8964385986328
10.567627906799316
1.999999987845058e-08
4.3980712890625
-218.51803588867188
11.35931396484375
-1.999999987845058e-08
1.1871801614761353
-224.03643798828125
4.505458831787109
1.999999987845058e-08
-6.883351802825928
-232.41050720214844
-5.81417179107666
-1.999999987845058e-08
-13.32097339630127
-240.65048217773438
-13.416400909423828
1.999999987845058e-08
-13.551285743713379
-246.82493591308594
-15.352200508117676
-1.999999987845058e-08
-9.33974838256836
-250.76632690429688
-14.055063247680664
1.999999987845058e-08
-7.151446342468262
-253.2564239501953
-15.122166633605957
-1.999999987845058e-08
-10.105279922485352
-254.5479736328125
-20.31023406982422
1.999999987845058e-08
-15.395674705505371
-254.6104278564453
-27.414960861206055
-1.999999987845058e-08
-12.039164543151855
-253.2305908203125
-26.30140495300293
1.999999987845058e-08
-6.921426773071289
-249.73712158203125
-23.599807739257812
-1.999999987845058e-08
-3.6481540203094482
-247.1254425048828
-21.649381637573242
1.999999987845058e-08
-4.092840671539307
-249.5005340576172
-23.390504837036133
-1.999999987845058e-08
-6.686686992645264
-255.50979614257812
-28.769311904907227
1.999999987845058e-08
-9.186695098876953
-260.7135314941406
-34.91579818725586
-1.999999987845058e-08
-11.69991397857666
-263.9299621582031
-39.89260482788086
1.999999987845058e-08
-14.175423622131348
-265.1463317871094
-42.14970779418945
-1.999999987845058e-08
-15.034773826599121
-262.3653869628906
-39.922054290771484
1.999999987845058e-08
-14.73739242553711
-255.60614013671875
-35.03047180175781
-1.999999987845058e-08
-15.778304100036621
-248.08143615722656
-32.0484733581543
1.999999987845058e-08
-18.966386795043945
-241.37557983398438
-32.54890060424805
-1.999999987845058e-08
-23.021677017211914
-234.67173767089844
-34.51518249511719
1.999999987845058e-08
-26.035572052001953
-227.23379516601562
-35.67497634887695
-1.999999987845058e-08
-26.690996170043945
-217.59144592285156
-34.87666320800781
1.999999987845058e-08
-25.775917053222656
-203.84463500976562
-32.312225341796875
-1.999999987845058e-08
-25.180952072143555
-187.87632751464844
-29.395265579223633
1.999999987845058e-08
-25.11599349975586
-174.9941864013672
-27.23679542541504
-1.999999987845058e-08
-24.462474822998047
-167.20481872558594
-25.668819427490234
1.999999987845058e-08
-24.462474822998047
-167.20481872558594
-25.668819427490234
-1.999999987845058e-08
-23.102724075317383
-161.54270935058594
-24.441137313842773
1.999999987845058e-08
-21.797592163085938
-156.2626190185547
-23.681854248046875
-1.999999987845058e-08
-20.913789749145508
-152.61260986328125
-22.773008346557617
1.999999987845058e-08
-20.68416404724121
-149.4477081298828
-20.88485336303711
-1.999999987845058e-08
-21.072265625
-142.9308319091797
-18.397911071777344
1.999999987845058e-08
-21.110591888427734
-132.82675170898438
-16.553123474121094
-1.999999987845058e-08
-20.293365478515625
-123.07917022705078
-16.365571975708008
1.999999987845058e-08
-19.537504196166992
-115.16215515136719
-17.57565689086914
-1.999999987845058e-08
-19.81870460510254
-106.56819915771484
-18.682289123535156
1.999999987845058e-08
-21.56574249267578
-96.66413879394531
-19.05004119873047
-1.999999987845058e-08
-24.45379066467285
-87.9693832397461
-19.042295455932617
1.999999987845058e-08
-26.542322158813477
-80.97209930419922
-17.9339656829834
-1.999999987845058e-08
-25.371124267578125
-72.73974609375
-14.87594985961914
1.999999987845058e-08
-20.530305862426758
-61.44833755493164
-10.864953994750977
-1.999999987845058e-08
-14.72225284576416
-49.97969055175781
-8.300225257873535
1.999999987845058e-08
-11.770526885986328
-42.809200286865234
-9.478299140930176
-1.999999987845058e-08
-12.342554092407227
-38.96613693237305
-13.94732666015625
1.999999987845058e-08
-12.924332618713379
-32.841033935546875
-17.781808853149414
-1.999999987845058e-08
-11.3454008102417
-23.803802490234375
-18.80310821533203
1.999999987845058e-08
-10.115015983581543
-17.17335319519043
-19.65329360961914
-1.999999987845058e-08
-11.557596206665039
-14.082828521728516
-22.149194717407227
1.999999987845058e-08
-14.70500659942627
-10.367548942565918
-24.356138229370117
-1.999999987845058e-08
-18.455562591552734
-5.502990245819092
-25.66310691833496
1.999999987845058e-08
-22.63754653930664
-2.531853675842285
-27.79341697692871
-1.999999987845058e-08
-26.460613250732422
-0.440769761800766
-30.52369499206543
1.999999987845058e-08
-28.762575149536133
4.5418477058410645
-31.697437286376953
-1.999999987845058e-08
-28.762008666992188
11.62153148651123
-30.452314376831055
1.999999987845058e-08
-26.529638290405273
16.744457244873047
-28.073766708374023
-1.999999987845058e-08
-23.09321403503418
19.649463653564453
-26.677053451538086
1.999999987845058e-08
-9.419336318969727
44.193382263183594
-26.78850746154785
-1.999999987845058e-08
-1.7145614624023438
56.92034149169922
-21.88275146484375
1.999999987845058e-08
5.318671703338623
66.707275390625
-18.383018493652344
-1.999999987845058e-08
9.246302604675293
71.80093383789062
-18.464277267456055
1.999999987845058e-08
10.132969856262207
73.90159606933594
-19.38961410522461
-1.999999987845058e-08
8.35867691040039
74.65182495117188
-20.65545082092285
1.999999987845058e-08
3.408818244934082
73.41210174560547
-25.623342514038086
-1.999999987845058e-08
-2.9235594272613525
71.33820343017578
-33.590843200683594
1.999999987845058e-08
-6.141723155975342
73.33708190917969
-38.561527252197266
-1.999999987845058e-08
-4.153331756591797
81.88603210449219
-37.66023254394531
1.999999987845058e-08
8.35867691040039
74.65182495117188
-20.65545082092285
-1.999999987845058e-08
3.408818244934082
73.41210174560547
-25.623342514038086
1.999999987845058e-08
-2.9235594272613525
71.33820343017578
-33.590843200683594
-1.999999987845058e-08
-6.141723155975342
73.33708190917969
-38.561527252197266
1.999999987845058e-08
-4.153331756591797
81.88603210449219
-37.66023254394531
-1.999999987845058e-08
0.30172255635261536
92.85672760009766
-34.27482223510742
1.999999987845058e-08
3.103203296661377
100.79581451416016
-32.822975158691406
-1.999999987845058e-08
2.3305723667144775
104.71234130859375
-34.91252517700195
1.999999987845058e-08
-1.1082954406738281
106.61810302734375
-39.33284378051758
-1.999999987845058e-08
-4.802731990814209
107.74650573730469
-43.43402099609375
1.999999987845058e-08
7.6511149406433105
132.87008666992188
-38.235660552978516
-1.999999987845058e-08
8.36358642578125
138.34194946289062
-38.23844528198242
1.999999987845058e-08
7.604879379272461
142.4046630859375
-39.63520812988281
-1.999999987845058e-08
8.71508502960205
147.92153930664062
-40.02062225341797
1.999999987845058e-08
11.91969108581543
153.31167602539062
-38.720672607421875
-1.999999987845058e-08
14.3065767288208
155.97314453125
-37.57474899291992
1.999999987845058e-08
14.55372428894043
157.65025329589844
-37.467185974121094
-1.999999987845058e-08
14.672906875610352
162.3299560546875
-35.83731460571289
1.999999987845058e-08
16.304466247558594
171.16822814941406
-30.559125900268555
-1.999999987845058e-08
18.678081512451172
182.3716583251953
-23.79157066345215
1.999999987845058e-08
21.356081008911133
194.1034698486328
-18.131431579589844
-1.999999987845058e-08
24.234460830688477
204.34835815429688
-13.894987106323242
1.999999987845058e-08
25.238821029663086
210.44033813476562
-12.006328582763672
-1.999999987845058e-08
22.715576171875
211.66737365722656
-13.908339500427246
1.999999987845058e-08
18.045780181884766
209.35440063476562
-18.754369735717773
-1.999999987845058e-08
13.560781478881836
204.4378662109375
-23.835865020751953
1.999999987845058e-08
10.610532760620117
198.78164672851562
-26.857803344726562
-1.999999987845058e-08
9.79281997680664
195.8185272216797
-27.083086013793945
1.999999987845058e-08
10.64232063293457
196.28073120117188
-25.585508346557617
-1.999999987845058e-08
12.539144515991211
198.2751922607422
-23.189043045043945
1.999999987845058e-08
12.539144515991211
198.2751922607422
-23.189043045043945
-1.999999987845058e-08
16.355098724365234
202.2843475341797
-18.333311080932617
1.999999987845058e-08
21.744709014892578
209.17745971679688
-10.962628364562988
-1.999999987845058e-08
24.581045150756836
218.4821319580078
-5.756496429443359
1.999999987845058e-08
21.93345069885254
243.74159240722656
-6.103472709655762
-1.999999987845058e-08
16.67202377319336
323.1504821777344
-9.25722599029541
1.999999987845058e-08
13.195269584655762
485.4013366699219
-11.051462173461914
-1.999999987845058e-08
12.882304191589355
699.45556640625
-9.963801383972168
1.999999987845058e-08
15.458911895751953
884.835205078125
-5.804876327514648
-1.999999987845058e-08
19.982942581176758
975.9257202148438
0.171735018491745
1.999999987845058e-08
27.019609451293945
800.5792846679688
3.1968870162963867
-1.999999987845058e-08
25.634126663208008
754.447265625
0.3177279531955719
1.999999987845058e-08
23.21662712097168
743.6983032226562
-1.1796711683273315
-1.999999987845058e-08
20.524925231933594
730.582275390625
-0.774524986743927
1.999999987845058e-08
17.31886863708496
681.9503173828125
-0.38233649730682373
-1.999999987845058e-08
12.981396675109863
600.7305297851562
-1.9312812089920044
1.999999987845058e-08
9.25048828125
520.72412109375
-3.4933202266693115
-1.999999987845058e-08
9.900371551513672
473.05364990234375
-0.2554737627506256
1.999999987845058e-08
15.420804977416992
454.6485900878906
8.743670463562012
-1.999999987845058e-08
21.158891677856445
431.3998107910156
17.566696166992188
1.999999987845058e-08
24.717920303344727
314.4442138671875
20.822790145874023
-1.999999987845058e-08
25.160301208496094
270.6894836425781
20.39054298400879
1.999999987845058e-08
24.71977996826172
252.45973205566406
20.608455657958984
-1.999999987845058e-08
25.990623474121094
232.5648193359375
24.14898681640625
1.999999987845058e-08
32.65393829345703
193.53976440429688
34.27336120605469
-1.999999987845058e-08
43.376853942871094
151.86514282226562
48.621788024902344
1.999999987845058e-08
52.650333404541016
130.75204467773438
61.077701568603516
-1.999999987845058e-08
55.8614387512207
122.73823547363281
67.27133178710938
1.999999987845058e-08
52.256500244140625
99.76658630371094
66.05611419677734
-1.999999987845058e-08
45.68662643432617
55.451961517333984
60.461917877197266
1.999999987845058e-08
45.686622619628906
55.451961517333984
60.461917877197266
-1.999999987845058e-08
41.990108489990234
13.149985313415527
56.88270568847656
1.999999987845058e-08
42.88353729248047
-11.062016487121582
58.623268127441406
-1.999999987845058e-08
44.320858001708984
-29.115270614624023
62.36778259277344
1.999999987845058e-08
43.48301315307617
-54.42043685913086
64.44796752929688
-1.999999987845058e-08
42.886680603027344
-79.18373107910156
65.70166015625
1.999999987845058e-08
44.85761260986328
-94.58521270751953
67.24491119384766
-1.999999987845058e-08
47.11964797973633
-110.4975357055664
66.99775695800781
1.999999987845058e-08
46.24247741699219
-135.94064331054688
63.46614074707031
-1.999999987845058e-08
41.780181884765625
-160.0796356201172
58.87954330444336
1.999999987845058e-08
20.853965759277344
-204.14744567871094
48.49705123901367
-1.999999987845058e-08
21.674148559570312
-228.67857360839844
50.081783294677734
1.999999987845058e-08
27.26386260986328
-239.1453094482422
54.9482307434082
-1.999999987845058e-08
32.70332336425781
-234.5582275390625
59.00236129760742
1.999999987845058e-08
36.3045539855957
-232.2598876953125
60.70487594604492
-1.999999987845058e-08
39.59427261352539
-245.84426879882812
61.290428161621094
1.999999987845058e-08
44.776519775390625
-267.9111633300781
61.71176528930664
-1.999999987845058e-08
54.73180389404297
-281.4310302734375
61.38526916503906
1.999999987845058e-08
72.41585540771484
-284.4853515625
59.197303771972656
-1.999999987845058e-08
97.2605209350586
-292.005126953125
55.099761962890625
1.999999987845058e-08
72.41585540771484
-284.4853515625
59.197303771972656
-1.999999987845058e-08
97.2605209350586
-292.005126953125
55.099761962890625
1.999999987845058e-08
125.1128921508789
-311.9267272949219
50.90631103515625
-1.999999987845058e-08
153.2393035888672
-332.2176513671875
49.2923469543457
1.999999987845058e-08
179.36602783203125
-338.133056640625
50.853240966796875
-1.999999987845058e-08
196.6285400390625
-333.1272888183594
52.687110900878906
1.999999987845058e-08
198.3657989501953
-333.1618347167969
52.07636642456055
-1.999999987845058e-08
186.92063903808594
-344.89093017578125
49.99424362182617
1.999999987845058e-08
171.4188995361328
-358.7251281738281
48.74427795410156
-1.999999987845058e-08
158.5289764404297
-363.22100830078125
49.06824493408203
1.999999987845058e-08
158.5289764404297
-363.22100830078125
49.06824493408203
-1.999999987845058e-08
148.31329345703125
-359.8026428222656
50.251426696777344
1.999999987845058e-08
138.0330352783203
-358.7014465332031
50.91969680786133
-1.999999987845058e-08
127.55166625976562
-362.6944580078125
50.82162857055664
1.999999987845058e-08
118.1356430053711
-363.8511962890625
51.01538848876953
-1.999999987845058e-08
107.92009735107422
-358.0798645019531
51.21177291870117
1.999999987845058e-08
94.13372039794922
-352.17742919921875
50.595611572265625
-1.999999987845058e-08
78.79407501220703
-352.5287170410156
51.22338104248047
1.999999987845058e-08
66.48973846435547
-356.4967041015625
55.417633056640625
-1.999999987845058e-08
56.91862869262695
-358.53961181640625
60.28014373779297
1.999999987845058e-08
56.91862869262695
-358.53961181640625
60.28014373779297
-1.999999987845058e-08
45.75200653076172
-355.48797607421875
60.7236442565918
1.999999987845058e-08
31.99309730529785
-345.3545227050781
56.754058837890625
-1.999999987845058e-08
17.8168888092041
-331.5221252441406
51.47490310668945
1.999999987845058e-08
3.950363874435425
-324.03826904296875
45.37253952026367
-1.999999987845058e-08
-9.183815002441406
-325.88726806640625
38.653282165527344
1.999999987845058e-08
-20.325336456298828
-325.9454345703125
33.822513580322266
-1.999999987845058e-08
-29.544939041137695
-314.8917236328125
32.20830154418945
1.999999987845058e-08
-37.01591491699219
-298.37841796875
32.81968688964844
-1.999999987845058e-08
-41.78077697753906
-286.2109375
34.486515045166016
1.999999987845058e-08
-67.65374755859375
-255.4225311279297
26.483999252319336
-1.999999987845058e-08
-83.75962829589844
-250.00706481933594
16.741901397705078
1.999999987845058e-08
-94.97743225097656
-248.68576049804688
9.686272621154785
-1.999999987845058e-08
-101.4341049194336
-243.65650939941406
8.255844116210938
1.999999987845058e-08
-108.22750091552734
-234.13931274414062
9.875676155090332
-1.999999987845058e-08
-117.64472961425781
-227.0771942138672
9.542893409729004
1.999999987845058e-08
-129.33787536621094
-225.89816284179688
3.7874927520751953
-1.999999987845058e-08
-144.41810607910156
-225.9239501953125
-7.326667785644531
1.999999987845058e-08
-161.39056396484375
-221.55264282226562
-18.42194175720215
-1.999999987845058e-08
-172.7213897705078
-213.78135681152344
-22.03771209716797
1.999999987845058e-08
-129.33787536621094
-225.89816284179688
3.7874927520751953
-1.999999987845058e-08
-144.41810607910156
-225.9239501953125
-7.326667785644531
1.999999987845058e-08
-161.39056396484375
-221.55264282226562
-18.42194175720215
-1.999999987845058e-08
-172.7213897705078
-213.78135681152344
-22.03771209716797
1.999999987845058e-08
-174.02493286132812
-206.874755859375
-17.48804473876953
-1.999999987845058e-08
-172.2291717529297
-199.86289978027344
-12.81265926361084
1.999999987845058e-08
-176.47865295410156
-188.7294464111328
-15.193465232849121
-1.999999987845058e-08
-185.04896545410156
-175.73023986816406
-22.964895248413086
1.999999987845058e-08
-189.38673400878906
-166.8289031982422
-29.133089065551758
-1.999999987845058e-08
-187.55296325683594
-160.24343872070312
-29.660036087036133
1.999999987845058e-08
-204.7700958251953
-124.39175415039062
-31.345203399658203
-1.999999987845058e-08
-205.0907745361328
-115.72994995117188
-28.870546340942383
1.999999987845058e-08
-202.92584228515625
-100.37544250488281
-27.070587158203125
-1.999999987845058e-08
-200.67031860351562
-86.51388549804688
-29.063945770263672
1.999999987845058e-08
-200.2043914794922
-78.88280487060547
-34.73151397705078
-1.999999987845058e-08
-200.29624938964844
-75.50447082519531
-41.130943298339844
1.999999987845058e-08
-198.25218200683594
-70.80447387695312
-44.35062026977539
-1.999999987845058e-08
-195.39865112304688
-63.189205169677734
-44.39765548706055
1.999999987845058e-08
-196.8974609375
-57.587398529052734
-45.985862731933594
-1.999999987845058e-08
-203.41107177734375
-56.33765411376953
-50.43238067626953
1.999999987845058e-08
-208.73602294921875
-53.510833740234375
-52.88741683959961
-1.999999987845058e-08
-208.2922821044922
-43.257808685302734
-50.61147689819336
1.999999987845058e-08
-203.71392822265625
-27.02030372619629
-46.2831916809082
-1.999999987845058e-08
-198.20547485351562
-9.951613426208496
-42.63773727416992
1.999999987845058e-08
-193.5736846923828
3.3570005893707275
-41.214847564697266
-1.999999987845058e-08
-190.9105987548828
10.796346664428711
-43.37831115722656
1.999999987845058e-08
-189.546630859375
15.669553756713867
-47.10359573364258
-1.999999987845058e-08
-188.2853240966797
23.00710678100586
-48.97014236450195
1.999999987845058e-08
-188.08770751953125
31.247285842895508
-50.08938980102539
-1.999999987845058e-08
-188.90017700195312
35.649391174316406
-52.27464294433594
1.999999987845058e-08
-188.90017700195312
35.649391174316406
-52.27464294433594
-1.999999987845058e-08
-188.0879669189453
37.71620178222656
-53.39686965942383
1.999999987845058e-08
-185.32110595703125
42.28675079345703
-52.570472717285156
-1.999999987845058e-08
-183.07034301757812
49.28276062011719
-52.47948455810547
1.999999987845058e-08
-182.21363830566406
54.80621337890625
-54.83842468261719
-1.999999987845058e-08
-181.6148223876953
56.898582458496094
-58.938026428222656
1.999999987845058e-08
-180.46469116210938
57.258575439453125
-63.323482513427734
-1.999999987845058e-08
-178.72096252441406
59.7283935546875
-66.52593231201172
1.999999987845058e-08
-176.2656707763672
67.1279525756836
-67.46697235107422
-1.999999987845058e-08
-172.690185546875
77.48808288574219
-66.50621032714844
1.999999987845058e-08
-163.61129760742188
89.69251251220703
-67.1365966796875
-1.999999987845058e-08
-159.82569885253906
94.34283447265625
-69.35957336425781
1.999999987845058e-08
-155.18850708007812
102.47674560546875
-70.10070037841797
-1.999999987845058e-08
-147.7469482421875
111.644775390625
-68.1795883178711
1.999999987845058e-08
-138.5074462890625
118.99392700195312
-64.16548156738281
-1.999999987845058e-08
-131.3457489013672
124.46342468261719
-60.28157043457031
1.999999987845058e-08
-128.29832458496094
127.72891998291016
-58.82667922973633
-1.999999987845058e-08
-126.14037322998047
128.66920471191406
-59.21352005004883
1.999999987845058e-08
-120.42286682128906
129.96730041503906
-58.55604934692383
-1.999999987845058e-08
-112.00022888183594
133.31756591796875
-55.72069549560547
1.999999987845058e-08
-101.25659942626953
135.50270080566406
-50.07243347167969
-1.999999987845058e-08
-95.4403076171875
133.90354919433594
-48.36308670043945
1.999999987845058e-08
-86.2562026977539
135.5360870361328
-46.340946197509766
-1.999999987845058e-08
-77.51406860351562
141.0102996826172
-45.54233932495117
1.999999987845058e-08
-72.45169067382812
145.5526580810547
-48.66379928588867
-1.999999987845058e-08
-68.96977233886719
145.53504943847656
-54.74176788330078
1.999999987845058e-08
-64.3576889038086
144.61209106445312
-59.69857406616211
-1.999999987845058e-08
-59.4156608581543
148.69400024414062
-61.033512115478516
1.999999987845058e-08
-54.35380554199219
156.59829711914062
-58.654563903808594
-1.999999987845058e-08
-47.178714752197266
160.73110961914062
-54.2052001953125
1.999999987845058e-08
-32.852901458740234
151.06260681152344
-50.632286071777344
-1.999999987845058e-08
-29.818620681762695
148.2335205078125
-51.0987663269043
1.999999987845058e-08
-25.38353157043457
149.03065490722656
-49.81524658203125
-1.999999987845058e-08
-17.669471740722656
151.3653564453125
-47.75160598754883
1.999999987845058e-08
-9.6985445022583
155.67929077148438
-47.30111312866211
-1.999999987845058e-08
-3.7620091438293457
161.75271606445312
-48.306846618652344
1.999999987845058e-08
2.271784543991089
166.6083221435547
-48.18488693237305
-1.999999987845058e-08
10.69223403930664
169.37484741210938
-45.36699676513672
1.999999987845058e-08
19.63543128967285
172.368896484375
-41.098602294921875
-1.999999987845058e-08
26.359506607055664
175.7496337890625
-37.619163513183594
1.999999987845058e-08
19.63543128967285
172.368896484375
-41.098602294921875
-1.999999987845058e-08
26.359506607055664
175.7496337890625
-37.619163513183594
1.999999987845058e-08
31.856525421142578
177.03900146484375
-35.39146423339844
-1.999999987845058e-08
38.74554443359375
176.03927612304688
-32.6482048034668
1.999999987845058e-08
46.790592193603516
174.92703247070312
-28.4808406829834
-1.999999987845058e-08
54.126487731933594
174.9062957763672
-24.579315185546875
1.999999987845058e-08
60.84511947631836
176.10372924804688
-22.351776123046875
-1.999999987845058e-08
66.95528411865234
177.27833557128906
-22.293170928955078
1.999999987845058e-08
69.15869903564453
174.9443817138672
-26.099515914916992
-1.999999987845058e-08
64.58348846435547
167.005126953125
-34.42015838623047
1.999999987845058e-08
49.086692810058594
144.39111328125
-52.13155746459961
-1.999999987845058e-08
48.703369140625
136.0030059814453
-54.75311279296875
1.999999987845058e-08
53.73711395263672
132.3251495361328
-52.536495208740234
-1.999999987845058e-08
59.34263610839844
133.15757751464844
-49.63529586791992
1.999999987845058e-08
62.65303039550781
135.7268829345703
-49.742557525634766
-1.999999987845058e-08
66.72430419921875
137.9495849609375
-49.717838287353516
1.999999987845058e-08
76.05824279785156
141.45497131347656
-42.76736068725586
-1.999999987845058e-08
89.7351303100586
148.7891845703125
-29.15414810180664
1.999999987845058e-08
102.99430847167969
158.5876922607422
-16.613121032714844
-1.999999987845058e-08
113.66094207763672
166.71788024902344
-9.342596054077148
1.999999987845058e-08
113.66094207763672
166.71788024902344
-9.342596054077148
-1.999999987845058e-08
122.54563903808594
170.53271484375
-4.562712669372559
1.999999987845058e-08
129.28512573242188
169.19566345214844
-0.40175607800483704
-1.999999987845058e-08
131.87867736816406
163.01162719726562
0.6687047481536865
1.999999987845058e-08
130.38357543945312
154.91578674316406
-1.9314032793045044
-1.999999987845058e-08
128.20556640625
148.43902587890625
-4.2492876052856445
1.999999987845058e-08
128.30320739746094
143.29615783691406
-3.3612828254699707
-1.999999987845058e-08
129.89013671875
136.96566772460938
-0.1144462376832962
1.999999987845058e-08
130.77725219726562
129.62628173828125
3.667715072631836
-1.999999987845058e-08
131.6230010986328
124.08131408691406
7.205343246459961
1.999999987845058e-08
148.21975708007812
118.9717025756836
18.661466598510742
-1.999999987845058e-08
151.2559814453125
116.19346618652344
19.55677032470703
1.999999987845058e-08
153.03594970703125
114.44539642333984
19.804405212402344
-1.999999987845058e-08
156.2855682373047
115.34809112548828
23.54098892211914
1.999999987845058e-08
159.2841033935547
116.46446228027344
29.943971633911133
-1.999999987845058e-08
158.61962890625
113.2255630493164
32.898719787597656
1.999999987845058e-08
155.2477264404297
105.261962890625
29.88732147216797
-1.999999987845058e-08
153.46304321289062
97.39285278320312
26.288082122802734
1.999999987845058e-08
154.73941040039062
93.08716583251953
27.878999710083008
-1.999999987845058e-08
156.23468017578125
90.3119888305664
33.06202697753906
1.999999987845058e-08
155.2477264404297
105.261962890625
29.88732147216797
-1.999999987845058e-08
153.46304321289062
97.39285278320312
26.288082122802734
1.999999987845058e-08
154.73941040039062
93.08716583251953
27.878999710083008
-1.999999987845058e-08
156.23468017578125
90.3119888305664
33.06202697753906
1.999999987845058e-08
155.51866149902344
85.81287384033203
36.58816146850586
-1.999999987845058e-08
153.29461669921875
79.7872543334961
36.80935287475586
1.999999987845058e-08
151.38534545898438
74.43681335449219
35.59221649169922
-1.999999987845058e-08
150.75076293945312
71.19429779052734
34.608978271484375
1.999999987845058e-08
150.5977020263672
69.64411163330078
33.78150177001953
-1.999999987845058e-08
149.14581298828125
67.5502700805664
33.05865478515625
1.999999987845058e-08
150.5977020263672
69.64411163330078
33.78150177001953
-1.999999987845058e-08
149.14581298828125
67.5502700805664
33.05865478515625
1.999999987845058e-08
146.23593139648438
62.930931091308594
34.11422348022461
-1.999999987845058e-08
143.76876831054688
56.36045455932617
37.75759506225586
1.999999987845058e-08
143.52749633789062
50.265037536621094
41.9023551940918
-1.999999987845058e-08
145.95545959472656
46.729095458984375
44.9270133972168
1.999999987845058e-08
150.23178100585938
46.33235549926758
47.8852653503418
-1.999999987845058e-08
154.13412475585938
47.08423614501953
51.19683837890625
1.999999987845058e-08
155.1624755859375
45.128273010253906
53.13819122314453
-1.999999987845058e-08
152.97332763671875
39.51371765136719
53.03519058227539
1.999999987845058e-08
143.70639038085938
29.522327423095703
53.007598876953125
-1.999999987845058e-08
141.46429443359375
23.39628791809082
52.95591354370117
1.999999987845058e-08
138.02947998046875
13.600512504577637
51.75887680053711
-1.999999987845058e-08
132.61932373046875
2.6629767417907715
50.079986572265625
1.999999987845058e-08
126.48194885253906
-7.689381122589111
48.881004333496094
-1.999999987845058e-08
122.11181640625
-15.406490325927734
48.93525695800781
1.999999987845058e-08
120.14705657958984
-18.572906494140625
50.39207458496094
-1.999999987845058e-08
119.17261505126953
-18.176116943359375
53.40329360961914
1.999999987845058e-08
119.13492584228516
-16.519493103027344
59.03300094604492
-1.999999987845058e-08
122.01337432861328
-13.827993392944336
67.62081146240234
1.999999987845058e-08
127.47081756591797
-10.420074462890625
76.0358657836914
-1.999999987845058e-08
131.29454040527344
-9.284351348876953
79.6092758178711
1.999999987845058e-08
130.07440185546875
-12.665279388427734
77.3563232421875
-1.999999987845058e-08
124.10453796386719
-19.395652770996094
71.87576293945312
1.999999987845058e-08
116.2997817993164
-26.607860565185547
66.06285095214844
-1.999999987845058e-08
111.2116928100586
-31.084613800048828
63.58302688598633
1.999999987845058e-08
112.0916519165039
-30.607357025146484
67.73625946044922
-1.999999987845058e-08
116.45602416992188
-27.023775100708008
75.66230010986328
1.999999987845058e-08
117.80597686767578
-25.47367286682129
78.61337280273438
-1.999999987845058e-08
113.47040557861328
-27.722793579101562
72.45399475097656
1.999999987845058e-08
103.1193618774414
-30.586284637451172
59.09706497192383
-1.999999987845058e-08
100.04197692871094
-31.982702255249023
58.4019889831543
1.999999987845058e-08
97.08722686767578
-35.29804611206055
57.78215789794922
-1.999999987845058e-08
95.80928039550781
-37.762577056884766
56.91564178466797
1.999999987845058e-08
97.89541625976562
-37.08731460571289
57.58967208862305
-1.999999987845058e-08
103.28663635253906
-33.27616500854492
61.1212158203125
1.999999987845058e-08
109.58798217773438
-28.380680084228516
66.443359375
-1.999999987845058e-08
112.71879577636719
-26.218971252441406
70.16891479492188
1.999999987845058e-08
110.74847412109375
-29.66217613220215
70.26380157470703
-1.999999987845058e-08
106.09313201904297
-37.82893753051758
68.25360870361328
1.999999987845058e-08
101.71363067626953
-47.37477493286133
66.35535430908203
-1.999999987845058e-08
97.80387878417969
-55.23661804199219
64.47697448730469
1.999999987845058e-08
93.8987045288086
-59.05066680908203
61.9393424987793
-1.999999987845058e-08
90.30540466308594
-58.580963134765625
59.599571228027344
1.999999987845058e-08
86.17609405517578
-57.822322845458984
57.693031311035156
-1.999999987845058e-08
80.55532836914062
-60.44683074951172
54.6368293762207
1.999999987845058e-08
75.4298095703125
-64.33233642578125
50.10693359375
-1.999999987845058e-08
73.68946075439453
-66.01943969726562
46.40257263183594
1.999999987845058e-08
75.019287109375
-66.15473937988281
45.33937072753906
-1.999999987845058e-08
76.524658203125
-66.1323471069336
45.798824310302734
1.999999987845058e-08
76.524658203125
-66.1323471069336
45.798824310302734
-1.999999987845058e-08
76.39006042480469
-65.0711898803711
45.737525939941406
1.999999987845058e-08
75.17878723144531
-63.26673126220703
45.00687789916992
-1.999999987845058e-08
74.23095703125
-63.10859298706055
44.93882751464844
1.999999987845058e-08
73.96107482910156
-64.80049133300781
45.94417190551758
-1.999999987845058e-08
73.4750747680664
-66.11614227294922
46.30698013305664
1.999999987845058e-08
72.04075622558594
-66.21739959716797
44.607933044433594
-1.999999987845058e-08
70.80905151367188
-65.344482421875
42.95759963989258
1.999999987845058e-08
71.56953430175781
-62.90541458129883
44.89653778076172
-1.999999987845058e-08
73.55938720703125
-59.88628005981445
49.61857604980469
1.999999987845058e-08
51.6120719909668
-71.26681518554688
29.39406967163086
-1.999999987845058e-08
47.18098449707031
-74.8705825805664
28.270713806152344
1.999999987845058e-08
44.642967224121094
-77.193603515625
29.53680419921875
-1.999999987845058e-08
42.39417266845703
-78.15840148925781
29.790632247924805
1.999999987845058e-08
39.73396301269531
-77.61505889892578
28.268224716186523
-1.999999987845058e-08
37.866920471191406
-74.82464599609375
27.826581954956055
1.999999987845058e-08
36.360538482666016
-71.916748046875
28.946855545043945
-1.999999987845058e-08
33.42565155029297
-72.12164306640625
28.634382247924805
1.999999987845058e-08
29.851350784301758
-73.81254577636719
26.467214584350586
-1.999999987845058e-08
27.637556076049805
-72.77472686767578
24.95572853088379
1.999999987845058e-08
33.42565155029297
-72.12164306640625
28.634382247924805
-1.999999987845058e-08
29.851350784301758
-73.81254577636719
26.46721649169922
1.999999987845058e-08
27.637556076049805
-72.77472686767578
24.95572853088379
-1.999999987845058e-08
26.44752311706543
-68.96923828125
24.99465560913086
1.999999987845058e-08
25.082284927368164
-65.32831573486328
26.347301483154297
-1.999999987845058e-08
22.872541427612305
-63.4117431640625
28.718626022338867
1.999999987845058e-08
18.80093765258789
-63.60883712768555
30.377300262451172
-1.999999987845058e-08
13.569430351257324
-64.92079162597656
30.419635772705078
1.999999987845058e-08
9.818965911865234
-64.97455596923828
30.194326400756836
-1.999999987845058e-08
7.206464767456055
-64.26814270019531
29.25282096862793
1.999999987845058e-08
7.206464767456055
-64.26814270019531
29.25282096862793
-1.999999987845058e-08
2.6436383724212646
-66.11747741699219
25.27340316772461
1.999999987845058e-08
-3.5637407302856445
-69.90097045898438
19.589250564575195
-1.999999987845058e-08
-7.622870445251465
-70.76854705810547
16.50861167907715
1.999999987845058e-08
-8.077922821044922
-67.25190734863281
16.84657859802246
-1.999999987845058e-08
-7.453836917877197
-62.87296676635742
17.38880157470703
1.999999987845058e-08
-7.887993812561035
-60.142189025878906
16.666980743408203
-1.999999987845058e-08
-8.170243263244629
-58.62214660644531
16.8165283203125
1.999999987845058e-08
-6.865772247314453
-58.28399658203125
18.838205337524414
-1.999999987845058e-08
-5.263648509979248
-59.16527557373047
20.690650939941406
1.999999987845058e-08
-7.390064716339111
-56.6727294921875
20.83619499206543
-1.999999987845058e-08
-9.188552856445312
-59.600955963134766
18.96761131286621
1.999999987845058e-08
-10.487207412719727
-64.03018188476562
15.198224067687988
-1.999999987845058e-08
-12.94556999206543
-68.58434295654297
9.316632270812988
1.999999987845058e-08
-17.105051040649414
-72.77789306640625
3.7148454189300537
-1.999999987845058e-08
-20.418378829956055
-74.21369171142578
2.2580525875091553
1.999999987845058e-08
-21.82054328918457
-72.06792449951172
4.242269515991211
-1.999999987845058e-08
-23.008079528808594
-68.82654571533203
5.1856231689453125
1.999999987845058e-08
-24.174272537231445
-64.96541595458984
4.487117767333984
-1.999999987845058e-08
-23.358932495117188
-58.509239196777344
5.5882792472839355
1.999999987845058e-08
-20.878576278686523
-51.20967102050781
8.109820365905762
-1.999999987845058e-08
-20.158851623535156
-47.92195129394531
7.301589488983154
1.999999987845058e-08
-22.69815444946289
-49.156211853027344
2.570937156677246
-1.999999987845058e-08
-26.363277435302734
-50.83927917480469
-1.2200976610183716
1.999999987845058e-08
-29.027847290039062
-50.80860900878906
-1.2953695058822632
-1.999999987845058e-08
-30.916292190551758
-50.21312713623047
0.4204312264919281
1.999999987845058e-08
