0
11.177206039428711
8.810022222860425e-08
8.810022222860425e-08
8.810022222860425e-08
23.632022857666016
4.0944307500012656e-08
4.0944307500012656e-08
4.0944307500012656e-08
20.57210922241211
7.466515228315984e-08
7.466515228315984e-08
7.466515228315984e-08
-0.8850239515304565
3.494466938036567e-08
3.494466938036567e-08
3.494466938036567e-08
-23.760295867919922
6.90059209773608e-08
6.90059209773608e-08
6.90059209773608e-08
-27.416837692260742
2.032103907367855e-08
2.032103907367855e-08
2.032103907367855e-08
-7.189327239990234
4.1181607457474456e-08
4.1181607457474456e-08
4.1181607457474456e-08
14.956472396850586
-3.506894685756379e-08
-3.506894685756379e-08
-3.506894685756379e-08
11.964076042175293
-3.163403761163863e-08
-3.163403761163863e-08
-3.163403761163863e-08
11.177206039428711
3.932937886474974e-08
3.932937886474974e-08
3.932937886474974e-08
23.632022857666016
8.810022222860425e-08
8.810022222860425e-08
8.810022222860425e-08
20.57210922241211
4.0944307500012656e-08
4.0944307500012656e-08
4.0944307500012656e-08
-0.8850238919258118
7.466515228315984e-08
7.466515228315984e-08
7.466515228315984e-08
-23.760295867919922
3.494466938036567e-08
3.494466938036567e-08
3.494466938036567e-08
-27.416837692260742
6.90059209773608e-08
6.90059209773608e-08
6.90059209773608e-08
-7.189327239990234
2.032103907367855e-08
2.032103907367855e-08
2.032103907367855e-08
14.956472396850586
4.1181607457474456e-08
4.1181607457474456e-08
4.1181607457474456e-08
11.964076042175293
-3.506894685756379e-08
-3.506894685756379e-08
-3.506894685756379e-08
-8.283341407775879
-3.163403761163863e-08
-3.163403761163863e-08
-3.163403761163863e-08
-19.15204620361328
3.932937886474974e-08
3.932937886474974e-08
3.932937886474974e-08
-14.89167594909668
8.810022222860425e-08
8.810022222860425e-08
8.810022222860425e-08
14.819734573364258
4.0944307500012656e-08
4.0944307500012656e-08
4.0944307500012656e-08
36.14551544189453
7.466515228315984e-08
7.466515228315984e-08
7.466515228315984e-08
31.697071075439453
3.494466938036567e-08
3.494466938036567e-08
3.494466938036567e-08
8.3253173828125
6.90059209773608e-08
6.90059209773608e-08
6.90059209773608e-08
-13.627846717834473
2.032103907367855e-08
2.032103907367855e-08
2.032103907367855e-08
-10.45677661895752
4.1181607457474456e-08
4.1181607457474456e-08
4.1181607457474456e-08
19.098983764648438
-3.506894685756379e-08
-3.506894685756379e-08
-3.506894685756379e-08
41.46183395385742
-3.163403761163863e-08
-3.163403761163863e-08
-3.163403761163863e-08
-13.627846717834473
3.932937886474974e-08
3.932937886474974e-08
3.932937886474974e-08
-10.45677661895752
8.810022222860425e-08
8.810022222860425e-08
8.810022222860425e-08
19.098983764648438
4.0944307500012656e-08
4.0944307500012656e-08
4.0944307500012656e-08
41.46183395385742
7.466515228315984e-08
7.466515228315984e-08
7.466515228315984e-08
27.070493698120117
3.494466938036567e-08
3.494466938036567e-08
3.494466938036567e-08
-8.306507110595703
6.90059209773608e-08
6.90059209773608e-08
6.90059209773608e-08
-29.361814498901367
2.032103907367855e-08
2.032103907367855e-08
2.032103907367855e-08
-24.792613983154297
4.1181607457474456e-08
4.1181607457474456e-08
4.1181607457474456e-08
-6.441105842590332
-3.506894685756379e-08
-3.506894685756379e-08
-3.506894685756379e-08
9.901528358459473
-3.163403761163863e-08
-3.163403761163863e-08
-3.163403761163863e-08
-29.361814498901367
3.932937886474974e-08
3.932937886474974e-08
3.932937886474974e-08
-24.792613983154297
8.810022222860425e-08
8.810022222860425e-08
8.810022222860425e-08
-6.441105842590332
4.0944307500012656e-08
4.0944307500012656e-08
4.0944307500012656e-08
9.901528358459473
7.466515228315984e-08
7.466515228315984e-08
7.466515228315984e-08
16.090347290039062
3.494466938036567e-08
3.494466938036567e-08
3.494466938036567e-08
7.0608367919921875
6.90059209773608e-08
6.90059209773608e-08
6.90059209773608e-08
-15.549956321716309
2.032103907367855e-08
2.032103907367855e-08
2.032103907367855e-08
-28.101003646850586
4.1181607457474456e-08
4.1181607457474456e-08
4.1181607457474456e-08
-13.784476280212402
-3.506894685756379e-08
-3.506894685756379e-08
-3.506894685756379e-08
7.9984564781188965
-3.163403761163863e-08
-3.163403761163863e-08
-3.163403761163863e-08
-11.878461837768555
3.932937886474974e-08
3.932937886474974e-08
3.932937886474974e-08
-4.06725549697876
8.810022222860425e-08
8.810022222860425e-08
8.810022222860425e-08
14.770746231079102
4.0944307500012656e-08
4.0944307500012656e-08
4.0944307500012656e-08
24.538814544677734
7.466515228315984e-08
7.466515228315984e-08
7.466515228315984e-08
10.585127830505371
3.494466938036567e-08
3.494466938036567e-08
3.494466938036567e-08
-9.313150405883789
6.90059209773608e-08
6.90059209773608e-08
6.90059209773608e-08
-12.340773582458496
2.032103907367855e-08
2.032103907367855e-08
2.032103907367855e-08
-2.564520835876465
4.1181607457474456e-08
4.1181607457474456e-08
4.1181607457474456e-08
8.51611614227295
-3.506894685756379e-08
-3.506894685756379e-08
-3.506894685756379e-08
12.032657623291016
-3.163403761163863e-08
-3.163403761163863e-08
-3.163403761163863e-08
-2.564520835876465
3.932937886474974e-08
3.932937886474974e-08
3.932937886474974e-08
8.51611614227295
8.810022222860425e-08
8.810022222860425e-08
8.810022222860425e-08
12.032657623291016
4.0944307500012656e-08
4.0944307500012656e-08
4.0944307500012656e-08
-2.391371726989746
7.466515228315984e-08
7.466515228315984e-08
7.466515228315984e-08
-27.744400024414062
3.494466938036567e-08
3.494466938036567e-08
3.494466938036567e-08
-40.860572814941406
6.90059209773608e-08
6.90059209773608e-08
6.90059209773608e-08
-32.62190246582031
2.032103907367855e-08
2.032103907367855e-08
2.032103907367855e-08
-16.87445831298828
4.1181607457474456e-08
4.1181607457474456e-08
4.1181607457474456e-08
-12.538108825683594
-3.506894685756379e-08
-3.506894685756379e-08
-3.506894685756379e-08
-23.68169593811035
-3.163403761163863e-08
-3.163403761163863e-08
-3.163403761163863e-08
5.420355319976807
3.932937886474974e-08
3.932937886474974e-08
3.932937886474974e-08
-5.699496269226074
8.810022222860425e-08
8.810022222860425e-08
8.810022222860425e-08
-9.264510154724121
4.0944307500012656e-08
4.0944307500012656e-08
4.0944307500012656e-08
3.923299789428711
7.466515228315984e-08
7.466515228315984e-08
7.466515228315984e-08
25.570085525512695
3.494466938036567e-08
3.494466938036567e-08
3.494466938036567e-08
36.594364166259766
6.90059209773608e-08
6.90059209773608e-08
6.90059209773608e-08
24.91728973388672
2.032103907367855e-08
2.032103907367855e-08
2.032103907367855e-08
5.852169990539551
4.1181607457474456e-08
4.1181607457474456e-08
4.1181607457474456e-08
3.2118098735809326
-3.506894685756379e-08
-3.506894685756379e-08
-3.506894685756379e-08
17.824792861938477
-3.163403761163863e-08
-3.163403761163863e-08
-3.163403761163863e-08
5.852169990539551
3.932937886474974e-08
3.932937886474974e-08
3.932937886474974e-08
3.2118101119995117
8.810022222860425e-08
8.810022222860425e-08
8.810022222860425e-08
17.824792861938477
4.0944307500012656e-08
4.0944307500012656e-08
4.0944307500012656e-08
32.113616943359375
7.466515228315984e-08
7.466515228315984e-08
7.466515228315984e-08
31.932174682617188
3.494466938036567e-08
3.494466938036567e-08
3.494466938036567e-08
17.86210060119629
6.90059209773608e-08
6.90059209773608e-08
6.90059209773608e-08
0.6360321640968323
2.032103907367855e-08
2.032103907367855e-08
2.032103907367855e-08
-7.836355686187744
4.1181607457474456e-08
4.1181607457474456e-08
4.1181607457474456e-08
-1.4489814043045044
-3.506894685756379e-08
-3.506894685756379e-08
-3.506894685756379e-08
11.055685997009277
-3.163403761163863e-08
-3.163403761163863e-08
-3.163403761163863e-08
17.86210060119629
3.932937886474974e-08
3.932937886474974e-08
3.932937886474974e-08
0.636032223701477
8.810022222860425e-08
8.810022222860425e-08
8.810022222860425e-08
-7.836355686187744
4.0944307500012656e-08
4.0944307500012656e-08
4.0944307500012656e-08
-1.4489814043045044
7.466515228315984e-08
7.466515228315984e-08
7.466515228315984e-08
11.055685997009277
3.494466938036567e-08
3.494466938036567e-08
3.494466938036567e-08
12.90130615234375
6.90059209773608e-08
6.90059209773608e-08
6.90059209773608e-08
-1.3110660314559937
2.032103907367855e-08
2.032103907367855e-08
2.032103907367855e-08
-16.75860595703125
4.1181607457474456e-08
4.1181607457474456e-08
4.1181607457474456e-08
-9.747300148010254
-3.506894685756379e-08
-3.506894685756379e-08
-3.506894685756379e-08
16.265941619873047
-3.163403761163863e-08
-3.163403761163863e-08
-3.163403761163863e-08
-13.280158996582031
3.932937886474974e-08
3.932937886474974e-08
3.932937886474974e-08
-5.104018211364746
8.810022222860425e-08
8.810022222860425e-08
8.810022222860425e-08
22.70136260986328
4.0944307500012656e-08
4.0944307500012656e-08
4.0944307500012656e-08
43.71266555786133
7.466515228315984e-08
7.466515228315984e-08
7.466515228315984e-08
36.14601135253906
3.494466938036567e-08
3.494466938036567e-08
3.494466938036567e-08
8.73499870300293
6.90059209773608e-08
6.90059209773608e-08
6.90059209773608e-08
-6.791085720062256
2.032103907367855e-08
2.032103907367855e-08
2.032103907367855e-08
5.8304762840271
4.1181607457474456e-08
4.1181607457474456e-08
4.1181607457474456e-08
31.034900665283203
-3.506894685756379e-08
-3.506894685756379e-08
-3.506894685756379e-08
37.947044372558594
-3.163403761163863e-08
-3.163403761163863e-08
-3.163403761163863e-08
-20.22968101501465
3.932937886474974e-08
3.932937886474974e-08
3.932937886474974e-08
-12.251458168029785
8.810022222860425e-08
8.810022222860425e-08
8.810022222860425e-08
-7.917089939117432
4.0944307500012656e-08
4.0944307500012656e-08
4.0944307500012656e-08
-5.753676891326904
7.466515228315984e-08
7.466515228315984e-08
7.466515228315984e-08
-1.4082493782043457
3.494466938036567e-08
3.494466938036567e-08
3.494466938036567e-08
8.199654579162598
6.90059209773608e-08
6.90059209773608e-08
6.90059209773608e-08
23.010225296020508
2.032103907367855e-08
2.032103907367855e-08
2.032103907367855e-08
28.5864200592041
4.1181607457474456e-08
4.1181607457474456e-08
4.1181607457474456e-08
10.151727676391602
-3.506894685756379e-08
-3.506894685756379e-08
-3.506894685756379e-08
-16.883716583251953
-3.163403761163863e-08
-3.163403761163863e-08
-3.163403761163863e-08
28.5864200592041
3.932937886474974e-08
3.932937886474974e-08
3.932937886474974e-08
10.151727676391602
8.810022222860425e-08
8.810022222860425e-08
8.810022222860425e-08
-16.883716583251953
4.0944307500012656e-08
4.0944307500012656e-08
4.0944307500012656e-08
-23.106342315673828
7.466515228315984e-08
7.466515228315984e-08
7.466515228315984e-08
-2.8595774173736572
3.494466938036567e-08
3.494466938036567e-08
3.494466938036567e-08
22.383434295654297
6.90059209773608e-08
6.90059209773608e-08
6.90059209773608e-08
22.0655574798584
2.032103907367855e-08
2.032103907367855e-08
2.032103907367855e-08
-11.47692584991455
4.1181607457474456e-08
4.1181607457474456e-08
4.1181607457474456e-08
-43.017372131347656
-3.506894685756379e-08
-3.506894685756379e-08
-3.506894685756379e-08
-37.03181076049805
-3.163403761163863e-08
-3.163403761163863e-08
-3.163403761163863e-08
-43.017372131347656
3.932937886474974e-08
3.932937886474974e-08
3.932937886474974e-08
-37.03181076049805
8.810022222860425e-08
8.810022222860425e-08
8.810022222860425e-08
-3.656489610671997
4.0944307500012656e-08
4.0944307500012656e-08
4.0944307500012656e-08
20.465526580810547
7.466515228315984e-08
7.466515228315984e-08
7.466515228315984e-08
10.992960929870605
3.494466938036567e-08
3.494466938036567e-08
3.494466938036567e-08
-20.440956115722656
6.90059209773608e-08
6.90059209773608e-08
6.90059209773608e-08
-32.45478057861328
2.032103907367855e-08
2.032103907367855e-08
2.032103907367855e-08
-8.291574478149414
4.1181607457474456e-08
4.1181607457474456e-08
4.1181607457474456e-08
18.952306747436523
-3.506894685756379e-08
-3.506894685756379e-08
-3.506894685756379e-08
19.81304168701172
-3.163403761163863e-08
-3.163403761163863e-08
-3.163403761163863e-08
-12.546794891357422
3.932937886474974e-08
3.932937886474974e-08
3.932937886474974e-08
-3.3602793216705322
8.810022222860425e-08
8.810022222860425e-08
8.810022222860425e-08
6.7593512535095215
4.0944307500012656e-08
4.0944307500012656e-08
4.0944307500012656e-08
11.028770446777344
7.466515228315984e-08
7.466515228315984e-08
7.466515228315984e-08
4.285367965698242
3.494466938036567e-08
3.494466938036567e-08
3.494466938036567e-08
-16.56938934326172
6.90059209773608e-08
6.90059209773608e-08
6.90059209773608e-08
-35.882232666015625
2.032103907367855e-08
2.032103907367855e-08
2.032103907367855e-08
-30.740198135375977
4.1181607457474456e-08
4.1181607457474456e-08
4.1181607457474456e-08
-7.112432479858398
-3.506894685756379e-08
-3.506894685756379e-08
-3.506894685756379e-08
7.124373912811279
-3.163403761163863e-08
-3.163403761163863e-08
-3.163403761163863e-08
11.731454849243164
3.932937886474974e-08
3.932937886474974e-08
3.932937886474974e-08
21.699209213256836
8.810022222860425e-08
8.810022222860425e-08
8.810022222860425e-08
18.560640335083008
4.0944307500012656e-08
4.0944307500012656e-08
4.0944307500012656e-08
8.711052894592285
7.466515228315984e-08
7.466515228315984e-08
7.466515228315984e-08
-7.396830081939697
3.494466938036567e-08
3.494466938036567e-08
3.494466938036567e-08
-19.865209579467773
6.90059209773608e-08
6.90059209773608e-08
6.90059209773608e-08
-19.804363250732422
2.032103907367855e-08
2.032103907367855e-08
2.032103907367855e-08
-7.098968505859375
4.1181607457474456e-08
4.1181607457474456e-08
4.1181607457474456e-08
10.63613510131836
-3.506894685756379e-08
-3.506894685756379e-08
-3.506894685756379e-08
12.979790687561035
-3.163403761163863e-08
-3.163403761163863e-08
-3.163403761163863e-08
-19.804363250732422
3.932937886474974e-08
3.932937886474974e-08
3.932937886474974e-08
-7.098968505859375
8.810022222860425e-08
8.810022222860425e-08
8.810022222860425e-08
10.63613510131836
4.0944307500012656e-08
4.0944307500012656e-08
4.0944307500012656e-08
12.979790687561035
7.466515228315984e-08
7.466515228315984e-08
7.466515228315984e-08
-8.642584800720215
3.494466938036567e-08
3.494466938036567e-08
3.494466938036567e-08
-27.402502059936523
6.90059209773608e-08
6.90059209773608e-08
6.90059209773608e-08
-20.5368709564209
2.032103907367855e-08
2.032103907367855e-08
2.032103907367855e-08
-3.204551935195923
4.1181607457474456e-08
4.1181607457474456e-08
4.1181607457474456e-08
6.112456321716309
-3.506894685756379e-08
-3.506894685756379e-08
-3.506894685756379e-08
8.448223114013672
-3.163403761163863e-08
-3.163403761163863e-08
-3.163403761163863e-08
6.225473403930664
3.932937886474974e-08
3.932937886474974e-08
3.932937886474974e-08
-11.737140655517578
8.810022222860425e-08
8.810022222860425e-08
8.810022222860425e-08
-26.141387939453125
4.0944307500012656e-08
4.0944307500012656e-08
4.0944307500012656e-08
-16.613283157348633
7.466515228315984e-08
7.466515228315984e-08
7.466515228315984e-08
8.42895221710205
3.494466938036567e-08
3.494466938036567e-08
3.494466938036567e-08
18.487043380737305
6.90059209773608e-08
6.90059209773608e-08
6.90059209773608e-08
5.39164924621582
2.032103907367855e-08
2.032103907367855e-08
2.032103907367855e-08
-5.792064666748047
4.1181607457474456e-08
4.1181607457474456e-08
4.1181607457474456e-08
0.5181989073753357
-3.506894685756379e-08
-3.506894685756379e-08
-3.506894685756379e-08
12.526667594909668
-3.163403761163863e-08
-3.163403761163863e-08
-3.163403761163863e-08
-5.792064666748047
3.932937886474974e-08
3.932937886474974e-08
3.932937886474974e-08
0.5181989669799805
8.810022222860425e-08
8.810022222860425e-08
8.810022222860425e-08
12.526667594909668
4.0944307500012656e-08
4.0944307500012656e-08
4.0944307500012656e-08
16.28183937072754
7.466515228315984e-08
7.466515228315984e-08
7.466515228315984e-08
8.02220344543457
3.494466938036567e-08
3.494466938036567e-08
3.494466938036567e-08
-7.748808860778809
6.90059209773608e-08
6.90059209773608e-08
6.90059209773608e-08
-20.24661636352539
2.032103907367855e-08
2.032103907367855e-08
2.032103907367855e-08
-17.48000717163086
4.1181607457474456e-08
4.1181607457474456e-08
4.1181607457474456e-08
4.045348644256592
-3.506894685756379e-08
-3.506894685756379e-08
-3.506894685756379e-08
23.788375854492188
-3.163403761163863e-08
-3.163403761163863e-08
-3.163403761163863e-08
-20.24661636352539
3.932937886474974e-08
3.932937886474974e-08
3.932937886474974e-08
-17.48000717163086
8.810022222860425e-08
8.810022222860425e-08
8.810022222860425e-08
4.045348644256592
4.0944307500012656e-08
4.0944307500012656e-08
4.0944307500012656e-08
23.788375854492188
7.466515228315984e-08
7.466515228315984e-08
7.466515228315984e-08
12.756958961486816
3.494466938036567e-08
3.494466938036567e-08
3.494466938036567e-08
-23.74712562561035
6.90059209773608e-08
6.90059209773608e-08
6.90059209773608e-08
-49.19612121582031
2.032103907367855e-08
2.032103907367855e-08
2.032103907367855e-08
-40.43768310546875
4.1181607457474456e-08
4.1181607457474456e-08
4.1181607457474456e-08
-9.01512622833252
-3.506894685756379e-08
-3.506894685756379e-08
-3.506894685756379e-08
13.074872970581055
-3.163403761163863e-08
-3.163403761163863e-08
-3.163403761163863e-08
11.919371604919434
3.932937886474974e-08
3.932937886474974e-08
3.932937886474974e-08
0.4195979833602905
8.810022222860425e-08
8.810022222860425e-08
8.810022222860425e-08
4.375269889831543
4.0944307500012656e-08
4.0944307500012656e-08
4.0944307500012656e-08
20.082231521606445
7.466515228315984e-08
7.466515228315984e-08
7.466515228315984e-08
27.9200496673584
3.494466938036567e-08
3.494466938036567e-08
3.494466938036567e-08
19.43687629699707
6.90059209773608e-08
6.90059209773608e-08
6.90059209773608e-08
1.2986170053482056
2.032103907367855e-08
2.032103907367855e-08
2.032103907367855e-08
-16.36591148376465
4.1181607457474456e-08
4.1181607457474456e-08
4.1181607457474456e-08
-22.973472595214844
-3.506894685756379e-08
-3.506894685756379e-08
-3.506894685756379e-08
-10.994399070739746
-3.163403761163863e-08
-3.163403761163863e-08
-3.163403761163863e-08
1.2986170053482056
3.932937886474974e-08
3.932937886474974e-08
3.932937886474974e-08
-16.36591148376465
8.810022222860425e-08
8.810022222860425e-08
8.810022222860425e-08
-22.973472595214844
4.0944307500012656e-08
4.0944307500012656e-08
4.0944307500012656e-08
-10.994399070739746
7.466515228315984e-08
7.466515228315984e-08
7.466515228315984e-08
12.364585876464844
3.494466938036567e-08
3.494466938036567e-08
3.494466938036567e-08
23.117509841918945
6.90059209773608e-08
6.90059209773608e-08
6.90059209773608e-08
8.255444526672363
2.032103907367855e-08
2.032103907367855e-08
2.032103907367855e-08
-12.879288673400879
4.1181607457474456e-08
4.1181607457474456e-08
4.1181607457474456e-08
-16.803796768188477
-3.506894685756379e-08
-3.506894685756379e-08
-3.506894685756379e-08
-3.7212350368499756
-3.163403761163863e-08
-3.163403761163863e-08
-3.163403761163863e-08
-1.5740842819213867
3.932937886474974e-08
3.932937886474974e-08
3.932937886474974e-08
-7.59622859954834
8.810022222860425e-08
8.810022222860425e-08
8.810022222860425e-08
3.4655489921569824
4.0944307500012656e-08
4.0944307500012656e-08
4.0944307500012656e-08
17.02753448486328
7.466515228315984e-08
7.466515228315984e-08
7.466515228315984e-08
18.686138153076172
3.494466938036567e-08
3.494466938036567e-08
3.494466938036567e-08
7.718182563781738
6.90059209773608e-08
6.90059209773608e-08
6.90059209773608e-08
-7.016587734222412
2.032103907367855e-08
2.032103907367855e-08
2.032103907367855e-08
-15.76215648651123
4.1181607457474456e-08
4.1181607457474456e-08
4.1181607457474456e-08
-11.730155944824219
-3.506894685756379e-08
-3.506894685756379e-08
-3.506894685756379e-08
8.21120548248291
-3.163403761163863e-08
-3.163403761163863e-08
-3.163403761163863e-08
-7.016587734222412
3.932937886474974e-08
3.932937886474974e-08
3.932937886474974e-08
-15.76215648651123
8.810022222860425e-08
8.810022222860425e-08
8.810022222860425e-08
-11.730155944824219
4.0944307500012656e-08
4.0944307500012656e-08
4.0944307500012656e-08
8.21120548248291
7.466515228315984e-08
7.466515228315984e-08
7.466515228315984e-08
31.049959182739258
3.494466938036567e-08
3.494466938036567e-08
3.494466938036567e-08
30.463085174560547
6.90059209773608e-08
6.90059209773608e-08
6.90059209773608e-08
5.1588335037231445
2.032103907367855e-08
2.032103907367855e-08
2.032103907367855e-08
-13.784431457519531
4.1181607457474456e-08
4.1181607457474456e-08
4.1181607457474456e-08
-7.267258167266846
-3.506894685756379e-08
-3.506894685756379e-08
-3.506894685756379e-08
13.424806594848633
-3.163403761163863e-08
-3.163403761163863e-08
-3.163403761163863e-08
-23.383516311645508
3.932937886474974e-08
3.932937886474974e-08
3.932937886474974e-08
-14.133171081542969
8.810022222860425e-08
8.810022222860425e-08
8.810022222860425e-08
8.545852661132812
4.0944307500012656e-08
4.0944307500012656e-08
4.0944307500012656e-08
20.22237205505371
7.466515228315984e-08
7.466515228315984e-08
7.466515228315984e-08
5.734858512878418
3.494466938036567e-08
3.494466938036567e-08
3.494466938036567e-08
-18.60603904724121
6.90059209773608e-08
6.90059209773608e-08
6.90059209773608e-08
-20.417251586914062
2.032103907367855e-08
2.032103907367855e-08
2.032103907367855e-08
3.065404176712036
4.1181607457474456e-08
4.1181607457474456e-08
4.1181607457474456e-08
23.64215087890625
-3.506894685756379e-08
-3.506894685756379e-08
-3.506894685756379e-08
22.700729370117188
-3.163403761163863e-08
-3.163403761163863e-08
-3.163403761163863e-08
-18.60603904724121
3.932937886474974e-08
3.932937886474974e-08
3.932937886474974e-08
-20.417251586914062
8.810022222860425e-08
8.810022222860425e-08
8.810022222860425e-08
3.065404176712036
4.0944307500012656e-08
4.0944307500012656e-08
4.0944307500012656e-08
23.64215087890625
7.466515228315984e-08
7.466515228315984e-08
7.466515228315984e-08
22.700729370117188
3.494466938036567e-08
3.494466938036567e-08
3.494466938036567e-08
5.351893424987793
6.90059209773608e-08
6.90059209773608e-08
6.90059209773608e-08
-11.237693786621094
2.032103907367855e-08
2.032103907367855e-08
2.032103907367855e-08
-11.435579299926758
4.1181607457474456e-08
4.1181607457474456e-08
4.1181607457474456e-08
3.3919594287872314
-3.506894685756379e-08
-3.506894685756379e-08
-3.506894685756379e-08
14.73458194732666
-3.163403761163863e-08
-3.163403761163863e-08
-3.163403761163863e-08
-20.33668327331543
3.932937886474974e-08
3.932937886474974e-08
3.932937886474974e-08
-22.129405975341797
8.810022222860425e-08
8.810022222860425e-08
8.810022222860425e-08
-18.485126495361328
4.0944307500012656e-08
4.0944307500012656e-08
4.0944307500012656e-08
-17.520341873168945
7.466515228315984e-08
7.466515228315984e-08
7.466515228315984e-08
-21.92069435119629
3.494466938036567e-08
3.494466938036567e-08
3.494466938036567e-08
-25.97258186340332
6.90059209773608e-08
6.90059209773608e-08
6.90059209773608e-08
-21.510717391967773
2.032103907367855e-08
2.032103907367855e-08
2.032103907367855e-08
-2.9518957138061523
4.1181607457474456e-08
4.1181607457474456e-08
4.1181607457474456e-08
21.441085815429688
-3.506894685756379e-08
-3.506894685756379e-08
-3.506894685756379e-08
28.347393035888672
-3.163403761163863e-08
-3.163403761163863e-08
-3.163403761163863e-08
-3.9942636489868164
3.932937886474974e-08
3.932937886474974e-08
3.932937886474974e-08
3.783193349838257
8.810022222860425e-08
8.810022222860425e-08
8.810022222860425e-08
23.336416244506836
4.0944307500012656e-08
4.0944307500012656e-08
4.0944307500012656e-08
26.446651458740234
7.466515228315984e-08
7.466515228315984e-08
7.466515228315984e-08
5.4875874519348145
3.494466938036567e-08
3.494466938036567e-08
3.494466938036567e-08
-12.633134841918945
6.90059209773608e-08
6.90059209773608e-08
6.90059209773608e-08
-3.101264238357544
2.032103907367855e-08
2.032103907367855e-08
2.032103907367855e-08
22.403432846069336
4.1181607457474456e-08
4.1181607457474456e-08
4.1181607457474456e-08
31.690439224243164
-3.506894685756379e-08
-3.506894685756379e-08
-3.506894685756379e-08
11.697492599487305
-3.163403761163863e-08
-3.163403761163863e-08
-3.163403761163863e-08
-15.225325584411621
3.932937886474974e-08
3.932937886474974e-08
3.932937886474974e-08
-20.0640926361084
8.810022222860425e-08
8.810022222860425e-08
8.810022222860425e-08
-1.9786142110824585
4.0944307500012656e-08
4.0944307500012656e-08
4.0944307500012656e-08
18.19127655029297
7.466515228315984e-08
7.466515228315984e-08
7.466515228315984e-08
26.993669509887695
3.494466938036567e-08
3.494466938036567e-08
3.494466938036567e-08
24.656217575073242
6.90059209773608e-08
6.90059209773608e-08
6.90059209773608e-08
13.087024688720703
2.032103907367855e-08
2.032103907367855e-08
2.032103907367855e-08
-1.5437456369400024
4.1181607457474456e-08
4.1181607457474456e-08
4.1181607457474456e-08
-4.747788906097412
-3.506894685756379e-08
-3.506894685756379e-08
-3.506894685756379e-08
9.14907169342041
-3.163403761163863e-08
-3.163403761163863e-08
-3.163403761163863e-08
15.049355506896973
3.932937886474974e-08
3.932937886474974e-08
3.932937886474974e-08
0.29900193214416504
8.810022222860425e-08
8.810022222860425e-08
8.810022222860425e-08
-4.8885016441345215
4.0944307500012656e-08
4.0944307500012656e-08
4.0944307500012656e-08
-2.571305990219116
7.466515228315984e-08
7.466515228315984e-08
7.466515228315984e-08
-2.3138952255249023
3.494466938036567e-08
3.494466938036567e-08
3.494466938036567e-08
-6.78067684173584
6.90059209773608e-08
6.90059209773608e-08
6.90059209773608e-08
-9.985305786132812
2.032103907367855e-08
2.032103907367855e-08
2.032103907367855e-08
-10.322371482849121
4.1181607457474456e-08
4.1181607457474456e-08
4.1181607457474456e-08
-11.964177131652832
-3.506894685756379e-08
-3.506894685756379e-08
-3.506894685756379e-08
-10.510498046875
-3.163403761163863e-08
-3.163403761163863e-08
-3.163403761163863e-08
-6.78067684173584
3.932937886474974e-08
3.932937886474974e-08
3.932937886474974e-08
-9.985304832458496
8.810022222860425e-08
8.810022222860425e-08
8.810022222860425e-08
-10.322371482849121
4.0944307500012656e-08
4.0944307500012656e-08
4.0944307500012656e-08
-11.964177131652832
7.466515228315984e-08
7.466515228315984e-08
7.466515228315984e-08
-10.510498046875
3.494466938036567e-08
3.494466938036567e-08
3.494466938036567e-08
4.282567501068115
6.90059209773608e-08
6.90059209773608e-08
6.90059209773608e-08
23.502098083496094
2.032103907367855e-08
2.032103907367855e-08
2.032103907367855e-08
22.978931427001953
4.1181607457474456e-08
4.1181607457474456e-08
4.1181607457474456e-08
1.5843232870101929
-3.506894685756379e-08
-3.506894685756379e-08
-3.506894685756379e-08
-15.145328521728516
-3.163403761163863e-08
-3.163403761163863e-08
-3.163403761163863e-08
18.91863441467285
3.932937886474974e-08
3.932937886474974e-08
3.932937886474974e-08
45.02870178222656
8.810022222860425e-08
8.810022222860425e-08
8.810022222860425e-08
39.28337860107422
4.0944307500012656e-08
4.0944307500012656e-08
4.0944307500012656e-08
2.2499122619628906
7.466515228315984e-08
7.466515228315984e-08
7.466515228315984e-08
-26.238927841186523
3.494466938036567e-08
3.494466938036567e-08
3.494466938036567e-08
-17.488140106201172
6.90059209773608e-08
6.90059209773608e-08
6.90059209773608e-08
11.930193901062012
2.032103907367855e-08
2.032103907367855e-08
2.032103907367855e-08
27.298376083374023
4.1181607457474456e-08
4.1181607457474456e-08
4.1181607457474456e-08
15.9491605758667
-3.506894685756379e-08
-3.506894685756379e-08
-3.506894685756379e-08
-11.187429428100586
-3.163403761163863e-08
-3.163403761163863e-08
-3.163403761163863e-08
7.784465312957764
3.932937886474974e-08
3.932937886474974e-08
3.932937886474974e-08
32.477516174316406
8.810022222860425e-08
8.810022222860425e-08
8.810022222860425e-08
18.37309455871582
4.0944307500012656e-08
4.0944307500012656e-08
4.0944307500012656e-08
-17.755447387695312
7.466515228315984e-08
7.466515228315984e-08
7.466515228315984e-08
-38.815948486328125
3.494466938036567e-08
3.494466938036567e-08
3.494466938036567e-08
-29.365222930908203
6.90059209773608e-08
6.90059209773608e-08
6.90059209773608e-08
-3.7868812084198
2.032103907367855e-08
2.032103907367855e-08
2.032103907367855e-08
12.947732925415039
4.1181607457474456e-08
4.1181607457474456e-08
4.1181607457474456e-08
7.690474033355713
-3.506894685756379e-08
-3.506894685756379e-08
-3.506894685756379e-08
-12.218783378601074
-3.163403761163863e-08
-3.163403761163863e-08
-3.163403761163863e-08
-24.212081909179688
3.932937886474974e-08
3.932937886474974e-08
3.932937886474974e-08
-5.2493815422058105
8.810022222860425e-08
8.810022222860425e-08
8.810022222860425e-08
10.405243873596191
4.0944307500012656e-08
4.0944307500012656e-08
4.0944307500012656e-08
8.422987937927246
7.466515228315984e-08
7.466515228315984e-08
7.466515228315984e-08
-4.300477027893066
3.494466938036567e-08
3.494466938036567e-08
3.494466938036567e-08
-11.471545219421387
6.90059209773608e-08
6.90059209773608e-08
6.90059209773608e-08
-8.443029403686523
2.032103907367855e-08
2.032103907367855e-08
2.032103907367855e-08
-1.5407637357711792
4.1181607457474456e-08
4.1181607457474456e-08
4.1181607457474456e-08
4.202358722686768
-3.506894685756379e-08
-3.506894685756379e-08
-3.506894685756379e-08
5.037386894226074
-3.163403761163863e-08
-3.163403761163863e-08
-3.163403761163863e-08
-23.922943115234375
3.932937886474974e-08
3.932937886474974e-08
3.932937886474974e-08
-15.646191596984863
8.810022222860425e-08
8.810022222860425e-08
8.810022222860425e-08
4.020047664642334
4.0944307500012656e-08
4.0944307500012656e-08
4.0944307500012656e-08
14.241151809692383
7.466515228315984e-08
7.466515228315984e-08
7.466515228315984e-08
0.4919408857822418
3.494466938036567e-08
3.494466938036567e-08
3.494466938036567e-08
-25.6168212890625
6.90059209773608e-08
6.90059209773608e-08
6.90059209773608e-08
-34.948272705078125
2.032103907367855e-08
2.032103907367855e-08
2.032103907367855e-08
-10.540079116821289
4.1181607457474456e-08
4.1181607457474456e-08
4.1181607457474456e-08
25.63041877746582
-3.506894685756379e-08
-3.506894685756379e-08
-3.506894685756379e-08
32.67790603637695
-3.163403761163863e-08
-3.163403761163863e-08
-3.163403761163863e-08
-10.540079116821289
3.932937886474974e-08
3.932937886474974e-08
3.932937886474974e-08
25.63041877746582
8.810022222860425e-08
8.810022222860425e-08
8.810022222860425e-08
32.67790603637695
4.0944307500012656e-08
4.0944307500012656e-08
4.0944307500012656e-08
5.486751079559326
7.466515228315984e-08
7.466515228315984e-08
7.466515228315984e-08
-17.548870086669922
3.494466938036567e-08
3.494466938036567e-08
3.494466938036567e-08
-10.062335014343262
6.90059209773608e-08
6.90059209773608e-08
6.90059209773608e-08
10.183889389038086
2.032103907367855e-08
2.032103907367855e-08
2.032103907367855e-08
17.081768035888672
4.1181607457474456e-08
4.1181607457474456e-08
4.1181607457474456e-08
8.820206642150879
-3.506894685756379e-08
-3.506894685756379e-08
-3.506894685756379e-08
-5.180013656616211
-3.163403761163863e-08
-3.163403761163863e-08
-3.163403761163863e-08
-5.824389457702637
3.932937886474974e-08
3.932937886474974e-08
3.932937886474974e-08
9.494081497192383
8.810022222860425e-08
8.810022222860425e-08
8.810022222860425e-08
14.222922325134277
4.0944307500012656e-08
4.0944307500012656e-08
4.0944307500012656e-08
-1.4983859062194824
7.466515228315984e-08
7.466515228315984e-08
7.466515228315984e-08
-23.752216339111328
3.494466938036567e-08
3.494466938036567e-08
3.494466938036567e-08
-25.337675094604492
6.90059209773608e-08
6.90059209773608e-08
6.90059209773608e-08
-1.4468255043029785
2.032103907367855e-08
2.032103907367855e-08
2.032103907367855e-08
19.472095489501953
4.1181607457474456e-08
4.1181607457474456e-08
4.1181607457474456e-08
9.46573543548584
-3.506894685756379e-08
-3.506894685756379e-08
-3.506894685756379e-08
-20.643407821655273
-3.163403761163863e-08
-3.163403761163863e-08
-3.163403761163863e-08
-25.337675094604492
3.932937886474974e-08
3.932937886474974e-08
3.932937886474974e-08
-1.4468255043029785
8.810022222860425e-08
8.810022222860425e-08
8.810022222860425e-08
19.472095489501953
4.0944307500012656e-08
4.0944307500012656e-08
4.0944307500012656e-08
9.46573543548584
7.466515228315984e-08
7.466515228315984e-08
7.466515228315984e-08
-20.643407821655273
3.494466938036567e-08
3.494466938036567e-08
3.494466938036567e-08
-31.42292594909668
6.90059209773608e-08
6.90059209773608e-08
6.90059209773608e-08
-3.3941268920898438
2.032103907367855e-08
2.032103907367855e-08
2.032103907367855e-08
35.848751068115234
4.1181607457474456e-08
4.1181607457474456e-08
4.1181607457474456e-08
40.94145584106445
-3.506894685756379e-08
-3.506894685756379e-08
-3.506894685756379e-08
7.6034393310546875
-3.163403761163863e-08
-3.163403761163863e-08
-3.163403761163863e-08
7.710206508636475
3.932937886474974e-08
3.932937886474974e-08
3.932937886474974e-08
-6.385330677032471
8.810022222860425e-08
8.810022222860425e-08
8.810022222860425e-08
-16.190942764282227
4.0944307500012656e-08
4.0944307500012656e-08
4.0944307500012656e-08
-3.5198287963867188
7.466515228315984e-08
7.466515228315984e-08
7.466515228315984e-08
19.969017028808594
3.494466938036567e-08
3.494466938036567e-08
3.494466938036567e-08
28.138912200927734
6.90059209773608e-08
6.90059209773608e-08
6.90059209773608e-08
12.28102970123291
2.032103907367855e-08
2.032103907367855e-08
2.032103907367855e-08
-12.932601928710938
4.1181607457474456e-08
4.1181607457474456e-08
4.1181607457474456e-08
-21.955345153808594
-3.506894685756379e-08
-3.506894685756379e-08
-3.506894685756379e-08
-1.13279128074646
-3.163403761163863e-08
-3.163403761163863e-08
-3.163403761163863e-08
12.28102970123291
3.932937886474974e-08
3.932937886474974e-08
3.932937886474974e-08
-12.932601928710938
8.810022222860425e-08
8.810022222860425e-08
8.810022222860425e-08
-21.955345153808594
4.0944307500012656e-08
4.0944307500012656e-08
4.0944307500012656e-08
-1.13279128074646
7.466515228315984e-08
7.466515228315984e-08
7.466515228315984e-08
28.322498321533203
3.494466938036567e-08
3.494466938036567e-08
3.494466938036567e-08
27.060375213623047
6.90059209773608e-08
6.90059209773608e-08
6.90059209773608e-08
-7.479104995727539
2.032103907367855e-08
2.032103907367855e-08
2.032103907367855e-08
-33.25904083251953
4.1181607457474456e-08
4.1181607457474456e-08
4.1181607457474456e-08
-22.065841674804688
-3.506894685756379e-08
-3.506894685756379e-08
-3.506894685756379e-08
9.951118469238281
-3.163403761163863e-08
-3.163403761163863e-08
-3.163403761163863e-08
2.746558427810669
3.932937886474974e-08
3.932937886474974e-08
3.932937886474974e-08
-17.635770797729492
8.810022222860425e-08
8.810022222860425e-08
8.810022222860425e-08
-16.514612197875977
4.0944307500012656e-08
4.0944307500012656e-08
4.0944307500012656e-08
6.730770111083984
7.466515228315984e-08
7.466515228315984e-08
7.466515228315984e-08
30.23590660095215
3.494466938036567e-08
3.494466938036567e-08
3.494466938036567e-08
29.255613327026367
6.90059209773608e-08
6.90059209773608e-08
6.90059209773608e-08
3.2508902549743652
2.032103907367855e-08
2.032103907367855e-08
2.032103907367855e-08
-21.45762062072754
4.1181607457474456e-08
4.1181607457474456e-08
4.1181607457474456e-08
-21.096542358398438
-3.506894685756379e-08
-3.506894685756379e-08
-3.506894685756379e-08
-0.01692500337958336
-3.163403761163863e-08
-3.163403761163863e-08
-3.163403761163863e-08
0.24544893205165863
3.932937886474974e-08
3.932937886474974e-08
3.932937886474974e-08
-27.133024215698242
8.810022222860425e-08
8.810022222860425e-08
8.810022222860425e-08
-32.20915222167969
4.0944307500012656e-08
4.0944307500012656e-08
4.0944307500012656e-08
-9.020095825195312
7.466515228315984e-08
7.466515228315984e-08
7.466515228315984e-08
13.950152397155762
3.494466938036567e-08
3.494466938036567e-08
3.494466938036567e-08
13.851422309875488
6.90059209773608e-08
6.90059209773608e-08
6.90059209773608e-08
-1.785946011543274
2.032103907367855e-08
2.032103907367855e-08
2.032103907367855e-08
-15.493640899658203
4.1181607457474456e-08
4.1181607457474456e-08
4.1181607457474456e-08
-15.392080307006836
-3.506894685756379e-08
-3.506894685756379e-08
-3.506894685756379e-08
-1.3854968547821045
-3.163403761163863e-08
-3.163403761163863e-08
-3.163403761163863e-08
13.851422309875488
3.932937886474974e-08
3.932937886474974e-08
3.932937886474974e-08
-1.7859458923339844
8.810022222860425e-08
8.810022222860425e-08
8.810022222860425e-08
-15.493640899658203
4.0944307500012656e-08
4.0944307500012656e-08
4.0944307500012656e-08
-15.392080307006836
7.466515228315984e-08
7.466515228315984e-08
7.466515228315984e-08
-1.385496973991394
3.494466938036567e-08
3.494466938036567e-08
3.494466938036567e-08
8.037551879882812
6.90059209773608e-08
6.90059209773608e-08
6.90059209773608e-08
-2.8681321144104004
2.032103907367855e-08
2.032103907367855e-08
2.032103907367855e-08
-22.430789947509766
4.1181607457474456e-08
4.1181607457474456e-08
4.1181607457474456e-08
-26.57785987854004
-3.506894685756379e-08
-3.506894685756379e-08
-3.506894685756379e-08
-7.648715496063232
-3.163403761163863e-08
-3.163403761163863e-08
-3.163403761163863e-08
-43.469120025634766
3.932937886474974e-08
3.932937886474974e-08
3.932937886474974e-08
-38.85810470581055
8.810022222860425e-08
8.810022222860425e-08
8.810022222860425e-08
-17.278091430664062
4.0944307500012656e-08
4.0944307500012656e-08
4.0944307500012656e-08
0.7667222023010254
7.466515228315984e-08
7.466515228315984e-08
7.466515228315984e-08
-3.6195383071899414
3.494466938036567e-08
3.494466938036567e-08
3.494466938036567e-08
-25.28853416442871
6.90059209773608e-08
6.90059209773608e-08
6.90059209773608e-08
-34.881919860839844
2.032103907367855e-08
2.032103907367855e-08
2.032103907367855e-08
-17.42067527770996
4.1181607457474456e-08
4.1181607457474456e-08
4.1181607457474456e-08
7.81191349029541
-3.506894685756379e-08
-3.506894685756379e-08
-3.506894685756379e-08
13.63584041595459
-3.163403761163863e-08
-3.163403761163863e-08
-3.163403761163863e-08
-18.652816772460938
3.932937886474974e-08
3.932937886474974e-08
3.932937886474974e-08
-5.645312309265137
8.810022222860425e-08
8.810022222860425e-08
8.810022222860425e-08
0.8929854035377502
4.0944307500012656e-08
4.0944307500012656e-08
4.0944307500012656e-08
1.9433706998825073
7.466515228315984e-08
7.466515228315984e-08
7.466515228315984e-08
-2.175661087036133
3.494466938036567e-08
3.494466938036567e-08
3.494466938036567e-08
-13.97957992553711
6.90059209773608e-08
6.90059209773608e-08
6.90059209773608e-08
-20.151573181152344
2.032103907367855e-08
2.032103907367855e-08
2.032103907367855e-08
-5.560948848724365
4.1181607457474456e-08
4.1181607457474456e-08
4.1181607457474456e-08
20.184314727783203
-3.506894685756379e-08
-3.506894685756379e-08
-3.506894685756379e-08
33.20944595336914
-3.163403761163863e-08
-3.163403761163863e-08
-3.163403761163863e-08
-13.97957992553711
3.932937886474974e-08
3.932937886474974e-08
3.932937886474974e-08
-20.151573181152344
8.810022222860425e-08
8.810022222860425e-08
8.810022222860425e-08
-5.560949325561523
4.0944307500012656e-08
4.0944307500012656e-08
4.0944307500012656e-08
20.184316635131836
7.466515228315984e-08
7.466515228315984e-08
7.466515228315984e-08
33.20944595336914
3.494466938036567e-08
3.494466938036567e-08
3.494466938036567e-08
25.483108520507812
6.90059209773608e-08
6.90059209773608e-08
6.90059209773608e-08
12.752427101135254
2.032103907367855e-08
2.032103907367855e-08
2.032103907367855e-08
11.660920143127441
4.1181607457474456e-08
4.1181607457474456e-08
4.1181607457474456e-08
17.809782028198242
-3.506894685756379e-08
-3.506894685756379e-08
-3.506894685756379e-08
19.28240394592285
-3.163403761163863e-08
-3.163403761163863e-08
-3.163403761163863e-08
-2.071932315826416
3.932937886474974e-08
3.932937886474974e-08
3.932937886474974e-08
6.181061744689941
8.810022222860425e-08
8.810022222860425e-08
8.810022222860425e-08
2.2415664196014404
4.0944307500012656e-08
4.0944307500012656e-08
4.0944307500012656e-08
-10.065779685974121
7.466515228315984e-08
7.466515228315984e-08
7.466515228315984e-08
-12.05178451538086
3.494466938036567e-08
3.494466938036567e-08
3.494466938036567e-08
-5.564515590667725
6.90059209773608e-08
6.90059209773608e-08
6.90059209773608e-08
-1.809160828590393
2.032103907367855e-08
2.032103907367855e-08
2.032103907367855e-08
4.742713928222656
4.1181607457474456e-08
4.1181607457474456e-08
4.1181607457474456e-08
14.123847961425781
-3.506894685756379e-08
-3.506894685756379e-08
-3.506894685756379e-08
9.605271339416504
-3.163403761163863e-08
-3.163403761163863e-08
-3.163403761163863e-08
18.193265914916992
3.932937886474974e-08
3.932937886474974e-08
3.932937886474974e-08
6.511075496673584
8.810022222860425e-08
8.810022222860425e-08
8.810022222860425e-08
-12.587373733520508
4.0944307500012656e-08
4.0944307500012656e-08
4.0944307500012656e-08
-15.787107467651367
7.466515228315984e-08
7.466515228315984e-08
7.466515228315984e-08
-3.297304391860962
3.494466938036567e-08
3.494466938036567e-08
3.494466938036567e-08
11.435893058776855
6.90059209773608e-08
6.90059209773608e-08
6.90059209773608e-08
15.343329429626465
2.032103907367855e-08
2.032103907367855e-08
2.032103907367855e-08
1.9425182342529297
4.1181607457474456e-08
4.1181607457474456e-08
4.1181607457474456e-08
-14.011467933654785
-3.506894685756379e-08
-3.506894685756379e-08
-3.506894685756379e-08
-12.46969223022461
-3.163403761163863e-08
-3.163403761163863e-08
-3.163403761163863e-08
1.9425181150436401
3.932937886474974e-08
3.932937886474974e-08
3.932937886474974e-08
-14.011467933654785
8.810022222860425e-08
8.810022222860425e-08
8.810022222860425e-08
-12.46969223022461
4.0944307500012656e-08
4.0944307500012656e-08
4.0944307500012656e-08
3.3975327014923096
7.466515228315984e-08
7.466515228315984e-08
7.466515228315984e-08
20.49961280822754
3.494466938036567e-08
3.494466938036567e-08
3.494466938036567e-08
29.729711532592773
6.90059209773608e-08
6.90059209773608e-08
6.90059209773608e-08
20.469345092773438
2.032103907367855e-08
2.032103907367855e-08
2.032103907367855e-08
-2.7830164432525635
4.1181607457474456e-08
4.1181607457474456e-08
4.1181607457474456e-08
-12.793038368225098
-3.506894685756379e-08
-3.506894685756379e-08
-3.506894685756379e-08
1.8933385610580444
-3.163403761163863e-08
-3.163403761163863e-08
-3.163403761163863e-08
20.469345092773438
3.932937886474974e-08
3.932937886474974e-08
3.932937886474974e-08
-2.7830164432525635
8.810022222860425e-08
8.810022222860425e-08
8.810022222860425e-08
-12.793039321899414
4.0944307500012656e-08
4.0944307500012656e-08
4.0944307500012656e-08
1.8933385610580444
7.466515228315984e-08
7.466515228315984e-08
7.466515228315984e-08
19.06243133544922
3.494466938036567e-08
3.494466938036567e-08
3.494466938036567e-08
18.15672492980957
6.90059209773608e-08
6.90059209773608e-08
6.90059209773608e-08
