0
-3.4312758445739746
8.810022222860425e-08
8.810022222860425e-08
8.810022222860425e-08
-8.248950958251953
4.0944307500012656e-08
4.0944307500012656e-08
4.0944307500012656e-08
-9.016242027282715
7.466515228315984e-08
7.466515228315984e-08
7.466515228315984e-08
-4.46514892578125
3.494466938036567e-08
3.494466938036567e-08
3.494466938036567e-08
2.119518995285034
6.90059209773608e-08
6.90059209773608e-08
6.90059209773608e-08
2.860727310180664
2.032103907367855e-08
2.032103907367855e-08
2.032103907367855e-08
-9.736226081848145
4.1181607457474456e-08
4.1181607457474456e-08
4.1181607457474456e-08
-24.81760597229004
-3.506894685756379e-08
-3.506894685756379e-08
-3.506894685756379e-08
-18.053356170654297
-3.163403761163863e-08
-3.163403761163863e-08
-3.163403761163863e-08
2.860727310180664
3.932937886474974e-08
3.932937886474974e-08
3.932937886474974e-08
-9.736226081848145
8.810022222860425e-08
8.810022222860425e-08
8.810022222860425e-08
-24.81760597229004
4.0944307500012656e-08
4.0944307500012656e-08
4.0944307500012656e-08
-18.053356170654297
7.466515228315984e-08
7.466515228315984e-08
7.466515228315984e-08
9.822427749633789
3.494466938036567e-08
3.494466938036567e-08
3.494466938036567e-08
28.042949676513672
6.90059209773608e-08
6.90059209773608e-08
6.90059209773608e-08
15.718177795410156
2.032103907367855e-08
2.032103907367855e-08
2.032103907367855e-08
-18.45820426940918
4.1181607457474456e-08
4.1181607457474456e-08
4.1181607457474456e-08
-44.993858337402344
-3.506894685756379e-08
-3.506894685756379e-08
-3.506894685756379e-08
-31.379310607910156
-3.163403761163863e-08
-3.163403761163863e-08
-3.163403761163863e-08
-32.4052734375
3.932937886474974e-08
3.932937886474974e-08
3.932937886474974e-08
-30.060579299926758
8.810022222860425e-08
8.810022222860425e-08
8.810022222860425e-08
-7.7083234786987305
4.0944307500012656e-08
4.0944307500012656e-08
4.0944307500012656e-08
23.616437911987305
7.466515228315984e-08
7.466515228315984e-08
7.466515228315984e-08
35.82206344604492
3.494466938036567e-08
3.494466938036567e-08
3.494466938036567e-08
20.505067825317383
6.90059209773608e-08
6.90059209773608e-08
6.90059209773608e-08
-6.718556880950928
2.032103907367855e-08
2.032103907367855e-08
2.032103907367855e-08
-30.043901443481445
4.1181607457474456e-08
4.1181607457474456e-08
4.1181607457474456e-08
-32.323978424072266
-3.506894685756379e-08
-3.506894685756379e-08
-3.506894685756379e-08
-11.362764358520508
-3.163403761163863e-08
-3.163403761163863e-08
-3.163403761163863e-08
20.505067825317383
3.932937886474974e-08
3.932937886474974e-08
3.932937886474974e-08
-6.718556880950928
8.810022222860425e-08
8.810022222860425e-08
8.810022222860425e-08
-30.043901443481445
4.0944307500012656e-08
4.0944307500012656e-08
4.0944307500012656e-08
-32.323978424072266
7.466515228315984e-08
7.466515228315984e-08
7.466515228315984e-08
-11.362764358520508
3.494466938036567e-08
3.494466938036567e-08
3.494466938036567e-08
2.6242387294769287
6.90059209773608e-08
6.90059209773608e-08
6.90059209773608e-08
-8.255945205688477
2.032103907367855e-08
2.032103907367855e-08
2.032103907367855e-08
-23.185020446777344
4.1181607457474456e-08
4.1181607457474456e-08
4.1181607457474456e-08
-22.696752548217773
-3.506894685756379e-08
-3.506894685756379e-08
-3.506894685756379e-08
-10.394001007080078
-3.163403761163863e-08
-3.163403761163863e-08
-3.163403761163863e-08
0.6198796629905701
3.932937886474974e-08
3.932937886474974e-08
3.932937886474974e-08
3.599351406097412
8.810022222860425e-08
8.810022222860425e-08
8.810022222860425e-08
1.3290126323699951
4.0944307500012656e-08
4.0944307500012656e-08
4.0944307500012656e-08
-4.594151020050049
7.466515228315984e-08
7.466515228315984e-08
7.466515228315984e-08
-9.421954154968262
3.494466938036567e-08
3.494466938036567e-08
3.494466938036567e-08
-1.9142534732818604
6.90059209773608e-08
6.90059209773608e-08
6.90059209773608e-08
17.40154266357422
2.032103907367855e-08
2.032103907367855e-08
2.032103907367855e-08
32.243045806884766
4.1181607457474456e-08
4.1181607457474456e-08
4.1181607457474456e-08
28.803152084350586
-3.506894685756379e-08
-3.506894685756379e-08
-3.506894685756379e-08
7.9475321769714355
-3.163403761163863e-08
-3.163403761163863e-08
-3.163403761163863e-08
6.529942035675049
3.932937886474974e-08
3.932937886474974e-08
3.932937886474974e-08
10.027848243713379
8.810022222860425e-08
8.810022222860425e-08
8.810022222860425e-08
-10.778358459472656
4.0944307500012656e-08
4.0944307500012656e-08
4.0944307500012656e-08
-26.858718872070312
7.466515228315984e-08
7.466515228315984e-08
7.466515228315984e-08
-23.982873916625977
3.494466938036567e-08
3.494466938036567e-08
3.494466938036567e-08
-12.425368309020996
6.90059209773608e-08
6.90059209773608e-08
6.90059209773608e-08
1.4795820713043213
2.032103907367855e-08
2.032103907367855e-08
2.032103907367855e-08
13.263440132141113
4.1181607457474456e-08
4.1181607457474456e-08
4.1181607457474456e-08
13.16012191772461
-3.506894685756379e-08
-3.506894685756379e-08
-3.506894685756379e-08
2.688711166381836
-3.163403761163863e-08
-3.163403761163863e-08
-3.163403761163863e-08
13.16012191772461
3.932937886474974e-08
3.932937886474974e-08
3.932937886474974e-08
2.688710927963257
8.810022222860425e-08
8.810022222860425e-08
8.810022222860425e-08
-10.627508163452148
4.0944307500012656e-08
4.0944307500012656e-08
4.0944307500012656e-08
-21.960041046142578
7.466515228315984e-08
7.466515228315984e-08
7.466515228315984e-08
-21.085647583007812
3.494466938036567e-08
3.494466938036567e-08
3.494466938036567e-08
-7.553236484527588
6.90059209773608e-08
6.90059209773608e-08
6.90059209773608e-08
3.136664390563965
2.032103907367855e-08
2.032103907367855e-08
2.032103907367855e-08
4.063545227050781
4.1181607457474456e-08
4.1181607457474456e-08
4.1181607457474456e-08
-3.12211275100708
-3.506894685756379e-08
-3.506894685756379e-08
-3.506894685756379e-08
-18.650760650634766
-3.163403761163863e-08
-3.163403761163863e-08
-3.163403761163863e-08
-27.069303512573242
3.932937886474974e-08
3.932937886474974e-08
3.932937886474974e-08
-38.90956115722656
8.810022222860425e-08
8.810022222860425e-08
8.810022222860425e-08
-34.33677673339844
4.0944307500012656e-08
4.0944307500012656e-08
4.0944307500012656e-08
-13.148995399475098
7.466515228315984e-08
7.466515228315984e-08
7.466515228315984e-08
0.1764138638973236
3.494466938036567e-08
3.494466938036567e-08
3.494466938036567e-08
-4.758726596832275
6.90059209773608e-08
6.90059209773608e-08
6.90059209773608e-08
-10.257365226745605
2.032103907367855e-08
2.032103907367855e-08
2.032103907367855e-08
-9.90049934387207
4.1181607457474456e-08
4.1181607457474456e-08
4.1181607457474456e-08
-10.170356750488281
-3.506894685756379e-08
-3.506894685756379e-08
-3.506894685756379e-08
-5.1784234046936035
-3.163403761163863e-08
-3.163403761163863e-08
-3.163403761163863e-08
-34.33677673339844
3.932937886474974e-08
3.932937886474974e-08
3.932937886474974e-08
-13.148995399475098
8.810022222860425e-08
8.810022222860425e-08
8.810022222860425e-08
0.1764138787984848
4.0944307500012656e-08
4.0944307500012656e-08
4.0944307500012656e-08
-4.758726596832275
7.466515228315984e-08
7.466515228315984e-08
7.466515228315984e-08
-10.257365226745605
3.494466938036567e-08
3.494466938036567e-08
3.494466938036567e-08
-9.90049934387207
6.90059209773608e-08
6.90059209773608e-08
6.90059209773608e-08
-10.170356750488281
2.032103907367855e-08
2.032103907367855e-08
2.032103907367855e-08
-5.1784234046936035
4.1181607457474456e-08
4.1181607457474456e-08
4.1181607457474456e-08
9.186548233032227
-3.506894685756379e-08
-3.506894685756379e-08
-3.506894685756379e-08
19.825712203979492
-3.163403761163863e-08
-3.163403761163863e-08
-3.163403761163863e-08
20.12322235107422
3.932937886474974e-08
3.932937886474974e-08
3.932937886474974e-08
15.519956588745117
8.810022222860425e-08
8.810022222860425e-08
8.810022222860425e-08
3.360321283340454
4.0944307500012656e-08
4.0944307500012656e-08
4.0944307500012656e-08
-7.7183637619018555
7.466515228315984e-08
7.466515228315984e-08
7.466515228315984e-08
-4.547407627105713
3.494466938036567e-08
3.494466938036567e-08
3.494466938036567e-08
11.426773071289062
6.90059209773608e-08
6.90059209773608e-08
6.90059209773608e-08
20.725990295410156
2.032103907367855e-08
2.032103907367855e-08
2.032103907367855e-08
11.041240692138672
4.1181607457474456e-08
4.1181607457474456e-08
4.1181607457474456e-08
-7.453749179840088
-3.506894685756379e-08
-3.506894685756379e-08
-3.506894685756379e-08
-13.767123222351074
-3.163403761163863e-08
-3.163403761163863e-08
-3.163403761163863e-08
-7.453749179840088
3.932937886474974e-08
3.932937886474974e-08
3.932937886474974e-08
-13.767123222351074
8.810022222860425e-08
8.810022222860425e-08
8.810022222860425e-08
-1.0914353132247925
4.0944307500012656e-08
4.0944307500012656e-08
4.0944307500012656e-08
16.26580047607422
7.466515228315984e-08
7.466515228315984e-08
7.466515228315984e-08
21.29334259033203
3.494466938036567e-08
3.494466938036567e-08
3.494466938036567e-08
7.520009994506836
6.90059209773608e-08
6.90059209773608e-08
6.90059209773608e-08
-17.804651260375977
2.032103907367855e-08
2.032103907367855e-08
2.032103907367855e-08
-28.413793563842773
4.1181607457474456e-08
4.1181607457474456e-08
4.1181607457474456e-08
-3.2844033241271973
-3.506894685756379e-08
-3.506894685756379e-08
-3.506894685756379e-08
33.594993591308594
-3.163403761163863e-08
-3.163403761163863e-08
-3.163403761163863e-08
-15.451211929321289
3.932937886474974e-08
3.932937886474974e-08
3.932937886474974e-08
8.19652271270752
8.810022222860425e-08
8.810022222860425e-08
8.810022222860425e-08
29.96048355102539
4.0944307500012656e-08
4.0944307500012656e-08
4.0944307500012656e-08
25.95107078552246
7.466515228315984e-08
7.466515228315984e-08
7.466515228315984e-08
7.604238033294678
3.494466938036567e-08
3.494466938036567e-08
3.494466938036567e-08
-0.5488858222961426
6.90059209773608e-08
6.90059209773608e-08
6.90059209773608e-08
6.7992730140686035
2.032103907367855e-08
2.032103907367855e-08
2.032103907367855e-08
18.646167755126953
4.1181607457474456e-08
4.1181607457474456e-08
4.1181607457474456e-08
24.450733184814453
-3.506894685756379e-08
-3.506894685756379e-08
-3.506894685756379e-08
21.595163345336914
-3.163403761163863e-08
-3.163403761163863e-08
-3.163403761163863e-08
18.646167755126953
3.932937886474974e-08
3.932937886474974e-08
3.932937886474974e-08
24.450733184814453
8.810022222860425e-08
8.810022222860425e-08
8.810022222860425e-08
21.595163345336914
4.0944307500012656e-08
4.0944307500012656e-08
4.0944307500012656e-08
12.357641220092773
7.466515228315984e-08
7.466515228315984e-08
7.466515228315984e-08
1.6124454736709595
3.494466938036567e-08
3.494466938036567e-08
3.494466938036567e-08
0.008802796714007854
6.90059209773608e-08
6.90059209773608e-08
6.90059209773608e-08
11.263033866882324
2.032103907367855e-08
2.032103907367855e-08
2.032103907367855e-08
21.150360107421875
4.1181607457474456e-08
4.1181607457474456e-08
4.1181607457474456e-08
21.8780517578125
-3.506894685756379e-08
-3.506894685756379e-08
-3.506894685756379e-08
19.51248550415039
-3.163403761163863e-08
-3.163403761163863e-08
-3.163403761163863e-08
44.18489456176758
3.932937886474974e-08
3.932937886474974e-08
3.932937886474974e-08
46.54366683959961
8.810022222860425e-08
8.810022222860425e-08
8.810022222860425e-08
20.010700225830078
4.0944307500012656e-08
4.0944307500012656e-08
4.0944307500012656e-08
-1.944423794746399
7.466515228315984e-08
7.466515228315984e-08
7.466515228315984e-08
-6.238526344299316
3.494466938036567e-08
3.494466938036567e-08
3.494466938036567e-08
5.375832557678223
6.90059209773608e-08
6.90059209773608e-08
6.90059209773608e-08
24.31659507751465
2.032103907367855e-08
2.032103907367855e-08
2.032103907367855e-08
32.37705612182617
4.1181607457474456e-08
4.1181607457474456e-08
4.1181607457474456e-08
12.302314758300781
-3.506894685756379e-08
-3.506894685756379e-08
-3.506894685756379e-08
-28.925554275512695
-3.163403761163863e-08
-3.163403761163863e-08
-3.163403761163863e-08
24.31659507751465
3.932937886474974e-08
3.932937886474974e-08
3.932937886474974e-08
32.37705612182617
8.810022222860425e-08
8.810022222860425e-08
8.810022222860425e-08
12.302314758300781
4.0944307500012656e-08
4.0944307500012656e-08
4.0944307500012656e-08
-28.925554275512695
7.466515228315984e-08
7.466515228315984e-08
7.466515228315984e-08
-53.06449508666992
3.494466938036567e-08
3.494466938036567e-08
3.494466938036567e-08
-34.42245101928711
6.90059209773608e-08
6.90059209773608e-08
6.90059209773608e-08
-3.705615282058716
2.032103907367855e-08
2.032103907367855e-08
2.032103907367855e-08
-4.353438854217529
4.1181607457474456e-08
4.1181607457474456e-08
4.1181607457474456e-08
-30.403261184692383
-3.506894685756379e-08
-3.506894685756379e-08
-3.506894685756379e-08
-48.57257843017578
-3.163403761163863e-08
-3.163403761163863e-08
-3.163403761163863e-08
-8.794394493103027
3.932937886474974e-08
3.932937886474974e-08
3.932937886474974e-08
22.6899471282959
8.810022222860425e-08
8.810022222860425e-08
8.810022222860425e-08
23.768627166748047
4.0944307500012656e-08
4.0944307500012656e-08
4.0944307500012656e-08
-2.430201292037964
7.466515228315984e-08
7.466515228315984e-08
7.466515228315984e-08
-22.041276931762695
3.494466938036567e-08
3.494466938036567e-08
3.494466938036567e-08
-13.397751808166504
6.90059209773608e-08
6.90059209773608e-08
6.90059209773608e-08
11.240897178649902
2.032103907367855e-08
2.032103907367855e-08
2.032103907367855e-08
26.754108428955078
4.1181607457474456e-08
4.1181607457474456e-08
4.1181607457474456e-08
23.674972534179688
-3.506894685756379e-08
-3.506894685756379e-08
-3.506894685756379e-08
10.410550117492676
-3.163403761163863e-08
-3.163403761163863e-08
-3.163403761163863e-08
26.754108428955078
3.932937886474974e-08
3.932937886474974e-08
3.932937886474974e-08
23.674972534179688
8.810022222860425e-08
8.810022222860425e-08
8.810022222860425e-08
10.410550117492676
4.0944307500012656e-08
4.0944307500012656e-08
4.0944307500012656e-08
-0.8779735565185547
7.466515228315984e-08
7.466515228315984e-08
7.466515228315984e-08
-5.881017208099365
3.494466938036567e-08
3.494466938036567e-08
3.494466938036567e-08
-4.310202598571777
6.90059209773608e-08
6.90059209773608e-08
6.90059209773608e-08
8.621216773986816
2.032103907367855e-08
2.032103907367855e-08
2.032103907367855e-08
28.29113006591797
4.1181607457474456e-08
4.1181607457474456e-08
4.1181607457474456e-08
36.02470397949219
-3.506894685756379e-08
-3.506894685756379e-08
-3.506894685756379e-08
28.03742218017578
-3.163403761163863e-08
-3.163403761163863e-08
-3.163403761163863e-08
35.85182571411133
3.932937886474974e-08
3.932937886474974e-08
3.932937886474974e-08
9.821551322937012
8.810022222860425e-08
8.810022222860425e-08
8.810022222860425e-08
-14.954147338867188
4.0944307500012656e-08
4.0944307500012656e-08
4.0944307500012656e-08
-20.750316619873047
7.466515228315984e-08
7.466515228315984e-08
7.466515228315984e-08
-1.9015659093856812
3.494466938036567e-08
3.494466938036567e-08
3.494466938036567e-08
25.45081901550293
6.90059209773608e-08
6.90059209773608e-08
6.90059209773608e-08
31.844161987304688
2.032103907367855e-08
2.032103907367855e-08
2.032103907367855e-08
6.100234031677246
4.1181607457474456e-08
4.1181607457474456e-08
4.1181607457474456e-08
-28.3061466217041
-3.506894685756379e-08
-3.506894685756379e-08
-3.506894685756379e-08
-34.37980270385742
-3.163403761163863e-08
-3.163403761163863e-08
-3.163403761163863e-08
31.844161987304688
3.932937886474974e-08
3.932937886474974e-08
3.932937886474974e-08
6.100234031677246
8.810022222860425e-08
8.810022222860425e-08
8.810022222860425e-08
-28.3061466217041
4.0944307500012656e-08
4.0944307500012656e-08
4.0944307500012656e-08
-34.37980270385742
7.466515228315984e-08
7.466515228315984e-08
7.466515228315984e-08
-5.257603645324707
3.494466938036567e-08
3.494466938036567e-08
3.494466938036567e-08
24.242427825927734
6.90059209773608e-08
6.90059209773608e-08
6.90059209773608e-08
23.999174118041992
2.032103907367855e-08
2.032103907367855e-08
2.032103907367855e-08
-0.6184726357460022
4.1181607457474456e-08
4.1181607457474456e-08
4.1181607457474456e-08
-28.692447662353516
-3.506894685756379e-08
-3.506894685756379e-08
-3.506894685756379e-08
-38.442779541015625
-3.163403761163863e-08
-3.163403761163863e-08
-3.163403761163863e-08
24.242427825927734
3.932937886474974e-08
3.932937886474974e-08
3.932937886474974e-08
23.999174118041992
8.810022222860425e-08
8.810022222860425e-08
8.810022222860425e-08
-0.6184726357460022
4.0944307500012656e-08
4.0944307500012656e-08
4.0944307500012656e-08
-28.692447662353516
7.466515228315984e-08
7.466515228315984e-08
7.466515228315984e-08
-38.442779541015625
3.494466938036567e-08
3.494466938036567e-08
3.494466938036567e-08
-16.84893035888672
6.90059209773608e-08
6.90059209773608e-08
6.90059209773608e-08
18.666236877441406
2.032103907367855e-08
2.032103907367855e-08
2.032103907367855e-08
31.781574249267578
4.1181607457474456e-08
4.1181607457474456e-08
4.1181607457474456e-08
12.20407772064209
-3.506894685756379e-08
-3.506894685756379e-08
-3.506894685756379e-08
-13.428607940673828
-3.163403761163863e-08
-3.163403761163863e-08
-3.163403761163863e-08
31.781574249267578
3.932937886474974e-08
3.932937886474974e-08
3.932937886474974e-08
12.20407772064209
8.810022222860425e-08
8.810022222860425e-08
8.810022222860425e-08
-13.428607940673828
4.0944307500012656e-08
4.0944307500012656e-08
4.0944307500012656e-08
-19.48687171936035
7.466515228315984e-08
7.466515228315984e-08
7.466515228315984e-08
-6.84384298324585
3.494466938036567e-08
3.494466938036567e-08
3.494466938036567e-08
11.104455947875977
6.90059209773608e-08
6.90059209773608e-08
6.90059209773608e-08
21.107454299926758
2.032103907367855e-08
2.032103907367855e-08
2.032103907367855e-08
12.621733665466309
4.1181607457474456e-08
4.1181607457474456e-08
4.1181607457474456e-08
-8.885279655456543
-3.506894685756379e-08
-3.506894685756379e-08
-3.506894685756379e-08
-24.941268920898438
-3.163403761163863e-08
-3.163403761163863e-08
-3.163403761163863e-08
-6.105503082275391
3.932937886474974e-08
3.932937886474974e-08
3.932937886474974e-08
-10.08299732208252
8.810022222860425e-08
8.810022222860425e-08
8.810022222860425e-08
-22.655437469482422
4.0944307500012656e-08
4.0944307500012656e-08
4.0944307500012656e-08
-28.12078285217285
7.466515228315984e-08
7.466515228315984e-08
7.466515228315984e-08
-26.515567779541016
3.494466938036567e-08
3.494466938036567e-08
3.494466938036567e-08
-20.38128662109375
6.90059209773608e-08
6.90059209773608e-08
6.90059209773608e-08
-6.864505290985107
2.032103907367855e-08
2.032103907367855e-08
2.032103907367855e-08
2.8897247314453125
4.1181607457474456e-08
4.1181607457474456e-08
4.1181607457474456e-08
-7.312514305114746
-3.506894685756379e-08
-3.506894685756379e-08
-3.506894685756379e-08
-31.444320678710938
-3.163403761163863e-08
-3.163403761163863e-08
-3.163403761163863e-08
-42.760780334472656
3.932937886474974e-08
3.932937886474974e-08
3.932937886474974e-08
-35.59843063354492
8.810022222860425e-08
8.810022222860425e-08
8.810022222860425e-08
-18.526897430419922
4.0944307500012656e-08
4.0944307500012656e-08
4.0944307500012656e-08
-10.352697372436523
7.466515228315984e-08
7.466515228315984e-08
7.466515228315984e-08
-20.497299194335938
3.494466938036567e-08
3.494466938036567e-08
3.494466938036567e-08
-31.16671371459961
6.90059209773608e-08
6.90059209773608e-08
6.90059209773608e-08
-25.686565399169922
2.032103907367855e-08
2.032103907367855e-08
2.032103907367855e-08
-15.740330696105957
4.1181607457474456e-08
4.1181607457474456e-08
4.1181607457474456e-08
-16.096155166625977
-3.506894685756379e-08
-3.506894685756379e-08
-3.506894685756379e-08
-24.882883071899414
-3.163403761163863e-08
-3.163403761163863e-08
-3.163403761163863e-08
-16.096155166625977
3.932937886474974e-08
3.932937886474974e-08
3.932937886474974e-08
-24.882883071899414
8.810022222860425e-08
8.810022222860425e-08
8.810022222860425e-08
-32.833003997802734
4.0944307500012656e-08
4.0944307500012656e-08
4.0944307500012656e-08
-28.667753219604492
7.466515228315984e-08
7.466515228315984e-08
7.466515228315984e-08
-11.711867332458496
3.494466938036567e-08
3.494466938036567e-08
3.494466938036567e-08
1.4951884746551514
6.90059209773608e-08
6.90059209773608e-08
6.90059209773608e-08
-1.2110344171524048
2.032103907367855e-08
2.032103907367855e-08
2.032103907367855e-08
-14.268210411071777
4.1181607457474456e-08
4.1181607457474456e-08
4.1181607457474456e-08
-24.962732315063477
-3.506894685756379e-08
-3.506894685756379e-08
-3.506894685756379e-08
-23.529603958129883
-3.163403761163863e-08
-3.163403761163863e-08
-3.163403761163863e-08
-24.962732315063477
3.932937886474974e-08
3.932937886474974e-08
3.932937886474974e-08
-23.529603958129883
8.810022222860425e-08
8.810022222860425e-08
8.810022222860425e-08
-7.298832416534424
4.0944307500012656e-08
4.0944307500012656e-08
4.0944307500012656e-08
13.1685209274292
7.466515228315984e-08
7.466515228315984e-08
7.466515228315984e-08
14.569761276245117
3.494466938036567e-08
3.494466938036567e-08
3.494466938036567e-08
-15.067081451416016
6.90059209773608e-08
6.90059209773608e-08
6.90059209773608e-08
-48.798458099365234
2.032103907367855e-08
2.032103907367855e-08
2.032103907367855e-08
-43.00189971923828
4.1181607457474456e-08
4.1181607457474456e-08
4.1181607457474456e-08
0.38654136657714844
-3.506894685756379e-08
-3.506894685756379e-08
-3.506894685756379e-08
29.583024978637695
-3.163403761163863e-08
-3.163403761163863e-08
-3.163403761163863e-08
0.38654136657714844
3.932937886474974e-08
3.932937886474974e-08
3.932937886474974e-08
29.583024978637695
8.810022222860425e-08
8.810022222860425e-08
8.810022222860425e-08
15.116771697998047
4.0944307500012656e-08
4.0944307500012656e-08
4.0944307500012656e-08
-17.411571502685547
7.466515228315984e-08
7.466515228315984e-08
7.466515228315984e-08
-31.189712524414062
3.494466938036567e-08
3.494466938036567e-08
3.494466938036567e-08
-17.795536041259766
6.90059209773608e-08
6.90059209773608e-08
6.90059209773608e-08
2.2786872386932373
2.032103907367855e-08
2.032103907367855e-08
2.032103907367855e-08
3.907001256942749
4.1181607457474456e-08
4.1181607457474456e-08
4.1181607457474456e-08
-14.682258605957031
-3.506894685756379e-08
-3.506894685756379e-08
-3.506894685756379e-08
-33.244693756103516
-3.163403761163863e-08
-3.163403761163863e-08
-3.163403761163863e-08
-7.264631271362305
3.932937886474974e-08
3.932937886474974e-08
3.932937886474974e-08
-14.268009185791016
8.810022222860425e-08
8.810022222860425e-08
8.810022222860425e-08
-25.486501693725586
4.0944307500012656e-08
4.0944307500012656e-08
4.0944307500012656e-08
-19.694669723510742
7.466515228315984e-08
7.466515228315984e-08
7.466515228315984e-08
4.587657451629639
3.494466938036567e-08
3.494466938036567e-08
3.494466938036567e-08
17.470252990722656
6.90059209773608e-08
6.90059209773608e-08
6.90059209773608e-08
2.1574690341949463
2.032103907367855e-08
2.032103907367855e-08
2.032103907367855e-08
-20.226444244384766
4.1181607457474456e-08
4.1181607457474456e-08
4.1181607457474456e-08
-20.18327522277832
-3.506894685756379e-08
-3.506894685756379e-08
-3.506894685756379e-08
0.6297956705093384
-3.163403761163863e-08
-3.163403761163863e-08
-3.163403761163863e-08
2.1574690341949463
3.932937886474974e-08
3.932937886474974e-08
3.932937886474974e-08
-20.226444244384766
8.810022222860425e-08
8.810022222860425e-08
8.810022222860425e-08
-20.18327522277832
4.0944307500012656e-08
4.0944307500012656e-08
4.0944307500012656e-08
0.6297956705093384
7.466515228315984e-08
7.466515228315984e-08
7.466515228315984e-08
9.896172523498535
3.494466938036567e-08
3.494466938036567e-08
3.494466938036567e-08
-8.919159889221191
6.90059209773608e-08
6.90059209773608e-08
6.90059209773608e-08
-31.059146881103516
2.032103907367855e-08
2.032103907367855e-08
2.032103907367855e-08
-28.67460823059082
4.1181607457474456e-08
4.1181607457474456e-08
4.1181607457474456e-08
-7.2989091873168945
-3.506894685756379e-08
-3.506894685756379e-08
-3.506894685756379e-08
10.158634185791016
-3.163403761163863e-08
-3.163403761163863e-08
-3.163403761163863e-08
-5.3766984939575195
3.932937886474974e-08
3.932937886474974e-08
3.932937886474974e-08
-11.525922775268555
8.810022222860425e-08
8.810022222860425e-08
8.810022222860425e-08
1.1577204465866089
4.0944307500012656e-08
4.0944307500012656e-08
4.0944307500012656e-08
24.566619873046875
7.466515228315984e-08
7.466515228315984e-08
7.466515228315984e-08
26.892927169799805
3.494466938036567e-08
3.494466938036567e-08
3.494466938036567e-08
6.889504432678223
6.90059209773608e-08
6.90059209773608e-08
6.90059209773608e-08
-11.488970756530762
2.032103907367855e-08
2.032103907367855e-08
2.032103907367855e-08
-14.902850151062012
4.1181607457474456e-08
4.1181607457474456e-08
4.1181607457474456e-08
0.3976559638977051
-3.506894685756379e-08
-3.506894685756379e-08
-3.506894685756379e-08
24.03913688659668
-3.163403761163863e-08
-3.163403761163863e-08
-3.163403761163863e-08
0.3976559638977051
3.932937886474974e-08
3.932937886474974e-08
3.932937886474974e-08
24.03913688659668
8.810022222860425e-08
8.810022222860425e-08
8.810022222860425e-08
29.974058151245117
4.0944307500012656e-08
4.0944307500012656e-08
4.0944307500012656e-08
10.220441818237305
7.466515228315984e-08
7.466515228315984e-08
7.466515228315984e-08
-14.366631507873535
3.494466938036567e-08
3.494466938036567e-08
3.494466938036567e-08
-21.49612045288086
6.90059209773608e-08
6.90059209773608e-08
6.90059209773608e-08
-8.354095458984375
2.032103907367855e-08
2.032103907367855e-08
2.032103907367855e-08
8.908183097839355
4.1181607457474456e-08
4.1181607457474456e-08
4.1181607457474456e-08
14.22998046875
-3.506894685756379e-08
-3.506894685756379e-08
-3.506894685756379e-08
2.602323532104492
-3.163403761163863e-08
-3.163403761163863e-08
-3.163403761163863e-08
9.987524032592773
3.932937886474974e-08
3.932937886474974e-08
3.932937886474974e-08
26.151615142822266
8.810022222860425e-08
8.810022222860425e-08
8.810022222860425e-08
11.727903366088867
4.0944307500012656e-08
4.0944307500012656e-08
4.0944307500012656e-08
-14.648772239685059
7.466515228315984e-08
7.466515228315984e-08
7.466515228315984e-08
-28.580739974975586
3.494466938036567e-08
3.494466938036567e-08
3.494466938036567e-08
-18.25643539428711
6.90059209773608e-08
6.90059209773608e-08
6.90059209773608e-08
11.88599681854248
2.032103907367855e-08
2.032103907367855e-08
2.032103907367855e-08
35.80925750732422
4.1181607457474456e-08
4.1181607457474456e-08
4.1181607457474456e-08
29.617050170898438
-3.506894685756379e-08
-3.506894685756379e-08
-3.506894685756379e-08
5.072929382324219
-3.163403761163863e-08
-3.163403761163863e-08
-3.163403761163863e-08
11.88599681854248
3.932937886474974e-08
3.932937886474974e-08
3.932937886474974e-08
35.80925750732422
8.810022222860425e-08
8.810022222860425e-08
8.810022222860425e-08
29.617050170898438
4.0944307500012656e-08
4.0944307500012656e-08
4.0944307500012656e-08
5.072929382324219
7.466515228315984e-08
7.466515228315984e-08
7.466515228315984e-08
-5.357003211975098
3.494466938036567e-08
3.494466938036567e-08
3.494466938036567e-08
6.434634208679199
6.90059209773608e-08
6.90059209773608e-08
6.90059209773608e-08
19.20815658569336
2.032103907367855e-08
2.032103907367855e-08
2.032103907367855e-08
18.374300003051758
4.1181607457474456e-08
4.1181607457474456e-08
4.1181607457474456e-08
6.078052043914795
-3.506894685756379e-08
-3.506894685756379e-08
-3.506894685756379e-08
-12.664205551147461
-3.163403761163863e-08
-3.163403761163863e-08
-3.163403761163863e-08
-12.664205551147461
3.932937886474974e-08
3.932937886474974e-08
3.932937886474974e-08
-25.07474136352539
8.810022222860425e-08
8.810022222860425e-08
8.810022222860425e-08
-14.859344482421875
4.0944307500012656e-08
4.0944307500012656e-08
4.0944307500012656e-08
9.109456062316895
7.466515228315984e-08
7.466515228315984e-08
7.466515228315984e-08
17.423921585083008
3.494466938036567e-08
3.494466938036567e-08
3.494466938036567e-08
3.475480794906616
6.90059209773608e-08
6.90059209773608e-08
6.90059209773608e-08
-13.962567329406738
2.032103907367855e-08
2.032103907367855e-08
2.032103907367855e-08
-24.10480308532715
4.1181607457474456e-08
4.1181607457474456e-08
4.1181607457474456e-08
-20.28998565673828
-3.506894685756379e-08
-3.506894685756379e-08
-3.506894685756379e-08
4.489132881164551
-3.163403761163863e-08
-3.163403761163863e-08
-3.163403761163863e-08
21.441450119018555
3.932937886474974e-08
3.932937886474974e-08
3.932937886474974e-08
31.639198303222656
8.810022222860425e-08
8.810022222860425e-08
8.810022222860425e-08
28.4792537689209
4.0944307500012656e-08
4.0944307500012656e-08
4.0944307500012656e-08
14.41494369506836
7.466515228315984e-08
7.466515228315984e-08
7.466515228315984e-08
2.9138684272766113
3.494466938036567e-08
3.494466938036567e-08
3.494466938036567e-08
3.487971067428589
6.90059209773608e-08
6.90059209773608e-08
6.90059209773608e-08
16.177343368530273
2.032103907367855e-08
2.032103907367855e-08
2.032103907367855e-08
31.135107040405273
4.1181607457474456e-08
4.1181607457474456e-08
4.1181607457474456e-08
33.27737045288086
-3.506894685756379e-08
-3.506894685756379e-08
-3.506894685756379e-08
15.356524467468262
-3.163403761163863e-08
-3.163403761163863e-08
-3.163403761163863e-08
3.487971067428589
3.932937886474974e-08
3.932937886474974e-08
3.932937886474974e-08
16.177343368530273
8.810022222860425e-08
8.810022222860425e-08
8.810022222860425e-08
31.135107040405273
4.0944307500012656e-08
4.0944307500012656e-08
4.0944307500012656e-08
33.27737045288086
7.466515228315984e-08
7.466515228315984e-08
7.466515228315984e-08
15.356523513793945
3.494466938036567e-08
3.494466938036567e-08
3.494466938036567e-08
-10.305329322814941
6.90059209773608e-08
6.90059209773608e-08
6.90059209773608e-08
-16.378482818603516
2.032103907367855e-08
2.032103907367855e-08
2.032103907367855e-08
10.42711353302002
4.1181607457474456e-08
4.1181607457474456e-08
4.1181607457474456e-08
46.184085845947266
-3.506894685756379e-08
-3.506894685756379e-08
-3.506894685756379e-08
55.03468322753906
-3.163403761163863e-08
-3.163403761163863e-08
-3.163403761163863e-08
2.0762293338775635
3.932937886474974e-08
3.932937886474974e-08
3.932937886474974e-08
-5.305088520050049
8.810022222860425e-08
8.810022222860425e-08
8.810022222860425e-08
14.462029457092285
4.0944307500012656e-08
4.0944307500012656e-08
4.0944307500012656e-08
37.341617584228516
7.466515228315984e-08
7.466515228315984e-08
7.466515228315984e-08
37.82951736450195
3.494466938036567e-08
3.494466938036567e-08
3.494466938036567e-08
18.554752349853516
6.90059209773608e-08
6.90059209773608e-08
6.90059209773608e-08
0.7284058332443237
2.032103907367855e-08
2.032103907367855e-08
2.032103907367855e-08
2.81662654876709
4.1181607457474456e-08
4.1181607457474456e-08
4.1181607457474456e-08
25.019792556762695
-3.506894685756379e-08
-3.506894685756379e-08
-3.506894685756379e-08
43.23528289794922
-3.163403761163863e-08
-3.163403761163863e-08
-3.163403761163863e-08
1.5292446613311768
3.932937886474974e-08
3.932937886474974e-08
3.932937886474974e-08
20.579265594482422
8.810022222860425e-08
8.810022222860425e-08
8.810022222860425e-08
31.309602737426758
4.0944307500012656e-08
4.0944307500012656e-08
4.0944307500012656e-08
19.74744415283203
7.466515228315984e-08
7.466515228315984e-08
7.466515228315984e-08
-5.39604377746582
3.494466938036567e-08
3.494466938036567e-08
3.494466938036567e-08
-21.582433700561523
6.90059209773608e-08
6.90059209773608e-08
6.90059209773608e-08
-9.332571029663086
2.032103907367855e-08
2.032103907367855e-08
2.032103907367855e-08
22.755828857421875
4.1181607457474456e-08
4.1181607457474456e-08
4.1181607457474456e-08
37.13662338256836
-3.506894685756379e-08
-3.506894685756379e-08
-3.506894685756379e-08
13.167502403259277
-3.163403761163863e-08
-3.163403761163863e-08
-3.163403761163863e-08
-21.582433700561523
3.932937886474974e-08
3.932937886474974e-08
3.932937886474974e-08
-9.332571029663086
8.810022222860425e-08
8.810022222860425e-08
8.810022222860425e-08
22.755828857421875
4.0944307500012656e-08
4.0944307500012656e-08
4.0944307500012656e-08
37.13662338256836
7.466515228315984e-08
7.466515228315984e-08
7.466515228315984e-08
13.167502403259277
3.494466938036567e-08
3.494466938036567e-08
3.494466938036567e-08
-22.27806282043457
6.90059209773608e-08
6.90059209773608e-08
6.90059209773608e-08
-27.4206600189209
2.032103907367855e-08
2.032103907367855e-08
2.032103907367855e-08
1.9220174551010132
4.1181607457474456e-08
4.1181607457474456e-08
4.1181607457474456e-08
28.491539001464844
-3.506894685756379e-08
-3.506894685756379e-08
-3.506894685756379e-08
24.13530921936035
-3.163403761163863e-08
-3.163403761163863e-08
-3.163403761163863e-08
30.738622665405273
3.932937886474974e-08
3.932937886474974e-08
3.932937886474974e-08
4.022282600402832
8.810022222860425e-08
8.810022222860425e-08
8.810022222860425e-08
-17.43011474609375
4.0944307500012656e-08
4.0944307500012656e-08
4.0944307500012656e-08
-22.767051696777344
7.466515228315984e-08
7.466515228315984e-08
7.466515228315984e-08
-11.69326114654541
3.494466938036567e-08
3.494466938036567e-08
3.494466938036567e-08
13.028743743896484
6.90059209773608e-08
6.90059209773608e-08
6.90059209773608e-08
31.50132179260254
2.032103907367855e-08
2.032103907367855e-08
2.032103907367855e-08
25.594552993774414
4.1181607457474456e-08
4.1181607457474456e-08
4.1181607457474456e-08
5.261796474456787
-3.506894685756379e-08
-3.506894685756379e-08
-3.506894685756379e-08
-10.75983715057373
-3.163403761163863e-08
-3.163403761163863e-08
-3.163403761163863e-08
31.50132179260254
3.932937886474974e-08
3.932937886474974e-08
3.932937886474974e-08
25.594552993774414
8.810022222860425e-08
8.810022222860425e-08
8.810022222860425e-08
5.261796474456787
4.0944307500012656e-08
4.0944307500012656e-08
4.0944307500012656e-08
-10.75983715057373
7.466515228315984e-08
7.466515228315984e-08
7.466515228315984e-08
-12.019004821777344
3.494466938036567e-08
3.494466938036567e-08
3.494466938036567e-08
5.920619010925293
6.90059209773608e-08
6.90059209773608e-08
6.90059209773608e-08
27.52931785583496
2.032103907367855e-08
2.032103907367855e-08
2.032103907367855e-08
28.098398208618164
4.1181607457474456e-08
4.1181607457474456e-08
4.1181607457474456e-08
10.686480522155762
-3.506894685756379e-08
-3.506894685756379e-08
-3.506894685756379e-08
-6.49224328994751
-3.163403761163863e-08
-3.163403761163863e-08
-3.163403761163863e-08
37.96114730834961
3.932937886474974e-08
3.932937886474974e-08
3.932937886474974e-08
15.130643844604492
8.810022222860425e-08
8.810022222860425e-08
8.810022222860425e-08
-12.791583061218262
4.0944307500012656e-08
4.0944307500012656e-08
4.0944307500012656e-08
-18.122791290283203
7.466515228315984e-08
7.466515228315984e-08
7.466515228315984e-08
7.007706165313721
3.494466938036567e-08
3.494466938036567e-08
3.494466938036567e-08
28.025955200195312
6.90059209773608e-08
6.90059209773608e-08
6.90059209773608e-08
14.674274444580078
2.032103907367855e-08
2.032103907367855e-08
2.032103907367855e-08
-18.119979858398438
4.1181607457474456e-08
4.1181607457474456e-08
4.1181607457474456e-08
-37.538238525390625
-3.506894685756379e-08
-3.506894685756379e-08
-3.506894685756379e-08
-26.211105346679688
-3.163403761163863e-08
-3.163403761163863e-08
-3.163403761163863e-08
14.674274444580078
3.932937886474974e-08
3.932937886474974e-08
3.932937886474974e-08
-18.119979858398438
8.810022222860425e-08
8.810022222860425e-08
8.810022222860425e-08
-37.538238525390625
4.0944307500012656e-08
4.0944307500012656e-08
4.0944307500012656e-08
-26.211105346679688
7.466515228315984e-08
7.466515228315984e-08
7.466515228315984e-08
6.822579383850098
3.494466938036567e-08
3.494466938036567e-08
3.494466938036567e-08
31.178131103515625
6.90059209773608e-08
6.90059209773608e-08
6.90059209773608e-08
25.936603546142578
2.032103907367855e-08
2.032103907367855e-08
2.032103907367855e-08
2.645570755004883
4.1181607457474456e-08
4.1181607457474456e-08
4.1181607457474456e-08
-13.275186538696289
-3.506894685756379e-08
-3.506894685756379e-08
-3.506894685756379e-08
-9.033469200134277
-3.163403761163863e-08
-3.163403761163863e-08
-3.163403761163863e-08
8.686922073364258
3.932937886474974e-08
3.932937886474974e-08
3.932937886474974e-08
7.511295318603516
8.810022222860425e-08
8.810022222860425e-08
8.810022222860425e-08
25.93599510192871
4.0944307500012656e-08
4.0944307500012656e-08
4.0944307500012656e-08
43.984432220458984
7.466515228315984e-08
7.466515228315984e-08
7.466515228315984e-08
34.435367584228516
3.494466938036567e-08
3.494466938036567e-08
3.494466938036567e-08
9.419317245483398
6.90059209773608e-08
6.90059209773608e-08
6.90059209773608e-08
-2.824856758117676
2.032103907367855e-08
2.032103907367855e-08
2.032103907367855e-08
3.280137300491333
4.1181607457474456e-08
4.1181607457474456e-08
4.1181607457474456e-08
16.559223175048828
-3.506894685756379e-08
-3.506894685756379e-08
-3.506894685756379e-08
22.086597442626953
-3.163403761163863e-08
-3.163403761163863e-08
-3.163403761163863e-08
-2.824856758117676
3.932937886474974e-08
3.932937886474974e-08
3.932937886474974e-08
3.280137300491333
8.810022222860425e-08
8.810022222860425e-08
8.810022222860425e-08
16.559223175048828
4.0944307500012656e-08
4.0944307500012656e-08
4.0944307500012656e-08
22.086597442626953
7.466515228315984e-08
7.466515228315984e-08
7.466515228315984e-08
16.06281089782715
3.494466938036567e-08
3.494466938036567e-08
3.494466938036567e-08
7.655066013336182
6.90059209773608e-08
6.90059209773608e-08
6.90059209773608e-08
-0.5246363282203674
2.032103907367855e-08
2.032103907367855e-08
2.032103907367855e-08
-5.8392653465271
4.1181607457474456e-08
4.1181607457474456e-08
4.1181607457474456e-08
2.3319904804229736
-3.506894685756379e-08
-3.506894685756379e-08
-3.506894685756379e-08
21.863004684448242
-3.163403761163863e-08
-3.163403761163863e-08
-3.163403761163863e-08
34.78972625732422
3.932937886474974e-08
3.932937886474974e-08
3.932937886474974e-08
23.912742614746094
8.810022222860425e-08
8.810022222860425e-08
8.810022222860425e-08
-6.73103141784668
4.0944307500012656e-08
4.0944307500012656e-08
4.0944307500012656e-08
-23.75613784790039
7.466515228315984e-08
7.466515228315984e-08
7.466515228315984e-08
-6.243521213531494
3.494466938036567e-08
3.494466938036567e-08
3.494466938036567e-08
20.477628707885742
6.90059209773608e-08
6.90059209773608e-08
6.90059209773608e-08
23.413482666015625
2.032103907367855e-08
2.032103907367855e-08
2.032103907367855e-08
1.1136471033096313
4.1181607457474456e-08
4.1181607457474456e-08
4.1181607457474456e-08
-23.681594848632812
-3.506894685756379e-08
-3.506894685756379e-08
-3.506894685756379e-08
-23.610342025756836
-3.163403761163863e-08
-3.163403761163863e-08
-3.163403761163863e-08
-24.980697631835938
3.932937886474974e-08
3.932937886474974e-08
3.932937886474974e-08
-12.507341384887695
8.810022222860425e-08
8.810022222860425e-08
8.810022222860425e-08
7.9388017654418945
4.0944307500012656e-08
4.0944307500012656e-08
4.0944307500012656e-08
19.08247184753418
7.466515228315984e-08
7.466515228315984e-08
7.466515228315984e-08
13.439805030822754
3.494466938036567e-08
3.494466938036567e-08
3.494466938036567e-08
-7.6013031005859375
6.90059209773608e-08
6.90059209773608e-08
6.90059209773608e-08
-31.81736183166504
2.032103907367855e-08
2.032103907367855e-08
2.032103907367855e-08
-29.8513126373291
4.1181607457474456e-08
4.1181607457474456e-08
4.1181607457474456e-08
6.24259614944458
-3.506894685756379e-08
-3.506894685756379e-08
-3.506894685756379e-08
35.07760238647461
-3.163403761163863e-08
-3.163403761163863e-08
-3.163403761163863e-08
-31.81736183166504
3.932937886474974e-08
3.932937886474974e-08
3.932937886474974e-08
-29.8513126373291
8.810022222860425e-08
8.810022222860425e-08
8.810022222860425e-08
6.24259614944458
4.0944307500012656e-08
4.0944307500012656e-08
4.0944307500012656e-08
35.07760238647461
7.466515228315984e-08
7.466515228315984e-08
7.466515228315984e-08
21.84195899963379
3.494466938036567e-08
3.494466938036567e-08
3.494466938036567e-08
-14.424287796020508
6.90059209773608e-08
6.90059209773608e-08
6.90059209773608e-08
-36.17979431152344
2.032103907367855e-08
2.032103907367855e-08
2.032103907367855e-08
-32.183624267578125
4.1181607457474456e-08
4.1181607457474456e-08
4.1181607457474456e-08
-13.454781532287598
-3.506894685756379e-08
-3.506894685756379e-08
-3.506894685756379e-08
4.660684108734131
-3.163403761163863e-08
-3.163403761163863e-08
-3.163403761163863e-08
-7.027563095092773
3.932937886474974e-08
3.932937886474974e-08
3.932937886474974e-08
9.045527458190918
8.810022222860425e-08
8.810022222860425e-08
8.810022222860425e-08
3.830105781555176
4.0944307500012656e-08
4.0944307500012656e-08
4.0944307500012656e-08
-17.486284255981445
7.466515228315984e-08
7.466515228315984e-08
7.466515228315984e-08
-34.738365173339844
3.494466938036567e-08
3.494466938036567e-08
3.494466938036567e-08
-24.801433563232422
6.90059209773608e-08
6.90059209773608e-08
6.90059209773608e-08
10.634099960327148
2.032103907367855e-08
2.032103907367855e-08
2.032103907367855e-08
37.32764434814453
4.1181607457474456e-08
4.1181607457474456e-08
4.1181607457474456e-08
29.00724220275879
-3.506894685756379e-08
-3.506894685756379e-08
-3.506894685756379e-08
-2.0759408473968506
-3.163403761163863e-08
-3.163403761163863e-08
-3.163403761163863e-08
37.32764434814453
3.932937886474974e-08
3.932937886474974e-08
3.932937886474974e-08
29.00724220275879
8.810022222860425e-08
8.810022222860425e-08
8.810022222860425e-08
-2.0759408473968506
4.0944307500012656e-08
4.0944307500012656e-08
4.0944307500012656e-08
-29.52960968017578
7.466515228315984e-08
7.466515228315984e-08
7.466515228315984e-08
-32.929195404052734
3.494466938036567e-08
3.494466938036567e-08
3.494466938036567e-08
-4.303059101104736
6.90059209773608e-08
6.90059209773608e-08
6.90059209773608e-08
29.3891658782959
2.032103907367855e-08
2.032103907367855e-08
2.032103907367855e-08
29.41730308532715
4.1181607457474456e-08
4.1181607457474456e-08
4.1181607457474456e-08
0.46229517459869385
-3.506894685756379e-08
-3.506894685756379e-08
-3.506894685756379e-08
-22.483774185180664
-3.163403761163863e-08
-3.163403761163863e-08
-3.163403761163863e-08
29.3891658782959
3.932937886474974e-08
3.932937886474974e-08
3.932937886474974e-08
29.41730308532715
8.810022222860425e-08
8.810022222860425e-08
8.810022222860425e-08
0.46229517459869385
4.0944307500012656e-08
4.0944307500012656e-08
4.0944307500012656e-08
-22.483774185180664
7.466515228315984e-08
7.466515228315984e-08
7.466515228315984e-08
-20.960309982299805
3.494466938036567e-08
3.494466938036567e-08
3.494466938036567e-08
-0.8213537335395813
6.90059209773608e-08
6.90059209773608e-08
6.90059209773608e-08
