0
-12.125777244567871
-158.81646728515625
1.999999987845058e-08
1.999999987845058e-08
-8.202018737792969
-155.31141662597656
-1.999999987845058e-08
-1.999999987845058e-08
-4.43693733215332
-153.37648010253906
1.999999987845058e-08
1.999999987845058e-08
0.5140830874443054
-151.3354949951172
-1.999999987845058e-08
-1.999999987845058e-08
6.8887248039245605
-151.09156799316406
1.999999987845058e-08
1.999999987845058e-08
13.010170936584473
-157.30584716796875
-1.999999987845058e-08
-1.999999987845058e-08
14.760149955749512
-167.80990600585938
1.999999987845058e-08
1.999999987845058e-08
6.439473628997803
-166.95574951171875
-1.999999987845058e-08
-1.999999987845058e-08
-10.026816368103027
-143.26620483398438
1.999999987845058e-08
1.999999987845058e-08
-19.442955017089844
-94.7420883178711
-1.999999987845058e-08
-1.999999987845058e-08
-7.253653526306152
-107.81806945800781
1.999999987845058e-08
1.999999987845058e-08
1.9000893831253052
-132.8258514404297
-1.999999987845058e-08
-1.999999987845058e-08
1.523756980895996
-147.8206329345703
1.999999987845058e-08
1.999999987845058e-08
-5.201866626739502
-145.25775146484375
-1.999999987845058e-08
-1.999999987845058e-08
-13.270187377929688
-128.59014892578125
1.999999987845058e-08
1.999999987845058e-08
-17.673389434814453
-108.31147003173828
-1.999999987845058e-08
-1.999999987845058e-08
-11.827970504760742
-103.57361602783203
1.999999987845058e-08
1.999999987845058e-08
4.173346042633057
-124.989501953125
-1.999999987845058e-08
-1.999999987845058e-08
17.37238121032715
-153.22308349609375
1.999999987845058e-08
1.999999987845058e-08
14.93445873260498
-157.08485412597656
-1.999999987845058e-08
-1.999999987845058e-08
1.971011757850647
-135.17971801757812
1.999999987845058e-08
1.999999987845058e-08
-5.385722637176514
-115.52945709228516
-1.999999987845058e-08
-1.999999987845058e-08
-1.687959909439087
-115.69410705566406
1.999999987845058e-08
1.999999987845058e-08
6.539973735809326
-127.74586486816406
-1.999999987845058e-08
-1.999999987845058e-08
13.913028717041016
-135.82713317871094
1.999999987845058e-08
1.999999987845058e-08
18.657211303710938
-131.94070434570312
-1.999999987845058e-08
-1.999999987845058e-08
19.27416229248047
-120.47235870361328
1.999999987845058e-08
1.999999987845058e-08
15.438891410827637
-110.8199234008789
-1.999999987845058e-08
-1.999999987845058e-08
8.981772422790527
-106.63287353515625
1.999999987845058e-08
1.999999987845058e-08
2.5318095684051514
-106.7330322265625
-1.999999987845058e-08
-1.999999987845058e-08
-1.1320449113845825
-109.59029388427734
1.999999987845058e-08
1.999999987845058e-08
-0.21528618037700653
-111.25538635253906
-1.999999987845058e-08
-1.999999987845058e-08
3.4264261722564697
-105.92862701416016
1.999999987845058e-08
1.999999987845058e-08
6.943068027496338
-95.74092102050781
-1.999999987845058e-08
-1.999999987845058e-08
10.658604621887207
-93.32148742675781
1.999999987845058e-08
1.999999987845058e-08
13.645146369934082
-103.04448699951172
-1.999999987845058e-08
-1.999999987845058e-08
12.28796100616455
-109.85913848876953
1.999999987845058e-08
1.999999987845058e-08
8.660057067871094
-101.95755767822266
-1.999999987845058e-08
-1.999999987845058e-08
9.108419418334961
-90.12584686279297
1.999999987845058e-08
1.999999987845058e-08
12.513407707214355
-88.06547546386719
-1.999999987845058e-08
-1.999999987845058e-08
12.10722541809082
-90.8048095703125
1.999999987845058e-08
1.999999987845058e-08
7.140483379364014
-86.1833724975586
-1.999999987845058e-08
-1.999999987845058e-08
2.983464479446411
-72.12625885009766
1.999999987845058e-08
1.999999987845058e-08
3.6917779445648193
-56.79146957397461
-1.999999987845058e-08
-1.999999987845058e-08
10.338855743408203
-49.140750885009766
1.999999987845058e-08
1.999999987845058e-08
21.357248306274414
-50.116458892822266
-1.999999987845058e-08
-1.999999987845058e-08
30.790603637695312
-54.098106384277344
1.999999987845058e-08
1.999999987845058e-08
32.252044677734375
-57.78055953979492
-1.999999987845058e-08
-1.999999987845058e-08
25.798051834106445
-60.206871032714844
1.999999987845058e-08
1.999999987845058e-08
15.38427448272705
-53.61252212524414
-1.999999987845058e-08
-1.999999987845058e-08
4.503836631774902
-29.792118072509766
1.999999987845058e-08
1.999999987845058e-08
-0.6527667045593262
-1.6414515972137451
-1.999999987845058e-08
-1.999999987845058e-08
5.296675205230713
3.4092910289764404
1.999999987845058e-08
1.999999987845058e-08
15.237455368041992
-17.76243782043457
-1.999999987845058e-08
-1.999999987845058e-08
15.170400619506836
-34.12205505371094
1.999999987845058e-08
1.999999987845058e-08
4.676021575927734
-21.572494506835938
-1.999999987845058e-08
-1.999999987845058e-08
-3.5401031970977783
7.929470539093018
1.999999987845058e-08
1.999999987845058e-08
-4.0617146492004395
29.220882415771484
-1.999999987845058e-08
-1.999999987845058e-08
-2.9528720378875732
36.74546432495117
1.999999987845058e-08
1.999999987845058e-08
-2.7908432483673096
41.6694450378418
-1.999999987845058e-08
-1.999999987845058e-08
2.352724075317383
47.26478576660156
1.999999987845058e-08
1.999999987845058e-08
14.8606595993042
43.49250411987305
-1.999999987845058e-08
-1.999999987845058e-08
27.29593849182129
24.00907325744629
1.999999987845058e-08
1.999999987845058e-08
31.14385414123535
-0.6540893316268921
-1.999999987845058e-08
-1.999999987845058e-08
25.15876007080078
-9.708829879760742
1.999999987845058e-08
1.999999987845058e-08
16.16390609741211
3.4575753211975098
-1.999999987845058e-08
-1.999999987845058e-08
12.722965240478516
22.665904998779297
1.999999987845058e-08
1.999999987845058e-08
14.189081192016602
35.9083137512207
-1.999999987845058e-08
-1.999999987845058e-08
12.901283264160156
48.70625686645508
1.999999987845058e-08
1.999999987845058e-08
9.043299674987793
60.70052719116211
-1.999999987845058e-08
-1.999999987845058e-08
9.541280746459961
60.81363296508789
1.999999987845058e-08
1.999999987845058e-08
13.390294075012207
52.71207809448242
-1.999999987845058e-08
-1.999999987845058e-08
12.690433502197266
55.63249969482422
1.999999987845058e-08
1.999999987845058e-08
6.212036609649658
74.57926940917969
-1.999999987845058e-08
-1.999999987845058e-08
0.7054476737976074
92.18304443359375
1.999999987845058e-08
1.999999987845058e-08
0.4076046049594879
94.5911865234375
-1.999999987845058e-08
-1.999999987845058e-08
3.21504282951355
88.9026870727539
1.999999987845058e-08
1.999999987845058e-08
6.098203659057617
91.4683609008789
-1.999999987845058e-08
-1.999999987845058e-08
9.59803581237793
106.0362548828125
1.999999987845058e-08
1.999999987845058e-08
9.59803581237793
106.0362548828125
-1.999999987845058e-08
-1.999999987845058e-08
15.740041732788086
117.68450927734375
1.999999987845058e-08
1.999999987845058e-08
21.543174743652344
113.8404541015625
-1.999999987845058e-08
-1.999999987845058e-08
20.045978546142578
103.77085876464844
1.999999987845058e-08
1.999999987845058e-08
10.47618293762207
105.38275909423828
-1.999999987845058e-08
-1.999999987845058e-08
-0.07256323844194412
122.3437271118164
1.999999987845058e-08
1.999999987845058e-08
-5.768004417419434
142.39849853515625
-1.999999987845058e-08
-1.999999987845058e-08
-6.570459365844727
151.510498046875
1.999999987845058e-08
1.999999987845058e-08
-4.333773136138916
145.91156005859375
-1.999999987845058e-08
-1.999999987845058e-08
1.4954742193222046
131.5006103515625
1.999999987845058e-08
1.999999987845058e-08
16.894399642944336
107.97415161132812
-1.999999987845058e-08
-1.999999987845058e-08
13.492517471313477
105.65876770019531
1.999999987845058e-08
1.999999987845058e-08
2.066542863845825
108.64289855957031
-1.999999987845058e-08
-1.999999987845058e-08
-8.825004577636719
118.52182006835938
1.999999987845058e-08
1.999999987845058e-08
-11.86086654663086
132.39476013183594
-1.999999987845058e-08
-1.999999987845058e-08
-7.3106279373168945
141.67311096191406
1.999999987845058e-08
1.999999987845058e-08
-0.8898709416389465
144.7509002685547
-1.999999987845058e-08
-1.999999987845058e-08
3.621234893798828
146.18853759765625
1.999999987845058e-08
1.999999987845058e-08
6.744146347045898
143.4097137451172
-1.999999987845058e-08
-1.999999987845058e-08
9.59018325805664
132.95217895507812
1.999999987845058e-08
1.999999987845058e-08
-2.1883652210235596
157.51705932617188
-1.999999987845058e-08
-1.999999987845058e-08
0.7050913572311401
153.18894958496094
1.999999987845058e-08
1.999999987845058e-08
6.401638984680176
137.74639892578125
-1.999999987845058e-08
-1.999999987845058e-08
7.973946571350098
124.09846496582031
1.999999987845058e-08
1.999999987845058e-08
5.018750190734863
124.35688018798828
-1.999999987845058e-08
-1.999999987845058e-08
1.3896722793579102
140.00599670410156
1.999999987845058e-08
1.999999987845058e-08
-0.4426077902317047
159.2860565185547
-1.999999987845058e-08
-1.999999987845058e-08
1.4600151777267456
167.95155334472656
1.999999987845058e-08
1.999999987845058e-08
6.7870330810546875
164.6091766357422
-1.999999987845058e-08
-1.999999987845058e-08
9.834226608276367
161.230224609375
1.999999987845058e-08
1.999999987845058e-08
-0.4426077902317047
159.2860565185547
-1.999999987845058e-08
-1.999999987845058e-08
1.4600151777267456
167.95155334472656
1.999999987845058e-08
1.999999987845058e-08
6.7870330810546875
164.6091766357422
-1.999999987845058e-08
-1.999999987845058e-08
9.834226608276367
161.230224609375
1.999999987845058e-08
1.999999987845058e-08
6.462172985076904
166.85336303710938
-1.999999987845058e-08
-1.999999987845058e-08
1.7037848234176636
174.93495178222656
1.999999987845058e-08
1.999999987845058e-08
1.3060253858566284
174.12911987304688
-1.999999987845058e-08
-1.999999987845058e-08
1.3455584049224854
168.32640075683594
1.999999987845058e-08
1.999999987845058e-08
-3.890794277191162
168.85792541503906
-1.999999987845058e-08
-1.999999987845058e-08
-11.325658798217773
172.4655303955078
1.999999987845058e-08
1.999999987845058e-08
-8.991599082946777
143.99049377441406
-1.999999987845058e-08
-1.999999987845058e-08
-18.835412979125977
159.0695343017578
1.999999987845058e-08
1.999999987845058e-08
-17.05364418029785
164.0211639404297
-1.999999987845058e-08
-1.999999987845058e-08
-5.210954666137695
153.70803833007812
1.999999987845058e-08
1.999999987845058e-08
6.621548175811768
138.9360809326172
-1.999999987845058e-08
-1.999999987845058e-08
11.951155662536621
130.5252227783203
1.999999987845058e-08
1.999999987845058e-08
11.790597915649414
126.79431915283203
-1.999999987845058e-08
-1.999999987845058e-08
9.22265625
123.7804183959961
1.999999987845058e-08
1.999999987845058e-08
7.186883926391602
122.0722885131836
-1.999999987845058e-08
-1.999999987845058e-08
7.773183345794678
119.9391098022461
1.999999987845058e-08
1.999999987845058e-08
11.951155662536621
130.5252227783203
-1.999999987845058e-08
-1.999999987845058e-08
11.790597915649414
126.79431915283203
1.999999987845058e-08
1.999999987845058e-08
9.22265625
123.7804183959961
-1.999999987845058e-08
-1.999999987845058e-08
7.186883926391602
122.0722885131836
1.999999987845058e-08
1.999999987845058e-08
7.773183345794678
119.9391098022461
-1.999999987845058e-08
-1.999999987845058e-08
8.947351455688477
115.36294555664062
1.999999987845058e-08
1.999999987845058e-08
6.773475170135498
114.53018188476562
-1.999999987845058e-08
-1.999999987845058e-08
2.9872026443481445
120.99827575683594
1.999999987845058e-08
1.999999987845058e-08
4.04893684387207
122.82293701171875
-1.999999987845058e-08
-1.999999987845058e-08
11.230279922485352
110.39695739746094
1.999999987845058e-08
1.999999987845058e-08
16.851364135742188
85.71147155761719
-1.999999987845058e-08
-1.999999987845058e-08
8.23928451538086
87.82392883300781
1.999999987845058e-08
1.999999987845058e-08
-2.6024770736694336
95.7656478881836
-1.999999987845058e-08
-1.999999987845058e-08
-9.539761543273926
106.35460662841797
1.999999987845058e-08
1.999999987845058e-08
-9.245499610900879
114.46039581298828
-1.999999987845058e-08
-1.999999987845058e-08
-2.858510732650757
114.09264373779297
1.999999987845058e-08
1.999999987845058e-08
4.467220306396484
105.08417510986328
-1.999999987845058e-08
-1.999999987845058e-08
7.907718658447266
93.70356750488281
1.999999987845058e-08
1.999999987845058e-08
7.169724464416504
85.13105773925781
-1.999999987845058e-08
-1.999999987845058e-08
3.761180877685547
81.42546844482422
1.999999987845058e-08
1.999999987845058e-08
-18.055187225341797
120.34290313720703
-1.999999987845058e-08
-1.999999987845058e-08
-12.75676441192627
120.82643127441406
1.999999987845058e-08
1.999999987845058e-08
-5.726338863372803
109.18663024902344
-1.999999987845058e-08
-1.999999987845058e-08
-6.5252838134765625
99.44895935058594
1.999999987845058e-08
1.999999987845058e-08
-13.084081649780273
95.85794067382812
-1.999999987845058e-08
-1.999999987845058e-08
-19.940425872802734
95.00180053710938
1.999999987845058e-08
1.999999987845058e-08
-25.954666137695312
94.32526397705078
-1.999999987845058e-08
-1.999999987845058e-08
-27.82489013671875
90.04578399658203
1.999999987845058e-08
1.999999987845058e-08
-22.999412536621094
81.28307342529297
-1.999999987845058e-08
-1.999999987845058e-08
-16.802515029907227
74.08232879638672
1.999999987845058e-08
1.999999987845058e-08
-27.82489013671875
90.04578399658203
-1.999999987845058e-08
-1.999999987845058e-08
-22.999412536621094
81.28307342529297
1.999999987845058e-08
1.999999987845058e-08
-16.802515029907227
74.08232879638672
-1.999999987845058e-08
-1.999999987845058e-08
-13.858790397644043
73.27389526367188
1.999999987845058e-08
1.999999987845058e-08
-12.086700439453125
79.63618469238281
-1.999999987845058e-08
-1.999999987845058e-08
-9.384011268615723
91.3411636352539
1.999999987845058e-08
1.999999987845058e-08
-5.879158020019531
99.6311264038086
-1.999999987845058e-08
-1.999999987845058e-08
-0.5650454163551331
95.27400207519531
1.999999987845058e-08
1.999999987845058e-08
7.891377925872803
80.23085021972656
-1.999999987845058e-08
-1.999999987845058e-08
17.509843826293945
62.80213928222656
1.999999987845058e-08
1.999999987845058e-08
18.51352882385254
55.44989013671875
-1.999999987845058e-08
-1.999999987845058e-08
9.072054862976074
71.41659545898438
1.999999987845058e-08
1.999999987845058e-08
-0.14663997292518616
81.76691436767578
-1.999999987845058e-08
-1.999999987845058e-08
-3.646496057510376
80.14922332763672
1.999999987845058e-08
1.999999987845058e-08
-0.03840896859765053
66.78730010986328
-1.999999987845058e-08
-1.999999987845058e-08
5.127574920654297
49.919734954833984
1.999999987845058e-08
1.999999987845058e-08
5.06582498550415
43.477848052978516
-1.999999987845058e-08
-1.999999987845058e-08
-0.018193857744336128
51.71907424926758
1.999999987845058e-08
1.999999987845058e-08
-3.0611822605133057
62.61909866333008
-1.999999987845058e-08
-1.999999987845058e-08
1.7635681629180908
61.53746795654297
1.999999987845058e-08
1.999999987845058e-08
19.714378356933594
34.127628326416016
-1.999999987845058e-08
-1.999999987845058e-08
15.622296333312988
33.062828063964844
1.999999987845058e-08
1.999999987845058e-08
0.47915658354759216
43.59068298339844
-1.999999987845058e-08
-1.999999987845058e-08
-16.280935287475586
57.54205322265625
1.999999987845058e-08
1.999999987845058e-08
-22.559972763061523
66.51714324951172
-1.999999987845058e-08
-1.999999987845058e-08
-14.3789644241333
65.58920288085938
1.999999987845058e-08
1.999999987845058e-08
-1.3963712453842163
56.955406188964844
-1.999999987845058e-08
-1.999999987845058e-08
3.191437244415283
49.57040023803711
1.999999987845058e-08
1.999999987845058e-08
-2.446603298187256
50.18219757080078
-1.999999987845058e-08
-1.999999987845058e-08
-9.08967399597168
53.67209243774414
1.999999987845058e-08
1.999999987845058e-08
-14.3789644241333
65.58920288085938
-1.999999987845058e-08
-1.999999987845058e-08
-1.3963712453842163
56.955406188964844
1.999999987845058e-08
1.999999987845058e-08
3.191437005996704
49.57040023803711
-1.999999987845058e-08
-1.999999987845058e-08
-2.446603298187256
50.18219757080078
1.999999987845058e-08
1.999999987845058e-08
-9.08967399597168
53.67209243774414
-1.999999987845058e-08
-1.999999987845058e-08
-10.192413330078125
50.13684844970703
1.999999987845058e-08
1.999999987845058e-08
-7.656291484832764
39.70972442626953
-1.999999987845058e-08
-1.999999987845058e-08
-3.5262625217437744
30.001895904541016
1.999999987845058e-08
1.999999987845058e-08
3.0727975368499756
24.606107711791992
-1.999999987845058e-08
-1.999999987845058e-08
10.020170211791992
20.606748580932617
1.999999987845058e-08
1.999999987845058e-08
2.8147051334381104
4.319788455963135
-1.999999987845058e-08
-1.999999987845058e-08
6.204467296600342
-1.8535959720611572
1.999999987845058e-08
1.999999987845058e-08
7.9983649253845215
-8.811480522155762
-1.999999987845058e-08
-1.999999987845058e-08
6.482458591461182
-9.417119026184082
1.999999987845058e-08
1.999999987845058e-08
4.477644920349121
-8.966655731201172
-1.999999987845058e-08
-1.999999987845058e-08
4.3688249588012695
-17.055923461914062
1.999999987845058e-08
1.999999987845058e-08
4.934297561645508
-26.181921005249023
-1.999999987845058e-08
-1.999999987845058e-08
5.697240352630615
-22.189443588256836
1.999999987845058e-08
1.999999987845058e-08
5.676755905151367
-5.268136501312256
-1.999999987845058e-08
-1.999999987845058e-08
2.0686581134796143
12.63237476348877
1.999999987845058e-08
1.999999987845058e-08
4.934297561645508
-26.181921005249023
-1.999999987845058e-08
-1.999999987845058e-08
5.697240352630615
-22.189443588256836
1.999999987845058e-08
1.999999987845058e-08
5.676755905151367
-5.268136501312256
-1.999999987845058e-08
-1.999999987845058e-08
2.0686581134796143
12.63237476348877
1.999999987845058e-08
1.999999987845058e-08
-2.602755308151245
19.418533325195312
-1.999999987845058e-08
-1.999999987845058e-08
-1.639526128768921
10.763713836669922
1.999999987845058e-08
1.999999987845058e-08
4.85720682144165
-7.60928201675415
-1.999999987845058e-08
-1.999999987845058e-08
8.194975852966309
-21.755983352661133
1.999999987845058e-08
1.999999987845058e-08
3.4889843463897705
-18.92421531677246
-1.999999987845058e-08
-1.999999987845058e-08
-2.8356692790985107
-3.081347942352295
1.999999987845058e-08
1.999999987845058e-08
2.9624757766723633
-15.383848190307617
-1.999999987845058e-08
-1.999999987845058e-08
3.5644266605377197
-24.528491973876953
1.999999987845058e-08
1.999999987845058e-08
4.259159088134766
-29.484485626220703
-1.999999987845058e-08
-1.999999987845058e-08
5.180722236633301
-36.915653228759766
1.999999987845058e-08
1.999999987845058e-08
2.4510269165039062
-43.88373565673828
-1.999999987845058e-08
-1.999999987845058e-08
-3.427929401397705
-42.193851470947266
1.999999987845058e-08
1.999999987845058e-08
-7.134913921356201
-32.69852828979492
-1.999999987845058e-08
-1.999999987845058e-08
-9.57763957977295
-21.89693260192871
1.999999987845058e-08
1.999999987845058e-08
-14.459527015686035
-15.233467102050781
-1.999999987845058e-08
-1.999999987845058e-08
-16.28506088256836
-18.110836029052734
1.999999987845058e-08
1.999999987845058e-08
0.123410664498806
-29.65791893005371
-1.999999987845058e-08
-1.999999987845058e-08
0.8653882741928101
-17.459014892578125
1.999999987845058e-08
1.999999987845058e-08
-3.8069679737091064
-4.56150484085083
-1.999999987845058e-08
-1.999999987845058e-08
-6.209377288818359
-3.119805097579956
1.999999987845058e-08
1.999999987845058e-08
-7.185722827911377
-6.255577564239502
-1.999999987845058e-08
-1.999999987845058e-08
-9.106053352355957
-3.758554697036743
1.999999987845058e-08
1.999999987845058e-08
-9.226764678955078
1.2714265584945679
-1.999999987845058e-08
-1.999999987845058e-08
-7.099249362945557
1.530627727508545
1.999999987845058e-08
1.999999987845058e-08
-5.7595415115356445
-4.511500358581543
-1.999999987845058e-08
-1.999999987845058e-08
-5.437875747680664
-16.055797576904297
1.999999987845058e-08
1.999999987845058e-08
-9.226764678955078
1.2714265584945679
-1.999999987845058e-08
-1.999999987845058e-08
-7.099249362945557
1.530627727508545
1.999999987845058e-08
1.999999987845058e-08
-5.7595415115356445
-4.511500358581543
-1.999999987845058e-08
-1.999999987845058e-08
-5.437875747680664
-16.055797576904297
1.999999987845058e-08
1.999999987845058e-08
-5.672781467437744
-30.244321823120117
-1.999999987845058e-08
-1.999999987845058e-08
-8.462350845336914
-37.423370361328125
1.999999987845058e-08
1.999999987845058e-08
-11.873739242553711
-29.833572387695312
-1.999999987845058e-08
-1.999999987845058e-08
-10.358404159545898
-16.018091201782227
1.999999987845058e-08
1.999999987845058e-08
-6.717037200927734
-10.652647972106934
-1.999999987845058e-08
-1.999999987845058e-08
-9.101042747497559
-14.370253562927246
1.999999987845058e-08
1.999999987845058e-08
-6.510322093963623
-17.47184181213379
-1.999999987845058e-08
-1.999999987845058e-08
-9.397268295288086
-29.905426025390625
1.999999987845058e-08
1.999999987845058e-08
-7.259068012237549
-44.19505310058594
-1.999999987845058e-08
-1.999999987845058e-08
-3.353036880493164
-53.73649215698242
1.999999987845058e-08
1.999999987845058e-08
-3.5894641876220703
-58.1170768737793
-1.999999987845058e-08
-1.999999987845058e-08
-9.628029823303223
-60.94696044921875
1.999999987845058e-08
1.999999987845058e-08
-15.961111068725586
-64.7194595336914
-1.999999987845058e-08
-1.999999987845058e-08
-15.013038635253906
-67.20487213134766
1.999999987845058e-08
1.999999987845058e-08
-6.074003219604492
-65.06459045410156
-1.999999987845058e-08
-1.999999987845058e-08
2.6395819187164307
-57.49866485595703
1.999999987845058e-08
1.999999987845058e-08
-15.961111068725586
-64.7194595336914
-1.999999987845058e-08
-1.999999987845058e-08
-15.013038635253906
-67.20487213134766
1.999999987845058e-08
1.999999987845058e-08
-6.074003219604492
-65.06459045410156
-1.999999987845058e-08
-1.999999987845058e-08
2.6395819187164307
-57.49866485595703
1.999999987845058e-08
1.999999987845058e-08
3.9839279651641846
-46.07344055175781
-1.999999987845058e-08
-1.999999987845058e-08
0.3151053786277771
-36.60502243041992
1.999999987845058e-08
1.999999987845058e-08
-2.8547966480255127
-37.10285949707031
-1.999999987845058e-08
-1.999999987845058e-08
-4.275393486022949
-48.404640197753906
1.999999987845058e-08
1.999999987845058e-08
-3.4389092922210693
-63.21477508544922
-1.999999987845058e-08
-1.999999987845058e-08
0.9938255548477173
-76.58501434326172
1.999999987845058e-08
1.999999987845058e-08
-6.737279891967773
-79.9139175415039
-1.999999987845058e-08
-1.999999987845058e-08
-9.426944732666016
-76.41991424560547
1.999999987845058e-08
1.999999987845058e-08
-7.4014482498168945
-72.94689178466797
-1.999999987845058e-08
-1.999999987845058e-08
-5.33999490737915
-62.745059967041016
1.999999987845058e-08
1.999999987845058e-08
-5.641608715057373
-49.9383430480957
-1.999999987845058e-08
-1.999999987845058e-08
-10.014827728271484
-40.10927200317383
1.999999987845058e-08
1.999999987845058e-08
-15.19631290435791
-34.03535461425781
-1.999999987845058e-08
-1.999999987845058e-08
-12.437518119812012
-36.34677505493164
1.999999987845058e-08
1.999999987845058e-08
-1.383361577987671
-49.888607025146484
-1.999999987845058e-08
-1.999999987845058e-08
6.46138334274292
-64.51212310791016
1.999999987845058e-08
1.999999987845058e-08
0.21321120858192444
-70.13710021972656
-1.999999987845058e-08
-1.999999987845058e-08
3.9840757846832275
-83.2478256225586
1.999999987845058e-08
1.999999987845058e-08
3.9348111152648926
-94.92708587646484
-1.999999987845058e-08
-1.999999987845058e-08
1.2187058925628662
-96.27218627929688
1.999999987845058e-08
1.999999987845058e-08
-0.5598689913749695
-86.27359008789062
-1.999999987845058e-08
-1.999999987845058e-08
-1.8728969097137451
-70.16414642333984
1.999999987845058e-08
1.999999987845058e-08
-4.139153480529785
-57.65574645996094
-1.999999987845058e-08
-1.999999987845058e-08
-5.234252452850342
-58.76594161987305
1.999999987845058e-08
1.999999987845058e-08
-4.009981632232666
-71.18647003173828
-1.999999987845058e-08
-1.999999987845058e-08
-2.543532133102417
-81.93460083007812
1.999999987845058e-08
1.999999987845058e-08
-5.2342529296875
-58.76594161987305
-1.999999987845058e-08
-1.999999987845058e-08
-4.009981632232666
-71.18647003173828
1.999999987845058e-08
1.999999987845058e-08
-2.543532133102417
-81.93460083007812
-1.999999987845058e-08
-1.999999987845058e-08
-3.044123411178589
-85.05152130126953
1.999999987845058e-08
1.999999987845058e-08
-7.945016384124756
-84.11986541748047
-1.999999987845058e-08
-1.999999987845058e-08
-17.53787612915039
-81.0968246459961
1.999999987845058e-08
1.999999987845058e-08
-23.59498405456543
-76.81947326660156
-1.999999987845058e-08
-1.999999987845058e-08
-16.331199645996094
-75.99793243408203
1.999999987845058e-08
1.999999987845058e-08
0.5212161540985107
-79.53379821777344
-1.999999987845058e-08
-1.999999987845058e-08
13.52109146118164
-80.74042510986328
1.999999987845058e-08
1.999999987845058e-08
3.9601852893829346
-65.39067840576172
-1.999999987845058e-08
-1.999999987845058e-08
-11.279964447021484
-51.18991470336914
1.999999987845058e-08
1.999999987845058e-08
-19.325057983398438
-42.64212417602539
-1.999999987845058e-08
-1.999999987845058e-08
-14.127385139465332
-49.00846481323242
1.999999987845058e-08
1.999999987845058e-08
-4.149212837219238
-60.45781326293945
-1.999999987845058e-08
-1.999999987845058e-08
0.19594000279903412
-63.94190216064453
1.999999987845058e-08
1.999999987845058e-08
-0.11350620537996292
-65.31538391113281
-1.999999987845058e-08
-1.999999987845058e-08
-0.4059477746486664
-72.02265930175781
1.999999987845058e-08
1.999999987845058e-08
-1.0769292116165161
-74.90628051757812
-1.999999987845058e-08
-1.999999987845058e-08
-2.097372055053711
-65.84024810791016
1.999999987845058e-08
1.999999987845058e-08
-2.097372055053711
-65.84024810791016
-1.999999987845058e-08
-1.999999987845058e-08
-0.5353670716285706
-54.61091995239258
1.999999987845058e-08
1.999999987845058e-08
1.5617252588272095
-52.442230224609375
-1.999999987845058e-08
-1.999999987845058e-08
-0.4248741567134857
-57.50898361206055
1.999999987845058e-08
1.999999987845058e-08
-2.15508770942688
-67.4940185546875
-1.999999987845058e-08
-1.999999987845058e-08
2.491816520690918
-82.75555419921875
1.999999987845058e-08
1.999999987845058e-08
7.152515888214111
-93.93211364746094
-1.999999987845058e-08
-1.999999987845058e-08
2.183149814605713
-89.25279998779297
1.999999987845058e-08
1.999999987845058e-08
-9.166460990905762
-72.23243713378906
-1.999999987845058e-08
-1.999999987845058e-08
-15.108939170837402
-56.65811538696289
1.999999987845058e-08
1.999999987845058e-08
1.1162774562835693
-57.84123611450195
-1.999999987845058e-08
-1.999999987845058e-08
5.906554698944092
-69.90074920654297
1.999999987845058e-08
1.999999987845058e-08
-1.2374988794326782
-71.08890533447266
-1.999999987845058e-08
-1.999999987845058e-08
-13.358012199401855
-57.91673278808594
1.999999987845058e-08
1.999999987845058e-08
-20.160322189331055
-50.606937408447266
-1.999999987845058e-08
-1.999999987845058e-08
-19.320920944213867
-64.37178039550781
1.999999987845058e-08
1.999999987845058e-08
-15.738266944885254
-85.58026885986328
-1.999999987845058e-08
-1.999999987845058e-08
-14.526021957397461
-89.8948745727539
1.999999987845058e-08
1.999999987845058e-08
-14.642988204956055
-75.00886535644531
-1.999999987845058e-08
-1.999999987845058e-08
-10.707141876220703
-61.25920104980469
1.999999987845058e-08
1.999999987845058e-08
-4.287242889404297
-64.93798065185547
-1.999999987845058e-08
-1.999999987845058e-08
2.131911039352417
-62.65245056152344
1.999999987845058e-08
1.999999987845058e-08
10.927614212036133
-62.23957443237305
-1.999999987845058e-08
-1.999999987845058e-08
17.14299964904785
-56.86771774291992
1.999999987845058e-08
1.999999987845058e-08
20.564456939697266
-48.894893646240234
-1.999999987845058e-08
-1.999999987845058e-08
19.526411056518555
-45.70361328125
1.999999987845058e-08
1.999999987845058e-08
13.043403625488281
-46.580055236816406
-1.999999987845058e-08
-1.999999987845058e-08
7.172017574310303
-46.086570739746094
1.999999987845058e-08
1.999999987845058e-08
8.337040901184082
-44.947776794433594
-1.999999987845058e-08
-1.999999987845058e-08
14.507264137268066
-49.52738571166992
1.999999987845058e-08
1.999999987845058e-08
13.043403625488281
-46.580055236816406
-1.999999987845058e-08
-1.999999987845058e-08
7.172017574310303
-46.086570739746094
1.999999987845058e-08
1.999999987845058e-08
8.337040901184082
-44.947776794433594
-1.999999987845058e-08
-1.999999987845058e-08
14.507264137268066
-49.52738571166992
1.999999987845058e-08
1.999999987845058e-08
18.960376739501953
-61.60820770263672
-1.999999987845058e-08
-1.999999987845058e-08
17.747900009155273
-71.37345886230469
1.999999987845058e-08
1.999999987845058e-08
12.712593078613281
-66.27273559570312
-1.999999987845058e-08
-1.999999987845058e-08
8.903166770935059
-47.88165283203125
1.999999987845058e-08
1.999999987845058e-08
7.105888843536377
-28.209653854370117
-1.999999987845058e-08
-1.999999987845058e-08
4.684716701507568
-14.136937141418457
1.999999987845058e-08
1.999999987845058e-08
20.755983352661133
-33.77138137817383
-1.999999987845058e-08
-1.999999987845058e-08
23.859800338745117
-58.21402359008789
1.999999987845058e-08
1.999999987845058e-08
16.290935516357422
-73.74188232421875
-1.999999987845058e-08
-1.999999987845058e-08
5.150749683380127
-67.65577697753906
1.999999987845058e-08
1.999999987845058e-08
0.35885515809059143
-49.1795539855957
-1.999999987845058e-08
-1.999999987845058e-08
4.271756172180176
-42.89577865600586
1.999999987845058e-08
1.999999987845058e-08
11.158312797546387
-56.89022445678711
-1.999999987845058e-08
-1.999999987845058e-08
14.015766143798828
-73.22438049316406
1.999999987845058e-08
1.999999987845058e-08
9.864432334899902
-72.8623275756836
-1.999999987845058e-08
-1.999999987845058e-08
1.1766080856323242
-57.33150100708008
1.999999987845058e-08
1.999999987845058e-08
11.158312797546387
-56.89022445678711
-1.999999987845058e-08
-1.999999987845058e-08
14.015766143798828
-73.22438049316406
1.999999987845058e-08
1.999999987845058e-08
9.864432334899902
-72.8623275756836
-1.999999987845058e-08
-1.999999987845058e-08
1.1766080856323242
-57.33150100708008
1.999999987845058e-08
1.999999987845058e-08
-4.503454208374023
-43.942813873291016
-1.999999987845058e-08
-1.999999987845058e-08
-1.3097633123397827
-45.17442321777344
1.999999987845058e-08
1.999999987845058e-08
5.420734405517578
-54.22200012207031
-1.999999987845058e-08
-1.999999987845058e-08
5.536061763763428
-54.78639602661133
1.999999987845058e-08
1.999999987845058e-08
-0.9410742521286011
-42.927391052246094
-1.999999987845058e-08
-1.999999987845058e-08
-6.062901973724365
-29.655229568481445
1.999999987845058e-08
1.999999987845058e-08
-0.695517897605896
-20.778039932250977
-1.999999987845058e-08
-1.999999987845058e-08
4.137782573699951
-14.647833824157715
1.999999987845058e-08
1.999999987845058e-08
3.1977241039276123
-6.118730068206787
-1.999999987845058e-08
-1.999999987845058e-08
-2.9932432174682617
-3.375997304916382
1.999999987845058e-08
1.999999987845058e-08
-5.623732089996338
-10.098849296569824
-1.999999987845058e-08
-1.999999987845058e-08
-0.776153564453125
-17.789535522460938
1.999999987845058e-08
1.999999987845058e-08
3.3729519844055176
-13.069957733154297
-1.999999987845058e-08
-1.999999987845058e-08
0.7686789631843567
8.572464942932129
1.999999987845058e-08
1.999999987845058e-08
-1.963854193687439
34.57583236694336
-1.999999987845058e-08
-1.999999987845058e-08
2.47100567817688
42.47042465209961
1.999999987845058e-08
1.999999987845058e-08
11.222187995910645
-32.594627380371094
-1.999999987845058e-08
-1.999999987845058e-08
1.084326148033142
-21.415786743164062
1.999999987845058e-08
1.999999987845058e-08
-8.490364074707031
5.9945197105407715
-1.999999987845058e-08
-1.999999987845058e-08
-12.781031608581543
22.41837501525879
1.999999987845058e-08
1.999999987845058e-08
-13.134817123413086
18.69562530517578
-1.999999987845058e-08
-1.999999987845058e-08
-11.572393417358398
7.182854175567627
1.999999987845058e-08
1.999999987845058e-08
-9.20260238647461
2.503648519515991
-1.999999987845058e-08
-1.999999987845058e-08
-9.222868919372559
9.818793296813965
1.999999987845058e-08
1.999999987845058e-08
-11.81186580657959
20.899951934814453
-1.999999987845058e-08
-1.999999987845058e-08
-10.602054595947266
17.947277069091797
1.999999987845058e-08
1.999999987845058e-08
4.727598667144775
-25.808984756469727
-1.999999987845058e-08
-1.999999987845058e-08
4.835958957672119
-21.697757720947266
1.999999987845058e-08
1.999999987845058e-08
2.6969072818756104
2.2372641563415527
-1.999999987845058e-08
-1.999999987845058e-08
5.923048973083496
17.54281234741211
1.999999987845058e-08
1.999999987845058e-08
11.739923477172852
10.64155387878418
-1.999999987845058e-08
-1.999999987845058e-08
12.641998291015625
-3.2754478454589844
1.999999987845058e-08
1.999999987845058e-08
6.7921142578125
-2.796527147293091
-1.999999987845058e-08
-1.999999987845058e-08
-3.049764633178711
16.4260196685791
1.999999987845058e-08
1.999999987845058e-08
-11.237634658813477
38.33875274658203
-1.999999987845058e-08
-1.999999987845058e-08
-10.2279052734375
42.33953857421875
1.999999987845058e-08
1.999999987845058e-08
6.7921142578125
-2.796527147293091
-1.999999987845058e-08
-1.999999987845058e-08
-3.049764633178711
16.4260196685791
1.999999987845058e-08
1.999999987845058e-08
-11.237634658813477
38.33875274658203
-1.999999987845058e-08
-1.999999987845058e-08
-10.2279052734375
42.33953857421875
1.999999987845058e-08
1.999999987845058e-08
0.4502890408039093
25.893991470336914
-1.999999987845058e-08
-1.999999987845058e-08
11.838654518127441
7.371301174163818
1.999999987845058e-08
1.999999987845058e-08
18.01723289489746
2.2697277069091797
-1.999999987845058e-08
-1.999999987845058e-08
20.927684783935547
5.4371657371521
1.999999987845058e-08
1.999999987845058e-08
20.933752059936523
3.51291823387146
-1.999999987845058e-08
-1.999999987845058e-08
14.688088417053223
-3.0226104259490967
1.999999987845058e-08
1.999999987845058e-08
5.053037166595459
-2.023303270339966
-1.999999987845058e-08
-1.999999987845058e-08
2.4837489128112793
8.31920337677002
1.999999987845058e-08
1.999999987845058e-08
10.394721984863281
16.385009765625
-1.999999987845058e-08
-1.999999987845058e-08
18.758140563964844
15.496325492858887
1.999999987845058e-08
1.999999987845058e-08
17.98942756652832
9.664016723632812
-1.999999987845058e-08
-1.999999987845058e-08
9.004432678222656
5.81480598449707
1.999999987845058e-08
1.999999987845058e-08
-2.0900118350982666
9.860078811645508
-1.999999987845058e-08
-1.999999987845058e-08
-8.600650787353516
22.84853172302246
1.999999987845058e-08
1.999999987845058e-08
-4.607505798339844
36.37315368652344
-1.999999987845058e-08
-1.999999987845058e-08
7.290956974029541
40.49693298339844
1.999999987845058e-08
1.999999987845058e-08
-1.2895798683166504
36.21995162963867
-1.999999987845058e-08
-1.999999987845058e-08
-7.273517608642578
46.641571044921875
1.999999987845058e-08
1.999999987845058e-08
-7.49824857711792
52.37342834472656
-1.999999987845058e-08
-1.999999987845058e-08
-1.9544494152069092
45.3569450378418
1.999999987845058e-08
1.999999987845058e-08
2.8251497745513916
32.701881408691406
-1.999999987845058e-08
-1.999999987845058e-08
2.2238144874572754
28.493314743041992
1.999999987845058e-08
1.999999987845058e-08
-0.6849968433380127
35.01810836791992
-1.999999987845058e-08
-1.999999987845058e-08
-0.8312657475471497
43.49498748779297
1.999999987845058e-08
1.999999987845058e-08
1.105980396270752
48.274009704589844
-1.999999987845058e-08
-1.999999987845058e-08
-0.14914612472057343
49.93169021606445
1.999999987845058e-08
1.999999987845058e-08
-0.149146169424057
49.93169021606445
-1.999999987845058e-08
-1.999999987845058e-08
-6.247299671173096
49.86676025390625
1.999999987845058e-08
1.999999987845058e-08
-12.408655166625977
48.29655075073242
-1.999999987845058e-08
-1.999999987845058e-08
-13.88456916809082
43.25009536743164
1.999999987845058e-08
1.999999987845058e-08
-11.822218894958496
33.98805236816406
-1.999999987845058e-08
-1.999999987845058e-08
-11.53703784942627
30.063806533813477
1.999999987845058e-08
1.999999987845058e-08
-13.61435604095459
42.19078063964844
-1.999999987845058e-08
-1.999999987845058e-08
-10.26379108428955
60.68635559082031
1.999999987845058e-08
1.999999987845058e-08
1.7126749753952026
65.47166442871094
-1.999999987845058e-08
-1.999999987845058e-08
13.246770858764648
52.885841369628906
1.999999987845058e-08
1.999999987845058e-08
15.705657958984375
35.77216720581055
-1.999999987845058e-08
-1.999999987845058e-08
10.602447509765625
28.090364456176758
1.999999987845058e-08
1.999999987845058e-08
5.707770347595215
32.049293518066406
-1.999999987845058e-08
-1.999999987845058e-08
6.455901622772217
35.97260284423828
1.999999987845058e-08
1.999999987845058e-08
9.627313613891602
32.278953552246094
-1.999999987845058e-08
-1.999999987845058e-08
7.826724529266357
29.080711364746094
1.999999987845058e-08
1.999999987845058e-08
-0.21941234171390533
35.179935455322266
-1.999999987845058e-08
-1.999999987845058e-08
-7.949869632720947
46.4807014465332
1.999999987845058e-08
1.999999987845058e-08
-8.777862548828125
52.107669830322266
-1.999999987845058e-08
-1.999999987845058e-08
-3.9379353523254395
46.878211975097656
1.999999987845058e-08
1.999999987845058e-08
-0.38102221488952637
36.117454528808594
-1.999999987845058e-08
-1.999999987845058e-08
-1.0889222621917725
26.821849822998047
1.999999987845058e-08
1.999999987845058e-08
-3.9994168281555176
20.623367309570312
-1.999999987845058e-08
-1.999999987845058e-08
-8.351040840148926
21.866493225097656
1.999999987845058e-08
1.999999987845058e-08
-12.248140335083008
35.344482421875
-1.999999987845058e-08
-1.999999987845058e-08
-9.1027193069458
51.0545539855957
1.999999987845058e-08
1.999999987845058e-08
3.22574520111084
51.273643493652344
-1.999999987845058e-08
-1.999999987845058e-08
14.985945701599121
33.887908935546875
1.999999987845058e-08
1.999999987845058e-08
15.019111633300781
16.997983932495117
-1.999999987845058e-08
-1.999999987845058e-08
5.998012542724609
18.083595275878906
1.999999987845058e-08
1.999999987845058e-08
5.8731584548950195
45.35002899169922
-1.999999987845058e-08
-1.999999987845058e-08
12.033090591430664
41.23997497558594
1.999999987845058e-08
1.999999987845058e-08
11.463900566101074
26.208011627197266
-1.999999987845058e-08
-1.999999987845058e-08
6.1806464195251465
14.387422561645508
1.999999987845058e-08
1.999999987845058e-08
2.6635901927948
13.670842170715332
-1.999999987845058e-08
-1.999999987845058e-08
3.8592615127563477
21.802734375
1.999999987845058e-08
1.999999987845058e-08
8.472834587097168
33.08283233642578
-1.999999987845058e-08
-1.999999987845058e-08
14.174359321594238
38.745445251464844
1.999999987845058e-08
1.999999987845058e-08
18.581249237060547
30.4438533782959
-1.999999987845058e-08
-1.999999987845058e-08
18.72450828552246
11.693280220031738
1.999999987845058e-08
1.999999987845058e-08
8.375693321228027
-6.879482746124268
-1.999999987845058e-08
-1.999999987845058e-08
4.565586566925049
1.1588959693908691
1.999999987845058e-08
1.999999987845058e-08
5.542349338531494
8.941913604736328
-1.999999987845058e-08
-1.999999987845058e-08
11.495787620544434
7.5590972900390625
1.999999987845058e-08
1.999999987845058e-08
16.334789276123047
-0.9219553470611572
-1.999999987845058e-08
-1.999999987845058e-08
12.484386444091797
-4.832525253295898
1.999999987845058e-08
1.999999987845058e-08
1.6218615770339966
4.367348670959473
-1.999999987845058e-08
-1.999999987845058e-08
-4.970418453216553
17.9708194732666
1.999999987845058e-08
1.999999987845058e-08
-1.0515414476394653
19.226058959960938
-1.999999987845058e-08
-1.999999987845058e-08
6.036206245422363
7.003180980682373
1.999999987845058e-08
1.999999987845058e-08
16.334789276123047
-0.9219553470611572
-1.999999987845058e-08
-1.999999987845058e-08
12.484386444091797
-4.832525253295898
1.999999987845058e-08
1.999999987845058e-08
1.6218615770339966
4.367348670959473
-1.999999987845058e-08
-1.999999987845058e-08
-4.970418453216553
17.9708194732666
1.999999987845058e-08
1.999999987845058e-08
-1.0515414476394653
19.226058959960938
-1.999999987845058e-08
-1.999999987845058e-08
6.036206245422363
7.003180980682373
1.999999987845058e-08
1.999999987845058e-08
7.064903259277344
-5.523547172546387
-1.999999987845058e-08
-1.999999987845058e-08
1.9632030725479126
-11.092967987060547
1.999999987845058e-08
1.999999987845058e-08
-5.483597278594971
-10.237884521484375
-1.999999987845058e-08
-1.999999987845058e-08
-12.961023330688477
-3.3948612213134766
1.999999987845058e-08
1.999999987845058e-08
-14.595727920532227
25.15342903137207
-1.999999987845058e-08
-1.999999987845058e-08
-13.410387992858887
19.869182586669922
1.999999987845058e-08
1.999999987845058e-08
-7.069549083709717
1.1808438301086426
-1.999999987845058e-08
-1.999999987845058e-08
1.0316108465194702
-18.949609756469727
1.999999987845058e-08
1.999999987845058e-08
6.50950288772583
-29.490320205688477
-1.999999987845058e-08
-1.999999987845058e-08
4.792872905731201
-27.397695541381836
1.999999987845058e-08
1.999999987845058e-08
