0
-21.13579750061035
159.01976013183594
1.999999987845058e-08
1.999999987845058e-08
-15.592674255371094
139.43032836914062
-1.999999987845058e-08
-1.999999987845058e-08
-13.827977180480957
124.8654556274414
1.999999987845058e-08
1.999999987845058e-08
-11.023564338684082
111.60704040527344
-1.999999987845058e-08
-1.999999987845058e-08
-4.836136341094971
93.37486267089844
1.999999987845058e-08
1.999999987845058e-08
-2.8032774925231934
78.11431121826172
-1.999999987845058e-08
-1.999999987845058e-08
-8.257614135742188
73.26802062988281
1.999999987845058e-08
1.999999987845058e-08
-12.59456729888916
69.47676849365234
-1.999999987845058e-08
-1.999999987845058e-08
-12.570262908935547
61.244110107421875
1.999999987845058e-08
1.999999987845058e-08
-0.8991596102714539
74.44526672363281
-1.999999987845058e-08
-1.999999987845058e-08
6.520816326141357
48.57438659667969
1.999999987845058e-08
1.999999987845058e-08
8.998330116271973
26.417509078979492
-1.999999987845058e-08
-1.999999987845058e-08
5.015265464782715
18.039670944213867
1.999999987845058e-08
1.999999987845058e-08
-2.5307600498199463
20.04151725769043
-1.999999987845058e-08
-1.999999987845058e-08
-8.261427879333496
21.29255485534668
1.999999987845058e-08
1.999999987845058e-08
-7.69862699508667
9.055312156677246
-1.999999987845058e-08
-1.999999987845058e-08
-1.3949010372161865
-18.69584083557129
1.999999987845058e-08
1.999999987845058e-08
3.7753820419311523
-43.13816452026367
-1.999999987845058e-08
-1.999999987845058e-08
2.2889204025268555
-46.381160736083984
1.999999987845058e-08
1.999999987845058e-08
-5.26405143737793
-41.14188003540039
-1.999999987845058e-08
-1.999999987845058e-08
-3.659235715866089
-54.23068618774414
1.999999987845058e-08
1.999999987845058e-08
-3.7908151149749756
-58.863624572753906
-1.999999987845058e-08
-1.999999987845058e-08
-10.014716148376465
-46.082183837890625
1.999999987845058e-08
1.999999987845058e-08
-16.07103729248047
-34.834712982177734
-1.999999987845058e-08
-1.999999987845058e-08
-12.720934867858887
-52.818443298339844
1.999999987845058e-08
1.999999987845058e-08
-3.247450351715088
-98.49237823486328
-1.999999987845058e-08
-1.999999987845058e-08
1.363579273223877
-139.8986053466797
1.999999987845058e-08
1.999999987845058e-08
0.38682371377944946
-156.94822692871094
-1.999999987845058e-08
-1.999999987845058e-08
2.512491464614868
-160.94100952148438
1.999999987845058e-08
1.999999987845058e-08
2.512491464614868
-160.94100952148438
-1.999999987845058e-08
-1.999999987845058e-08
8.342143058776855
-165.55313110351562
1.999999987845058e-08
1.999999987845058e-08
9.520222663879395
-169.79200744628906
-1.999999987845058e-08
-1.999999987845058e-08
5.5073394775390625
-176.2985382080078
1.999999987845058e-08
1.999999987845058e-08
4.448967933654785
-195.65652465820312
-1.999999987845058e-08
-1.999999987845058e-08
6.991612434387207
-225.77853393554688
1.999999987845058e-08
1.999999987845058e-08
3.825511932373047
-246.0119171142578
-1.999999987845058e-08
-1.999999987845058e-08
-8.874506950378418
-240.9099578857422
1.999999987845058e-08
1.999999987845058e-08
-22.116056442260742
-220.9015350341797
-1.999999987845058e-08
-1.999999987845058e-08
-26.33147621154785
-207.50379943847656
1.999999987845058e-08
1.999999987845058e-08
-22.116056442260742
-220.9015350341797
-1.999999987845058e-08
-1.999999987845058e-08
-26.33147621154785
-207.50379943847656
1.999999987845058e-08
1.999999987845058e-08
-20.697200775146484
-211.68040466308594
-1.999999987845058e-08
-1.999999987845058e-08
-8.102903366088867
-236.30035400390625
1.999999987845058e-08
1.999999987845058e-08
5.2707319259643555
-274.5696105957031
-1.999999987845058e-08
-1.999999987845058e-08
9.845358848571777
-304.1164855957031
1.999999987845058e-08
1.999999987845058e-08
4.877369403839111
-308.8802490234375
-1.999999987845058e-08
-1.999999987845058e-08
-1.0027120113372803
-296.4591979980469
1.999999987845058e-08
1.999999987845058e-08
-4.410587787628174
-280.8092956542969
-1.999999987845058e-08
-1.999999987845058e-08
-5.805245876312256
-273.29241943359375
1.999999987845058e-08
1.999999987845058e-08
7.827584743499756
-332.1424255371094
-1.999999987845058e-08
-1.999999987845058e-08
7.669002056121826
-361.72412109375
1.999999987845058e-08
1.999999987845058e-08
-7.416416645050049
-342.8354797363281
-1.999999987845058e-08
-1.999999987845058e-08
-21.735673904418945
-296.73541259765625
1.999999987845058e-08
1.999999987845058e-08
-19.30225372314453
-273.8409729003906
-1.999999987845058e-08
-1.999999987845058e-08
-4.357250690460205
-289.0882568359375
1.999999987845058e-08
1.999999987845058e-08
8.205538749694824
-320.5087585449219
-1.999999987845058e-08
-1.999999987845058e-08
9.875663757324219
-343.4010314941406
1.999999987845058e-08
1.999999987845058e-08
4.724372863769531
-347.922607421875
-1.999999987845058e-08
-1.999999987845058e-08
3.3481781482696533
-342.898681640625
1.999999987845058e-08
1.999999987845058e-08
11.955020904541016
-342.3524475097656
-1.999999987845058e-08
-1.999999987845058e-08
8.303777694702148
-335.3533020019531
1.999999987845058e-08
1.999999987845058e-08
3.121677875518799
-326.412353515625
-1.999999987845058e-08
-1.999999987845058e-08
3.8383116722106934
-328.9571838378906
1.999999987845058e-08
1.999999987845058e-08
8.319175720214844
-342.2089538574219
-1.999999987845058e-08
-1.999999987845058e-08
9.329864501953125
-355.7329406738281
1.999999987845058e-08
1.999999987845058e-08
5.218302249908447
-365.1304931640625
-1.999999987845058e-08
-1.999999987845058e-08
-2.072439670562744
-366.2865295410156
1.999999987845058e-08
1.999999987845058e-08
-11.607586860656738
-352.7673645019531
-1.999999987845058e-08
-1.999999987845058e-08
-21.30501365661621
-326.30712890625
1.999999987845058e-08
1.999999987845058e-08
-23.499597549438477
-275.23260498046875
-1.999999987845058e-08
-1.999999987845058e-08
-8.70805835723877
-282.77484130859375
1.999999987845058e-08
1.999999987845058e-08
6.825708389282227
-312.2386474609375
-1.999999987845058e-08
-1.999999987845058e-08
10.097249031066895
-334.23504638671875
1.999999987845058e-08
1.999999987845058e-08
3.609241008758545
-334.2355651855469
-1.999999987845058e-08
-1.999999987845058e-08
-0.21513260900974274
-325.88763427734375
1.999999987845058e-08
1.999999987845058e-08
1.7447643280029297
-323.5506591796875
-1.999999987845058e-08
-1.999999987845058e-08
1.7223644256591797
-323.97406005859375
1.999999987845058e-08
1.999999987845058e-08
-5.947431564331055
-315.5613098144531
-1.999999987845058e-08
-1.999999987845058e-08
-15.362815856933594
-298.1654968261719
1.999999987845058e-08
1.999999987845058e-08
19.991039276123047
-284.2369079589844
-1.999999987845058e-08
-1.999999987845058e-08
16.722265243530273
-259.5723876953125
1.999999987845058e-08
1.999999987845058e-08
10.683615684509277
-239.94102478027344
-1.999999987845058e-08
-1.999999987845058e-08
7.958196640014648
-235.74609375
1.999999987845058e-08
1.999999987845058e-08
4.400241851806641
-240.03424072265625
-1.999999987845058e-08
-1.999999987845058e-08
-7.284324645996094
-238.7143096923828
1.999999987845058e-08
1.999999987845058e-08
-25.487735748291016
-229.62142944335938
-1.999999987845058e-08
-1.999999987845058e-08
-41.974853515625
-219.5928497314453
1.999999987845058e-08
1.999999987845058e-08
-52.39893341064453
-208.9853973388672
-1.999999987845058e-08
-1.999999987845058e-08
-56.892120361328125
-196.27716064453125
1.999999987845058e-08
1.999999987845058e-08
-7.284324645996094
-238.7143096923828
-1.999999987845058e-08
-1.999999987845058e-08
-25.487735748291016
-229.62142944335938
1.999999987845058e-08
1.999999987845058e-08
-41.974857330322266
-219.5928497314453
-1.999999987845058e-08
-1.999999987845058e-08
-52.39893341064453
-208.9853973388672
1.999999987845058e-08
1.999999987845058e-08
-56.892120361328125
-196.27716064453125
-1.999999987845058e-08
-1.999999987845058e-08
-54.61835479736328
-185.51776123046875
1.999999987845058e-08
1.999999987845058e-08
-43.28350067138672
-180.30015563964844
-1.999999987845058e-08
-1.999999987845058e-08
-24.191204071044922
-181.19631958007812
1.999999987845058e-08
1.999999987845058e-08
-5.772449016571045
-186.94705200195312
-1.999999987845058e-08
-1.999999987845058e-08
2.2943670749664307
-190.79591369628906
1.999999987845058e-08
1.999999987845058e-08
-0.019951311871409416
-183.9519805908203
-1.999999987845058e-08
-1.999999987845058e-08
-1.3574591875076294
-172.59829711914062
1.999999987845058e-08
1.999999987845058e-08
5.861055850982666
-172.80023193359375
-1.999999987845058e-08
-1.999999987845058e-08
13.216978073120117
-179.49972534179688
1.999999987845058e-08
1.999999987845058e-08
10.182872772216797
-171.4244842529297
-1.999999987845058e-08
-1.999999987845058e-08
1.1881518363952637
-146.26759338378906
1.999999987845058e-08
1.999999987845058e-08
-2.3198697566986084
-122.18112182617188
-1.999999987845058e-08
-1.999999987845058e-08
2.4817492961883545
-111.97364807128906
1.999999987845058e-08
1.999999987845058e-08
10.224310874938965
-113.7076416015625
-1.999999987845058e-08
-1.999999987845058e-08
16.924781799316406
-119.69728088378906
1.999999987845058e-08
1.999999987845058e-08
22.331628799438477
-122.91510009765625
-1.999999987845058e-08
-1.999999987845058e-08
25.413637161254883
-118.33953094482422
1.999999987845058e-08
1.999999987845058e-08
23.058542251586914
-106.86328887939453
-1.999999987845058e-08
-1.999999987845058e-08
15.560053825378418
-99.24669647216797
1.999999987845058e-08
1.999999987845058e-08
7.922628402709961
-105.29660034179688
-1.999999987845058e-08
-1.999999987845058e-08
0.9391768574714661
-112.93655395507812
1.999999987845058e-08
1.999999987845058e-08
-9.701092720031738
-98.38616943359375
-1.999999987845058e-08
-1.999999987845058e-08
-21.74993896484375
-62.56604766845703
1.999999987845058e-08
1.999999987845058e-08
-25.31683349609375
-31.606977462768555
-1.999999987845058e-08
-1.999999987845058e-08
-15.659085273742676
-21.379667282104492
1.999999987845058e-08
1.999999987845058e-08
15.560053825378418
-99.24669647216797
-1.999999987845058e-08
-1.999999987845058e-08
7.922628402709961
-105.29660034179688
1.999999987845058e-08
1.999999987845058e-08
0.9391767978668213
-112.93655395507812
-1.999999987845058e-08
-1.999999987845058e-08
-9.701092720031738
-98.38616943359375
1.999999987845058e-08
1.999999987845058e-08
-21.74993896484375
-62.56604766845703
-1.999999987845058e-08
-1.999999987845058e-08
-25.31683349609375
-31.606977462768555
1.999999987845058e-08
1.999999987845058e-08
-15.659085273742676
-21.379667282104492
-1.999999987845058e-08
-1.999999987845058e-08
0.7217609286308289
-24.735822677612305
1.999999987845058e-08
1.999999987845058e-08
13.56944751739502
-29.362720489501953
-1.999999987845058e-08
-1.999999987845058e-08
18.967683792114258
-30.323108673095703
1.999999987845058e-08
1.999999987845058e-08
9.571951866149902
-9.389111518859863
-1.999999987845058e-08
-1.999999987845058e-08
3.7256579399108887
6.229592800140381
1.999999987845058e-08
1.999999987845058e-08
5.399575233459473
16.613317489624023
-1.999999987845058e-08
-1.999999987845058e-08
17.301225662231445
15.869959831237793
1.999999987845058e-08
1.999999987845058e-08
31.552257537841797
6.108521938323975
-1.999999987845058e-08
-1.999999987845058e-08
37.43806457519531
-2.5146758556365967
1.999999987845058e-08
1.999999987845058e-08
32.64720153808594
-0.18508611619472504
-1.999999987845058e-08
-1.999999987845058e-08
25.036300659179688
11.425166130065918
1.999999987845058e-08
1.999999987845058e-08
22.276954650878906
21.34962272644043
-1.999999987845058e-08
-1.999999987845058e-08
23.31956672668457
21.704696655273438
1.999999987845058e-08
1.999999987845058e-08
21.101879119873047
15.50864315032959
-1.999999987845058e-08
-1.999999987845058e-08
12.373868942260742
11.574455261230469
1.999999987845058e-08
1.999999987845058e-08
1.5318092107772827
16.474695205688477
-1.999999987845058e-08
-1.999999987845058e-08
-8.448548316955566
38.12153244018555
1.999999987845058e-08
1.999999987845058e-08
-17.518428802490234
79.29569244384766
-1.999999987845058e-08
-1.999999987845058e-08
-18.660907745361328
117.50748443603516
1.999999987845058e-08
1.999999987845058e-08
-6.057949066162109
122.21820068359375
-1.999999987845058e-08
-1.999999987845058e-08
9.04080867767334
99.56411743164062
1.999999987845058e-08
1.999999987845058e-08
11.100791931152344
86.618896484375
-1.999999987845058e-08
-1.999999987845058e-08
3.8931326866149902
100.40460205078125
1.999999987845058e-08
1.999999987845058e-08
4.326844692230225
120.20841979980469
-1.999999987845058e-08
-1.999999987845058e-08
17.50985336303711
118.35000610351562
1.999999987845058e-08
1.999999987845058e-08
30.558931350708008
92.81298828125
-1.999999987845058e-08
-1.999999987845058e-08
27.56060791015625
71.93310546875
1.999999987845058e-08
1.999999987845058e-08
6.644532680511475
86.40260314941406
-1.999999987845058e-08
-1.999999987845058e-08
-14.9750337600708
132.2474822998047
1.999999987845058e-08
1.999999987845058e-08
-19.18006134033203
176.6667938232422
-1.999999987845058e-08
-1.999999987845058e-08
-7.293478965759277
197.92388916015625
1.999999987845058e-08
1.999999987845058e-08
8.037029266357422
195.97190856933594
-1.999999987845058e-08
-1.999999987845058e-08
19.100980758666992
180.0842742919922
1.999999987845058e-08
1.999999987845058e-08
19.100980758666992
180.0842742919922
-1.999999987845058e-08
-1.999999987845058e-08
22.614166259765625
166.9776611328125
1.999999987845058e-08
1.999999987845058e-08
17.064159393310547
171.630859375
-1.999999987845058e-08
-1.999999987845058e-08
6.715364456176758
190.1811981201172
1.999999987845058e-08
1.999999987845058e-08
-0.5748804211616516
207.5113525390625
-1.999999987845058e-08
-1.999999987845058e-08
-1.8271772861480713
217.71932983398438
1.999999987845058e-08
1.999999987845058e-08
-0.4797245264053345
223.15670776367188
-1.999999987845058e-08
-1.999999987845058e-08
-0.9344800114631653
228.22254943847656
1.999999987845058e-08
1.999999987845058e-08
-1.8526535034179688
235.96478271484375
-1.999999987845058e-08
-1.999999987845058e-08
4.721193790435791
234.4164581298828
1.999999987845058e-08
1.999999987845058e-08
20.012039184570312
209.37081909179688
-1.999999987845058e-08
-1.999999987845058e-08
30.13463020324707
178.55160522460938
1.999999987845058e-08
1.999999987845058e-08
23.43175506591797
176.60731506347656
-1.999999987845058e-08
-1.999999987845058e-08
7.8848347663879395
208.5287322998047
1.999999987845058e-08
1.999999987845058e-08
0.8587027192115784
245.91651916503906
-1.999999987845058e-08
-1.999999987845058e-08
7.870456218719482
261.1733093261719
1.999999987845058e-08
1.999999987845058e-08
19.19940948486328
249.17332458496094
-1.999999987845058e-08
-1.999999987845058e-08
24.7117919921875
223.0470733642578
1.999999987845058e-08
1.999999987845058e-08
22.684528350830078
202.6154327392578
-1.999999987845058e-08
-1.999999987845058e-08
15.11922550201416
203.23538208007812
1.999999987845058e-08
1.999999987845058e-08
-1.4595937728881836
248.4586944580078
-1.999999987845058e-08
-1.999999987845058e-08
-1.498633623123169
258.7410583496094
1.999999987845058e-08
1.999999987845058e-08
0.3268117308616638
268.4067077636719
-1.999999987845058e-08
-1.999999987845058e-08
4.062036514282227
271.3418884277344
1.999999987845058e-08
1.999999987845058e-08
7.000237464904785
269.2470703125
-1.999999987845058e-08
-1.999999987845058e-08
7.176047325134277
266.2745666503906
1.999999987845058e-08
1.999999987845058e-08
4.395910263061523
264.5180969238281
-1.999999987845058e-08
-1.999999987845058e-08
-0.042336463928222656
266.49615478515625
1.999999987845058e-08
1.999999987845058e-08
-2.347965955734253
269.1944885253906
-1.999999987845058e-08
-1.999999987845058e-08
-0.6756691336631775
264.9789123535156
1.999999987845058e-08
1.999999987845058e-08
1.3189291954040527
254.35227966308594
-1.999999987845058e-08
-1.999999987845058e-08
0.4348657727241516
245.5845947265625
1.999999987845058e-08
1.999999987845058e-08
-2.6815054416656494
245.4678497314453
-1.999999987845058e-08
-1.999999987845058e-08
-6.322048664093018
255.83155822753906
1.999999987845058e-08
1.999999987845058e-08
-6.899600505828857
269.72100830078125
-1.999999987845058e-08
-1.999999987845058e-08
-0.9978899955749512
273.35406494140625
1.999999987845058e-08
1.999999987845058e-08
6.493525505065918
262.1324768066406
-1.999999987845058e-08
-1.999999987845058e-08
6.175396919250488
248.2954559326172
1.999999987845058e-08
1.999999987845058e-08
-2.314847707748413
246.72833251953125
-1.999999987845058e-08
-1.999999987845058e-08
-11.0460844039917
261.7457275390625
1.999999987845058e-08
1.999999987845058e-08
-11.0460844039917
261.7457275390625
-1.999999987845058e-08
-1.999999987845058e-08
-13.997749328613281
284.4454650878906
1.999999987845058e-08
1.999999987845058e-08
-9.452384948730469
294.62884521484375
-1.999999987845058e-08
-1.999999987845058e-08
-0.5749030709266663
277.649169921875
1.999999987845058e-08
1.999999987845058e-08
4.5492353439331055
245.6829071044922
-1.999999987845058e-08
-1.999999987845058e-08
1.778698444366455
227.31822204589844
1.999999987845058e-08
1.999999987845058e-08
-2.2030386924743652
231.88568115234375
-1.999999987845058e-08
-1.999999987845058e-08
1.3782362937927246
239.8859100341797
1.999999987845058e-08
1.999999987845058e-08
10.204209327697754
235.3096923828125
-1.999999987845058e-08
-1.999999987845058e-08
14.005415916442871
227.3406982421875
1.999999987845058e-08
1.999999987845058e-08
9.089035034179688
227.9568328857422
-1.999999987845058e-08
-1.999999987845058e-08
0.16473624110221863
233.09237670898438
1.999999987845058e-08
1.999999987845058e-08
-7.950573921203613
236.65855407714844
-1.999999987845058e-08
-1.999999987845058e-08
-11.267461776733398
238.36195373535156
1.999999987845058e-08
1.999999987845058e-08
-7.087280750274658
235.8052215576172
-1.999999987845058e-08
-1.999999987845058e-08
0.8271741271018982
226.56378173828125
1.999999987845058e-08
1.999999987845058e-08
4.619934558868408
215.53750610351562
-1.999999987845058e-08
-1.999999987845058e-08
1.0319743156433105
211.7341766357422
1.999999987845058e-08
1.999999987845058e-08
-5.53270149230957
216.18280029296875
-1.999999987845058e-08
-1.999999987845058e-08
-7.2832350730896
217.12469482421875
1.999999987845058e-08
1.999999987845058e-08
-0.6534209251403809
203.997314453125
-1.999999987845058e-08
-1.999999987845058e-08
8.862333297729492
182.32052612304688
1.999999987845058e-08
1.999999987845058e-08
11.756433486938477
167.58892822265625
-1.999999987845058e-08
-1.999999987845058e-08
5.414859294891357
167.8527374267578
1.999999987845058e-08
1.999999987845058e-08
-3.3760316371917725
179.38906860351562
-1.999999987845058e-08
-1.999999987845058e-08
-7.0260491371154785
195.21400451660156
1.999999987845058e-08
1.999999987845058e-08
-3.4541873931884766
205.8459014892578
-1.999999987845058e-08
-1.999999987845058e-08
5.093498229980469
200.44151306152344
1.999999987845058e-08
1.999999987845058e-08
13.525885581970215
179.51487731933594
-1.999999987845058e-08
-1.999999987845058e-08
14.847250938415527
155.5751953125
1.999999987845058e-08
1.999999987845058e-08
-9.955114364624023
145.91136169433594
-1.999999987845058e-08
-1.999999987845058e-08
-18.89185333251953
163.54629516601562
1.999999987845058e-08
1.999999987845058e-08
-16.59709930419922
179.65208435058594
-1.999999987845058e-08
-1.999999987845058e-08
-8.276437759399414
179.72796630859375
1.999999987845058e-08
1.999999987845058e-08
-1.472542643547058
161.3896026611328
-1.999999987845058e-08
-1.999999987845058e-08
0.6139248013496399
136.34954833984375
1.999999987845058e-08
1.999999987845058e-08
0.06171692535281181
116.78390502929688
-1.999999987845058e-08
-1.999999987845058e-08
-0.5047913193702698
106.13215637207031
1.999999987845058e-08
1.999999987845058e-08
-2.766970157623291
105.65338134765625
-1.999999987845058e-08
-1.999999987845058e-08
-8.346771240234375
113.25360870361328
1.999999987845058e-08
1.999999987845058e-08
-8.276437759399414
179.72796630859375
-1.999999987845058e-08
-1.999999987845058e-08
-1.472542643547058
161.3896026611328
1.999999987845058e-08
1.999999987845058e-08
0.6139248013496399
136.34954833984375
-1.999999987845058e-08
-1.999999987845058e-08
0.0617169626057148
116.78390502929688
1.999999987845058e-08
1.999999987845058e-08
-0.5047913789749146
106.13215637207031
-1.999999987845058e-08
-1.999999987845058e-08
-2.766970157623291
105.65338134765625
1.999999987845058e-08
1.999999987845058e-08
-8.346771240234375
113.25360870361328
-1.999999987845058e-08
-1.999999987845058e-08
-13.096918106079102
116.6648941040039
1.999999987845058e-08
1.999999987845058e-08
-14.12512493133545
106.77770233154297
-1.999999987845058e-08
-1.999999987845058e-08
-16.36464500427246
93.73946380615234
1.999999987845058e-08
1.999999987845058e-08
1.384937047958374
50.19696807861328
-1.999999987845058e-08
-1.999999987845058e-08
1.296035647392273
51.67776107788086
1.999999987845058e-08
1.999999987845058e-08
-1.8906465768814087
50.16865539550781
-1.999999987845058e-08
-1.999999987845058e-08
-7.574761390686035
51.211456298828125
1.999999987845058e-08
1.999999987845058e-08
-11.252503395080566
48.1324348449707
-1.999999987845058e-08
-1.999999987845058e-08
-7.3218092918396
26.146997451782227
1.999999987845058e-08
1.999999987845058e-08
1.8665211200714111
-10.08743953704834
-1.999999987845058e-08
-1.999999987845058e-08
5.211954116821289
-34.537960052490234
1.999999987845058e-08
1.999999987845058e-08
-2.4117321968078613
-32.50944519042969
-1.999999987845058e-08
-1.999999987845058e-08
-11.955060958862305
-18.949678421020508
1.999999987845058e-08
1.999999987845058e-08
-10.88238525390625
-30.24643325805664
-1.999999987845058e-08
-1.999999987845058e-08
-12.520309448242188
-46.41641616821289
1.999999987845058e-08
1.999999987845058e-08
-17.829076766967773
-55.925479888916016
-1.999999987845058e-08
-1.999999987845058e-08
-20.793596267700195
-61.008934020996094
1.999999987845058e-08
1.999999987845058e-08
-21.10976791381836
-65.38666534423828
-1.999999987845058e-08
-1.999999987845058e-08
-20.609487533569336
-72.47943115234375
1.999999987845058e-08
1.999999987845058e-08
-16.99873924255371
-89.59635925292969
-1.999999987845058e-08
-1.999999987845058e-08
-9.281975746154785
-117.55059051513672
1.999999987845058e-08
1.999999987845058e-08
-2.325106382369995
-145.47540283203125
-1.999999987845058e-08
-1.999999987845058e-08
-1.598059058189392
-162.07818603515625
1.999999987845058e-08
1.999999987845058e-08
-13.249516487121582
-153.52630615234375
-1.999999987845058e-08
-1.999999987845058e-08
-12.304450035095215
-154.7412872314453
1.999999987845058e-08
1.999999987845058e-08
-4.232223033905029
-176.35855102539062
-1.999999987845058e-08
-1.999999987845058e-08
3.4948184490203857
-205.3646697998047
1.999999987845058e-08
1.999999987845058e-08
4.625650882720947
-225.28085327148438
-1.999999987845058e-08
-1.999999987845058e-08
-0.39294517040252686
-235.7427215576172
1.999999987845058e-08
1.999999987845058e-08
-8.872124671936035
-245.02369689941406
-1.999999987845058e-08
-1.999999987845058e-08
-19.255615234375
-256.86163330078125
1.999999987845058e-08
1.999999987845058e-08
-29.08489418029785
-269.25616455078125
-1.999999987845058e-08
-1.999999987845058e-08
-36.086570739746094
-278.73876953125
1.999999987845058e-08
1.999999987845058e-08
-19.255615234375
-256.86163330078125
-1.999999987845058e-08
-1.999999987845058e-08
-29.08489418029785
-269.25616455078125
1.999999987845058e-08
1.999999987845058e-08
-36.086570739746094
-278.73876953125
-1.999999987845058e-08
-1.999999987845058e-08
-39.99990463256836
-287.75250244140625
1.999999987845058e-08
1.999999987845058e-08
-41.944313049316406
-302.28631591796875
-1.999999987845058e-08
-1.999999987845058e-08
-43.77063751220703
-317.58721923828125
1.999999987845058e-08
1.999999987845058e-08
-45.239227294921875
-323.3893127441406
-1.999999987845058e-08
-1.999999987845058e-08
-43.372379302978516
-322.2109069824219
1.999999987845058e-08
1.999999987845058e-08
-36.87541961669922
-325.7282409667969
-1.999999987845058e-08
-1.999999987845058e-08
-28.53009033203125
-337.3258361816406
1.999999987845058e-08
1.999999987845058e-08
-22.257701873779297
-351.0775451660156
-1.999999987845058e-08
-1.999999987845058e-08
-18.052854537963867
-366.50701904296875
1.999999987845058e-08
1.999999987845058e-08
-12.326826095581055
-388.8414611816406
-1.999999987845058e-08
-1.999999987845058e-08
-5.107920169830322
-413.1017761230469
1.999999987845058e-08
1.999999987845058e-08
-2.4722514152526855
-424.6219177246094
-1.999999987845058e-08
-1.999999987845058e-08
-8.23591423034668
-418.8930358886719
1.999999987845058e-08
1.999999987845058e-08
-17.206758499145508
-408.500732421875
-1.999999987845058e-08
-1.999999987845058e-08
-21.501785278320312
-405.90362548828125
1.999999987845058e-08
1.999999987845058e-08
-18.981042861938477
-411.84930419921875
-1.999999987845058e-08
-1.999999987845058e-08
-11.56325912475586
-424.177734375
1.999999987845058e-08
1.999999987845058e-08
-3.2514090538024902
-440.24139404296875
-1.999999987845058e-08
-1.999999987845058e-08
-0.8486088514328003
-452.32763671875
1.999999987845058e-08
1.999999987845058e-08
-6.940713882446289
-457.7755126953125
-1.999999987845058e-08
-1.999999987845058e-08
-13.853602409362793
-464.3958435058594
1.999999987845058e-08
1.999999987845058e-08
-12.324424743652344
-477.5605163574219
-1.999999987845058e-08
-1.999999987845058e-08
-4.049070358276367
-492.51055908203125
1.999999987845058e-08
1.999999987845058e-08
0.9954483509063721
-498.9505920410156
-1.999999987845058e-08
-1.999999987845058e-08
-0.7746297121047974
-491.0456237792969
1.999999987845058e-08
1.999999987845058e-08
-2.9886319637298584
-477.4725036621094
-1.999999987845058e-08
-1.999999987845058e-08
-0.8884482383728027
-474.37811279296875
1.999999987845058e-08
1.999999987845058e-08
-8.325630187988281
-504.5765686035156
-1.999999987845058e-08
-1.999999987845058e-08
-15.307868003845215
-487.90179443359375
1.999999987845058e-08
1.999999987845058e-08
-12.42715072631836
-484.14276123046875
-1.999999987845058e-08
-1.999999987845058e-08
-6.721428394317627
-490.5855712890625
1.999999987845058e-08
1.999999987845058e-08
-6.7566304206848145
-486.2362976074219
-1.999999987845058e-08
-1.999999987845058e-08
-11.388296127319336
-465.37139892578125
1.999999987845058e-08
1.999999987845058e-08
-16.36994743347168
-443.6930847167969
-1.999999987845058e-08
-1.999999987845058e-08
-18.934839248657227
-434.8927917480469
1.999999987845058e-08
1.999999987845058e-08
-15.240514755249023
-438.1599426269531
-1.999999987845058e-08
-1.999999987845058e-08
-4.940733432769775
-444.8500061035156
1.999999987845058e-08
1.999999987845058e-08
-11.388296127319336
-465.37139892578125
-1.999999987845058e-08
-1.999999987845058e-08
-16.36994743347168
-443.6930847167969
1.999999987845058e-08
1.999999987845058e-08
-18.934839248657227
-434.8927917480469
-1.999999987845058e-08
-1.999999987845058e-08
-15.240514755249023
-438.1599426269531
1.999999987845058e-08
1.999999987845058e-08
-4.940733909606934
-444.8500061035156
-1.999999987845058e-08
-1.999999987845058e-08
3.611680030822754
-444.45556640625
1.999999987845058e-08
1.999999987845058e-08
2.12874698638916
-429.05810546875
-1.999999987845058e-08
-1.999999987845058e-08
-6.469574451446533
-403.02484130859375
1.999999987845058e-08
1.999999987845058e-08
-12.669844627380371
-381.89154052734375
-1.999999987845058e-08
-1.999999987845058e-08
-12.13206958770752
-373.3479919433594
1.999999987845058e-08
1.999999987845058e-08
-4.187052249908447
-353.0084533691406
-1.999999987845058e-08
-1.999999987845058e-08
-0.5270259976387024
-333.8541564941406
1.999999987845058e-08
1.999999987845058e-08
4.132732391357422
-319.3150939941406
-1.999999987845058e-08
-1.999999987845058e-08
7.763194561004639
-311.3711853027344
1.999999987845058e-08
1.999999987845058e-08
7.837028503417969
-307.2571105957031
-1.999999987845058e-08
-1.999999987845058e-08
4.511307239532471
-302.4937744140625
1.999999987845058e-08
1.999999987845058e-08
0.9100542068481445
-293.5773010253906
-1.999999987845058e-08
-1.999999987845058e-08
1.4478269815444946
-284.72454833984375
1.999999987845058e-08
1.999999987845058e-08
6.413697242736816
-280.58636474609375
-1.999999987845058e-08
-1.999999987845058e-08
10.964858055114746
-274.9497985839844
1.999999987845058e-08
1.999999987845058e-08
13.341753005981445
-236.92405700683594
-1.999999987845058e-08
-1.999999987845058e-08
14.613994598388672
-215.98626708984375
1.999999987845058e-08
1.999999987845058e-08
14.5875825881958
-202.2428741455078
-1.999999987845058e-08
-1.999999987845058e-08
12.877731323242188
-195.82980346679688
1.999999987845058e-08
1.999999987845058e-08
12.282400131225586
-195.79978942871094
-1.999999987845058e-08
-1.999999987845058e-08
13.642528533935547
-196.97596740722656
1.999999987845058e-08
1.999999987845058e-08
13.379876136779785
-189.4469451904297
-1.999999987845058e-08
-1.999999987845058e-08
9.233383178710938
-170.28077697753906
1.999999987845058e-08
1.999999987845058e-08
4.489064693450928
-146.643798828125
-1.999999987845058e-08
-1.999999987845058e-08
3.1627626419067383
-123.5647201538086
1.999999987845058e-08
1.999999987845058e-08
2.873523712158203
-50.36263656616211
-1.999999987845058e-08
-1.999999987845058e-08
9.941568374633789
-43.77546310424805
1.999999987845058e-08
1.999999987845058e-08
19.28630256652832
-48.34942626953125
-1.999999987845058e-08
-1.999999987845058e-08
21.52899169921875
-48.42966079711914
1.999999987845058e-08
1.999999987845058e-08
14.53741455078125
-31.331708908081055
-1.999999987845058e-08
-1.999999987845058e-08
7.4674530029296875
-3.4382383823394775
1.999999987845058e-08
1.999999987845058e-08
10.951111793518066
16.378734588623047
-1.999999987845058e-08
-1.999999987845058e-08
23.590049743652344
22.82261085510254
1.999999987845058e-08
1.999999987845058e-08
32.62228012084961
31.108173370361328
-1.999999987845058e-08
-1.999999987845058e-08
29.909976959228516
52.15016174316406
1.999999987845058e-08
1.999999987845058e-08
21.52899169921875
-48.42966079711914
-1.999999987845058e-08
-1.999999987845058e-08
14.53741455078125
-31.331708908081055
1.999999987845058e-08
1.999999987845058e-08
7.467452526092529
-3.4382383823394775
-1.999999987845058e-08
-1.999999987845058e-08
10.951111793518066
16.378734588623047
1.999999987845058e-08
1.999999987845058e-08
23.590049743652344
22.82261085510254
-1.999999987845058e-08
-1.999999987845058e-08
32.62228012084961
31.108173370361328
1.999999987845058e-08
1.999999987845058e-08
29.909976959228516
52.15016174316406
-1.999999987845058e-08
-1.999999987845058e-08
20.229036331176758
75.60348510742188
1.999999987845058e-08
1.999999987845058e-08
12.04641342163086
87.21511840820312
-1.999999987845058e-08
-1.999999987845058e-08
8.77110481262207
89.50004577636719
1.999999987845058e-08
1.999999987845058e-08
21.004928588867188
187.65892028808594
-1.999999987845058e-08
-1.999999987845058e-08
17.29711151123047
194.93768310546875
1.999999987845058e-08
1.999999987845058e-08
20.479177474975586
189.2082061767578
-1.999999987845058e-08
-1.999999987845058e-08
23.958845138549805
179.49314880371094
1.999999987845058e-08
1.999999987845058e-08
20.9877872467041
181.64886474609375
-1.999999987845058e-08
-1.999999987845058e-08
14.088397026062012
198.93601989746094
1.999999987845058e-08
1.999999987845058e-08
9.394282341003418
224.5463104248047
-1.999999987845058e-08
-1.999999987845058e-08
8.910988807678223
248.63441467285156
1.999999987845058e-08
1.999999987845058e-08
9.752676010131836
263.7628479003906
-1.999999987845058e-08
-1.999999987845058e-08
8.83684253692627
270.28582763671875
1.999999987845058e-08
1.999999987845058e-08
8.910988807678223
248.63441467285156
-1.999999987845058e-08
-1.999999987845058e-08
9.752676010131836
263.7628479003906
1.999999987845058e-08
1.999999987845058e-08
8.83684253692627
270.28582763671875
-1.999999987845058e-08
-1.999999987845058e-08
6.650973796844482
272.934326171875
1.999999987845058e-08
1.999999987845058e-08
6.002933025360107
272.9983825683594
-1.999999987845058e-08
-1.999999987845058e-08
7.872369289398193
271.9934997558594
1.999999987845058e-08
1.999999987845058e-08
10.460250854492188
276.6480407714844
-1.999999987845058e-08
-1.999999987845058e-08
12.742904663085938
288.8161926269531
1.999999987845058e-08
1.999999987845058e-08
15.076700210571289
300.9236755371094
-1.999999987845058e-08
-1.999999987845058e-08
15.854475975036621
309.9619445800781
1.999999987845058e-08
1.999999987845058e-08
4.0875139236450195
339.0956115722656
-1.999999987845058e-08
-1.999999987845058e-08
3.239629030227661
339.9764709472656
1.999999987845058e-08
1.999999987845058e-08
1.850788950920105
344.57568359375
-1.999999987845058e-08
-1.999999987845058e-08
-0.617312490940094
353.06097412109375
1.999999987845058e-08
1.999999987845058e-08
-0.6093799471855164
357.3055114746094
-1.999999987845058e-08
-1.999999987845058e-08
4.208126068115234
351.8245849609375
1.999999987845058e-08
1.999999987845058e-08
10.724454879760742
337.7055969238281
-1.999999987845058e-08
-1.999999987845058e-08
13.611011505126953
322.7563781738281
1.999999987845058e-08
1.999999987845058e-08
11.398356437683105
319.2627258300781
-1.999999987845058e-08
-1.999999987845058e-08
7.391137599945068
331.9477233886719
1.999999987845058e-08
1.999999987845058e-08
10.724454879760742
337.7055969238281
-1.999999987845058e-08
-1.999999987845058e-08
13.611011505126953
322.7563781738281
1.999999987845058e-08
1.999999987845058e-08
11.398356437683105
319.2627258300781
-1.999999987845058e-08
-1.999999987845058e-08
7.391137599945068
331.9477233886719
1.999999987845058e-08
1.999999987845058e-08
5.486772537231445
348.67669677734375
-1.999999987845058e-08
-1.999999987845058e-08
5.756230354309082
354.185546875
1.999999987845058e-08
1.999999987845058e-08
4.76802921295166
351.8807067871094
-1.999999987845058e-08
-1.999999987845058e-08
1.0147411823272705
356.8878479003906
1.999999987845058e-08
1.999999987845058e-08
-1.7051341533660889
370.369873046875
-1.999999987845058e-08
-1.999999987845058e-08
2.5641274452209473
377.3279113769531
1.999999987845058e-08
1.999999987845058e-08
14.632951736450195
367.2670593261719
-1.999999987845058e-08
-1.999999987845058e-08
26.738994598388672
347.7593994140625
1.999999987845058e-08
1.999999987845058e-08
29.87108039855957
336.8819580078125
-1.999999987845058e-08
-1.999999987845058e-08
23.330873489379883
342.5409851074219
1.999999987845058e-08
1.999999987845058e-08
13.81325626373291
355.10565185546875
-1.999999987845058e-08
-1.999999987845058e-08
7.367243766784668
363.2349548339844
1.999999987845058e-08
1.999999987845058e-08
4.6040778160095215
365.1402282714844
-1.999999987845058e-08
-1.999999987845058e-08
1.9167444705963135
364.1494140625
1.999999987845058e-08
1.999999987845058e-08
-3.372451066970825
364.459716796875
-1.999999987845058e-08
-1.999999987845058e-08
-8.203248023986816
365.9853515625
1.999999987845058e-08
1.999999987845058e-08
2.8908801078796387
345.96478271484375
-1.999999987845058e-08
-1.999999987845058e-08
8.813840866088867
329.684326171875
1.999999987845058e-08
1.999999987845058e-08
3.4841840267181396
325.0686950683594
-1.999999987845058e-08
-1.999999987845058e-08
-6.324537754058838
329.9358215332031
1.999999987845058e-08
1.999999987845058e-08
-6.772999286651611
330.6349792480469
-1.999999987845058e-08
-1.999999987845058e-08
5.066690921783447
322.7242736816406
1.999999987845058e-08
1.999999987845058e-08
18.270830154418945
316.1251220703125
-1.999999987845058e-08
-1.999999987845058e-08
20.983978271484375
321.00518798828125
1.999999987845058e-08
1.999999987845058e-08
12.099691390991211
336.3417053222656
-1.999999987845058e-08
-1.999999987845058e-08
-0.16177833080291748
352.1907958984375
1.999999987845058e-08
1.999999987845058e-08
-0.16177836060523987
352.1907958984375
-1.999999987845058e-08
-1.999999987845058e-08
-7.503635883331299
359.82568359375
1.999999987845058e-08
1.999999987845058e-08
-6.332339286804199
356.642333984375
-1.999999987845058e-08
-1.999999987845058e-08
2.133068561553955
345.2959899902344
1.999999987845058e-08
1.999999987845058e-08
12.674016952514648
333.0489196777344
-1.999999987845058e-08
-1.999999987845058e-08
19.68073844909668
325.3088684082031
1.999999987845058e-08
1.999999987845058e-08
20.764299392700195
319.4946594238281
-1.999999987845058e-08
-1.999999987845058e-08
17.6134090423584
310.76446533203125
1.999999987845058e-08
1.999999987845058e-08
14.128396987915039
300.76287841796875
-1.999999987845058e-08
-1.999999987845058e-08
11.632658958435059
298.5926513671875
1.999999987845058e-08
1.999999987845058e-08
8.779069900512695
309.238525390625
-1.999999987845058e-08
-1.999999987845058e-08
5.699878215789795
323.9632873535156
1.999999987845058e-08
1.999999987845058e-08
4.58608341217041
330.81317138671875
-1.999999987845058e-08
-1.999999987845058e-08
8.60262393951416
326.49578857421875
1.999999987845058e-08
1.999999987845058e-08
16.889511108398438
315.46722412109375
-1.999999987845058e-08
-1.999999987845058e-08
21.127281188964844
305.91552734375
1.999999987845058e-08
1.999999987845058e-08
15.67487621307373
303.7286071777344
-1.999999987845058e-08
-1.999999987845058e-08
6.728970050811768
307.4392395019531
1.999999987845058e-08
1.999999987845058e-08
4.858220100402832
308.4942626953125
-1.999999987845058e-08
-1.999999987845058e-08
11.679462432861328
298.95281982421875
1.999999987845058e-08
1.999999987845058e-08
17.60250473022461
283.34808349609375
-1.999999987845058e-08
-1.999999987845058e-08
14.739360809326172
273.70208740234375
1.999999987845058e-08
1.999999987845058e-08
7.901878356933594
271.75927734375
-1.999999987845058e-08
-1.999999987845058e-08
5.996114253997803
270.8652648925781
1.999999987845058e-08
1.999999987845058e-08
7.810066223144531
270.719482421875
-1.999999987845058e-08
-1.999999987845058e-08
6.318589687347412
274.0126953125
1.999999987845058e-08
1.999999987845058e-08
2.0019032955169678
275.1369323730469
-1.999999987845058e-08
-1.999999987845058e-08
1.3358714580535889
265.9495544433594
1.999999987845058e-08
1.999999987845058e-08
6.394218921661377
248.01626586914062
-1.999999987845058e-08
-1.999999987845058e-08
13.171451568603516
231.73643493652344
1.999999987845058e-08
1.999999987845058e-08
13.663424491882324
212.38951110839844
-1.999999987845058e-08
-1.999999987845058e-08
17.884687423706055
197.96685791015625
1.999999987845058e-08
1.999999987845058e-08
16.540908813476562
191.76893615722656
-1.999999987845058e-08
-1.999999987845058e-08
9.568646430969238
198.66110229492188
1.999999987845058e-08
1.999999987845058e-08
3.585160732269287
210.29519653320312
-1.999999987845058e-08
-1.999999987845058e-08
2.026308536529541
212.17645263671875
1.999999987845058e-08
1.999999987845058e-08
0.9417244791984558
201.7488555908203
-1.999999987845058e-08
-1.999999987845058e-08
-4.126890182495117
196.2942352294922
1.999999987845058e-08
1.999999987845058e-08
-10.04979133605957
209.05897521972656
-1.999999987845058e-08
-1.999999987845058e-08
-10.87084674835205
226.95053100585938
1.999999987845058e-08
1.999999987845058e-08
0.9417244791984558
201.7488555908203
-1.999999987845058e-08
-1.999999987845058e-08
-4.126890182495117
196.2942352294922
1.999999987845058e-08
1.999999987845058e-08
-10.04979133605957
209.05897521972656
-1.999999987845058e-08
-1.999999987845058e-08
-10.87084674835205
226.95053100585938
1.999999987845058e-08
1.999999987845058e-08
-8.737528800964355
231.17550659179688
-1.999999987845058e-08
-1.999999987845058e-08
-10.077292442321777
222.40170288085938
1.999999987845058e-08
1.999999987845058e-08
-13.453357696533203
207.00291442871094
-1.999999987845058e-08
-1.999999987845058e-08
-13.294528007507324
181.56797790527344
1.999999987845058e-08
1.999999987845058e-08
-12.308650016784668
147.0755157470703
-1.999999987845058e-08
-1.999999987845058e-08
-17.579174041748047
119.29181671142578
1.999999987845058e-08
1.999999987845058e-08
-13.294528007507324
181.56797790527344
-1.999999987845058e-08
-1.999999987845058e-08
-12.308650016784668
147.0755157470703
1.999999987845058e-08
1.999999987845058e-08
-17.579174041748047
119.29181671142578
-1.999999987845058e-08
-1.999999987845058e-08
-26.227294921875
111.11004638671875
1.999999987845058e-08
1.999999987845058e-08
-26.03459358215332
114.2276382446289
-1.999999987845058e-08
-1.999999987845058e-08
-11.688457489013672
111.50460815429688
1.999999987845058e-08
1.999999987845058e-08
5.970988750457764
102.44470977783203
-1.999999987845058e-08
-1.999999987845058e-08
11.250094413757324
100.2308578491211
1.999999987845058e-08
1.999999987845058e-08
2.749997138977051
108.33576965332031
-1.999999987845058e-08
-1.999999987845058e-08
-6.032597064971924
117.9505615234375
1.999999987845058e-08
1.999999987845058e-08
0.44241955876350403
36.709163665771484
-1.999999987845058e-08
-1.999999987845058e-08
-2.1910645961761475
34.684226989746094
1.999999987845058e-08
1.999999987845058e-08
-3.3618500232696533
24.69359588623047
-1.999999987845058e-08
-1.999999987845058e-08
1.1332587003707886
1.3767709732055664
1.999999987845058e-08
1.999999987845058e-08
8.79854965209961
-29.33211326599121
-1.999999987845058e-08
-1.999999987845058e-08
11.729190826416016
-49.676780700683594
1.999999987845058e-08
1.999999987845058e-08
