0
-11.926898956298828
254.68382263183594
1.999999987845058e-08
1.999999987845058e-08
-9.572402000427246
248.19277954101562
-1.999999987845058e-08
-1.999999987845058e-08
-7.601302623748779
244.56027221679688
1.999999987845058e-08
1.999999987845058e-08
-13.544657707214355
249.08795166015625
-1.999999987845058e-08
-1.999999987845058e-08
-23.1999454498291
253.45318603515625
1.999999987845058e-08
1.999999987845058e-08
-27.88946533203125
249.0138397216797
-1.999999987845058e-08
-1.999999987845058e-08
-24.55550193786621
240.66326904296875
1.999999987845058e-08
1.999999987845058e-08
-15.99009895324707
235.41831970214844
-1.999999987845058e-08
-1.999999987845058e-08
-7.33973503112793
231.4173583984375
1.999999987845058e-08
1.999999987845058e-08
4.30355167388916
207.25144958496094
-1.999999987845058e-08
-1.999999987845058e-08
11.569483757019043
183.85340881347656
1.999999987845058e-08
1.999999987845058e-08
13.874953269958496
165.647705078125
-1.999999987845058e-08
-1.999999987845058e-08
5.304323196411133
167.40286254882812
1.999999987845058e-08
1.999999987845058e-08
-4.951477527618408
180.6949920654297
-1.999999987845058e-08
-1.999999987845058e-08
-2.6506333351135254
178.5132598876953
1.999999987845058e-08
1.999999987845058e-08
8.505751609802246
155.8022918701172
-1.999999987845058e-08
-1.999999987845058e-08
12.062922477722168
137.4069366455078
1.999999987845058e-08
1.999999987845058e-08
4.3266987800598145
136.8882293701172
-1.999999987845058e-08
-1.999999987845058e-08
-4.593527317047119
142.92262268066406
1.999999987845058e-08
1.999999987845058e-08
-16.088972091674805
157.4940948486328
-1.999999987845058e-08
-1.999999987845058e-08
-19.504133224487305
156.04107666015625
1.999999987845058e-08
1.999999987845058e-08
-18.72451400756836
134.9061737060547
-1.999999987845058e-08
-1.999999987845058e-08
-19.263099670410156
113.396728515625
1.999999987845058e-08
1.999999987845058e-08
-24.128564834594727
114.3174819946289
-1.999999987845058e-08
-1.999999987845058e-08
-28.284151077270508
129.81405639648438
1.999999987845058e-08
1.999999987845058e-08
-26.928010940551758
137.6271514892578
-1.999999987845058e-08
-1.999999987845058e-08
-18.940614700317383
127.17170715332031
1.999999987845058e-08
1.999999987845058e-08
-8.463639259338379
104.31975555419922
-1.999999987845058e-08
-1.999999987845058e-08
-4.373982906341553
86.73188018798828
1.999999987845058e-08
1.999999987845058e-08
-9.385542869567871
87.4194564819336
-1.999999987845058e-08
-1.999999987845058e-08
-16.394845962524414
100.78689575195312
1.999999987845058e-08
1.999999987845058e-08
-18.13728904724121
110.12953186035156
-1.999999987845058e-08
-1.999999987845058e-08
-13.325366973876953
101.40473937988281
1.999999987845058e-08
1.999999987845058e-08
-6.984531879425049
73.06717681884766
-1.999999987845058e-08
-1.999999987845058e-08
-6.922308921813965
41.62489700317383
1.999999987845058e-08
1.999999987845058e-08
-15.37954330444336
29.02667999267578
-1.999999987845058e-08
-1.999999987845058e-08
-26.938631057739258
41.030189514160156
1.999999987845058e-08
1.999999987845058e-08
-35.95563507080078
64.58770751953125
-1.999999987845058e-08
-1.999999987845058e-08
-39.10606384277344
78.74144744873047
1.999999987845058e-08
1.999999987845058e-08
-32.60881423950195
65.5311508178711
-1.999999987845058e-08
-1.999999987845058e-08
-18.224328994750977
29.584444046020508
1.999999987845058e-08
1.999999987845058e-08
-7.4791178703308105
3.0478734970092773
-1.999999987845058e-08
-1.999999987845058e-08
-7.835207462310791
5.3269147872924805
1.999999987845058e-08
1.999999987845058e-08
-12.363062858581543
14.264935493469238
-1.999999987845058e-08
-1.999999987845058e-08
-11.317850112915039
3.1914398670196533
1.999999987845058e-08
1.999999987845058e-08
-4.3647894859313965
-22.382265090942383
-1.999999987845058e-08
-1.999999987845058e-08
2.3937344551086426
-44.289817810058594
1.999999987845058e-08
1.999999987845058e-08
4.0372843742370605
-55.25697326660156
-1.999999987845058e-08
-1.999999987845058e-08
-0.4772041141986847
-53.73883819580078
1.999999987845058e-08
1.999999987845058e-08
-16.922489166259766
-23.361343383789062
-1.999999987845058e-08
-1.999999987845058e-08
-15.917984962463379
-20.18115234375
1.999999987845058e-08
1.999999987845058e-08
-6.169354438781738
-35.239715576171875
-1.999999987845058e-08
-1.999999987845058e-08
3.269988536834717
-51.5794563293457
1.999999987845058e-08
1.999999987845058e-08
7.28472375869751
-52.98631286621094
-1.999999987845058e-08
-1.999999987845058e-08
10.502755165100098
-48.03251266479492
1.999999987845058e-08
1.999999987845058e-08
16.911388397216797
-57.25019073486328
-1.999999987845058e-08
-1.999999987845058e-08
24.0643310546875
-85.79249572753906
1.999999987845058e-08
1.999999987845058e-08
30.13701820373535
-119.32926177978516
-1.999999987845058e-08
-1.999999987845058e-08
34.48958969116211
-135.5460662841797
1.999999987845058e-08
1.999999987845058e-08
33.650535583496094
-121.63921356201172
-1.999999987845058e-08
-1.999999987845058e-08
28.631319046020508
-93.11067199707031
1.999999987845058e-08
1.999999987845058e-08
24.589609146118164
-77.76168060302734
-1.999999987845058e-08
-1.999999987845058e-08
20.360313415527344
-81.36304473876953
1.999999987845058e-08
1.999999987845058e-08
14.476729393005371
-95.53300476074219
-1.999999987845058e-08
-1.999999987845058e-08
13.042699813842773
-119.19094848632812
1.999999987845058e-08
1.999999987845058e-08
19.896133422851562
-150.8999481201172
-1.999999987845058e-08
-1.999999987845058e-08
29.648422241210938
-182.21238708496094
1.999999987845058e-08
1.999999987845058e-08
33.346675872802734
-201.8614044189453
-1.999999987845058e-08
-1.999999987845058e-08
26.376419067382812
-200.1948699951172
1.999999987845058e-08
1.999999987845058e-08
3.5155277252197266
-155.06851196289062
-1.999999987845058e-08
-1.999999987845058e-08
5.675178050994873
-145.48745727539062
1.999999987845058e-08
1.999999987845058e-08
18.384706497192383
-159.71847534179688
-1.999999987845058e-08
-1.999999987845058e-08
30.718090057373047
-191.15806579589844
1.999999987845058e-08
1.999999987845058e-08
31.157590866088867
-219.36744689941406
-1.999999987845058e-08
-1.999999987845058e-08
19.123931884765625
-223.9390106201172
1.999999987845058e-08
1.999999987845058e-08
5.000255584716797
-202.8609619140625
-1.999999987845058e-08
-1.999999987845058e-08
-1.7718732357025146
-175.15933227539062
1.999999987845058e-08
1.999999987845058e-08
-2.1629371643066406
-159.32237243652344
-1.999999987845058e-08
-1.999999987845058e-08
-0.869306743144989
-161.65966796875
1.999999987845058e-08
1.999999987845058e-08
22.23055076599121
-252.87417602539062
-1.999999987845058e-08
-1.999999987845058e-08
19.989715576171875
-266.2249755859375
1.999999987845058e-08
1.999999987845058e-08
8.996427536010742
-262.06890869140625
-1.999999987845058e-08
-1.999999987845058e-08
-1.5384842157363892
-251.091064453125
1.999999987845058e-08
1.999999987845058e-08
-4.151225566864014
-243.40380859375
-1.999999987845058e-08
-1.999999987845058e-08
3.1092066764831543
-244.5052032470703
1.999999987845058e-08
1.999999987845058e-08
18.86573600769043
-260.9730529785156
-1.999999987845058e-08
-1.999999987845058e-08
35.46495819091797
-292.6111755371094
1.999999987845058e-08
1.999999987845058e-08
38.8433723449707
-319.054443359375
-1.999999987845058e-08
-1.999999987845058e-08
21.9064884185791
-315.6118469238281
1.999999987845058e-08
1.999999987845058e-08
3.1092066764831543
-244.5052032470703
-1.999999987845058e-08
-1.999999987845058e-08
18.86573600769043
-260.9730529785156
1.999999987845058e-08
1.999999987845058e-08
35.46495819091797
-292.6111755371094
-1.999999987845058e-08
-1.999999987845058e-08
38.8433723449707
-319.054443359375
1.999999987845058e-08
1.999999987845058e-08
21.9064884185791
-315.6118469238281
-1.999999987845058e-08
-1.999999987845058e-08
-4.992345809936523
-282.08953857421875
1.999999987845058e-08
1.999999987845058e-08
-23.48558235168457
-243.20201110839844
-1.999999987845058e-08
-1.999999987845058e-08
-26.17157554626465
-221.33126831054688
1.999999987845058e-08
1.999999987845058e-08
-19.92957305908203
-221.21372985839844
-1.999999987845058e-08
-1.999999987845058e-08
-13.880488395690918
-236.79637145996094
1.999999987845058e-08
1.999999987845058e-08
-13.880488395690918
-236.79637145996094
-1.999999987845058e-08
-1.999999987845058e-08
-12.724876403808594
-255.73817443847656
1.999999987845058e-08
1.999999987845058e-08
-14.699483871459961
-269.25537109375
-1.999999987845058e-08
-1.999999987845058e-08
-13.10637378692627
-284.2497863769531
1.999999987845058e-08
1.999999987845058e-08
-8.114049911499023
-303.5883483886719
-1.999999987845058e-08
-1.999999987845058e-08
-8.532941818237305
-310.2544860839844
1.999999987845058e-08
1.999999987845058e-08
-16.02229881286621
-294.2174987792969
-1.999999987845058e-08
-1.999999987845058e-08
-20.57270622253418
-269.0213928222656
1.999999987845058e-08
1.999999987845058e-08
-13.365354537963867
-253.5658416748047
-1.999999987845058e-08
-1.999999987845058e-08
3.797551155090332
-256.0003662109375
1.999999987845058e-08
1.999999987845058e-08
3.797551155090332
-256.0003662109375
-1.999999987845058e-08
-1.999999987845058e-08
22.610544204711914
-274.1752014160156
1.999999987845058e-08
1.999999987845058e-08
36.837120056152344
-302.3541259765625
-1.999999987845058e-08
-1.999999987845058e-08
40.9039192199707
-327.9029235839844
1.999999987845058e-08
1.999999987845058e-08
29.475248336791992
-330.42987060546875
-1.999999987845058e-08
-1.999999987845058e-08
8.533116340637207
-302.796630859375
1.999999987845058e-08
1.999999987845058e-08
-4.874271392822266
-262.5179748535156
-1.999999987845058e-08
-1.999999987845058e-08
-1.0097386837005615
-233.25994873046875
1.999999987845058e-08
1.999999987845058e-08
12.522618293762207
-224.2567138671875
-1.999999987845058e-08
-1.999999987845058e-08
22.14718246459961
-229.75094604492188
1.999999987845058e-08
1.999999987845058e-08
21.822572708129883
-256.2511901855469
-1.999999987845058e-08
-1.999999987845058e-08
16.8115234375
-261.94818115234375
1.999999987845058e-08
1.999999987845058e-08
8.124369621276855
-249.6916961669922
-1.999999987845058e-08
-1.999999987845058e-08
-0.5678035020828247
-224.9456787109375
1.999999987845058e-08
1.999999987845058e-08
-5.075582027435303
-204.16188049316406
-1.999999987845058e-08
-1.999999987845058e-08
-4.509880542755127
-197.68212890625
1.999999987845058e-08
1.999999987845058e-08
0.7497743964195251
-205.55142211914062
-1.999999987845058e-08
-1.999999987845058e-08
9.008864402770996
-224.52549743652344
1.999999987845058e-08
1.999999987845058e-08
13.856344223022461
-244.20098876953125
-1.999999987845058e-08
-1.999999987845058e-08
7.288926124572754
-243.86419677734375
1.999999987845058e-08
1.999999987845058e-08
19.720619201660156
-199.4490509033203
-1.999999987845058e-08
-1.999999987845058e-08
38.08980178833008
-229.99363708496094
1.999999987845058e-08
1.999999987845058e-08
36.575008392333984
-247.62049865722656
-1.999999987845058e-08
-1.999999987845058e-08
18.197628021240234
-233.9808349609375
1.999999987845058e-08
1.999999987845058e-08
-2.1461973190307617
-200.8426055908203
-1.999999987845058e-08
-1.999999987845058e-08
-15.603913307189941
-169.57115173339844
1.999999987845058e-08
1.999999987845058e-08
-21.717376708984375
-145.82400512695312
-1.999999987845058e-08
-1.999999987845058e-08
-18.397186279296875
-131.56460571289062
1.999999987845058e-08
1.999999987845058e-08
-3.951075792312622
-134.24765014648438
-1.999999987845058e-08
-1.999999987845058e-08
14.759211540222168
-151.3920440673828
1.999999987845058e-08
1.999999987845058e-08
14.759211540222168
-151.3920440673828
-1.999999987845058e-08
-1.999999987845058e-08
25.54534149169922
-166.49842834472656
1.999999987845058e-08
1.999999987845058e-08
21.767269134521484
-165.51548767089844
-1.999999987845058e-08
-1.999999987845058e-08
8.606661796569824
-149.04844665527344
1.999999987845058e-08
1.999999987845058e-08
-3.47216796875
-125.95034790039062
-1.999999987845058e-08
-1.999999987845058e-08
-9.080371856689453
-102.34104919433594
1.999999987845058e-08
1.999999987845058e-08
-7.181022644042969
-84.80756378173828
-1.999999987845058e-08
-1.999999987845058e-08
1.1736812591552734
-80.94080352783203
1.999999987845058e-08
1.999999987845058e-08
10.766929626464844
-88.27497100830078
-1.999999987845058e-08
-1.999999987845058e-08
16.339282989501953
-95.36766815185547
1.999999987845058e-08
1.999999987845058e-08
16.290761947631836
-92.73585510253906
-1.999999987845058e-08
-1.999999987845058e-08
10.863296508789062
-77.99059295654297
1.999999987845058e-08
1.999999987845058e-08
3.2566277980804443
-57.54833984375
-1.999999987845058e-08
-1.999999987845058e-08
-1.1507434844970703
-41.15005874633789
1.999999987845058e-08
1.999999987845058e-08
-0.5115057229995728
-33.01676940917969
-1.999999987845058e-08
-1.999999987845058e-08
2.724041700363159
-32.54180145263672
1.999999987845058e-08
1.999999987845058e-08
7.619204521179199
-38.60710906982422
-1.999999987845058e-08
-1.999999987845058e-08
16.92998695373535
-50.99922180175781
1.999999987845058e-08
1.999999987845058e-08
28.343530654907227
-67.2080078125
-1.999999987845058e-08
-1.999999987845058e-08
29.740522384643555
-74.64535522460938
1.999999987845058e-08
1.999999987845058e-08
29.740522384643555
-74.64535522460938
-1.999999987845058e-08
-1.999999987845058e-08
14.223017692565918
-56.12099075317383
1.999999987845058e-08
1.999999987845058e-08
-6.922407627105713
-12.054161071777344
-1.999999987845058e-08
-1.999999987845058e-08
-16.006933212280273
32.30924987792969
1.999999987845058e-08
1.999999987845058e-08
-7.580938339233398
49.46241760253906
-1.999999987845058e-08
-1.999999987845058e-08
8.291499137878418
38.00709915161133
1.999999987845058e-08
1.999999987845058e-08
18.386808395385742
22.768741607666016
-1.999999987845058e-08
-1.999999987845058e-08
21.306005477905273
19.822904586791992
1.999999987845058e-08
1.999999987845058e-08
23.82650375366211
19.286684036254883
-1.999999987845058e-08
-1.999999987845058e-08
24.45342445373535
16.07402229309082
1.999999987845058e-08
1.999999987845058e-08
3.4619247913360596
44.050254821777344
-1.999999987845058e-08
-1.999999987845058e-08
-2.245363235473633
62.74283981323242
1.999999987845058e-08
1.999999987845058e-08
4.391141891479492
74.74445343017578
-1.999999987845058e-08
-1.999999987845058e-08
17.133419036865234
85.83536529541016
1.999999987845058e-08
1.999999987845058e-08
27.939001083374023
90.26783752441406
-1.999999987845058e-08
-1.999999987845058e-08
33.34075164794922
76.73033142089844
1.999999987845058e-08
1.999999987845058e-08
30.85447883605957
54.249595642089844
-1.999999987845058e-08
-1.999999987845058e-08
18.26401138305664
49.44129180908203
1.999999987845058e-08
1.999999987845058e-08
-0.6283676028251648
76.46106719970703
-1.999999987845058e-08
-1.999999987845058e-08
-14.01819896697998
118.94944763183594
1.999999987845058e-08
1.999999987845058e-08
7.629453659057617
131.98753356933594
-1.999999987845058e-08
-1.999999987845058e-08
20.68120574951172
104.77007293701172
1.999999987845058e-08
1.999999987845058e-08
14.330978393554688
95.37350463867188
-1.999999987845058e-08
-1.999999987845058e-08
-4.208271503448486
113.42207336425781
1.999999987845058e-08
1.999999987845058e-08
-16.644916534423828
142.2809600830078
-1.999999987845058e-08
-1.999999987845058e-08
-16.341278076171875
169.0025177001953
1.999999987845058e-08
1.999999987845058e-08
-11.13938045501709
193.09957885742188
-1.999999987845058e-08
-1.999999987845058e-08
-5.756237030029297
207.55264282226562
1.999999987845058e-08
1.999999987845058e-08
4.196267604827881
198.781982421875
-1.999999987845058e-08
-1.999999987845058e-08
18.186368942260742
170.80535888671875
1.999999987845058e-08
1.999999987845058e-08
16.888174057006836
150.90086364746094
-1.999999987845058e-08
-1.999999987845058e-08
-0.596242368221283
174.0265655517578
1.999999987845058e-08
1.999999987845058e-08
-11.052206039428711
193.88528442382812
-1.999999987845058e-08
-1.999999987845058e-08
-8.319488525390625
198.27011108398438
1.999999987845058e-08
1.999999987845058e-08
-0.9779244661331177
198.88206481933594
-1.999999987845058e-08
-1.999999987845058e-08
4.595518589019775
205.53305053710938
1.999999987845058e-08
1.999999987845058e-08
9.664328575134277
212.2588348388672
-1.999999987845058e-08
-1.999999987845058e-08
14.21853256225586
211.49075317382812
1.999999987845058e-08
1.999999987845058e-08
15.273473739624023
204.28245544433594
-1.999999987845058e-08
-1.999999987845058e-08
10.097977638244629
201.07762145996094
1.999999987845058e-08
1.999999987845058e-08
9.664328575134277
212.2588348388672
-1.999999987845058e-08
-1.999999987845058e-08
14.21853256225586
211.49075317382812
1.999999987845058e-08
1.999999987845058e-08
15.273473739624023
204.28245544433594
-1.999999987845058e-08
-1.999999987845058e-08
10.097977638244629
201.07762145996094
1.999999987845058e-08
1.999999987845058e-08
-0.19918948411941528
210.60916137695312
-1.999999987845058e-08
-1.999999987845058e-08
-9.181139945983887
229.49240112304688
1.999999987845058e-08
1.999999987845058e-08
-11.453286170959473
252.5740966796875
-1.999999987845058e-08
-1.999999987845058e-08
-6.838085174560547
275.0084533691406
1.999999987845058e-08
1.999999987845058e-08
3.448395252227783
281.5307312011719
-1.999999987845058e-08
-1.999999987845058e-08
18.153274536132812
257.91314697265625
1.999999987845058e-08
1.999999987845058e-08
18.153274536132812
257.91314697265625
-1.999999987845058e-08
-1.999999987845058e-08
30.599618911743164
215.60147094726562
1.999999987845058e-08
1.999999987845058e-08
27.979074478149414
193.59237670898438
-1.999999987845058e-08
-1.999999987845058e-08
7.576751708984375
218.62550354003906
1.999999987845058e-08
1.999999987845058e-08
-11.709473609924316
266.9415588378906
-1.999999987845058e-08
-1.999999987845058e-08
-9.2164888381958
292.34674072265625
1.999999987845058e-08
1.999999987845058e-08
13.492143630981445
277.9071350097656
-1.999999987845058e-08
-1.999999987845058e-08
37.039085388183594
239.53404235839844
1.999999987845058e-08
1.999999987845058e-08
43.1104850769043
204.65658569335938
-1.999999987845058e-08
-1.999999987845058e-08
27.60601043701172
195.87733459472656
1.999999987845058e-08
1.999999987845058e-08
2.6773314476013184
216.56361389160156
-1.999999987845058e-08
-1.999999987845058e-08
-14.72763442993164
251.94088745117188
1.999999987845058e-08
1.999999987845058e-08
-17.458532333374023
284.4956970214844
-1.999999987845058e-08
-1.999999987845058e-08
-10.276666641235352
304.24847412109375
1.999999987845058e-08
1.999999987845058e-08
-0.11642829328775406
309.7732849121094
-1.999999987845058e-08
-1.999999987845058e-08
11.59522819519043
302.220947265625
1.999999987845058e-08
1.999999987845058e-08
24.789413452148438
282.71673583984375
-1.999999987845058e-08
-1.999999987845058e-08
35.631107330322266
257.0378112792969
1.999999987845058e-08
1.999999987845058e-08
40.25894546508789
235.76048278808594
-1.999999987845058e-08
-1.999999987845058e-08
36.78342056274414
229.60353088378906
1.999999987845058e-08
1.999999987845058e-08
14.260499954223633
257.9394836425781
-1.999999987845058e-08
-1.999999987845058e-08
9.82493782043457
267.26373291015625
1.999999987845058e-08
1.999999987845058e-08
14.603702545166016
263.54339599609375
-1.999999987845058e-08
-1.999999987845058e-08
23.864667892456055
249.6216278076172
1.999999987845058e-08
1.999999987845058e-08
29.840713500976562
236.62457275390625
-1.999999987845058e-08
-1.999999987845058e-08
28.552753448486328
233.871826171875
1.999999987845058e-08
1.999999987845058e-08
21.845354080200195
238.6416778564453
-1.999999987845058e-08
-1.999999987845058e-08
12.291289329528809
247.1146240234375
1.999999987845058e-08
1.999999987845058e-08
2.8039627075195312
259.96246337890625
-1.999999987845058e-08
-1.999999987845058e-08
-3.119450092315674
272.7401428222656
1.999999987845058e-08
1.999999987845058e-08
6.548823833465576
213.53262329101562
-1.999999987845058e-08
-1.999999987845058e-08
5.804964065551758
203.19903564453125
1.999999987845058e-08
1.999999987845058e-08
-2.21781849861145
208.4724578857422
-1.999999987845058e-08
-1.999999987845058e-08
-15.559745788574219
228.51593017578125
1.999999987845058e-08
1.999999987845058e-08
-26.80413246154785
254.8772735595703
-1.999999987845058e-08
-1.999999987845058e-08
-27.186357498168945
272.4930419921875
1.999999987845058e-08
1.999999987845058e-08
-15.55032730102539
270.38214111328125
-1.999999987845058e-08
-1.999999987845058e-08
-0.8181405067443848
252.8928985595703
1.999999987845058e-08
1.999999987845058e-08
6.457840442657471
238.23683166503906
-1.999999987845058e-08
-1.999999987845058e-08
5.102579593658447
237.13377380371094
1.999999987845058e-08
1.999999987845058e-08
9.324341773986816
218.10333251953125
-1.999999987845058e-08
-1.999999987845058e-08
16.21784782409668
182.95516967773438
1.999999987845058e-08
1.999999987845058e-08
13.753303527832031
156.0019073486328
-1.999999987845058e-08
-1.999999987845058e-08
-1.433252215385437
157.78367614746094
1.999999987845058e-08
1.999999987845058e-08
-20.505964279174805
182.47750854492188
-1.999999987845058e-08
-1.999999987845058e-08
-31.990453720092773
208.5987091064453
1.999999987845058e-08
1.999999987845058e-08
-32.776695251464844
222.8558349609375
-1.999999987845058e-08
-1.999999987845058e-08
-26.897981643676758
220.50927734375
1.999999987845058e-08
1.999999987845058e-08
-19.73305320739746
198.03631591796875
-1.999999987845058e-08
-1.999999987845058e-08
-17.396968841552734
162.98753356933594
1.999999987845058e-08
1.999999987845058e-08
-31.990453720092773
208.5987091064453
-1.999999987845058e-08
-1.999999987845058e-08
-32.776695251464844
222.8558349609375
1.999999987845058e-08
1.999999987845058e-08
-26.897981643676758
220.50927734375
-1.999999987845058e-08
-1.999999987845058e-08
-19.73305320739746
198.03631591796875
1.999999987845058e-08
1.999999987845058e-08
-17.396968841552734
162.98753356933594
-1.999999987845058e-08
-1.999999987845058e-08
-23.335874557495117
135.8697052001953
1.999999987845058e-08
1.999999987845058e-08
-31.5534610748291
127.27254486083984
-1.999999987845058e-08
-1.999999987845058e-08
-32.47341537475586
128.04766845703125
1.999999987845058e-08
1.999999987845058e-08
-24.305713653564453
124.30146789550781
-1.999999987845058e-08
-1.999999987845058e-08
-12.725290298461914
109.01065826416016
1.999999987845058e-08
1.999999987845058e-08
-6.228705883026123
79.51382446289062
-1.999999987845058e-08
-1.999999987845058e-08
-9.069815635681152
86.05211639404297
1.999999987845058e-08
1.999999987845058e-08
-5.250723361968994
92.07907104492188
-1.999999987845058e-08
-1.999999987845058e-08
6.338118076324463
76.1195068359375
1.999999987845058e-08
1.999999987845058e-08
14.183012962341309
44.23526382446289
-1.999999987845058e-08
-1.999999987845058e-08
5.981515407562256
30.245994567871094
1.999999987845058e-08
1.999999987845058e-08
-11.564926147460938
45.00660705566406
-1.999999987845058e-08
-1.999999987845058e-08
-20.552034378051758
61.318965911865234
1.999999987845058e-08
1.999999987845058e-08
-17.23872947692871
61.071842193603516
-1.999999987845058e-08
-1.999999987845058e-08
-10.282820701599121
51.90291976928711
1.999999987845058e-08
1.999999987845058e-08
7.391570091247559
2.719677209854126
-1.999999987845058e-08
-1.999999987845058e-08
6.830239772796631
-17.80990982055664
1.999999987845058e-08
1.999999987845058e-08
-0.7348199486732483
-28.43116569519043
-1.999999987845058e-08
-1.999999987845058e-08
-12.297113418579102
-25.971097946166992
1.999999987845058e-08
1.999999987845058e-08
-19.847482681274414
-16.015901565551758
-1.999999987845058e-08
-1.999999987845058e-08
-17.45478630065918
-9.94764518737793
1.999999987845058e-08
1.999999987845058e-08
-8.204012870788574
-16.980199813842773
-1.999999987845058e-08
-1.999999987845058e-08
-0.13266006112098694
-33.01726150512695
1.999999987845058e-08
1.999999987845058e-08
3.7368946075439453
-47.37993240356445
-1.999999987845058e-08
-1.999999987845058e-08
6.264947891235352
-62.78921127319336
1.999999987845058e-08
1.999999987845058e-08
7.081017971038818
-85.36287689208984
-1.999999987845058e-08
-1.999999987845058e-08
1.796942114830017
-102.65496063232422
1.999999987845058e-08
1.999999987845058e-08
-8.5054931640625
-101.0715560913086
-1.999999987845058e-08
-1.999999987845058e-08
-17.294992446899414
-89.875732421875
1.999999987845058e-08
1.999999987845058e-08
-20.73154067993164
-88.5616683959961
-1.999999987845058e-08
-1.999999987845058e-08
-20.331727981567383
-103.14704895019531
1.999999987845058e-08
1.999999987845058e-08
-20.02584457397461
-121.78595733642578
-1.999999987845058e-08
-1.999999987845058e-08
-20.418529510498047
-131.17210388183594
1.999999987845058e-08
1.999999987845058e-08
-17.447744369506836
-135.16305541992188
-1.999999987845058e-08
-1.999999987845058e-08
-11.154211044311523
-147.7723388671875
1.999999987845058e-08
1.999999987845058e-08
-10.951170921325684
-166.613037109375
-1.999999987845058e-08
-1.999999987845058e-08
-23.66485023498535
-171.73214721679688
1.999999987845058e-08
1.999999987845058e-08
-40.539791107177734
-155.572998046875
-1.999999987845058e-08
-1.999999987845058e-08
-47.06758117675781
-133.0508270263672
1.999999987845058e-08
1.999999987845058e-08
-42.208580017089844
-116.66925811767578
-1.999999987845058e-08
-1.999999987845058e-08
-34.88959884643555
-104.6342544555664
1.999999987845058e-08
1.999999987845058e-08
-26.336254119873047
-98.78904724121094
-1.999999987845058e-08
-1.999999987845058e-08
-12.718939781188965
-108.37466430664062
1.999999987845058e-08
1.999999987845058e-08
-0.18173040449619293
-130.07806396484375
-1.999999987845058e-08
-1.999999987845058e-08
0.9532589912414551
-145.38026428222656
1.999999987845058e-08
1.999999987845058e-08
-10.912543296813965
-135.8624267578125
-1.999999987845058e-08
-1.999999987845058e-08
-7.034956932067871
-143.89813232421875
1.999999987845058e-08
1.999999987845058e-08
-0.6203420162200928
-171.67984008789062
-1.999999987845058e-08
-1.999999987845058e-08
1.265733003616333
-198.86729431152344
1.999999987845058e-08
1.999999987845058e-08
-3.4721736907958984
-205.0179443359375
-1.999999987845058e-08
-1.999999987845058e-08
-9.486366271972656
-199.80035400390625
1.999999987845058e-08
1.999999987845058e-08
-11.512199401855469
-208.66590881347656
-1.999999987845058e-08
-1.999999987845058e-08
-14.220235824584961
-230.48719787597656
1.999999987845058e-08
1.999999987845058e-08
-23.72791862487793
-237.89761352539062
-1.999999987845058e-08
-1.999999987845058e-08
-34.54759216308594
-215.70506286621094
1.999999987845058e-08
1.999999987845058e-08
-34.9123649597168
-180.5849609375
-1.999999987845058e-08
-1.999999987845058e-08
-20.993947982788086
-164.74916076660156
1.999999987845058e-08
1.999999987845058e-08
-3.069880485534668
-181.00259399414062
-1.999999987845058e-08
-1.999999987845058e-08
4.746230125427246
-210.18515014648438
1.999999987845058e-08
1.999999987845058e-08
0.9100181460380554
-227.9153594970703
-1.999999987845058e-08
-1.999999987845058e-08
-5.087224960327148
-229.2494354248047
1.999999987845058e-08
1.999999987845058e-08
-7.133517742156982
-224.12147521972656
-1.999999987845058e-08
-1.999999987845058e-08
-5.378015518188477
-222.57814025878906
1.999999987845058e-08
1.999999987845058e-08
-1.1953566074371338
-229.10848999023438
-1.999999987845058e-08
-1.999999987845058e-08
0.06393927335739136
-238.63186645507812
1.999999987845058e-08
1.999999987845058e-08
-1.1953566074371338
-229.10848999023438
-1.999999987845058e-08
-1.999999987845058e-08
0.06393928080797195
-238.63186645507812
1.999999987845058e-08
1.999999987845058e-08
-9.159502029418945
-235.00054931640625
-1.999999987845058e-08
-1.999999987845058e-08
-25.251253128051758
-211.5146026611328
1.999999987845058e-08
1.999999987845058e-08
-34.484195709228516
-186.52456665039062
-1.999999987845058e-08
-1.999999987845058e-08
-30.99264907836914
-179.94667053222656
1.999999987845058e-08
1.999999987845058e-08
-21.826126098632812
-188.23004150390625
-1.999999987845058e-08
-1.999999987845058e-08
-15.386178016662598
-194.13958740234375
1.999999987845058e-08
1.999999987845058e-08
-13.179023742675781
-189.1310577392578
-1.999999987845058e-08
-1.999999987845058e-08
-10.760252952575684
-182.24000549316406
1.999999987845058e-08
1.999999987845058e-08
-10.760252952575684
-182.24000549316406
-1.999999987845058e-08
-1.999999987845058e-08
-4.580437660217285
-188.53146362304688
1.999999987845058e-08
1.999999987845058e-08
-0.06755521893501282
-204.58450317382812
-1.999999987845058e-08
-1.999999987845058e-08
-5.442756652832031
-207.58926391601562
1.999999987845058e-08
1.999999987845058e-08
-15.214338302612305
-189.68983459472656
-1.999999987845058e-08
-1.999999987845058e-08
-15.434826850891113
-170.23358154296875
1.999999987845058e-08
1.999999987845058e-08
-4.673343658447266
-165.47879028320312
-1.999999987845058e-08
-1.999999987845058e-08
6.82382869720459
-174.74786376953125
1.999999987845058e-08
1.999999987845058e-08
11.350156784057617
-191.33010864257812
-1.999999987845058e-08
-1.999999987845058e-08
5.930532932281494
-201.76165771484375
1.999999987845058e-08
1.999999987845058e-08
-19.80390739440918
-173.48590087890625
-1.999999987845058e-08
-1.999999987845058e-08
-23.32942771911621
-157.35894775390625
1.999999987845058e-08
1.999999987845058e-08
-18.074918746948242
-154.58343505859375
-1.999999987845058e-08
-1.999999987845058e-08
-11.293232917785645
-162.8155975341797
1.999999987845058e-08
1.999999987845058e-08
-9.678182601928711
-170.5065155029297
-1.999999987845058e-08
-1.999999987845058e-08
-11.890979766845703
-170.30593872070312
1.999999987845058e-08
1.999999987845058e-08
-11.943167686462402
-167.29624938964844
-1.999999987845058e-08
-1.999999987845058e-08
-8.268882751464844
-168.24349975585938
1.999999987845058e-08
1.999999987845058e-08
-4.328136444091797
-172.6228790283203
-1.999999987845058e-08
-1.999999987845058e-08
-3.2116336822509766
-176.32411193847656
1.999999987845058e-08
1.999999987845058e-08
-7.585744857788086
-182.5699005126953
-1.999999987845058e-08
-1.999999987845058e-08
-11.442209243774414
-180.96218872070312
1.999999987845058e-08
1.999999987845058e-08
-18.630142211914062
-162.69456481933594
-1.999999987845058e-08
-1.999999987845058e-08
-27.07242202758789
-130.3078155517578
1.999999987845058e-08
1.999999987845058e-08
-28.672367095947266
-103.73828125
-1.999999987845058e-08
-1.999999987845058e-08
-18.290382385253906
-101.29850769042969
1.999999987845058e-08
1.999999987845058e-08
-2.0962259769439697
-118.9715805053711
-1.999999987845058e-08
-1.999999987845058e-08
8.506936073303223
-134.6416473388672
1.999999987845058e-08
1.999999987845058e-08
10.427961349487305
-136.7528839111328
-1.999999987845058e-08
-1.999999987845058e-08
10.015373229980469
-134.43756103515625
1.999999987845058e-08
1.999999987845058e-08
11.398681640625
-135.30691528320312
-1.999999987845058e-08
-1.999999987845058e-08
11.998003959655762
-133.71258544921875
1.999999987845058e-08
1.999999987845058e-08
9.57358169555664
-126.5179214477539
-1.999999987845058e-08
-1.999999987845058e-08
5.576851844787598
-119.93002319335938
1.999999987845058e-08
1.999999987845058e-08
2.630481004714966
-117.27667999267578
-1.999999987845058e-08
-1.999999987845058e-08
4.189610958099365
-119.60948181152344
1.999999987845058e-08
1.999999987845058e-08
11.81174087524414
-131.82424926757812
-1.999999987845058e-08
-1.999999987845058e-08
19.944381713867188
-150.1126251220703
1.999999987845058e-08
1.999999987845058e-08
20.103111267089844
-157.3188934326172
-1.999999987845058e-08
-1.999999987845058e-08
11.226444244384766
-144.30628967285156
1.999999987845058e-08
1.999999987845058e-08
-1.816943883895874
-106.9216079711914
-1.999999987845058e-08
-1.999999987845058e-08
3.9660072326660156
-102.6766586303711
1.999999987845058e-08
1.999999987845058e-08
11.943818092346191
-106.89725494384766
-1.999999987845058e-08
-1.999999987845058e-08
14.07522201538086
-114.05243682861328
1.999999987845058e-08
1.999999987845058e-08
10.421221733093262
-120.08214569091797
-1.999999987845058e-08
-1.999999987845058e-08
7.380344867706299
-124.30217742919922
1.999999987845058e-08
1.999999987845058e-08
7.8415374755859375
-123.76294708251953
-1.999999987845058e-08
-1.999999987845058e-08
9.134687423706055
-110.63005065917969
1.999999987845058e-08
1.999999987845058e-08
7.875870227813721
-81.79122924804688
-1.999999987845058e-08
-1.999999987845058e-08
5.254605293273926
-52.16279983520508
1.999999987845058e-08
1.999999987845058e-08
15.422152519226074
-65.84435272216797
-1.999999987845058e-08
-1.999999987845058e-08
21.93977928161621
-84.14390563964844
1.999999987845058e-08
1.999999987845058e-08
21.361286163330078
-82.12479400634766
-1.999999987845058e-08
-1.999999987845058e-08
16.34824562072754
-67.94414520263672
1.999999987845058e-08
1.999999987845058e-08
11.075206756591797
-55.736690521240234
-1.999999987845058e-08
-1.999999987845058e-08
7.431961536407471
-49.638023376464844
1.999999987845058e-08
1.999999987845058e-08
7.22798490524292
-49.49824523925781
-1.999999987845058e-08
-1.999999987845058e-08
10.775146484375
-52.62205123901367
1.999999987845058e-08
1.999999987845058e-08
14.008195877075195
-50.75613021850586
-1.999999987845058e-08
-1.999999987845058e-08
13.479693412780762
-40.990169525146484
1.999999987845058e-08
1.999999987845058e-08
11.075206756591797
-55.736690521240234
-1.999999987845058e-08
-1.999999987845058e-08
7.431961536407471
-49.638023376464844
1.999999987845058e-08
1.999999987845058e-08
7.22798490524292
-49.49824523925781
-1.999999987845058e-08
-1.999999987845058e-08
10.775146484375
-52.62205123901367
1.999999987845058e-08
1.999999987845058e-08
14.008195877075195
-50.75613021850586
-1.999999987845058e-08
-1.999999987845058e-08
13.479693412780762
-40.990169525146484
1.999999987845058e-08
1.999999987845058e-08
12.280643463134766
-35.48362350463867
-1.999999987845058e-08
-1.999999987845058e-08
14.523625373840332
-45.36611557006836
1.999999987845058e-08
1.999999987845058e-08
17.474409103393555
-61.09422302246094
-1.999999987845058e-08
-1.999999987845058e-08
15.98641586303711
-63.494564056396484
1.999999987845058e-08
1.999999987845058e-08
8.700523376464844
-40.10554122924805
-1.999999987845058e-08
-1.999999987845058e-08
13.114099502563477
-47.32196807861328
1.999999987845058e-08
1.999999987845058e-08
21.339859008789062
-63.526493072509766
-1.999999987845058e-08
-1.999999987845058e-08
25.196964263916016
-68.59093475341797
1.999999987845058e-08
1.999999987845058e-08
21.405302047729492
-59.65838623046875
-1.999999987845058e-08
-1.999999987845058e-08
14.692143440246582
-52.90876007080078
1.999999987845058e-08
1.999999987845058e-08
9.109135627746582
-56.45380783081055
-1.999999987845058e-08
-1.999999987845058e-08
4.877688884735107
-61.97002029418945
1.999999987845058e-08
1.999999987845058e-08
1.8417469263076782
-61.243316650390625
-1.999999987845058e-08
-1.999999987845058e-08
0.15316364169120789
-52.79042053222656
1.999999987845058e-08
1.999999987845058e-08
0.1531635969877243
-52.79042053222656
-1.999999987845058e-08
-1.999999987845058e-08
0.7350310683250427
-39.006038665771484
1.999999987845058e-08
1.999999987845058e-08
4.56468391418457
-26.575647354125977
-1.999999987845058e-08
-1.999999987845058e-08
9.265743255615234
-22.284334182739258
1.999999987845058e-08
1.999999987845058e-08
10.043367385864258
-27.88361358642578
-1.999999987845058e-08
-1.999999987845058e-08
4.9549880027771
-40.334197998046875
1.999999987845058e-08
1.999999987845058e-08
-3.683586597442627
-51.802696228027344
-1.999999987845058e-08
-1.999999987845058e-08
-12.378841400146484
-52.68156814575195
1.999999987845058e-08
1.999999987845058e-08
-17.487398147583008
-42.584163665771484
-1.999999987845058e-08
-1.999999987845058e-08
-16.05467414855957
-34.448184967041016
1.999999987845058e-08
1.999999987845058e-08
-5.196637153625488
-46.596866607666016
-1.999999987845058e-08
-1.999999987845058e-08
-2.8726794719696045
-50.372127532958984
1.999999987845058e-08
1.999999987845058e-08
0.7198704481124878
-56.11842346191406
-1.999999987845058e-08
-1.999999987845058e-08
7.094751358032227
-73.13223266601562
1.999999987845058e-08
1.999999987845058e-08
10.319500923156738
-86.91284942626953
-1.999999987845058e-08
-1.999999987845058e-08
5.069869041442871
-74.03997039794922
1.999999987845058e-08
1.999999987845058e-08
-3.767911195755005
-38.60713195800781
-1.999999987845058e-08
-1.999999987845058e-08
-8.46988582611084
-4.961451530456543
1.999999987845058e-08
1.999999987845058e-08
-8.7034912109375
15.230508804321289
-1.999999987845058e-08
-1.999999987845058e-08
-7.530954837799072
25.950437545776367
1.999999987845058e-08
1.999999987845058e-08
-5.837167739868164
29.80282211303711
-1.999999987845058e-08
-1.999999987845058e-08
-3.465339422225952
24.884151458740234
1.999999987845058e-08
1.999999987845058e-08
0.9578091502189636
12.308547019958496
-1.999999987845058e-08
-1.999999987845058e-08
8.490840911865234
-0.09081218391656876
1.999999987845058e-08
1.999999987845058e-08
14.428951263427734
0.02966555953025818
-1.999999987845058e-08
-1.999999987845058e-08
13.26322078704834
16.3862361907959
1.999999987845058e-08
1.999999987845058e-08
8.142557144165039
32.071414947509766
-1.999999987845058e-08
-1.999999987845058e-08
4.657371520996094
28.025259017944336
1.999999987845058e-08
1.999999987845058e-08
1.4440466165542603
11.063220024108887
-1.999999987845058e-08
-1.999999987845058e-08
-4.165841579437256
1.826920747756958
1.999999987845058e-08
1.999999987845058e-08
-7.776516437530518
1.0639532804489136
-1.999999987845058e-08
-1.999999987845058e-08
-3.317706346511841
-6.972280025482178
1.999999987845058e-08
1.999999987845058e-08
5.990011692047119
-21.818422317504883
-1.999999987845058e-08
-1.999999987845058e-08
11.641618728637695
-26.642189025878906
1.999999987845058e-08
1.999999987845058e-08
12.139741897583008
-18.932254791259766
-1.999999987845058e-08
-1.999999987845058e-08
10.590351104736328
-12.308611869812012
1.999999987845058e-08
1.999999987845058e-08
7.065164089202881
-13.38028621673584
-1.999999987845058e-08
-1.999999987845058e-08
2.6328139305114746
-19.202417373657227
1.999999987845058e-08
1.999999987845058e-08
1.5090858936309814
-26.274263381958008
-1.999999987845058e-08
-1.999999987845058e-08
4.946242809295654
-30.961103439331055
1.999999987845058e-08
1.999999987845058e-08
10.084184646606445
-26.23013687133789
-1.999999987845058e-08
-1.999999987845058e-08
1.7636384963989258
-16.16966438293457
1.999999987845058e-08
1.999999987845058e-08
-10.969538688659668
-5.509816646575928
-1.999999987845058e-08
-1.999999987845058e-08
-17.103099822998047
-2.0433106422424316
1.999999987845058e-08
1.999999987845058e-08
-11.535355567932129
-6.235775947570801
-1.999999987845058e-08
-1.999999987845058e-08
0.3957739770412445
-12.200374603271484
1.999999987845058e-08
1.999999987845058e-08
9.93252182006836
-17.83127212524414
-1.999999987845058e-08
-1.999999987845058e-08
12.017544746398926
-25.50257682800293
1.999999987845058e-08
1.999999987845058e-08
8.603656768798828
-35.101959228515625
-1.999999987845058e-08
-1.999999987845058e-08
6.1406779289245605
-42.7442512512207
1.999999987845058e-08
1.999999987845058e-08
2.0003716945648193
-33.515533447265625
-1.999999987845058e-08
-1.999999987845058e-08
-12.14018726348877
-6.504665851593018
1.999999987845058e-08
1.999999987845058e-08
-28.02800941467285
24.889694213867188
-1.999999987845058e-08
-1.999999987845058e-08
-34.69721603393555
41.203895568847656
1.999999987845058e-08
1.999999987845058e-08
-32.60030746459961
42.53446578979492
-1.999999987845058e-08
-1.999999987845058e-08
-25.960947036743164
40.93431091308594
1.999999987845058e-08
1.999999987845058e-08
-14.510968208312988
34.787254333496094
-1.999999987845058e-08
-1.999999987845058e-08
-2.1456713676452637
19.476398468017578
1.999999987845058e-08
1.999999987845058e-08
2.716045379638672
6.060277938842773
-1.999999987845058e-08
-1.999999987845058e-08
0.1939544379711151
4.112092971801758
1.999999987845058e-08
1.999999987845058e-08
0.19395439326763153
4.112092971801758
-1.999999987845058e-08
-1.999999987845058e-08
-1.7154759168624878
5.195290565490723
1.999999987845058e-08
1.999999987845058e-08
0.11685367673635483
-0.15316423773765564
-1.999999987845058e-08
-1.999999987845058e-08
2.5870721340179443
-7.0975213050842285
1.999999987845058e-08
1.999999987845058e-08
3.3687915802001953
-7.393066883087158
-1.999999987845058e-08
-1.999999987845058e-08
1.8094568252563477
0.12670275568962097
1.999999987845058e-08
1.999999987845058e-08
-2.152374744415283
15.274636268615723
-1.999999987845058e-08
-1.999999987845058e-08
-5.072524070739746
34.27970504760742
1.999999987845058e-08
1.999999987845058e-08
-2.3978047370910645
41.50169372558594
-1.999999987845058e-08
-1.999999987845058e-08
3.8021554946899414
25.464202880859375
1.999999987845058e-08
1.999999987845058e-08
6.845494270324707
-0.23087197542190552
-1.999999987845058e-08
-1.999999987845058e-08
3.4851324558258057
-8.012277603149414
1.999999987845058e-08
1.999999987845058e-08
-4.032559871673584
11.285649299621582
-1.999999987845058e-08
-1.999999987845058e-08
-10.947590827941895
37.79264450073242
1.999999987845058e-08
1.999999987845058e-08
-15.598896026611328
51.494651794433594
-1.999999987845058e-08
-1.999999987845058e-08
-18.4919490814209
53.138885498046875
1.999999987845058e-08
1.999999987845058e-08
