0
71.98748016357422
48.78489685058594
56.78335189819336
1.999999987845058e-08
61.13022994995117
42.326744079589844
46.14436721801758
-1.999999987845058e-08
27.202674865722656
20.097936630249023
15.730790138244629
1.999999987845058e-08
-11.42275619506836
-4.315168857574463
-18.409496307373047
-1.999999987845058e-08
-28.83747100830078
-13.267950057983398
-33.86810302734375
1.999999987845058e-08
-22.11251449584961
-7.654111862182617
-28.79648208618164
-1.999999987845058e-08
-12.505207061767578
-4.582696437835693
-21.848711013793945
1.999999987845058e-08
-13.695368766784668
-10.86409854888916
-23.70161247253418
-1.999999987845058e-08
-19.074047088623047
-16.04457664489746
-27.150012969970703
1.999999987845058e-08
-18.92982292175293
-12.560379028320312
-24.457624435424805
-1.999999987845058e-08
-8.151848793029785
-3.933389663696289
-14.257100105285645
1.999999987845058e-08
14.824894905090332
6.938355922698975
3.9795453548431396
-1.999999987845058e-08
39.63289260864258
20.42350196838379
24.884702682495117
1.999999987845058e-08
45.53076934814453
29.54085350036621
32.38806915283203
-1.999999987845058e-08
23.8439884185791
22.762025833129883
15.361075401306152
1.999999987845058e-08
-9.013449668884277
2.577470302581787
-14.413283348083496
-1.999999987845058e-08
-30.889753341674805
-14.067700386047363
-34.72570037841797
1.999999987845058e-08
-37.39130401611328
-18.5167236328125
-40.00373458862305
-1.999999987845058e-08
-36.95848846435547
-18.435213088989258
-40.57923126220703
1.999999987845058e-08
-35.06349563598633
-21.355369567871094
-41.84627914428711
-1.999999987845058e-08
-34.916465759277344
-25.908721923828125
-42.024070739746094
1.999999987845058e-08
-38.34243392944336
-28.240636825561523
-40.82805252075195
-1.999999987845058e-08
-33.759037017822266
-23.17799949645996
-32.96010971069336
1.999999987845058e-08
-5.820514678955078
-5.811975955963135
-9.64828109741211
-1.999999987845058e-08
35.98235321044922
18.797609329223633
21.993694305419922
1.999999987845058e-08
62.523590087890625
36.473793029785156
40.505584716796875
-1.999999987845058e-08
57.443359375
37.319068908691406
34.0433464050293
1.999999987845058e-08
30.786766052246094
23.819149017333984
11.762635231018066
-1.999999987845058e-08
5.136394023895264
7.032837867736816
-7.718225955963135
1.999999987845058e-08
-6.001528739929199
-3.4167776107788086
-14.685542106628418
-1.999999987845058e-08
-5.795819282531738
-5.542699813842773
-13.073019981384277
1.999999987845058e-08
-4.211148738861084
-3.479334831237793
-10.536603927612305
-1.999999987845058e-08
-5.477063179016113
-2.2140679359436035
-9.800854682922363
1.999999987845058e-08
-7.015082359313965
-2.9806478023529053
-9.33918571472168
-1.999999987845058e-08
-4.350946426391602
-1.1540415287017822
-5.022190093994141
1.999999987845058e-08
7.6954522132873535
9.506497383117676
9.167434692382812
-1.999999987845058e-08
28.199188232421875
25.878625869750977
31.4050235748291
1.999999987845058e-08
45.26451110839844
35.240299224853516
48.10781478881836
-1.999999987845058e-08
48.035728454589844
31.346651077270508
49.209442138671875
1.999999987845058e-08
34.17427444458008
19.872350692749023
35.10770034790039
-1.999999987845058e-08
7.727422714233398
7.237668037414551
9.68753433227539
1.999999987845058e-08
-17.222877502441406
-3.6059515476226807
-16.812767028808594
-1.999999987845058e-08
-25.78211212158203
-9.979494094848633
-29.490781784057617
1.999999987845058e-08
-21.799596786499023
-11.400766372680664
-26.440595626831055
-1.999999987845058e-08
-21.78241539001465
-12.176775932312012
-21.987308502197266
1.999999987845058e-08
-32.0650749206543
-17.032136917114258
-27.300779342651367
-1.999999987845058e-08
-41.60743713378906
-22.50725555419922
-35.85343551635742
1.999999987845058e-08
-34.377628326416016
-17.580467224121094
-31.245718002319336
-1.999999987845058e-08
-9.098860740661621
0.5009742975234985
-9.1234769821167
1.999999987845058e-08
17.389097213745117
18.269926071166992
15.829766273498535
-1.999999987845058e-08
30.19597053527832
22.37742805480957
28.73048210144043
1.999999987845058e-08
27.57192039489746
14.670201301574707
27.779857635498047
-1.999999987845058e-08
12.548933982849121
4.402537822723389
16.57359504699707
1.999999987845058e-08
-9.533041954040527
-4.754467010498047
-0.760935366153717
-1.999999987845058e-08
-27.564308166503906
-13.217860221862793
-15.893997192382812
1.999999987845058e-08
-34.934226989746094
-19.447492599487305
-22.719575881958008
-1.999999987845058e-08
-37.95392990112305
-22.306167602539062
-25.815996170043945
1.999999987845058e-08
-42.44962692260742
-23.648330688476562
-31.427881240844727
-1.999999987845058e-08
-44.67366027832031
-25.09885597229004
-37.47210693359375
1.999999987845058e-08
-44.67366027832031
-25.09885597229004
-37.47210693359375
-1.999999987845058e-08
-38.29384994506836
-23.444623947143555
-36.74911117553711
1.999999987845058e-08
-18.192102432250977
-11.397366523742676
-22.47066879272461
-1.999999987845058e-08
12.848390579223633
10.801685333251953
3.044560670852661
1.999999987845058e-08
39.92873001098633
29.744287490844727
25.822677612304688
-1.999999987845058e-08
49.382957458496094
33.30937957763672
34.5269660949707
1.999999987845058e-08
38.13854217529297
22.643245697021484
28.00629997253418
-1.999999987845058e-08
13.747955322265625
7.243107318878174
11.706782341003418
1.999999987845058e-08
-8.243708610534668
-4.65040397644043
-4.8899641036987305
-1.999999987845058e-08
-18.529857635498047
-11.011113166809082
-15.978869438171387
1.999999987845058e-08
-33.455875396728516
-20.43975257873535
-29.667898178100586
-1.999999987845058e-08
-45.33662033081055
-27.672605514526367
-35.6890983581543
1.999999987845058e-08
-43.19377899169922
-25.220922470092773
-32.519107818603516
-1.999999987845058e-08
-12.459637641906738
-3.6840546131134033
-5.891732692718506
1.999999987845058e-08
33.01963424682617
25.85093116760254
34.28691101074219
-1.999999987845058e-08
61.08241653442383
42.00490188598633
59.27992630004883
1.999999987845058e-08
54.38072967529297
36.280879974365234
53.757747650146484
-1.999999987845058e-08
21.317136764526367
16.929800033569336
26.00128173828125
1.999999987845058e-08
-13.93519401550293
-1.5311918258666992
-4.206459045410156
-1.999999987845058e-08
-28.864843368530273
-8.9707612991333
-19.085844039916992
1.999999987845058e-08
-20.752334594726562
-6.449802398681641
-14.80855655670166
-1.999999987845058e-08
-8.058274269104004
-3.9055163860321045
-4.3948540687561035
1.999999987845058e-08
-12.445886611938477
-10.531859397888184
-6.189513206481934
-1.999999987845058e-08
-36.893516540527344
-25.849241256713867
-25.45522117614746
1.999999987845058e-08
-59.99509048461914
-37.96067810058594
-45.970088958740234
-1.999999987845058e-08
-58.164825439453125
-34.0016975402832
-46.370609283447266
1.999999987845058e-08
-32.037113189697266
-14.74543571472168
-24.671785354614258
-1.999999987845058e-08
-2.131964683532715
5.817662239074707
2.494856834411621
1.999999987845058e-08
15.282639503479004
15.4445219039917
20.460174560546875
-1.999999987845058e-08
17.31220817565918
12.70523452758789
25.243005752563477
1.999999987845058e-08
17.31220817565918
12.70523452758789
25.243003845214844
-1.999999987845058e-08
10.70307445526123
4.866955280303955
20.941375732421875
1.999999987845058e-08
8.079777717590332
1.58186674118042
17.723722457885742
-1.999999987845058e-08
14.683135032653809
5.408326148986816
20.75111961364746
1.999999987845058e-08
18.347576141357422
8.045509338378906
19.888864517211914
-1.999999987845058e-08
6.335673809051514
1.5622700452804565
4.506876468658447
1.999999987845058e-08
-15.323486328125
-10.346577644348145
-17.460641860961914
-1.999999987845058e-08
-31.44151496887207
-18.25502586364746
-29.835060119628906
1.999999987845058e-08
-33.54737854003906
-17.60386085510254
-26.494112014770508
-1.999999987845058e-08
-18.488422393798828
-7.671952247619629
-8.528188705444336
1.999999987845058e-08
-18.488422393798828
-7.671952247619629
-8.528188705444336
-1.999999987845058e-08
10.222151756286621
10.113489151000977
19.944746017456055
1.999999987845058e-08
37.469703674316406
27.613037109375
46.86293029785156
-1.999999987845058e-08
47.9208869934082
33.510677337646484
58.06485366821289
1.999999987845058e-08
38.07613754272461
24.41039276123047
49.14893341064453
-1.999999987845058e-08
15.154083251953125
8.078981399536133
27.661579132080078
1.999999987845058e-08
-7.174019813537598
-4.384044647216797
7.141691207885742
-1.999999987845058e-08
-16.467208862304688
-8.543155670166016
-2.4546761512756348
1.999999987845058e-08
-11.416796684265137
-7.872889995574951
-0.427298903465271
-1.999999987845058e-08
-3.4138031005859375
-7.196185111999512
6.056983947753906
1.999999987845058e-08
76.04603576660156
43.49644470214844
71.25476837158203
-1.999999987845058e-08
95.88631439208984
56.947265625
89.53917694091797
1.999999987845058e-08
83.74198150634766
51.42677307128906
80.32975769042969
-1.999999987845058e-08
49.276832580566406
29.759275436401367
49.676673889160156
1.999999987845058e-08
16.51728630065918
8.802730560302734
19.342004776000977
-1.999999987845058e-08
-1.81410551071167
-0.5300237536430359
1.8516664505004883
1.999999987845058e-08
-12.820158958435059
-5.114315509796143
-9.323836326599121
-1.999999987845058e-08
-23.64886474609375
-13.562122344970703
-20.855222702026367
1.999999987845058e-08
-31.426837921142578
-22.539077758789062
-28.35652732849121
-1.999999987845058e-08
-32.299278259277344
-25.108068466186523
-26.701324462890625
1.999999987845058e-08
-31.426837921142578
-22.539077758789062
-28.35652732849121
-1.999999987845058e-08
-32.299278259277344
-25.108068466186523
-26.701324462890625
1.999999987845058e-08
-21.984561920166016
-18.270503997802734
-14.3523530960083
-1.999999987845058e-08
2.3382840156555176
-2.789557695388794
7.418596267700195
1.999999987845058e-08
28.552413940429688
14.136441230773926
27.297161102294922
-1.999999987845058e-08
36.013973236083984
21.689525604248047
29.79231071472168
1.999999987845058e-08
19.273664474487305
15.205885887145996
13.186612129211426
-1.999999987845058e-08
-7.510085582733154
0.1148466169834137
-10.07688045501709
1.999999987845058e-08
-25.61056900024414
-12.415534019470215
-26.18017578125
-1.999999987845058e-08
-26.88252067565918
-14.9011812210083
-29.05345344543457
1.999999987845058e-08
-19.38262176513672
-11.287352561950684
-24.844587326049805
-1.999999987845058e-08
-16.22887420654297
-11.521431922912598
-24.606733322143555
1.999999987845058e-08
-19.53579330444336
-17.659496307373047
-29.522857666015625
-1.999999987845058e-08
-21.993709564208984
-21.647958755493164
-31.35235023498535
1.999999987845058e-08
-16.466615676879883
-15.858294486999512
-23.441720962524414
-1.999999987845058e-08
0.8560389876365662
-0.3566347062587738
-4.587832450866699
1.999999987845058e-08
25.514062881469727
18.07634925842285
19.427753448486328
-1.999999987845058e-08
46.762569427490234
32.301204681396484
39.15028762817383
1.999999987845058e-08
56.75809860229492
38.136474609375
48.80111312866211
-1.999999987845058e-08
47.509944915771484
30.981103897094727
42.710941314697266
1.999999987845058e-08
47.509944915771484
30.981103897094727
42.710941314697266
-1.999999987845058e-08
15.823678016662598
10.37643814086914
17.926061630249023
1.999999987845058e-08
-19.898836135864258
-11.498947143554688
-11.666685104370117
-1.999999987845058e-08
-35.77632522583008
-21.013996124267578
-26.65013313293457
1.999999987845058e-08
-32.642486572265625
-19.817028045654297
-26.53522491455078
-1.999999987845058e-08
-25.951522827148438
-17.573802947998047
-22.824710845947266
1.999999987845058e-08
-24.592845916748047
-17.88555908203125
-22.31688690185547
-1.999999987845058e-08
-32.56199264526367
-20.748870849609375
-28.875675201416016
1.999999987845058e-08
-44.458187103271484
-24.85034942626953
-39.40099334716797
-1.999999987845058e-08
-42.80229187011719
-24.697763442993164
-39.15605163574219
1.999999987845058e-08
-21.66568946838379
-17.121004104614258
-20.97000503540039
-1.999999987845058e-08
3.1443288326263428
-6.27141809463501
2.561901092529297
1.999999987845058e-08
14.12138557434082
0.9624050259590149
14.333930969238281
-1.999999987845058e-08
5.706462860107422
-1.1761258840560913
7.069633960723877
1.999999987845058e-08
-13.346766471862793
-11.749848365783691
-11.980854988098145
-1.999999987845058e-08
-23.95562171936035
-19.96996307373047
-24.185184478759766
1.999999987845058e-08
-18.659265518188477
-18.64899444580078
-20.723604202270508
-1.999999987845058e-08
-13.07859992980957
-15.40588665008545
-15.567498207092285
1.999999987845058e-08
-20.287050247192383
-19.017311096191406
-22.264772415161133
-1.999999987845058e-08
-30.64370346069336
-24.908823013305664
-32.47871398925781
1.999999987845058e-08
-6.493879795074463
-8.695219993591309
-11.613801002502441
-1.999999987845058e-08
23.431053161621094
10.897006034851074
14.080997467041016
1.999999987845058e-08
47.65130615234375
26.12449836730957
34.44862747192383
-1.999999987845058e-08
55.985713958740234
30.869915008544922
41.48734664916992
1.999999987845058e-08
46.79884719848633
25.208894729614258
33.68534851074219
-1.999999987845058e-08
25.86195945739746
13.082178115844727
15.37790298461914
1.999999987845058e-08
4.698737621307373
0.8132532238960266
-3.6621346473693848
-1.999999987845058e-08
-6.022319316864014
-5.685102939605713
-13.358952522277832
1.999999987845058e-08
-5.079599857330322
-5.178751468658447
-11.523285865783691
-1.999999987845058e-08
-0.2924593687057495
-1.4066493511199951
-5.604233741760254
1.999999987845058e-08
-9.922464370727539
-1.2544540166854858
-15.467453002929688
-1.999999987845058e-08
-0.012489316053688526
6.227692604064941
-6.45330286026001
1.999999987845058e-08
24.510150909423828
21.032283782958984
17.263608932495117
-1.999999987845058e-08
45.695335388183594
32.12793731689453
38.415245056152344
1.999999987845058e-08
48.913238525390625
32.80571746826172
42.12860107421875
-1.999999987845058e-08
35.40164566040039
25.95081901550293
29.683549880981445
1.999999987845058e-08
13.502265930175781
15.5933198928833
9.41657829284668
-1.999999987845058e-08
-5.7064971923828125
5.066478729248047
-8.957134246826172
1.999999987845058e-08
-11.817211151123047
-0.7438021302223206
-15.901183128356934
-1.999999987845058e-08
-4.936451435089111
-0.004634460434317589
-10.434943199157715
1.999999987845058e-08
-11.817211151123047
-0.7438021302223206
-15.901183128356934
-1.999999987845058e-08
-4.936451435089111
-0.004634460899978876
-10.434943199157715
1.999999987845058e-08
3.1001315116882324
2.197922468185425
-3.144993305206299
-1.999999987845058e-08
-1.119449257850647
-2.1372618675231934
-7.046457290649414
1.999999987845058e-08
-16.381540298461914
-13.109636306762695
-21.703622817993164
-1.999999987845058e-08
-21.21719741821289
-17.641773223876953
-27.871768951416016
1.999999987845058e-08
-0.40275096893310547
-5.637020111083984
-10.954924583435059
-1.999999987845058e-08
30.889827728271484
13.535764694213867
16.46006202697754
1.999999987845058e-08
45.50227737426758
22.69144630432129
29.671566009521484
-1.999999987845058e-08
32.34419631958008
15.76762580871582
18.199159622192383
1.999999987845058e-08
32.34419631958008
15.76762580871582
18.199159622192383
-1.999999987845058e-08
3.536677122116089
-0.05649014189839363
-7.402875900268555
1.999999987845058e-08
-14.397064208984375
-11.850693702697754
-24.911548614501953
-1.999999987845058e-08
-6.806873798370361
-11.653444290161133
-21.810375213623047
1.999999987845058e-08
10.82395076751709
-3.809122085571289
-9.101795196533203
-1.999999987845058e-08
15.05113697052002
1.0975327491760254
-5.3596415519714355
1.999999987845058e-08
3.36344051361084
-2.3127079010009766
-14.395541191101074
-1.999999987845058e-08
-11.043607711791992
-10.657543182373047
-26.24800682067871
1.999999987845058e-08
-13.844925880432129
-14.050716400146484
-27.7716121673584
-1.999999987845058e-08
4.535831451416016
-3.762212038040161
-10.471698760986328
1.999999987845058e-08
36.94955062866211
15.634329795837402
18.44744873046875
-1.999999987845058e-08
61.34611892700195
29.028696060180664
39.63874053955078
1.999999987845058e-08
64.28118133544922
28.603763580322266
42.56100845336914
-1.999999987845058e-08
47.59360122680664
18.16393280029297
29.768404006958008
1.999999987845058e-08
20.194875717163086
4.441539287567139
8.183673858642578
-1.999999987845058e-08
-1.066697120666504
-5.232182025909424
-9.314713478088379
1.999999987845058e-08
-2.9828298091888428
-6.586613655090332
-10.983643531799316
-1.999999987845058e-08
3.0596373081207275
-6.009135723114014
-4.068029880523682
1.999999987845058e-08
-5.409772872924805
-13.65771198272705
-7.367488861083984
-1.999999987845058e-08
-30.48557472229004
-28.706743240356445
-25.790922164916992
1.999999987845058e-08
-55.06596755981445
-36.19907760620117
-48.93211364746094
-1.999999987845058e-08
-34.71684646606445
-20.354284286499023
-32.795772552490234
1.999999987845058e-08
-5.659761428833008
-2.4683926105499268
-7.233543872833252
-1.999999987845058e-08
15.301669120788574
8.104045867919922
13.291058540344238
1.999999987845058e-08
16.06505012512207
7.324094772338867
17.278697967529297
-1.999999987845058e-08
-3.807292938232422
-3.3043267726898193
2.3794939517974854
1.999999987845058e-08
-26.281166076660156
-14.380046844482422
-17.291141510009766
-1.999999987845058e-08
-28.894622802734375
-14.955394744873047
-21.731914520263672
1.999999987845058e-08
-10.972058296203613
-5.608423233032227
-8.858552932739258
-1.999999987845058e-08
4.662167549133301
1.8171957731246948
2.5342016220092773
1.999999987845058e-08
-2.892512798309326
-2.307744264602661
-4.634791851043701
-1.999999987845058e-08
-29.14109230041504
-15.241735458374023
-25.934236526489258
1.999999987845058e-08
-45.02838134765625
-22.299715042114258
-37.54383850097656
-1.999999987845058e-08
-26.20733642578125
-10.209745407104492
-20.050819396972656
1.999999987845058e-08
19.05890655517578
16.841676712036133
19.55449104309082
-1.999999987845058e-08
59.821876525878906
40.7553596496582
55.248661041259766
1.999999987845058e-08
71.46043395996094
47.42599105834961
65.42942810058594
-1.999999987845058e-08
47.76896286010742
34.95645523071289
44.66563034057617
1.999999987845058e-08
2.549281597137451
11.445151329040527
5.67616081237793
-1.999999987845058e-08
-36.48874282836914
-10.436262130737305
-27.721328735351562
1.999999987845058e-08
59.821876525878906
40.7553596496582
55.248661041259766
-1.999999987845058e-08
71.46044158935547
47.42599105834961
65.42942810058594
1.999999987845058e-08
47.76896286010742
34.95645523071289
44.66563034057617
-1.999999987845058e-08
2.549281597137451
11.445151329040527
5.67616081237793
1.999999987845058e-08
-36.48874282836914
-10.436262130737305
-27.721328735351562
-1.999999987845058e-08
-52.24370574951172
-22.931718826293945
-41.657596588134766
1.999999987845058e-08
-52.307498931884766
-27.710296630859375
-43.01124954223633
-1.999999987845058e-08
-50.8997802734375
-29.335847854614258
-43.999664306640625
1.999999987845058e-08
-51.730628967285156
-29.44182014465332
-47.097557067871094
-1.999999987845058e-08
-49.53775405883789
-26.6187801361084
-46.30236053466797
1.999999987845058e-08
17.388683319091797
12.453841209411621
25.293792724609375
-1.999999987845058e-08
-3.1552486419677734
2.6361567974090576
7.887869358062744
1.999999987845058e-08
-9.163068771362305
0.051116615533828735
1.1514012813568115
-1.999999987845058e-08
-5.144987106323242
1.9251452684402466
0.7374106049537659
1.999999987845058e-08
-1.8467450141906738
2.821991205215454
-0.09959603101015091
-1.999999987845058e-08
-5.423680305480957
0.2270611971616745
-4.464166641235352
1.999999987845058e-08
-16.791101455688477
-5.694455623626709
-13.251496315002441
-1.999999987845058e-08
-28.43478775024414
-11.62984848022461
-21.131637573242188
1.999999987845058e-08
-19.80430793762207
-7.832258224487305
-11.640310287475586
-1.999999987845058e-08
15.900711059570312
10.671967506408691
20.473295211791992
1.999999987845058e-08
51.25490951538086
32.0471076965332
51.85232162475586
-1.999999987845058e-08
55.23231887817383
38.87973403930664
55.80202865600586
1.999999987845058e-08
26.047618865966797
26.198646545410156
30.66912269592285
-1.999999987845058e-08
-14.636959075927734
4.037246227264404
-4.140363693237305
1.999999987845058e-08
-43.07718276977539
-13.127602577209473
-27.874853134155273
-1.999999987845058e-08
-48.56891632080078
-17.972333908081055
-32.5942268371582
1.999999987845058e-08
-37.57962417602539
-13.93619441986084
-24.654769897460938
-1.999999987845058e-08
-24.010486602783203
-9.081380844116211
-14.652137756347656
1.999999987845058e-08
-16.359355926513672
-7.695227146148682
-7.9388580322265625
-1.999999987845058e-08
-16.860841751098633
-9.566481590270996
-6.120495796203613
1.999999987845058e-08
-22.445293426513672
-9.643498420715332
-8.765524864196777
-1.999999987845058e-08
-5.179293155670166
2.9357316493988037
3.2355337142944336
1.999999987845058e-08
17.385332107543945
17.200443267822266
20.322206497192383
-1.999999987845058e-08
26.689586639404297
21.867408752441406
28.325397491455078
1.999999987845058e-08
22.21508026123047
18.04619026184082
25.744672775268555
-1.999999987845058e-08
12.290858268737793
12.732150077819824
18.625537872314453
1.999999987845058e-08
-0.16983868181705475
7.427875995635986
8.864614486694336
-1.999999987845058e-08
-11.050734519958496
1.147253155708313
-0.9019833207130432
1.999999987845058e-08
-16.384675979614258
-5.9214630126953125
-7.2163286209106445
-1.999999987845058e-08
-21.744003295898438
-13.778459548950195
-13.391863822937012
1.999999987845058e-08
-29.544227600097656
-19.284584045410156
-20.471088409423828
-1.999999987845058e-08
-26.482582092285156
-15.427248001098633
-17.49362564086914
1.999999987845058e-08
-4.861926078796387
-1.530553936958313
1.4114453792572021
-1.999999987845058e-08
20.630678176879883
13.324810028076172
24.075551986694336
1.999999987845058e-08
36.010215759277344
23.133560180664062
39.09586715698242
-1.999999987845058e-08
42.173709869384766
28.905803680419922
46.392127990722656
1.999999987845058e-08
35.13056945800781
27.03609848022461
41.362552642822266
-1.999999987845058e-08
7.769268035888672
12.7235107421875
17.22608757019043
1.999999987845058e-08
-24.497705459594727
-4.895641803741455
-13.095479011535645
-1.999999987845058e-08
-35.42808532714844
-11.53150463104248
-25.421396255493164
1.999999987845058e-08
7.769268035888672
12.7235107421875
17.22608757019043
-1.999999987845058e-08
-24.497705459594727
-4.895641803741455
-13.095479011535645
1.999999987845058e-08
-35.42808532714844
-11.53150463104248
-25.421396255493164
-1.999999987845058e-08
-23.52268409729004
-8.185585975646973
-15.700589179992676
1.999999987845058e-08
-10.970732688903809
-6.248734474182129
-2.827449321746826
-1.999999987845058e-08
-13.92778205871582
-9.462162017822266
-3.000051736831665
1.999999987845058e-08
-27.027462005615234
-12.32686710357666
-13.324957847595215
-1.999999987845058e-08
-31.289047241210938
-9.064192771911621
-17.729284286499023
1.999999987845058e-08
-14.358844757080078
1.8589813709259033
-4.6569952964782715
-1.999999987845058e-08
16.018280029296875
17.26458168029785
21.273645401000977
1.999999987845058e-08
4.772124290466309
7.080875873565674
14.232673645019531
-1.999999987845058e-08
3.8457698822021484
1.885025143623352
9.271729469299316
1.999999987845058e-08
13.126005172729492
4.325980186462402
14.135045051574707
-1.999999987845058e-08
13.04267406463623
4.883650302886963
12.09375286102295
1.999999987845058e-08
-1.1301980018615723
-0.9500507712364197
-1.8112643957138062
-1.999999987845058e-08
-20.711088180541992
-11.145139694213867
-19.95042610168457
1.999999987845058e-08
-36.86558151245117
-22.297080993652344
-34.17340087890625
-1.999999987845058e-08
-36.66735076904297
-27.158870697021484
-33.8133544921875
1.999999987845058e-08
-10.772915840148926
-17.721282958984375
-11.332045555114746
-1.999999987845058e-08
25.58067512512207
1.24065363407135
20.52071762084961
1.999999987845058e-08
42.373050689697266
13.629805564880371
36.49290466308594
-1.999999987845058e-08
26.714197158813477
10.552724838256836
25.218652725219727
1.999999987845058e-08
-3.437408685684204
-1.7830246686935425
0.4914671778678894
-1.999999987845058e-08
-18.555192947387695
-12.162464141845703
-13.394237518310547
1.999999987845058e-08
-12.889123916625977
-16.63998031616211
-9.935245513916016
-1.999999987845058e-08
-8.705842971801758
-19.331083297729492
-6.1271467208862305
1.999999987845058e-08
-21.37063217163086
-24.140478134155273
-15.281020164489746
-1.999999987845058e-08
-40.65655517578125
-30.158390045166016
-30.01018714904785
1.999999987845058e-08
-47.77690887451172
-32.29103088378906
-35.04825973510742
-1.999999987845058e-08
-32.173946380615234
-23.606000900268555
-21.57522964477539
1.999999987845058e-08
-32.173946380615234
-23.606000900268555
-21.57522964477539
-1.999999987845058e-08
2.8628158569335938
-3.0452826023101807
7.904998302459717
1.999999987845058e-08
39.51633071899414
19.61317253112793
38.525062561035156
-1.999999987845058e-08
60.18375778198242
33.344154357910156
54.71160125732422
1.999999987845058e-08
59.47220993041992
33.957828521728516
51.784828186035156
-1.999999987845058e-08
36.780235290527344
19.993404388427734
31.14484977722168
1.999999987845058e-08
1.0066620111465454
-3.89504337310791
1.2634669542312622
-1.999999987845058e-08
-22.5665340423584
-21.908355712890625
-18.457658767700195
1.999999987845058e-08
-19.25600814819336
-22.885032653808594
-16.822477340698242
-1.999999987845058e-08
-4.7613654136657715
-14.59666633605957
-6.009098052978516
1.999999987845058e-08
-19.25600814819336
-22.885032653808594
-16.822477340698242
-1.999999987845058e-08
-4.7613654136657715
-14.59666633605957
-6.009098052978516
1.999999987845058e-08
-2.1355903148651123
-12.10744857788086
-4.532972812652588
-1.999999987845058e-08
-16.233200073242188
-20.169170379638672
-15.874588966369629
1.999999987845058e-08
-33.89975357055664
-30.165414810180664
-28.467498779296875
-1.999999987845058e-08
-36.79026794433594
-29.24447250366211
-27.687602996826172
1.999999987845058e-08
-18.40763282775879
-14.234810829162598
-9.534269332885742
-1.999999987845058e-08
8.549088478088379
4.301167964935303
14.286044120788574
1.999999987845058e-08
28.48550033569336
15.63276481628418
30.183387756347656
-1.999999987845058e-08
36.742305755615234
18.704669952392578
34.90157699584961
1.999999987845058e-08
-4.877618789672852
-4.305554389953613
-2.686340808868408
-1.999999987845058e-08
-23.365978240966797
-13.879744529724121
-18.561965942382812
1.999999987845058e-08
-28.99860382080078
-17.14396858215332
-24.914142608642578
-1.999999987845058e-08
-23.5554141998291
-15.230219841003418
-22.24402618408203
1.999999987845058e-08
-18.263919830322266
-12.486078262329102
-18.03368377685547
-1.999999987845058e-08
-14.429073333740234
-7.267167568206787
-12.798774719238281
1.999999987845058e-08
-0.0023844486568123102
6.686738967895508
2.4751157760620117
-1.999999987845058e-08
23.843725204467773
25.095060348510742
25.47562026977539
1.999999987845058e-08
38.31760787963867
33.53285217285156
39.286109924316406
-1.999999987845058e-08
34.12346267700195
26.237384796142578
35.83372116088867
1.999999987845058e-08
18.89850616455078
11.583599090576172
22.60957908630371
-1.999999987845058e-08
3.238602876663208
-0.03141921013593674
9.224653244018555
1.999999987845058e-08
-5.949150085449219
-5.373079776763916
1.09052312374115
-1.999999987845058e-08
-8.624336242675781
-7.728591442108154
-1.9703598022460938
1.999999987845058e-08
-12.835014343261719
-11.472549438476562
-6.718686103820801
-1.999999987845058e-08
-22.83092498779297
-17.08130645751953
-17.43099021911621
1.999999987845058e-08
-31.09347915649414
-21.205944061279297
-28.2696533203125
-1.999999987845058e-08
-29.252981185913086
-20.66456413269043
-30.634777069091797
1.999999987845058e-08
-15.495895385742188
-13.790898323059082
-20.098140716552734
-1.999999987845058e-08
6.8643999099731445
-1.287140965461731
1.7015044689178467
1.999999987845058e-08
-22.83092498779297
-17.08130645751953
-17.43099021911621
-1.999999987845058e-08
-31.09347915649414
-21.205944061279297
-28.2696533203125
1.999999987845058e-08
-29.252981185913086
-20.66456413269043
-30.634777069091797
-1.999999987845058e-08
-15.495895385742188
-13.790898323059082
-20.098140716552734
1.999999987845058e-08
6.8643999099731445
-1.2871410846710205
1.7015043497085571
-1.999999987845058e-08
26.366626739501953
10.594098091125488
22.80225372314453
1.999999987845058e-08
29.96463966369629
13.705278396606445
28.328819274902344
-1.999999987845058e-08
17.549375534057617
6.614934921264648
16.55877685546875
1.999999987845058e-08
-0.5062478184700012
-4.875085353851318
-1.5286321640014648
-1.999999987845058e-08
-14.55894660949707
-13.446188926696777
-14.706196784973145
1.999999987845058e-08
-35.33821105957031
-27.49692726135254
-26.61638641357422
-1.999999987845058e-08
-50.36782455444336
-34.642276763916016
-40.14194869995117
1.999999987845058e-08
-50.33905029296875
-32.110984802246094
-43.4892463684082
-1.999999987845058e-08
-29.179471969604492
-20.733531951904297
-30.44906234741211
1.999999987845058e-08
5.21664571762085
-5.1491007804870605
-5.164436340332031
-1.999999987845058e-08
36.65746307373047
10.177422523498535
20.47716522216797
1.999999987845058e-08
50.839420318603516
19.360727310180664
33.34494400024414
-1.999999987845058e-08
43.05848693847656
16.444738388061523
27.311458587646484
1.999999987845058e-08
22.145883560180664
3.949023723602295
8.889542579650879
-1.999999987845058e-08
5.088544845581055
-5.984053611755371
-7.1207780838012695
1.999999987845058e-08
-1.5192697048187256
-5.144245147705078
-13.998044967651367
-1.999999987845058e-08
-5.815885066986084
-8.454110145568848
-16.328033447265625
1.999999987845058e-08
-9.035067558288574
-7.0396552085876465
-15.856980323791504
-1.999999987845058e-08
-7.400633811950684
-0.07845578342676163
-10.870399475097656
1.999999987845058e-08
4.367207050323486
10.05246353149414
0.7305804491043091
-1.999999987845058e-08
22.719255447387695
20.270679473876953
16.707883834838867
1.999999987845058e-08
34.56770706176758
26.52182960510254
27.496374130249023
-1.999999987845058e-08
32.82103729248047
25.98458480834961
25.24289894104004
1.999999987845058e-08
20.690174102783203
19.097715377807617
11.147981643676758
-1.999999987845058e-08
6.363358974456787
10.440155982971191
-5.0135817527771
1.999999987845058e-08
6.363358974456787
10.440155982971191
-5.013582229614258
-1.999999987845058e-08
-1.4306180477142334
5.845073223114014
-12.510544776916504
1.999999987845058e-08
-1.3415791988372803
5.395718574523926
-10.816656112670898
-1.999999987845058e-08
-0.2889113128185272
3.444517135620117
-8.898076057434082
1.999999987845058e-08
-3.390003204345703
-2.8671040534973145
-12.425186157226562
-1.999999987845058e-08
-6.4522786140441895
-8.094676971435547
-15.714835166931152
1.999999987845058e-08
0.0428403802216053
-3.30999755859375
-8.157790184020996
-1.999999987845058e-08
16.06058692932129
11.184389114379883
9.598983764648438
1.999999987845058e-08
28.88176727294922
23.511367797851562
23.91324234008789
-1.999999987845058e-08
30.96316909790039
25.207042694091797
26.70404052734375
1.999999987845058e-08
9.425971031188965
7.141433238983154
6.015894889831543
-1.999999987845058e-08
-11.415226936340332
-5.460396766662598
-14.153294563293457
1.999999987845058e-08
-26.13159942626953
-14.843899726867676
-29.487350463867188
-1.999999987845058e-08
-28.081214904785156
-17.898481369018555
-32.96172332763672
1.999999987845058e-08
-23.123809814453125
-15.641406059265137
-29.396310806274414
-1.999999987845058e-08
-17.81915855407715
-11.096867561340332
-25.657569885253906
1.999999987845058e-08
-13.161104202270508
-6.709638595581055
-22.601198196411133
-1.999999987845058e-08
-5.059709548950195
-1.006330966949463
-15.103543281555176
1.999999987845058e-08
12.959025382995605
10.66044807434082
2.876189947128296
-1.999999987845058e-08
39.550174713134766
28.126026153564453
28.439332962036133
1.999999987845058e-08
61.411949157714844
42.61728286743164
47.9351921081543
-1.999999987845058e-08
64.29253387451172
43.843135833740234
48.83022689819336
1.999999987845058e-08
46.16270065307617
30.48529052734375
31.703481674194336
-1.999999987845058e-08
19.9155216217041
12.180815696716309
9.842931747436523
1.999999987845058e-08
4.942002296447754
0.8464999198913574
-1.9104605913162231
-1.999999987845058e-08
11.4436674118042
1.19676673412323
1.062461018562317
1.999999987845058e-08
26.737411499023438
7.033884525299072
8.392876625061035
-1.999999987845058e-08
27.627946853637695
8.068253517150879
5.001791954040527
1.999999987845058e-08
9.81284236907959
1.361510992050171
-11.312074661254883
-1.999999987845058e-08
-12.86167049407959
-9.960348129272461
-30.78200340270996
1.999999987845058e-08
-12.861671447753906
-9.960348129272461
-30.78200340270996
-1.999999987845058e-08
-27.085901260375977
-20.879505157470703
-42.588748931884766
1.999999987845058e-08
-20.408485412597656
-20.47052764892578
-35.44126892089844
-1.999999987845058e-08
9.404573440551758
-2.113621711730957
-8.227998733520508
1.999999987845058e-08
40.75529479980469
21.501052856445312
18.743452072143555
-1.999999987845058e-08
51.27920150756836
32.05958938598633
25.755849838256836
1.999999987845058e-08
39.61432647705078
25.568439483642578
13.467093467712402
-1.999999987845058e-08
15.623029708862305
9.34954833984375
-7.550836086273193
1.999999987845058e-08
-8.4547700881958
-8.18799877166748
-26.991958618164062
-1.999999987845058e-08
-22.73428726196289
-21.548751831054688
-38.1545524597168
1.999999987845058e-08
-25.358707427978516
-27.654653549194336
-40.146995544433594
-1.999999987845058e-08
-19.23514747619629
-25.082080841064453
-33.88541793823242
1.999999987845058e-08
-9.879232406616211
-17.244043350219727
-22.397323608398438
-1.999999987845058e-08
-4.099724769592285
-10.94461727142334
-12.658323287963867
1.999999987845058e-08
-0.9917051196098328
-6.736105918884277
-6.705397129058838
-1.999999987845058e-08
6.457923889160156
0.776581883430481
0.1978558897972107
1.999999987845058e-08
18.059823989868164
11.160930633544922
8.11383056640625
-1.999999987845058e-08
27.451807022094727
17.408916473388672
12.295500755310059
1.999999987845058e-08
29.473939895629883
15.35586929321289
10.321349143981934
-1.999999987845058e-08
20.3184871673584
6.634261131286621
1.401734709739685
1.999999987845058e-08
20.3184871673584
6.634260654449463
1.401734709739685
-1.999999987845058e-08
3.5732486248016357
-3.602043628692627
-11.158785820007324
1.999999987845058e-08
-7.0958685874938965
-9.248343467712402
-17.58551597595215
-1.999999987845058e-08
-2.5796329975128174
-6.886226177215576
-11.322463035583496
1.999999987845058e-08
8.860498428344727
0.40011635422706604
0.697790265083313
-1.999999987845058e-08
8.224308967590332
2.973017454147339
1.8871394395828247
1.999999987845058e-08
-14.200857162475586
-6.243978500366211
-16.84538459777832
-1.999999987845058e-08
-43.12419128417969
-19.9228515625
-41.69672393798828
1.999999987845058e-08
-48.7159538269043
-21.11725425720215
-44.987388610839844
-1.999999987845058e-08
-20.61345672607422
-4.029626846313477
-17.197555541992188
1.999999987845058e-08
19.476978302001953
18.860076904296875
21.274742126464844
-1.999999987845058e-08
43.67568588256836
32.158817291259766
45.63082504272461
1.999999987845058e-08
40.975650787353516
30.248519897460938
47.00424575805664
-1.999999987845058e-08
18.85807991027832
17.539077758789062
30.647703170776367
1.999999987845058e-08
-2.47589373588562
5.130906581878662
12.223745346069336
-1.999999987845058e-08
-6.250768661499023
2.028697967529297
7.036438465118408
1.999999987845058e-08
3.2786240577697754
5.643940448760986
13.065560340881348
-1.999999987845058e-08
7.800563335418701
6.758088111877441
14.830731391906738
1.999999987845058e-08
-4.854862213134766
0.837645947933197
2.2062084674835205
-1.999999987845058e-08
-30.794971466064453
-9.498530387878418
-20.60048484802246
1.999999987845058e-08
23.15926170349121
28.477705001831055
36.607364654541016
-1.999999987845058e-08
27.170076370239258
28.84796714782715
43.243412017822266
1.999999987845058e-08
5.561976432800293
12.573338508605957
25.148746490478516
-1.999999987845058e-08
-25.913667678833008
-9.71166706085205
-2.7583212852478027
1.999999987845058e-08
-44.87269973754883
-23.302236557006836
-19.621681213378906
-1.999999987845058e-08
-43.853843688964844
-23.198516845703125
-19.55331802368164
1.999999987845058e-08
-32.84189987182617
-16.56210708618164
-12.03898811340332
-1.999999987845058e-08
-22.756288528442383
-11.359224319458008
-5.434961795806885
1.999999987845058e-08
-18.92660903930664
-9.418502807617188
-2.72792387008667
-1.999999987845058e-08
-22.989421844482422
-9.26858139038086
-5.4440836906433105
1.999999987845058e-08
-11.751758575439453
2.9256725311279297
3.953035354614258
-1.999999987845058e-08
15.425515174865723
18.02878761291504
26.36182975769043
1.999999987845058e-08
35.22999572753906
29.11562156677246
42.48439407348633
-1.999999987845058e-08
32.750728607177734
27.743200302124023
38.520240783691406
1.999999987845058e-08
7.7741875648498535
12.60921573638916
14.79025650024414
-1.999999987845058e-08
-24.479164123535156
-6.908682823181152
-13.78625202178955
1.999999987845058e-08
-41.08713150024414
-16.93444061279297
-27.480682373046875
-1.999999987845058e-08
-35.62962341308594
-15.216793060302734
-22.751663208007812
1.999999987845058e-08
-24.699525833129883
-12.558613777160645
-14.922307014465332
-1.999999987845058e-08
-22.851062774658203
-15.215933799743652
-15.536227226257324
1.999999987845058e-08
32.750728607177734
27.743200302124023
38.520240783691406
-1.999999987845058e-08
7.7741875648498535
12.609216690063477
14.79025650024414
1.999999987845058e-08
-24.479164123535156
-6.908682823181152
-13.78625202178955
-1.999999987845058e-08
-41.08713150024414
-16.93444061279297
-27.480682373046875
1.999999987845058e-08
-35.62962341308594
-15.216793060302734
-22.751663208007812
-1.999999987845058e-08
-24.699525833129883
-12.558613777160645
-14.922307014465332
1.999999987845058e-08
-22.851062774658203
-15.215933799743652
-15.536227226257324
-1.999999987845058e-08
-26.264766693115234
-17.454301834106445
-20.120338439941406
1.999999987845058e-08
-23.183143615722656
-12.66476821899414
-17.940967559814453
-1.999999987845058e-08
-9.50491714477539
-2.4595348834991455
-4.650931358337402
1.999999987845058e-08
19.10984992980957
8.722115516662598
26.618305206298828
-1.999999987845058e-08
2.2894446849823
-0.4523395001888275
9.817060470581055
1.999999987845058e-08
-6.859135627746582
-4.7228569984436035
0.09419772773981094
-1.999999987845058e-08
-5.232099533081055
-3.047778606414795
1.29646635055542
1.999999987845058e-08
-6.719865798950195
-4.783166885375977
1.3846005201339722
-1.999999987845058e-08
-18.347164154052734
-14.26822566986084
-7.215738773345947
1.999999987845058e-08
-33.21327209472656
-25.554420471191406
-19.823843002319336
-1.999999987845058e-08
-39.92134094238281
-30.264841079711914
-26.693035125732422
1.999999987845058e-08
-28.78409767150879
-23.01422882080078
-18.51355743408203
-1.999999987845058e-08
-3.2753713130950928
-6.632503509521484
3.290177822113037
1.999999987845058e-08
17.502492904663086
7.308985710144043
23.20168113708496
-1.999999987845058e-08
16.862260818481445
8.664764404296875
25.70322608947754
1.999999987845058e-08
-5.565317153930664
-3.1809637546539307
7.35549783706665
-1.999999987845058e-08
-33.87700271606445
-19.390148162841797
-20.525510787963867
1.999999987845058e-08
-45.422096252441406
-26.980915069580078
-36.90813064575195
-1.999999987845058e-08
-32.44729232788086
-20.63633155822754
-30.59259033203125
1.999999987845058e-08
