0
43.2410774230957
28.252683639526367
33.31637954711914
1.999999987845058e-08
32.09666061401367
21.10409164428711
24.774444580078125
-1.999999987845058e-08
7.674491882324219
7.921609401702881
6.673671245574951
1.999999987845058e-08
-10.060426712036133
0.7040704488754272
-6.563372611999512
-1.999999987845058e-08
-11.423189163208008
2.0269453525543213
-7.744507312774658
1.999999987845058e-08
-7.407863140106201
3.6422693729400635
-4.242649555206299
-1.999999987845058e-08
-11.807514190673828
-1.3559105396270752
-6.772202491760254
1.999999987845058e-08
-23.825313568115234
-10.327472686767578
-15.971650123596191
-1.999999987845058e-08
-33.6436653137207
-16.013591766357422
-23.993934631347656
1.999999987845058e-08
72.68121337890625
47.19142150878906
64.07585906982422
-1.999999987845058e-08
62.48912048339844
41.60019302368164
56.95730209350586
1.999999987845058e-08
24.07921600341797
19.056312561035156
25.507869720458984
-1.999999987845058e-08
-15.704051971435547
-6.782676696777344
-10.00245475769043
1.999999987845058e-08
-30.96767234802246
-21.124284744262695
-26.861053466796875
-1.999999987845058e-08
-17.060993194580078
-18.944217681884766
-18.34035301208496
1.999999987845058e-08
7.010143756866455
-7.938761234283447
0.7041823267936707
-1.999999987845058e-08
15.571365356445312
-0.6106218099594116
7.765611171722412
1.999999987845058e-08
0.0042832959443330765
-2.3917741775512695
-5.360596179962158
-1.999999987845058e-08
-22.72218132019043
-7.436058521270752
-24.41948699951172
1.999999987845058e-08
24.07921600341797
19.056312561035156
25.507869720458984
-1.999999987845058e-08
-15.704051971435547
-6.782676696777344
-10.00245475769043
1.999999987845058e-08
-30.96767234802246
-21.124284744262695
-26.861053466796875
-1.999999987845058e-08
-17.060993194580078
-18.944217681884766
-18.34035301208496
1.999999987845058e-08
7.010143756866455
-7.938761234283447
0.7041823267936707
-1.999999987845058e-08
15.571365356445312
-0.6106218099594116
7.765611171722412
1.999999987845058e-08
0.0042832959443330765
-2.3917741775512695
-5.360596179962158
-1.999999987845058e-08
-22.72218132019043
-7.436058521270752
-24.41948699951172
1.999999987845058e-08
-27.100051879882812
-5.378610134124756
-27.2988224029541
-1.999999987845058e-08
-5.779816627502441
7.448587417602539
-7.043242931365967
1.999999987845058e-08
-14.655808448791504
-5.73234748840332
-9.843489646911621
-1.999999987845058e-08
-36.653533935546875
-16.0517520904541
-27.29781723022461
1.999999987845058e-08
-58.399105072021484
-25.970706939697266
-46.045867919921875
-1.999999987845058e-08
-56.667537689208984
-24.23736000061035
-46.41044998168945
1.999999987845058e-08
-16.909542083740234
-1.7509667873382568
-13.969291687011719
-1.999999987845058e-08
38.18621063232422
31.1417236328125
33.31119155883789
1.999999987845058e-08
71.35974884033203
52.42124557495117
62.81137466430664
-1.999999987845058e-08
68.62673950195312
50.55960464477539
61.46139907836914
1.999999987845058e-08
40.666778564453125
31.069316864013672
37.54339599609375
-1.999999987845058e-08
8.565901756286621
9.29035758972168
8.81164836883545
1.999999987845058e-08
-21.353654861450195
-4.484140396118164
-14.96198558807373
-1.999999987845058e-08
-33.85449981689453
-13.068097114562988
-26.607419967651367
1.999999987845058e-08
-44.79722213745117
-22.48395538330078
-38.289581298828125
-1.999999987845058e-08
-44.921688079833984
-23.666221618652344
-40.69205093383789
1.999999987845058e-08
-28.53780746459961
-12.041364669799805
-29.12627410888672
-1.999999987845058e-08
2.516444444656372
9.049700736999512
-3.446110486984253
1.999999987845058e-08
32.6203498840332
28.24099349975586
26.10688591003418
-1.999999987845058e-08
43.018863677978516
34.66098403930664
41.7248420715332
1.999999987845058e-08
27.028339385986328
25.419103622436523
31.880786895751953
-1.999999987845058e-08
-6.032607555389404
5.7075090408325195
2.282879114151001
1.999999987845058e-08
39.19257354736328
31.20648765563965
33.76169204711914
-1.999999987845058e-08
58.01567077636719
44.97673416137695
51.96284103393555
1.999999987845058e-08
64.42969512939453
50.65116500854492
57.52885818481445
-1.999999987845058e-08
54.592132568359375
45.6806755065918
48.89271926879883
1.999999987845058e-08
29.431798934936523
30.365711212158203
27.856630325317383
-1.999999987845058e-08
5.738931179046631
14.705304145812988
7.245494842529297
1.999999987845058e-08
2.7059438228607178
10.991915702819824
2.7777881622314453
-1.999999987845058e-08
15.902181625366211
18.48906707763672
12.578601837158203
1.999999987845058e-08
21.627649307250977
23.944799423217773
17.83174705505371
-1.999999987845058e-08
5.314598560333252
17.492860794067383
5.23966646194458
1.999999987845058e-08
5.738931179046631
14.705304145812988
7.245494842529297
-1.999999987845058e-08
2.7059438228607178
10.991915702819824
2.7777881622314453
1.999999987845058e-08
15.902181625366211
18.48906707763672
12.578601837158203
-1.999999987845058e-08
21.627649307250977
23.944799423217773
17.83174705505371
1.999999987845058e-08
5.314598560333252
17.492860794067383
5.23966646194458
-1.999999987845058e-08
-22.174903869628906
3.527090311050415
-17.46742820739746
1.999999987845058e-08
-33.265995025634766
-3.5744528770446777
-27.468597412109375
-1.999999987845058e-08
-12.58553409576416
5.393856048583984
-10.70383358001709
1.999999987845058e-08
23.91657257080078
24.07713508605957
21.13704490661621
-1.999999987845058e-08
48.58430480957031
38.22262954711914
44.4182014465332
1.999999987845058e-08
5.314598560333252
17.492860794067383
5.23966646194458
-1.999999987845058e-08
-22.174903869628906
3.527090311050415
-17.46742820739746
1.999999987845058e-08
-33.265995025634766
-3.5744528770446777
-27.468597412109375
-1.999999987845058e-08
-12.58553409576416
5.393856048583984
-10.70383358001709
1.999999987845058e-08
23.91657257080078
24.07713508605957
21.13704490661621
-1.999999987845058e-08
48.58430480957031
38.22262954711914
44.4182014465332
1.999999987845058e-08
49.46703338623047
39.58602523803711
46.650665283203125
-1.999999987845058e-08
31.271780014038086
29.474714279174805
30.641162872314453
1.999999987845058e-08
6.202692985534668
14.853889465332031
7.466084957122803
-1.999999987845058e-08
-12.515816688537598
2.9984233379364014
-10.92521858215332
1.999999987845058e-08
6.202692985534668
14.853889465332031
7.466084957122803
-1.999999987845058e-08
-12.515816688537598
2.9984233379364014
-10.92521858215332
1.999999987845058e-08
-17.62721824645996
-3.0776190757751465
-18.033039093017578
-1.999999987845058e-08
-11.434110641479492
-5.009108066558838
-15.4707670211792
1.999999987845058e-08
-4.017852306365967
-6.047327041625977
-11.347334861755371
-1.999999987845058e-08
-4.431429386138916
-7.228455543518066
-12.797277450561523
1.999999987845058e-08
-6.775669574737549
-4.331892967224121
-15.182195663452148
-1.999999987845058e-08
8.050580024719238
8.989241600036621
-3.301002025604248
1.999999987845058e-08
44.91946792602539
30.849828720092773
28.068222045898438
-1.999999987845058e-08
78.26513671875
47.470916748046875
60.00947189331055
1.999999987845058e-08
-6.445914268493652
-0.810404896736145
-10.478360176086426
-1.999999987845058e-08
-5.39922571182251
-3.202758550643921
-12.854330062866211
1.999999987845058e-08
-3.8321921825408936
-6.014492034912109
-11.033780097961426
-1.999999987845058e-08
-15.319781303405762
-15.452798843383789
-19.318885803222656
1.999999987845058e-08
-34.4910888671875
-28.259052276611328
-35.70399856567383
-1.999999987845058e-08
-43.14352035522461
-33.74397659301758
-44.59514617919922
1.999999987845058e-08
-29.66233253479004
-24.698246002197266
-34.82406234741211
-1.999999987845058e-08
0.724747896194458
-4.6778082847595215
-10.122010231018066
1.999999987845058e-08
30.487497329711914
14.603322982788086
14.940523147583008
-1.999999987845058e-08
42.32844924926758
21.914648056030273
25.80323028564453
1.999999987845058e-08
0.724747896194458
-4.6778082847595215
-10.122010231018066
-1.999999987845058e-08
30.487497329711914
14.603322982788086
14.940523147583008
1.999999987845058e-08
42.32844924926758
21.914648056030273
25.80323028564453
-1.999999987845058e-08
30.417827606201172
14.17752456665039
17.512088775634766
1.999999987845058e-08
5.030162334442139
-1.394743800163269
-1.76899254322052
-1.999999987845058e-08
-12.986108779907227
-12.504056930541992
-15.99306869506836
1.999999987845058e-08
-13.563424110412598
-13.998003959655762
-17.36617088317871
-1.999999987845058e-08
-10.851244926452637
-13.660797119140625
-16.105215072631836
1.999999987845058e-08
-20.51030921936035
-19.7864933013916
-23.758649826049805
-1.999999987845058e-08
-36.849517822265625
-30.05029296875
-36.28571319580078
1.999999987845058e-08
-46.73153305053711
-38.29318618774414
-43.941654205322266
-1.999999987845058e-08
-43.82442855834961
-40.00965118408203
-41.15201950073242
1.999999987845058e-08
-24.337783813476562
-30.641822814941406
-24.186464309692383
-1.999999987845058e-08
6.020435333251953
-12.649532318115234
1.7859357595443726
1.999999987845058e-08
28.640644073486328
1.610868215560913
20.696613311767578
-1.999999987845058e-08
31.185503005981445
3.164449691772461
22.144054412841797
1.999999987845058e-08
17.625728607177734
-5.496103286743164
9.642655372619629
-1.999999987845058e-08
-0.24757841229438782
-16.32905387878418
-6.3637189865112305
1.999999987845058e-08
-13.681139945983887
-24.02279281616211
-17.830930709838867
-1.999999987845058e-08
-22.532766342163086
-29.077068328857422
-24.906269073486328
1.999999987845058e-08
-26.209537506103516
-33.291996002197266
-31.09501838684082
-1.999999987845058e-08
-18.166706085205078
-28.841266632080078
-27.08561134338379
1.999999987845058e-08
-10.6498441696167
-21.84219741821289
-22.738475799560547
-1.999999987845058e-08
-3.6081042289733887
-13.068415641784668
-19.036245346069336
1.999999987845058e-08
8.929970741271973
-1.6549934148788452
-10.374125480651855
-1.999999987845058e-08
25.73499298095703
9.44951343536377
4.923543453216553
1.999999987845058e-08
39.609745025634766
15.882922172546387
20.525306701660156
-1.999999987845058e-08
42.85469436645508
15.351184844970703
26.967662811279297
1.999999987845058e-08
29.685441970825195
6.683569431304932
17.76761245727539
-1.999999987845058e-08
7.549930572509766
-5.985126495361328
-1.1407791376113892
1.999999987845058e-08
-22.276477813720703
-24.04441261291504
-26.70331382751465
-1.999999987845058e-08
-47.1100959777832
-38.627864837646484
-44.88243103027344
1.999999987845058e-08
-70.15352630615234
-52.33131408691406
-62.32135009765625
-1.999999987845058e-08
-72.49430084228516
-54.27096176147461
-62.727725982666016
1.999999987845058e-08
-47.399784088134766
-39.345115661621094
-40.27199172973633
-1.999999987845058e-08
-4.940395355224609
-11.761953353881836
-4.148667335510254
1.999999987845058e-08
32.59555435180664
15.19508171081543
27.610363006591797
-1.999999987845058e-08
48.14399337768555
28.620330810546875
41.871334075927734
1.999999987845058e-08
42.10947799682617
26.016178131103516
38.411746978759766
-1.999999987845058e-08
23.566823959350586
13.485013961791992
23.914459228515625
1.999999987845058e-08
-72.49430084228516
-54.27096176147461
-62.727725982666016
-1.999999987845058e-08
-47.399784088134766
-39.345115661621094
-40.27199172973633
1.999999987845058e-08
-4.940395832061768
-11.761953353881836
-4.148667335510254
-1.999999987845058e-08
32.59555435180664
15.19508171081543
27.610363006591797
1.999999987845058e-08
48.14399337768555
28.620330810546875
41.871334075927734
-1.999999987845058e-08
42.10947799682617
26.016178131103516
38.411746978759766
1.999999987845058e-08
23.566823959350586
13.485013961791992
23.914459228515625
-1.999999987845058e-08
1.362624168395996
-1.1181122064590454
5.675984859466553
1.999999987845058e-08
-12.951712608337402
-10.76037311553955
-6.57628870010376
-1.999999987845058e-08
-12.639707565307617
-12.424175262451172
-6.5691094398498535
1.999999987845058e-08
20.371843338012695
19.358144760131836
20.640640258789062
-1.999999987845058e-08
26.106489181518555
23.581335067749023
26.807079315185547
1.999999987845058e-08
22.442787170410156
19.52669334411621
23.83517837524414
-1.999999987845058e-08
9.527192115783691
9.259634017944336
12.199126243591309
1.999999987845058e-08
-9.043851852416992
-2.965911865234375
-4.499285697937012
-1.999999987845058e-08
-20.704492568969727
-9.827229499816895
-16.257829666137695
1.999999987845058e-08
-19.55281639099121
-9.072105407714844
-18.06041145324707
-1.999999987845058e-08
-16.18255043029785
-7.386479377746582
-17.203256607055664
1.999999987845058e-08
-20.407787322998047
-10.079251289367676
-21.004329681396484
-1.999999987845058e-08
-25.90121078491211
-12.77149772644043
-25.273202896118164
1.999999987845058e-08
-25.901212692260742
-12.77149772644043
-25.273202896118164
-1.999999987845058e-08
-21.061843872070312
-8.264057159423828
-20.988142013549805
1.999999987845058e-08
-1.5814704895019531
5.090837001800537
-3.4815175533294678
-1.999999987845058e-08
31.174842834472656
24.94586181640625
26.979446411132812
1.999999987845058e-08
66.20076751708984
45.54452133178711
61.079917907714844
-1.999999987845058e-08
80.54132080078125
55.633148193359375
78.58627319335938
1.999999987845058e-08
59.093685150146484
46.301021575927734
64.54671478271484
-1.999999987845058e-08
15.095087051391602
23.178354263305664
27.93524932861328
1.999999987845058e-08
-18.374414443969727
3.983905076980591
-2.908503532409668
-1.999999987845058e-08
-20.848310470581055
0.31128203868865967
-7.525574207305908
1.999999987845058e-08
-20.848310470581055
0.3112820088863373
-7.525574207305908
-1.999999987845058e-08
-5.087544918060303
5.971318244934082
5.735034465789795
1.999999987845058e-08
2.735705852508545
7.822119235992432
13.448689460754395
-1.999999987845058e-08
-5.8422441482543945
1.820894718170166
5.3162665367126465
1.999999987845058e-08
-21.00269889831543
-6.305540084838867
-11.220926284790039
-1.999999987845058e-08
-27.584590911865234
-7.521317481994629
-20.641286849975586
1.999999987845058e-08
-14.241988182067871
3.8713033199310303
-9.50293254852295
-1.999999987845058e-08
14.403529167175293
23.079206466674805
18.91566276550293
1.999999987845058e-08
40.20017623901367
38.39468002319336
45.360294342041016
-1.999999987845058e-08
48.57941818237305
41.87375259399414
53.79220962524414
1.999999987845058e-08
-16.95436668395996
-1.148943543434143
-13.335572242736816
-1.999999987845058e-08
-5.442898750305176
3.2438535690307617
-3.2284140586853027
1.999999987845058e-08
10.398785591125488
9.941920280456543
11.230692863464355
-1.999999987845058e-08
10.564949035644531
8.639453887939453
12.465641975402832
1.999999987845058e-08
-2.7838830947875977
0.9706054329872131
3.2838659286499023
-1.999999987845058e-08
-5.707886695861816
0.7047617435455322
4.746158599853516
1.999999987845058e-08
10.084667205810547
12.387932777404785
23.149869918823242
-1.999999987845058e-08
27.00518798828125
24.75761604309082
41.23517608642578
1.999999987845058e-08
30.34267807006836
27.665489196777344
43.87380599975586
-1.999999987845058e-08
20.497177124023438
20.5620174407959
31.31485366821289
1.999999987845058e-08
20.497177124023438
20.5620174407959
31.31485366821289
-1.999999987845058e-08
1.663697361946106
6.779007911682129
10.355291366577148
1.999999987845058e-08
-22.401750564575195
-9.651057243347168
-12.987070083618164
-1.999999987845058e-08
-43.80674362182617
-23.615467071533203
-33.08464431762695
1.999999987845058e-08
-52.894065856933594
-30.980422973632812
-44.7110595703125
-1.999999987845058e-08
-48.1091194152832
-31.624731063842773
-46.45064163208008
1.999999987845058e-08
-39.426822662353516
-29.529748916625977
-42.69336700439453
-1.999999987845058e-08
-36.977333068847656
-28.19559097290039
-39.254844665527344
1.999999987845058e-08
-34.496192932128906
-24.309741973876953
-33.49747848510742
-1.999999987845058e-08
-15.18245792388916
-10.884531021118164
-15.240492820739746
1.999999987845058e-08
20.651323318481445
10.418062210083008
15.344807624816895
-1.999999987845058e-08
48.31785202026367
26.89703369140625
39.68592834472656
1.999999987845058e-08
43.902984619140625
26.664749145507812
37.83308029174805
-1.999999987845058e-08
10.676773071289062
10.307903289794922
10.653726577758789
1.999999987845058e-08
-22.005918502807617
-8.28093147277832
-18.835086822509766
-1.999999987845058e-08
-30.869915008544922
-15.619275093078613
-30.34686279296875
1.999999987845058e-08
-24.520750045776367
-13.801362991333008
-27.995954513549805
-1.999999987845058e-08
-24.857986450195312
-14.599900245666504
-28.12697982788086
1.999999987845058e-08
-33.37190246582031
-20.915071487426758
-33.39332580566406
-1.999999987845058e-08
-35.31407928466797
-24.89297866821289
-33.49944305419922
1.999999987845058e-08
-26.030447006225586
-21.040069580078125
-24.346416473388672
-1.999999987845058e-08
-10.577418327331543
-10.07751750946045
-9.463319778442383
1.999999987845058e-08
10.115692138671875
5.5350728034973145
9.731019973754883
-1.999999987845058e-08
31.981163024902344
20.18798065185547
29.18836784362793
1.999999987845058e-08
41.67353820800781
25.558818817138672
37.42332077026367
-1.999999987845058e-08
32.02668762207031
18.959014892578125
27.68701171875
1.999999987845058e-08
13.188375473022461
6.7903876304626465
8.659220695495605
-1.999999987845058e-08
1.8327839374542236
-1.8773388862609863
-3.6518898010253906
1.999999987845058e-08
1.3959932327270508
-4.474634170532227
-4.515834331512451
-1.999999987845058e-08
-1.189279317855835
-6.982266426086426
-5.511893272399902
1.999999987845058e-08
-1.189279317855835
-6.982266426086426
-5.511893272399902
-1.999999987845058e-08
-14.928303718566895
-14.558781623840332
-16.71076774597168
1.999999987845058e-08
-32.05790328979492
-24.285594940185547
-33.07710647583008
-1.999999987845058e-08
-40.20305633544922
-29.46403694152832
-42.4455451965332
1.999999987845058e-08
-34.117820739746094
-25.324861526489258
-36.694610595703125
-1.999999987845058e-08
-17.636371612548828
-12.471826553344727
-17.59624481201172
1.999999987845058e-08
-1.7342524528503418
1.664533257484436
2.7606279850006104
-1.999999987845058e-08
6.269139289855957
9.475335121154785
14.000858306884766
1.999999987845058e-08
8.290923118591309
9.591161727905273
16.121471405029297
-1.999999987845058e-08
7.200953483581543
4.750259876251221
13.152586936950684
1.999999987845058e-08
7.200953483581543
4.750259876251221
13.152586936950684
-1.999999987845058e-08
3.7311620712280273
-0.7647903561592102
8.653755187988281
1.999999987845058e-08
-1.3726613521575928
-3.7992353439331055
5.117372989654541
-1.999999987845058e-08
-6.304348468780518
-5.150165557861328
2.9649622440338135
1.999999987845058e-08
-6.642693996429443
-5.880730152130127
2.817714214324951
-1.999999987845058e-08
-3.1126651763916016
-5.608706474304199
3.0128133296966553
1.999999987845058e-08
-4.701355457305908
-6.033694267272949
-1.1983622312545776
-1.999999987845058e-08
-10.700952529907227
-7.062828540802002
-6.59867000579834
1.999999987845058e-08
-5.64023494720459
-2.5148844718933105
-1.4507677555084229
-1.999999987845058e-08
15.712030410766602
10.620957374572754
16.836942672729492
1.999999987845058e-08
44.885623931884766
30.1076602935791
44.36039352416992
-1.999999987845058e-08
34.55900192260742
23.440704345703125
37.20082092285156
1.999999987845058e-08
13.077479362487793
9.05127239227295
18.569034576416016
-1.999999987845058e-08
-5.452243804931641
-3.150010108947754
0.9578439593315125
1.999999987845058e-08
-9.319091796875
-5.7983784675598145
-3.6949455738067627
-1.999999987845058e-08
-4.497520446777344
-2.6601781845092773
1.4918538331985474
1.999999987845058e-08
-7.331547260284424
-3.465237617492676
2.0199379920959473
-1.999999987845058e-08
-23.55562973022461
-12.108901977539062
-10.400129318237305
1.999999987845058e-08
-41.75870132446289
-22.83722496032715
-28.487064361572266
-1.999999987845058e-08
-45.37588882446289
-25.628005981445312
-36.551822662353516
1.999999987845058e-08
-27.979074478149414
-15.234259605407715
-25.302522659301758
-1.999999987845058e-08
2.7333855628967285
4.128072738647461
0.49974414706230164
1.999999987845058e-08
32.282840728759766
22.798492431640625
26.86685562133789
-1.999999987845058e-08
45.5286750793457
31.237409591674805
39.36234664916992
1.999999987845058e-08
32.70956039428711
23.922008514404297
30.619916915893555
-1.999999987845058e-08
2.7388551235198975
5.675467014312744
7.918985366821289
1.999999987845058e-08
-19.398099899291992
-9.321354866027832
-10.328836441040039
-1.999999987845058e-08
-20.453533172607422
-12.100139617919922
-13.237996101379395
1.999999987845058e-08
-11.367120742797852
-7.394126892089844
-7.406322002410889
-1.999999987845058e-08
-7.821059703826904
-4.349725246429443
-5.12514066696167
1.999999987845058e-08
-19.398099899291992
-9.321354866027832
-10.328836441040039
-1.999999987845058e-08
-20.453533172607422
-12.100139617919922
-13.237996101379395
1.999999987845058e-08
-11.367120742797852
-7.394126892089844
-7.406322002410889
-1.999999987845058e-08
-7.821059703826904
-4.349725246429443
-5.12514066696167
1.999999987845058e-08
-13.034907341003418
-5.672516822814941
-9.993904113769531
-1.999999987845058e-08
-18.518754959106445
-6.880224227905273
-14.8531494140625
1.999999987845058e-08
-9.644975662231445
-0.6154526472091675
-7.212578296661377
-1.999999987845058e-08
20.411603927612305
15.712207794189453
18.126583099365234
1.999999987845058e-08
55.49924850463867
33.73883056640625
47.315826416015625
-1.999999987845058e-08
70.08930206298828
40.96851348876953
58.825130462646484
1.999999987845058e-08
-38.49589920043945
-28.91860580444336
-39.00438690185547
-1.999999987845058e-08
-19.303529739379883
-22.790428161621094
-25.846227645874023
1.999999987845058e-08
-13.645681381225586
-21.83836555480957
-21.414331436157227
-1.999999987845058e-08
-19.53225326538086
-24.762147903442383
-26.723779678344727
1.999999987845058e-08
-13.325331687927246
-19.989412307739258
-24.318544387817383
-1.999999987845058e-08
19.044269561767578
-1.1744292974472046
-1.2628227472305298
1.999999987845058e-08
61.52482223510742
23.085166931152344
32.748653411865234
-1.999999987845058e-08
81.70855712890625
35.72602844238281
52.638153076171875
1.999999987845058e-08
61.92252731323242
26.450885772705078
41.0742073059082
-1.999999987845058e-08
14.783432006835938
1.0322809219360352
4.427663326263428
1.999999987845058e-08
-21.273862838745117
-24.140262603759766
-29.138586044311523
-1.999999987845058e-08
-9.959650039672852
-19.052019119262695
-18.050230026245117
1.999999987845058e-08
-20.191932678222656
-25.544137954711914
-26.4341983795166
-1.999999987845058e-08
-40.97178649902344
-38.726383209228516
-47.18333053588867
1.999999987845058e-08
-48.789512634277344
-44.8321533203125
-58.55753707885742
-1.999999987845058e-08
-30.525625228881836
-34.2791748046875
-46.23750686645508
1.999999987845058e-08
6.826297283172607
-10.227306365966797
-14.265958786010742
-1.999999987845058e-08
39.81976318359375
12.082866668701172
17.72507095336914
1.999999987845058e-08
49.904754638671875
19.302553176879883
31.801769256591797
-1.999999987845058e-08
40.84337615966797
13.049734115600586
27.975374221801758
1.999999987845058e-08
39.81976318359375
12.082866668701172
17.72507095336914
-1.999999987845058e-08
49.904754638671875
19.302553176879883
31.801769256591797
1.999999987845058e-08
40.84337615966797
13.049734115600586
27.975374221801758
-1.999999987845058e-08
26.835163116455078
3.8379828929901123
17.882537841796875
1.999999987845058e-08
16.213348388671875
-1.8252862691879272
10.477563858032227
-1.999999987845058e-08
11.016643524169922
-3.8418450355529785
8.306669235229492
1.999999987845058e-08
7.6101274490356445
-5.51568078994751
7.4789958000183105
-1.999999987845058e-08
-0.32322999835014343
-10.574567794799805
1.733116865158081
1.999999987845058e-08
-12.732405662536621
-19.172117233276367
-9.00570011138916
-1.999999987845058e-08
-21.515825271606445
-25.947465896606445
-17.28218650817871
1.999999987845058e-08
56.26753234863281
22.34795379638672
46.606449127197266
-1.999999987845058e-08
80.4427490234375
38.78756332397461
68.54122161865234
1.999999987845058e-08
67.0885009765625
34.48711395263672
59.878868103027344
-1.999999987845058e-08
24.347352981567383
13.346982955932617
25.23353385925293
1.999999987845058e-08
-20.789203643798828
-11.218608856201172
-13.82230281829834
-1.999999987845058e-08
-42.00035095214844
-25.565614700317383
-34.62043380737305
1.999999987845058e-08
-35.883460998535156
-26.260202407836914
-32.79157257080078
-1.999999987845058e-08
-25.267826080322266
-22.953250885009766
-25.370954513549805
1.999999987845058e-08
-28.847444534301758
-25.012678146362305
-27.041034698486328
-1.999999987845058e-08
-42.6068115234375
-31.643638610839844
-36.06682586669922
1.999999987845058e-08
-54.26781463623047
-37.26984786987305
-44.74745178222656
-1.999999987845058e-08
-48.972900390625
-33.9295654296875
-41.4764404296875
1.999999987845058e-08
-14.296636581420898
-14.31358814239502
-13.826971054077148
-1.999999987845058e-08
33.83300018310547
14.143843650817871
28.20492172241211
1.999999987845058e-08
57.84677505493164
31.067113876342773
53.67219543457031
-1.999999987845058e-08
41.386749267578125
25.66370964050293
45.32963180541992
1.999999987845058e-08
1.9585164785385132
6.019378662109375
14.290478706359863
-1.999999987845058e-08
-30.57607078552246
-11.727266311645508
-14.624818801879883
1.999999987845058e-08
-39.95133590698242
-18.203508377075195
-25.151771545410156
-1.999999987845058e-08
-37.54044723510742
-18.357433319091797
-24.199729919433594
1.999999987845058e-08
-44.10940170288086
-22.766210556030273
-29.13154411315918
-1.999999987845058e-08
-59.322757720947266
-31.947002410888672
-41.353939056396484
1.999999987845058e-08
-64.30402374267578
-35.39894104003906
-45.4699821472168
-1.999999987845058e-08
-46.956939697265625
-24.61109161376953
-30.43550682067871
1.999999987845058e-08
-14.058721542358398
-2.935730218887329
-2.147963523864746
-1.999999987845058e-08
17.82331657409668
18.208248138427734
24.32714080810547
1.999999987845058e-08
39.870304107666016
31.57607650756836
42.261775970458984
-1.999999987845058e-08
50.1843147277832
35.56004333496094
52.20005798339844
1.999999987845058e-08
42.06782531738281
27.627349853515625
48.13344955444336
-1.999999987845058e-08
14.732697486877441
9.365094184875488
26.189538955688477
1.999999987845058e-08
-28.57352066040039
-14.941849708557129
-18.965810775756836
-1.999999987845058e-08
-23.617048263549805
-11.78931713104248
-20.087390899658203
1.999999987845058e-08
-12.713257789611816
-6.71440315246582
-11.85418701171875
-1.999999987845058e-08
-8.815497398376465
-5.018369197845459
-5.5434136390686035
1.999999987845058e-08
-12.173558235168457
-5.13229513168335
-5.493591785430908
-1.999999987845058e-08
-11.475128173828125
-1.9542418718338013
-4.781338214874268
1.999999987845058e-08
1.1574995517730713
6.440798282623291
4.326876163482666
-1.999999987845058e-08
20.7026424407959
16.681686401367188
19.840944290161133
1.999999987845058e-08
36.045223236083984
24.20575714111328
33.45014190673828
-1.999999987845058e-08
38.950374603271484
25.92302703857422
37.81965637207031
1.999999987845058e-08
38.950374603271484
25.92302703857422
37.81965637207031
-1.999999987845058e-08
26.335758209228516
20.137184143066406
28.397005081176758
1.999999987845058e-08
3.3814728260040283
8.787025451660156
6.881827354431152
-1.999999987845058e-08
-17.219125747680664
-2.194356918334961
-15.836915016174316
1.999999987845058e-08
-26.3524169921875
-8.274652481079102
-27.867900848388672
-1.999999987845058e-08
-24.03695297241211
-8.68195915222168
-26.3160400390625
1.999999987845058e-08
-15.005763053894043
-4.390036582946777
-17.163177490234375
-1.999999987845058e-08
-7.400722026824951
0.9901679158210754
-10.03941535949707
1.999999987845058e-08
-6.591897010803223
3.8938496112823486
-9.412569046020508
-1.999999987845058e-08
-4.932025909423828
7.261920928955078
-7.777917385101318
1.999999987845058e-08
-4.932025909423828
7.261920928955078
-7.777917385101318
-1.999999987845058e-08
8.119763374328613
15.608028411865234
4.324156284332275
1.999999987845058e-08
28.16194725036621
25.609207153320312
23.514013290405273
-1.999999987845058e-08
40.79058837890625
29.721845626831055
36.75935745239258
1.999999987845058e-08
38.43043518066406
25.677404403686523
35.29881286621094
-1.999999987845058e-08
26.24444007873535
18.335025787353516
22.45383071899414
1.999999987845058e-08
14.441943168640137
13.346524238586426
9.229613304138184
-1.999999987845058e-08
6.031557559967041
10.156240463256836
0.9038907885551453
1.999999987845058e-08
-5.877552509307861
3.3882646560668945
-8.840088844299316
-1.999999987845058e-08
-25.70353889465332
-8.443853378295898
-25.764968872070312
1.999999987845058e-08
-25.70353889465332
-8.443853378295898
-25.764968872070312
-1.999999987845058e-08
-44.55555725097656
-19.402286529541016
-43.059635162353516
1.999999987845058e-08
-48.4613151550293
-22.191396713256836
-48.09527587890625
-1.999999987845058e-08
-31.685440063476562
-13.138689994812012
-34.469200134277344
1.999999987845058e-08
-0.8553574681282043
5.811392307281494
-6.6717729568481445
-1.999999987845058e-08
26.43545913696289
24.514432907104492
19.826459884643555
1.999999987845058e-08
36.786521911621094
32.177223205566406
31.408084869384766
-1.999999987845058e-08
34.15437698364258
28.90364646911621
30.016887664794922
1.999999987845058e-08
26.74543571472168
21.442365646362305
23.996078491210938
-1.999999987845058e-08
16.438608169555664
13.941937446594238
16.146883010864258
1.999999987845058e-08
0.15210768580436707
2.097411870956421
0.673846423625946
-1.999999987845058e-08
-17.36736297607422
-8.954647064208984
-13.953595161437988
1.999999987845058e-08
-46.01167678833008
-25.304784774780273
-39.48098373413086
-1.999999987845058e-08
-58.58320617675781
-32.767555236816406
-53.691795349121094
1.999999987845058e-08
-33.79697799682617
-19.231990814208984
-35.91131591796875
-1.999999987845058e-08
11.919822692871094
7.834697723388672
3.241508722305298
1.999999987845058e-08
42.4355354309082
28.825305938720703
33.36439514160156
-1.999999987845058e-08
45.76873779296875
35.282081604003906
40.88069534301758
1.999999987845058e-08
32.60512924194336
30.9183349609375
32.366024017333984
-1.999999987845058e-08
9.184521675109863
18.455543518066406
14.091158866882324
1.999999987845058e-08
11.919822692871094
7.834697723388672
3.2415084838867188
-1.999999987845058e-08
42.4355354309082
28.825307846069336
33.36439514160156
1.999999987845058e-08
45.76873779296875
35.282081604003906
40.88069534301758
-1.999999987845058e-08
32.60512924194336
30.9183349609375
32.366024017333984
1.999999987845058e-08
9.184521675109863
18.455543518066406
14.091158866882324
-1.999999987845058e-08
-19.495935440063477
1.1226158142089844
-8.974323272705078
1.999999987845058e-08
-42.17551040649414
-14.499024391174316
-28.963783264160156
-1.999999987845058e-08
-52.53325271606445
-24.987285614013672
-41.48848342895508
1.999999987845058e-08
-52.567352294921875
-30.420671463012695
-46.05548858642578
-1.999999987845058e-08
-46.4453239440918
-29.99397850036621
-43.060245513916016
1.999999987845058e-08
41.285987854003906
31.823965072631836
34.52039337158203
-1.999999987845058e-08
59.85908889770508
43.08852005004883
52.4527702331543
1.999999987845058e-08
47.3401985168457
37.163700103759766
44.34493637084961
-1.999999987845058e-08
17.18436622619629
20.43141746520996
19.59113883972168
1.999999987845058e-08
-0.6687936782836914
8.293121337890625
3.7798874378204346
-1.999999987845058e-08
7.086853981018066
9.449210166931152
9.7937593460083
1.999999987845058e-08
25.151302337646484
17.98712158203125
25.084617614746094
-1.999999987845058e-08
31.368927001953125
22.016355514526367
30.30245018005371
1.999999987845058e-08
18.031368255615234
15.611231803894043
18.746267318725586
-1.999999987845058e-08
-6.654919147491455
2.939470052719116
-2.6310689449310303
1.999999987845058e-08
-24.524738311767578
-4.692897796630859
-18.996566772460938
-1.999999987845058e-08
-18.06688690185547
2.088926315307617
-15.890069007873535
1.999999987845058e-08
13.199787139892578
21.410385131835938
8.175070762634277
-1.999999987845058e-08
49.464683532714844
41.71971130371094
38.525814056396484
1.999999987845058e-08
66.38883972167969
51.29058837890625
55.57168960571289
-1.999999987845058e-08
52.792457580566406
44.907684326171875
47.59359359741211
1.999999987845058e-08
20.71442413330078
27.64369773864746
20.187292098999023
-1.999999987845058e-08
-3.7998921871185303
12.463523864746094
-5.774097442626953
1.999999987845058e-08
-8.806034088134766
7.351566791534424
-14.895263671875
-1.999999987845058e-08
-6.0542378425598145
7.62782621383667
-11.914854049682617
1.999999987845058e-08
-20.532793045043945
-6.286543846130371
-12.24670124053955
-1.999999987845058e-08
-17.421432495117188
-5.886674404144287
-8.844866752624512
1.999999987845058e-08
-1.486873984336853
3.6544740200042725
3.784909725189209
-1.999999987845058e-08
22.694414138793945
18.126018524169922
22.057910919189453
1.999999987845058e-08
40.6865348815918
28.028270721435547
35.18198013305664
-1.999999987845058e-08
38.20893096923828
25.50874900817871
32.76350784301758
1.999999987845058e-08
13.374094009399414
10.110236167907715
12.45069408416748
-1.999999987845058e-08
-15.124120712280273
-7.6348772048950195
-12.635049819946289
1.999999987845058e-08
-25.51711654663086
-15.476004600524902
-24.470821380615234
-1.999999987845058e-08
-18.29195213317871
-13.363788604736328
-21.035839080810547
1.999999987845058e-08
-7.212121963500977
-8.856378555297852
-12.41181755065918
-1.999999987845058e-08
-0.5857176184654236
-6.1136603355407715
-6.285084247589111
1.999999987845058e-08
-2.4006457328796387
-6.342222690582275
-7.144994735717773
-1.999999987845058e-08
-9.095603942871094
-7.812346935272217
-12.774412155151367
1.999999987845058e-08
-4.821521759033203
-3.8396711349487305
-10.409607887268066
-1.999999987845058e-08
19.19450569152832
9.07686996459961
8.156354904174805
1.999999987845058e-08
48.40370559692383
23.813161849975586
32.818397521972656
-1.999999987845058e-08
58.56669235229492
28.29961585998535
43.668907165527344
1.999999987845058e-08
38.48344802856445
16.25238609313965
29.112987518310547
-1.999999987845058e-08
3.165527105331421
-5.030304431915283
-0.3153840899467468
1.999999987845058e-08
3.165526866912842
-5.030304908752441
-0.3153841495513916
-1.999999987845058e-08
-18.18586540222168
-19.77460479736328
-20.156204223632812
1.999999987845058e-08
-16.25848388671875
-22.125991821289062
-21.384220123291016
-1.999999987845058e-08
-10.30630874633789
-21.482412338256836
-18.387147903442383
1.999999987845058e-08
-19.91819953918457
-27.397567749023438
-26.131393432617188
-1.999999987845058e-08
-43.427833557128906
-38.72987365722656
-44.09191131591797
1.999999987845058e-08
-61.610931396484375
-46.446144104003906
-58.857608795166016
-1.999999987845058e-08
-54.17852783203125
-41.40045166015625
-54.10010528564453
1.999999987845058e-08
-18.708173751831055
-22.67939567565918
-25.236940383911133
-1.999999987845058e-08
23.623979568481445
-0.3648414611816406
12.250926971435547
1.999999987845058e-08
23.623979568481445
-0.3648415207862854
12.250926971435547
-1.999999987845058e-08
47.05405807495117
13.049442291259766
35.57309341430664
1.999999987845058e-08
43.440616607666016
12.958779335021973
34.32347869873047
-1.999999987845058e-08
23.052845001220703
3.4807279109954834
14.983491897583008
1.999999987845058e-08
2.618471145629883
-7.443803787231445
-6.901602745056152
-1.999999987845058e-08
-6.643421173095703
-13.861322402954102
-18.35015106201172
1.999999987845058e-08
-6.731276035308838
-16.238502502441406
-18.955055236816406
-1.999999987845058e-08
-7.310808181762695
-18.549856185913086
-18.019453048706055
1.999999987845058e-08
-13.80567455291748
-22.293073654174805
-22.54804801940918
-1.999999987845058e-08
-24.19542121887207
-26.30790138244629
-31.779287338256836
1.999999987845058e-08
25.062450408935547
11.879745483398438
18.318796157836914
-1.999999987845058e-08
38.63414764404297
20.467498779296875
33.19362258911133
1.999999987845058e-08
42.013885498046875
20.184795379638672
36.64944076538086
-1.999999987845058e-08
30.080739974975586
11.383056640625
27.325092315673828
1.999999987845058e-08
6.803162574768066
-1.7659565210342407
10.420242309570312
-1.999999987845058e-08
-11.024980545043945
-11.51293659210205
-1.0418577194213867
1.999999987845058e-08
-14.836565971374512
-14.027643203735352
-1.8189716339111328
-1.999999987845058e-08
-13.283625602722168
-12.57618236541748
-0.04726288467645645
1.999999987845058e-08
-15.092146873474121
-11.883830070495605
-1.9361951351165771
-1.999999987845058e-08
-18.931499481201172
-13.514545440673828
-4.404277801513672
1.999999987845058e-08
-6.061624526977539
-7.977071762084961
8.422513008117676
-1.999999987845058e-08
13.792293548583984
4.603307723999023
22.81787109375
1.999999987845058e-08
29.996482849121094
15.065631866455078
32.89625549316406
-1.999999987845058e-08
30.021451950073242
15.170292854309082
30.299381256103516
1.999999987845058e-08
9.94626522064209
3.901458501815796
12.902068138122559
-1.999999987845058e-08
-16.433286666870117
-11.09938907623291
-8.257621765136719
1.999999987845058e-08
-27.817689895629883
-19.346830368041992
-17.10409164428711
-1.999999987845058e-08
-20.20363426208496
-17.803482055664062
-11.497010231018066
1.999999987845058e-08
-10.82059097290039
-13.765054702758789
-5.002610683441162
-1.999999987845058e-08
-15.976717948913574
-15.412747383117676
-9.3080472946167
1.999999987845058e-08
-31.10466766357422
-17.99228858947754
-15.756952285766602
-1.999999987845058e-08
-5.093379497528076
-1.4749194383621216
10.194802284240723
1.999999987845058e-08
35.0673942565918
21.817028045654297
46.539695739746094
-1.999999987845058e-08
63.09175491333008
37.73402404785156
70.57640838623047
1.999999987845058e-08
62.13833236694336
37.47593307495117
69.9194107055664
-1.999999987845058e-08
34.99528884887695
22.346393585205078
48.74585723876953
1.999999987845058e-08
0.15509673953056335
1.2916103601455688
20.987276077270508
-1.999999987845058e-08
-22.925748825073242
-14.939289093017578
-0.2885574996471405
1.999999987845058e-08
-28.470867156982422
-20.663379669189453
-10.476242065429688
-1.999999987845058e-08
-25.201478958129883
-18.636137008666992
-13.478036880493164
1.999999987845058e-08
0.15509673953056335
1.2916103601455688
20.987276077270508
-1.999999987845058e-08
-22.925748825073242
-14.939289093017578
-0.2885574996471405
1.999999987845058e-08
-28.470867156982422
-20.663379669189453
-10.476242065429688
-1.999999987845058e-08
-25.201478958129883
-18.636137008666992
-13.478036880493164
1.999999987845058e-08
-24.420230865478516
-15.953474998474121
-15.579629898071289
-1.999999987845058e-08
-28.90281867980957
-15.983121871948242
-19.49636459350586
1.999999987845058e-08
-31.909210205078125
-15.353060722351074
-22.353282928466797
-1.999999987845058e-08
-21.50027847290039
-7.688552379608154
-15.14212417602539
1.999999987845058e-08
6.034132957458496
7.936716556549072
7.295167446136475
-1.999999987845058e-08
33.758155822753906
22.27058219909668
32.11587905883789
1.999999987845058e-08
33.758155822753906
22.27058219909668
32.11587905883789
-1.999999987845058e-08
42.351280212402344
26.312225341796875
41.26573944091797
1.999999987845058e-08
32.87527084350586
21.437253952026367
33.74593734741211
-1.999999987845058e-08
14.972063064575195
11.82162857055664
18.433284759521484
1.999999987845058e-08
-8.460371017456055
-2.7197184562683105
-1.2597500085830688
-1.999999987845058e-08
-33.07073211669922
-20.163490295410156
-22.61626625061035
1.999999987845058e-08
