0
-6.524703502655029
1.8286703824996948
-18.370914459228516
1.999999987845058e-08
8.908671379089355
14.13476276397705
-1.8832905292510986
-1.999999987845058e-08
32.117862701416016
29.981103897094727
23.001609802246094
1.999999987845058e-08
50.54465866088867
42.07987594604492
42.65531539916992
-1.999999987845058e-08
55.692623138427734
45.85484313964844
49.2074089050293
1.999999987845058e-08
44.58209991455078
39.51311111450195
41.32491683959961
-1.999999987845058e-08
21.353158950805664
24.863309860229492
21.848506927490234
1.999999987845058e-08
-0.21884240210056305
9.758753776550293
0.4610854983329773
-1.999999987845058e-08
-8.437426567077637
2.584115505218506
-11.466639518737793
1.999999987845058e-08
-6.9751362800598145
3.129920244216919
-13.304896354675293
-1.999999987845058e-08
-6.1877851486206055
4.7169294357299805
-13.17666244506836
1.999999987845058e-08
-7.423442840576172
4.130392551422119
-13.688488960266113
-1.999999987845058e-08
-6.562846660614014
3.406519651412964
-11.211026191711426
1.999999987845058e-08
-4.4502482414245605
4.247513771057129
-6.134893417358398
-1.999999987845058e-08
-5.5692853927612305
5.549499034881592
-3.9914090633392334
1.999999987845058e-08
-13.20781135559082
4.54205846786499
-9.605803489685059
-1.999999987845058e-08
-23.825267791748047
1.4005759954452515
-19.89337158203125
1.999999987845058e-08
-23.337963104248047
3.5861055850982666
-20.80153465270996
-1.999999987845058e-08
-2.092494249343872
17.687944412231445
-1.7479298114776611
1.999999987845058e-08
-2.092494249343872
17.687944412231445
-1.7479298114776611
-1.999999987845058e-08
29.166181564331055
37.95668029785156
28.794755935668945
1.999999987845058e-08
50.17629623413086
51.45006561279297
51.543861389160156
-1.999999987845058e-08
49.6485595703125
51.5084342956543
53.91822814941406
1.999999987845058e-08
30.789966583251953
42.005149841308594
37.76401138305664
-1.999999987845058e-08
7.834366321563721
31.695297241210938
16.459917068481445
1.999999987845058e-08
-4.430187225341797
26.70566177368164
3.5319206714630127
-1.999999987845058e-08
-1.1422220468521118
27.864086151123047
3.0178422927856445
1.999999987845058e-08
9.602791786193848
31.469484329223633
8.445595741271973
-1.999999987845058e-08
11.335598945617676
30.269121170043945
7.799631595611572
1.999999987845058e-08
-13.65428638458252
13.917450904846191
-3.8645355701446533
-1.999999987845058e-08
19.05338478088379
34.468048095703125
24.28851890563965
1.999999987845058e-08
30.909236907958984
42.54480743408203
33.389869689941406
-1.999999987845058e-08
17.854660034179688
34.66781997680664
20.627376556396484
1.999999987845058e-08
-0.9463411569595337
22.66684341430664
3.9223592281341553
-1.999999987845058e-08
-7.1099653244018555
18.170230865478516
-0.9094172716140747
1.999999987845058e-08
0.7447515726089478
21.601736068725586
6.170263290405273
-1.999999987845058e-08
8.178679466247559
24.509275436401367
11.892318725585938
1.999999987845058e-08
3.6406397819519043
21.598379135131836
6.101325035095215
-1.999999987845058e-08
-6.752081871032715
16.73199462890625
-5.370931625366211
1.999999987845058e-08
-6.752081871032715
16.731992721557617
-5.370931625366211
-1.999999987845058e-08
-12.4715576171875
14.060977935791016
-12.161643981933594
1.999999987845058e-08
-15.858198165893555
11.294755935668945
-14.814353942871094
-1.999999987845058e-08
-20.415847778320312
7.693779945373535
-16.569644927978516
1.999999987845058e-08
-15.97014331817627
9.64826488494873
-11.210785865783691
-1.999999987845058e-08
5.988739967346191
21.216249465942383
7.426611423492432
1.999999987845058e-08
31.76791763305664
34.484161376953125
29.846303939819336
-1.999999987845058e-08
37.19562530517578
36.420082092285156
36.966678619384766
1.999999987845058e-08
17.636798858642578
24.995027542114258
23.05994415283203
-1.999999987845058e-08
-6.903616428375244
11.73119831085205
3.331709623336792
1.999999987845058e-08
-17.87407684326172
6.456358909606934
-5.430181980133057
-1.999999987845058e-08
-16.602510452270508
7.226814270019531
-2.907320737838745
1.999999987845058e-08
-12.39051342010498
8.504171371459961
2.0356123447418213
-1.999999987845058e-08
-8.324435234069824
9.612682342529297
5.132051467895508
1.999999987845058e-08
-8.259754180908203
9.604926109313965
3.540311336517334
-1.999999987845058e-08
-18.262439727783203
5.093151092529297
-6.32083797454834
1.999999987845058e-08
-29.86910629272461
-0.17022114992141724
-16.65247344970703
-1.999999987845058e-08
-24.34718894958496
4.163780212402344
-11.556299209594727
1.999999987845058e-08
-0.15330947935581207
19.731435775756836
10.29192066192627
-1.999999987845058e-08
24.17775535583496
35.19257354736328
32.57738494873047
1.999999987845058e-08
30.842966079711914
38.088287353515625
39.370750427246094
-1.999999987845058e-08
15.4534912109375
25.640851974487305
26.69801139831543
1.999999987845058e-08
-9.384535789489746
7.25715446472168
4.939870357513428
-1.999999987845058e-08
-22.989336013793945
-3.600217580795288
-8.551704406738281
1.999999987845058e-08
-20.863937377929688
-4.212334632873535
-8.50758171081543
-1.999999987845058e-08
-20.607398986816406
-4.558498859405518
-8.106476783752441
1.999999987845058e-08
-31.676759719848633
-9.896851539611816
-16.499494552612305
-1.999999987845058e-08
-34.01416015625
-9.556169509887695
-19.008394241333008
1.999999987845058e-08
-7.589224815368652
6.960561275482178
2.4475419521331787
-1.999999987845058e-08
31.02684211730957
30.424636840820312
36.594825744628906
1.999999987845058e-08
31.02684211730957
30.424636840820312
36.594825744628906
-1.999999987845058e-08
50.416358947753906
43.163570404052734
55.83700180053711
1.999999987845058e-08
44.30275344848633
40.74527359008789
51.72378158569336
-1.999999987845058e-08
24.608226776123047
29.147443771362305
33.696571350097656
1.999999987845058e-08
0.8097524642944336
13.922175407409668
10.488348960876465
-1.999999987845058e-08
-17.63074493408203
1.45248544216156
-9.813307762145996
1.999999987845058e-08
-21.92889976501465
-1.9684008359909058
-18.43622589111328
-1.999999987845058e-08
-14.424015998840332
2.642831325531006
-14.886913299560547
1.999999987845058e-08
-6.591183185577393
7.243590354919434
-8.394061088562012
-1.999999987845058e-08
-7.601908206939697
4.999547004699707
-7.967027187347412
1.999999987845058e-08
-7.601908206939697
4.999547004699707
-7.967027187347412
-1.999999987845058e-08
-14.996949195861816
-1.8064748048782349
-12.66592788696289
1.999999987845058e-08
-13.727422714233398
-2.1683802604675293
-11.110468864440918
-1.999999987845058e-08
6.1274027824401855
10.264994621276855
4.517354488372803
1.999999987845058e-08
31.73165512084961
26.576278686523438
24.8698673248291
-1.999999987845058e-08
40.25571060180664
32.06209182739258
31.813278198242188
1.999999987845058e-08
24.3380126953125
22.311073303222656
17.736984252929688
-1.999999987845058e-08
-3.2132349014282227
4.833416938781738
-8.022193908691406
1.999999987845058e-08
-23.91500473022461
-10.329482078552246
-28.344694137573242
-1.999999987845058e-08
-29.96025848388672
-17.50864601135254
-33.59161376953125
1.999999987845058e-08
-28.34552574157715
-17.41665267944336
-28.72313690185547
-1.999999987845058e-08
-28.71408462524414
-14.756126403808594
-23.956762313842773
1.999999987845058e-08
-32.922245025634766
-12.561712265014648
-23.999134063720703
-1.999999987845058e-08
-38.490840911865234
-11.182422637939453
-28.60015106201172
1.999999987845058e-08
-40.689178466796875
-10.398419380187988
-33.12818145751953
-1.999999987845058e-08
-30.378015518188477
-7.737980842590332
-26.91383934020996
1.999999987845058e-08
-3.3334991931915283
0.6765762567520142
-2.995699882507324
-1.999999987845058e-08
28.057235717773438
13.063817977905273
28.428787231445312
1.999999987845058e-08
41.517086029052734
19.285173416137695
44.51921844482422
-1.999999987845058e-08
25.804622650146484
10.753594398498535
31.57697105407715
1.999999987845058e-08
-25.493589401245117
-25.731077194213867
-24.32294464111328
-1.999999987845058e-08
-17.81839942932129
-27.292444229125977
-20.09916877746582
1.999999987845058e-08
-19.438743591308594
-31.775615692138672
-23.055217742919922
-1.999999987845058e-08
-28.944290161132812
-37.60996627807617
-32.304527282714844
1.999999987845058e-08
-36.254493713378906
-42.409828186035156
-39.89659118652344
-1.999999987845058e-08
-33.22475814819336
-43.64685821533203
-38.71532440185547
1.999999987845058e-08
-16.205032348632812
-36.7762336730957
-23.87369155883789
-1.999999987845058e-08
7.400003910064697
-23.38442039489746
-0.543102502822876
1.999999987845058e-08
20.905075073242188
-15.020064353942871
15.052619934082031
-1.999999987845058e-08
14.648801803588867
-21.265960693359375
11.140424728393555
1.999999987845058e-08
14.648801803588867
-21.265960693359375
11.140424728393555
-1.999999987845058e-08
-4.654251575469971
-38.47785568237305
-7.772702217102051
1.999999987845058e-08
-21.208223342895508
-53.62452697753906
-26.601102828979492
-1.999999987845058e-08
-24.0587215423584
-57.616737365722656
-33.814613342285156
1.999999987845058e-08
-14.514215469360352
-52.849037170410156
-29.100799560546875
-1.999999987845058e-08
-2.2841110229492188
-47.80071258544922
-20.46563720703125
1.999999987845058e-08
2.1391451358795166
-47.717140197753906
-17.534259796142578
-1.999999987845058e-08
-4.270957946777344
-51.307254791259766
-23.714326858520508
1.999999987845058e-08
-10.85374927520752
-52.683311462402344
-30.55992889404297
-1.999999987845058e-08
-3.8796722888946533
-46.64025115966797
-25.991275787353516
1.999999987845058e-08
-3.8796722888946533
-46.64025115966797
-25.991275787353516
-1.999999987845058e-08
14.342350959777832
-34.886695861816406
-9.866844177246094
1.999999987845058e-08
29.833040237426758
-24.77391242980957
7.188259124755859
-1.999999987845058e-08
34.21493148803711
-22.513063430786133
15.849751472473145
1.999999987845058e-08
24.92172622680664
-30.817516326904297
10.373424530029297
-1.999999987845058e-08
3.7464776039123535
-47.25959396362305
-8.780936241149902
1.999999987845058e-08
-17.128786087036133
-62.89671325683594
-29.257381439208984
-1.999999987845058e-08
-25.360761642456055
-70.38521575927734
-38.060054779052734
1.999999987845058e-08
-23.13507843017578
-71.6508560180664
-36.43878173828125
-1.999999987845058e-08
-17.584957122802734
-71.02783203125
-32.23451614379883
1.999999987845058e-08
-1.5009238719940186
-61.58460235595703
-26.17778205871582
-1.999999987845058e-08
0.34798792004585266
-54.88844680786133
-27.95362091064453
1.999999987845058e-08
1.4193336963653564
-47.90340805053711
-26.449634552001953
-1.999999987845058e-08
10.383993148803711
-39.04972839355469
-14.610220909118652
1.999999987845058e-08
22.182071685791016
-30.678218841552734
1.0711368322372437
-1.999999987845058e-08
23.901336669921875
-27.839574813842773
7.323350429534912
1.999999987845058e-08
11.000782012939453
-33.54555130004883
-1.521996021270752
-1.999999987845058e-08
-8.155966758728027
-45.10139846801758
-18.51253318786621
1.999999987845058e-08
-21.118757247924805
-54.37369155883789
-30.821086883544922
-1.999999987845058e-08
-22.846189498901367
-55.05836868286133
-31.985868453979492
1.999999987845058e-08
-18.582887649536133
-49.69731521606445
-26.962907791137695
-1.999999987845058e-08
-18.12230110168457
-46.76136779785156
-26.02023696899414
1.999999987845058e-08
-22.99445152282715
-48.47224807739258
-30.99275779724121
-1.999999987845058e-08
-19.712779998779297
-44.95276641845703
-29.08100128173828
1.999999987845058e-08
2.061426877975464
-27.997522354125977
-10.294886589050293
-1.999999987845058e-08
32.26533126831055
-4.562036037445068
16.45526885986328
1.999999987845058e-08
53.6743049621582
12.241652488708496
35.65413284301758
-1.999999987845058e-08
55.349544525146484
14.944046020507812
37.951805114746094
1.999999987845058e-08
29.65142059326172
0.5699917674064636
16.632993698120117
-1.999999987845058e-08
-17.723857879638672
-26.480789184570312
-24.798933029174805
1.999999987845058e-08
-57.85623550415039
-50.016380310058594
-62.227874755859375
-1.999999987845058e-08
-65.5759048461914
-55.78569412231445
-72.16249084472656
1.999999987845058e-08
-47.97823715209961
-46.930301666259766
-58.1200065612793
-1.999999987845058e-08
-30.053361892700195
-36.957611083984375
-40.9093132019043
1.999999987845058e-08
-27.595003128051758
-34.43956756591797
-35.108802795410156
-1.999999987845058e-08
-37.04676818847656
-36.68613052368164
-39.479122161865234
1.999999987845058e-08
-38.71217727661133
-32.48237991333008
-38.91889572143555
-1.999999987845058e-08
-17.680145263671875
-14.988906860351562
-20.473081588745117
1.999999987845058e-08
15.992118835449219
7.583617687225342
9.368521690368652
-1.999999987845058e-08
38.176795959472656
20.632732391357422
30.998022079467773
1.999999987845058e-08
38.176795959472656
20.632732391357422
30.998022079467773
-1.999999987845058e-08
36.099918365478516
18.94011878967285
32.03596115112305
1.999999987845058e-08
17.658597946166992
9.189887046813965
17.155242919921875
-1.999999987845058e-08
0.8892722129821777
0.80193030834198
1.1439441442489624
1.999999987845058e-08
-4.498739242553711
-2.472717523574829
-6.403658866882324
-1.999999987845058e-08
-3.0589027404785156
-2.1672775745391846
-7.367973327636719
1.999999987845058e-08
-2.7933778762817383
-0.45747047662734985
-7.466729164123535
-1.999999987845058e-08
-8.725996971130371
-0.5139915943145752
-10.969538688659668
1.999999987845058e-08
-23.205839157104492
-6.147599220275879
-20.59440803527832
-1.999999987845058e-08
-36.701820373535156
-13.107075691223145
-29.44066619873047
1.999999987845058e-08
47.38501739501953
36.46376037597656
44.054386138916016
-1.999999987845058e-08
59.43632888793945
45.078712463378906
55.04920959472656
1.999999987845058e-08
46.66885757446289
38.980018615722656
46.08559036254883
-1.999999987845058e-08
23.731815338134766
26.867202758789062
28.351055145263672
1.999999987845058e-08
4.0235161781311035
16.019168853759766
11.645557403564453
-1.999999987845058e-08
-1.4217660427093506
11.403732299804688
5.774939060211182
1.999999987845058e-08
9.350825309753418
14.94262981414795
14.421452522277832
-1.999999987845058e-08
24.02275848388672
22.831581115722656
27.84404945373535
1.999999987845058e-08
27.855939865112305
28.17439079284668
32.329097747802734
-1.999999987845058e-08
16.171812057495117
26.208892822265625
23.428340911865234
1.999999987845058e-08
16.171812057495117
26.208892822265625
23.428340911865234
-1.999999987845058e-08
-5.277601718902588
17.447328567504883
6.71811056137085
1.999999987845058e-08
-25.666330337524414
7.5153985023498535
-9.434887886047363
-1.999999987845058e-08
-37.13022232055664
1.9152133464813232
-20.18999481201172
1.999999987845058e-08
-37.5655632019043
2.36958646774292
-23.13691520690918
-1.999999987845058e-08
-25.86948585510254
9.502717971801758
-14.394418716430664
1.999999987845058e-08
-2.7814319133758545
23.481908798217773
6.875097751617432
-1.999999987845058e-08
24.77658462524414
40.68377685546875
32.8287239074707
1.999999987845058e-08
47.5971794128418
54.30988693237305
52.51421356201172
-1.999999987845058e-08
58.11238098144531
58.372772216796875
59.0896110534668
1.999999987845058e-08
48.64459228515625
49.723541259765625
48.9644660949707
-1.999999987845058e-08
19.50776481628418
31.3226261138916
24.433685302734375
1.999999987845058e-08
-10.549362182617188
14.69117546081543
-0.49733325839042664
-1.999999987845058e-08
-20.885156631469727
10.096906661987305
-10.949804306030273
1.999999987845058e-08
-13.119091033935547
14.535623550415039
-7.606626987457275
-1.999999987845058e-08
-4.014577388763428
17.471097946166992
-2.1496949195861816
1.999999987845058e-08
-3.4058260917663574
14.780534744262695
-2.2096588611602783
-1.999999987845058e-08
-6.100107192993164
12.487223625183105
-4.326347351074219
1.999999987845058e-08
0.34688085317611694
18.703062057495117
1.8331098556518555
-1.999999987845058e-08
20.545421600341797
33.504207611083984
20.262615203857422
1.999999987845058e-08
46.38991928100586
49.652469635009766
42.83015823364258
-1.999999987845058e-08
62.7967529296875
59.12547302246094
55.30906677246094
1.999999987845058e-08
56.80751419067383
56.349117279052734
47.065391540527344
-1.999999987845058e-08
33.65745162963867
44.19121551513672
24.5074462890625
1.999999987845058e-08
13.0599365234375
32.85334014892578
6.220462322235107
-1.999999987845058e-08
1.4733151197433472
26.14710807800293
-2.5998122692108154
1.999999987845058e-08
-8.867022514343262
20.015819549560547
-10.67740535736084
-1.999999987845058e-08
-19.592763900756836
13.332815170288086
-20.390024185180664
1.999999987845058e-08
-27.463993072509766
8.090380668640137
-27.78937339782715
-1.999999987845058e-08
-32.12672805786133
4.985834121704102
-31.29229164123535
1.999999987845058e-08
-9.54361629486084
18.59844207763672
-8.310388565063477
-1.999999987845058e-08
24.89667320251465
38.414512634277344
25.081850051879883
1.999999987845058e-08
53.203983306884766
54.31625747680664
54.924129486083984
-1.999999987845058e-08
56.52082061767578
55.90303421020508
62.3475341796875
1.999999987845058e-08
35.41230392456055
43.160003662109375
44.78244400024414
-1.999999987845058e-08
7.839488983154297
26.567398071289062
17.15486717224121
1.999999987845058e-08
-5.577345848083496
19.224990844726562
0.4806724190711975
-1.999999987845058e-08
-2.4327380657196045
22.53643798828125
1.4881025552749634
1.999999987845058e-08
1.468262791633606
25.34482765197754
7.6234307289123535
-1.999999987845058e-08
-3.200321912765503
21.020166397094727
7.622110366821289
1.999999987845058e-08
-16.323766708374023
9.957865715026855
-2.282721996307373
-1.999999987845058e-08
-26.81049346923828
3.736848831176758
-13.219198226928711
1.999999987845058e-08
-41.14469528198242
-4.661284446716309
-26.972150802612305
-1.999999987845058e-08
-46.29376220703125
-8.03758716583252
-30.240543365478516
1.999999987845058e-08
-36.7667121887207
-3.0877180099487305
-17.65377426147461
-1.999999987845058e-08
-22.517292022705078
4.808352470397949
-0.5525078177452087
1.999999987845058e-08
-11.541801452636719
11.342034339904785
10.474663734436035
-1.999999987845058e-08
0.6354203820228577
18.427242279052734
18.93855094909668
1.999999987845058e-08
18.89788246154785
27.443235397338867
31.485950469970703
-1.999999987845058e-08
32.47575759887695
32.028934478759766
40.492835998535156
1.999999987845058e-08
18.89788246154785
27.443235397338867
31.485950469970703
-1.999999987845058e-08
32.47575759887695
32.028934478759766
40.492835998535156
1.999999987845058e-08
24.02171516418457
23.803712844848633
30.844594955444336
-1.999999987845058e-08
-1.5192594528198242
7.145845413208008
6.2028422355651855
1.999999987845058e-08
-15.866069793701172
-1.2032219171524048
-8.775125503540039
-1.999999987845058e-08
-2.237758159637451
7.950899124145508
1.5772290229797363
1.999999987845058e-08
22.182125091552734
23.878145217895508
23.292831420898438
-1.999999987845058e-08
25.450927734375
27.63667106628418
28.378244400024414
1.999999987845058e-08
-0.71760493516922
13.996493339538574
8.74764347076416
-1.999999987845058e-08
-30.42267417907715
-2.5852534770965576
-13.650592803955078
1.999999987845058e-08
-32.325714111328125
-4.032750129699707
-12.081616401672363
-1.999999987845058e-08
-1.9050118923187256
13.021183013916016
16.758441925048828
1.999999987845058e-08
35.07768630981445
34.931114196777344
50.48886489868164
-1.999999987845058e-08
49.42552947998047
45.18494415283203
63.970359802246094
1.999999987845058e-08
34.57602310180664
38.663692474365234
50.686614990234375
-1.999999987845058e-08
4.735411643981934
21.952558517456055
21.897785186767578
1.999999987845058e-08
-20.726285934448242
5.683533191680908
-5.0200419425964355
-1.999999987845058e-08
-27.577184677124023
-1.9338287115097046
-15.78770637512207
1.999999987845058e-08
-14.18942642211914
0.34646910429000854
-7.55122709274292
-1.999999987845058e-08
4.008293151855469
5.485960960388184
7.026185989379883
1.999999987845058e-08
4.008293151855469
5.485960960388184
7.026185989379883
-1.999999987845058e-08
4.812259674072266
3.357229709625244
8.536039352416992
1.999999987845058e-08
-12.799121856689453
-6.487814903259277
-6.277824878692627
-1.999999987845058e-08
-20.487651824951172
-10.137191772460938
-14.625697135925293
1.999999987845058e-08
-0.173900306224823
1.905994176864624
1.5666872262954712
-1.999999987845058e-08
28.00269889831543
19.375967025756836
27.22511863708496
1.999999987845058e-08
35.99763107299805
26.312496185302734
36.29401397705078
-1.999999987845058e-08
20.96131706237793
19.097898483276367
24.074888229370117
1.999999987845058e-08
-1.6002167463302612
4.9896697998046875
3.90250301361084
-1.999999987845058e-08
-16.070999145507812
-6.528873920440674
-10.858068466186523
1.999999987845058e-08
-14.571676254272461
-9.186441421508789
-13.494473457336426
-1.999999987845058e-08
-2.7621049880981445
-5.003240585327148
-6.9475531578063965
1.999999987845058e-08
4.193251132965088
-2.697347402572632
-1.9982976913452148
-1.999999987845058e-08
-0.3642800450325012
-6.988425254821777
-4.38883638381958
1.999999987845058e-08
-11.334774017333984
-14.780061721801758
-11.687199592590332
-1.999999987845058e-08
-20.683677673339844
-19.669296264648438
-19.283632278442383
1.999999987845058e-08
-17.311477661132812
-14.964489936828613
-18.08222007751465
-1.999999987845058e-08
5.652320861816406
0.8839423656463623
0.424470990896225
1.999999987845058e-08
37.60817337036133
19.780000686645508
29.45813751220703
-1.999999987845058e-08
55.65866470336914
29.318513870239258
47.790287017822266
1.999999987845058e-08
44.374576568603516
23.09792137145996
39.16865539550781
-1.999999987845058e-08
10.966591835021973
6.362558841705322
9.740001678466797
1.999999987845058e-08
-18.984920501708984
-8.493293762207031
-16.27558708190918
-1.999999987845058e-08
-23.747833251953125
-12.080039978027344
-19.549470901489258
1.999999987845058e-08
-4.691675186157227
-4.489650249481201
-2.606841564178467
-1.999999987845058e-08
16.12224769592285
5.27957010269165
15.194931983947754
1.999999987845058e-08
16.463571548461914
6.233802318572998
15.484888076782227
-1.999999987845058e-08
-5.509596824645996
-4.3348002433776855
-3.4850590229034424
1.999999987845058e-08
-25.161865234375
-14.933176040649414
-20.663503646850586
-1.999999987845058e-08
-15.249420166015625
-10.919572830200195
-11.69544792175293
1.999999987845058e-08
60.6871452331543
29.062124252319336
50.345619201660156
-1.999999987845058e-08
39.238285064697266
21.680095672607422
30.475675582885742
1.999999987845058e-08
9.539408683776855
9.069136619567871
4.480565071105957
-1.999999987845058e-08
-4.716370105743408
-0.20669081807136536
-8.080126762390137
1.999999987845058e-08
-4.345804214477539
-5.562183380126953
-7.4894700050354
-1.999999987845058e-08
-6.878830432891846
-11.719503402709961
-9.499594688415527
1.999999987845058e-08
-18.399873733520508
-19.428630828857422
-21.02066993713379
-1.999999987845058e-08
-32.414127349853516
-26.063491821289062
-35.80453109741211
1.999999987845058e-08
-40.372901916503906
-28.93671226501465
-44.07781219482422
-1.999999987845058e-08
-31.180768966674805
-23.243139266967773
-35.56653594970703
1.999999987845058e-08
-31.180768966674805
-23.243139266967773
-35.56653594970703
-1.999999987845058e-08
-2.280319929122925
-6.997581481933594
-9.025101661682129
1.999999987845058e-08
27.36261558532715
10.908864974975586
18.915374755859375
-1.999999987845058e-08
33.270259857177734
16.351598739624023
27.423856735229492
1.999999987845058e-08
11.281012535095215
4.191512107849121
11.788291931152344
-1.999999987845058e-08
-18.98438835144043
-15.653871536254883
-13.213139533996582
1.999999987845058e-08
-34.14877700805664
-27.7474308013916
-28.152441024780273
-1.999999987845058e-08
-27.812091827392578
-25.93305206298828
-26.46792984008789
1.999999987845058e-08
-12.635196685791016
-17.150426864624023
-17.49835777282715
-1.999999987845058e-08
-5.796878814697266
-12.533361434936523
-14.170866966247559
1.999999987845058e-08
-5.796879291534424
-12.533361434936523
-14.170866966247559
-1.999999987845058e-08
-11.984893798828125
-16.140750885009766
-19.099485397338867
1.999999987845058e-08
-21.443147659301758
-22.536916732788086
-24.6153621673584
-1.999999987845058e-08
-22.84107780456543
-23.47126007080078
-23.36817741394043
1.999999987845058e-08
-13.396947860717773
-15.326108932495117
-14.730240821838379
-1.999999987845058e-08
0.6816213726997375
-1.8693158626556396
-4.2288899421691895
1.999999987845058e-08
12.011744499206543
10.003111839294434
3.040933132171631
-1.999999987845058e-08
17.780221939086914
15.51980972290039
6.495312213897705
1.999999987845058e-08
16.93819236755371
13.000194549560547
5.719444751739502
-1.999999987845058e-08
12.100163459777832
6.0715789794921875
2.246084690093994
1.999999987845058e-08
5.4248948097229
4.434208393096924
4.1487135887146
-1.999999987845058e-08
-12.616683959960938
-3.716705322265625
-10.14009952545166
1.999999987845058e-08
-31.84922218322754
-14.457952499389648
-26.925960540771484
-1.999999987845058e-08
-37.80510711669922
-18.28213882446289
-32.493446350097656
1.999999987845058e-08
-24.04815101623535
-11.122024536132812
-20.694242477416992
-1.999999987845058e-08
-0.955345869064331
1.1907718181610107
-0.11390142142772675
1.999999987845058e-08
10.977363586425781
7.642944812774658
11.569953918457031
-1.999999987845058e-08
5.005046367645264
3.929352045059204
7.547702312469482
1.999999987845058e-08
-7.986428737640381
-5.519099712371826
-3.9367949962615967
-1.999999987845058e-08
-18.53278160095215
-15.530611038208008
-15.32073974609375
1.999999987845058e-08
-18.53278160095215
-15.530611038208008
-15.32073974609375
-1.999999987845058e-08
-24.810317993164062
-22.884368896484375
-24.5465030670166
1.999999987845058e-08
-28.165149688720703
-26.34311866760254
-30.918376922607422
-1.999999987845058e-08
-31.996578216552734
-27.787132263183594
-35.93938446044922
1.999999987845058e-08
-36.47077560424805
-28.947879791259766
-40.05891036987305
-1.999999987845058e-08
-35.40153503417969
-27.951332092285156
-39.03157043457031
1.999999987845058e-08
-23.637449264526367
-20.8625545501709
-29.053977966308594
-1.999999987845058e-08
-1.3632639646530151
-4.806013107299805
-9.459668159484863
1.999999987845058e-08
26.493148803710938
17.71775245666504
17.313108444213867
-1.999999987845058e-08
49.554908752441406
37.22153091430664
42.38872528076172
1.999999987845058e-08
57.873870849609375
44.83413314819336
54.58332443237305
-1.999999987845058e-08
49.24551010131836
39.20231628417969
49.51777267456055
1.999999987845058e-08
28.483585357666016
24.70083236694336
31.281097412109375
-1.999999987845058e-08
5.675562858581543
8.90939712524414
9.873517990112305
1.999999987845058e-08
-7.958902835845947
-0.5411034226417542
-3.9363198280334473
-1.999999987845058e-08
-10.255121231079102
-2.7729108333587646
-7.155837535858154
1.999999987845058e-08
-10.367005348205566
-4.385545253753662
-6.943846702575684
-1.999999987845058e-08
-16.167585372924805
-10.688802719116211
-11.219226837158203
1.999999987845058e-08
-25.307363510131836
-20.363136291503906
-19.509960174560547
-1.999999987845058e-08
-32.90043640136719
-30.130029678344727
-27.031818389892578
1.999999987845058e-08
-32.90043640136719
-30.130029678344727
-27.031818389892578
-1.999999987845058e-08
-39.24142074584961
-38.73470687866211
-32.685142517089844
1.999999987845058e-08
-45.87519454956055
-44.67722702026367
-37.98192596435547
-1.999999987845058e-08
-50.650516510009766
-45.63895034790039
-41.999813079833984
1.999999987845058e-08
-47.396427154541016
-40.529441833496094
-39.77608108520508
-1.999999987845058e-08
-29.235193252563477
-28.608802795410156
-25.34489631652832
1.999999987845058e-08
3.902203321456909
-9.766496658325195
1.8045027256011963
-1.999999987845058e-08
40.05610275268555
10.934747695922852
32.23585510253906
1.999999987845058e-08
59.967796325683594
22.868398666381836
49.47591018676758
-1.999999987845058e-08
50.38675308227539
18.18218421936035
41.27187728881836
1.999999987845058e-08
-18.29751205444336
-19.59925651550293
-21.07770538330078
-1.999999987845058e-08
-5.223069190979004
-14.978638648986816
-11.5551176071167
1.999999987845058e-08
8.407137870788574
-10.731733322143555
-1.4063996076583862
-1.999999987845058e-08
8.347250938415527
-12.771960258483887
-1.5822418928146362
1.999999987845058e-08
-5.171456813812256
-19.747575759887695
-11.132964134216309
-1.999999987845058e-08
-20.16866111755371
-26.187002182006836
-20.981901168823242
1.999999987845058e-08
-25.143064498901367
-28.13182830810547
-22.462623596191406
-1.999999987845058e-08
-21.448707580566406
-26.733144760131836
-16.707935333251953
1.999999987845058e-08
-20.162649154663086
-25.93899154663086
-13.37256908416748
-1.999999987845058e-08
-22.39917755126953
-24.542743682861328
-13.787466049194336
1.999999987845058e-08
-12.158489227294922
-14.77881145477295
-3.875685930252075
-1.999999987845058e-08
18.154977798461914
4.776593208312988
23.26022720336914
1.999999987845058e-08
48.4613037109375
21.79753875732422
50.03660583496094
-1.999999987845058e-08
53.75708770751953
23.59827995300293
54.245548248291016
1.999999987845058e-08
32.25202941894531
10.931801795959473
33.890419006347656
-1.999999987845058e-08
1.7876278162002563
-5.819942951202393
4.906390190124512
1.999999987845058e-08
-17.011560440063477
-16.017614364624023
-13.460108757019043
-1.999999987845058e-08
-13.203948020935059
-13.70344352722168
-10.716962814331055
1.999999987845058e-08
5.3758440017700195
-2.2192764282226562
5.818382263183594
-1.999999987845058e-08
19.205074310302734
7.26773738861084
17.71688461303711
1.999999987845058e-08
19.205074310302734
7.26773738861084
17.71688461303711
-1.999999987845058e-08
18.662883758544922
7.3144659996032715
16.307472229003906
1.999999987845058e-08
9.030669212341309
0.4586023986339569
7.144357204437256
-1.999999987845058e-08
-0.7082216739654541
-5.543682098388672
-1.7058874368667603
1.999999987845058e-08
-0.5738803744316101
-3.1350066661834717
-2.09208607673645
-1.999999987845058e-08
14.858903884887695
9.149564743041992
10.732827186584473
1.999999987845058e-08
35.4542350769043
23.043548583984375
28.38189125061035
-1.999999987845058e-08
45.90231704711914
29.101696014404297
37.598209381103516
1.999999987845058e-08
42.42241287231445
26.17762565612793
34.800437927246094
-1.999999987845058e-08
29.505348205566406
18.2619571685791
23.26966667175293
1.999999987845058e-08
29.505348205566406
18.2619571685791
23.26966667175293
-1.999999987845058e-08
12.904361724853516
8.605608940124512
7.479703426361084
1.999999987845058e-08
-0.5999407768249512
-0.2781294584274292
-6.300610542297363
-1.999999987845058e-08
-5.996867656707764
-5.913852691650391
-12.70395565032959
1.999999987845058e-08
-3.179276704788208
-7.075681686401367
-10.741338729858398
-1.999999987845058e-08
3.175166130065918
-4.945337772369385
-3.9260644912719727
1.999999987845058e-08
6.162310600280762
-2.3637914657592773
1.6129363775253296
-1.999999987845058e-08
5.830456256866455
0.5324631333351135
4.552135467529297
1.999999987845058e-08
12.496846199035645
7.508717060089111
12.123881340026855
-1.999999987845058e-08
31.485107421875
19.262615203857422
28.73629379272461
1.999999987845058e-08
20.16293716430664
7.2416300773620605
17.71592903137207
-1.999999987845058e-08
-15.028338432312012
-12.559216499328613
-15.153047561645508
1.999999987845058e-08
-28.898832321166992
-19.76502227783203
-31.671276092529297
-1.999999987845058e-08
-12.774335861206055
-11.763341903686523
-22.409446716308594
1.999999987845058e-08
11.513284683227539
-1.1955806016921997
-2.8898966312408447
-1.999999987845058e-08
16.072708129882812
-1.5294207334518433
3.799461603164673
1.999999987845058e-08
0.803424060344696
-10.44999885559082
-5.258108139038086
-1.999999987845058e-08
-7.29293966293335
-12.181031227111816
-9.89804744720459
1.999999987845058e-08
9.196403503417969
1.867891550064087
4.780959606170654
-1.999999987845058e-08
35.70594024658203
21.4426212310791
27.619691848754883
1.999999987845058e-08
35.70594024658203
21.4426212310791
27.619691848754883
-1.999999987845058e-08
47.994483947753906
30.968908309936523
38.22100067138672
1.999999987845058e-08
37.695831298828125
24.89400863647461
29.723098754882812
-1.999999987845058e-08
10.617424011230469
7.251205921173096
7.59096097946167
1.999999987845058e-08
-19.13865852355957
-12.440096855163574
-17.160724639892578
-1.999999987845058e-08
-34.69507598876953
-23.37004280090332
-31.824155807495117
1.999999987845058e-08
-30.932086944580078
-22.044090270996094
-31.612438201904297
-1.999999987845058e-08
-20.58454704284668
-15.90794563293457
-25.631694793701172
1.999999987845058e-08
-15.915241241455078
-12.60586929321289
-24.262584686279297
-1.999999987845058e-08
-12.89244270324707
-10.15127944946289
-24.58175277709961
1.999999987845058e-08
-6.050207614898682
-5.088253498077393
-20.375133514404297
-1.999999987845058e-08
-0.5402936339378357
0.1536741703748703
-14.483650207519531
1.999999987845058e-08
0.17306677997112274
3.320336103439331
-10.569035530090332
-1.999999987845058e-08
-1.0328166484832764
4.57070779800415
-7.513453006744385
1.999999987845058e-08
-0.4027555286884308
4.461452960968018
-3.087907075881958
-1.999999987845058e-08
5.193731307983398
4.643819332122803
4.5814690589904785
1.999999987845058e-08
12.354567527770996
4.907671928405762
12.586807250976562
-1.999999987845058e-08
9.9807710647583
1.3236777782440186
11.707945823669434
1.999999987845058e-08
-6.350633144378662
-7.84051513671875
-2.625917434692383
-1.999999987845058e-08
-26.300111770629883
-18.20990562438965
-22.304786682128906
1.999999987845058e-08
-36.53805923461914
-23.872812271118164
-34.15110397338867
-1.999999987845058e-08
-32.6170768737793
-22.487987518310547
-31.289567947387695
1.999999987845058e-08
-21.916847229003906
-17.40793228149414
-19.464969635009766
-1.999999987845058e-08
-18.062271118164062
-15.366710662841797
-12.363391876220703
1.999999987845058e-08
-21.23303985595703
-15.893147468566895
-12.385875701904297
-1.999999987845058e-08
-14.862024307250977
-9.730368614196777
-6.734771251678467
1.999999987845058e-08
6.811572551727295
5.540412902832031
10.41101360321045
-1.999999987845058e-08
26.704545974731445
19.26211929321289
27.5372257232666
1.999999987845058e-08
25.11440658569336
19.85096549987793
29.13421058654785
-1.999999987845058e-08
1.3665771484375
6.658385753631592
11.886381149291992
1.999999987845058e-08
1.3665770292282104
6.658385753631592
11.886381149291992
-1.999999987845058e-08
-24.220745086669922
-9.113774299621582
-10.240165710449219
1.999999987845058e-08
-30.092899322509766
-14.436351776123047
-18.544588088989258
-1.999999987845058e-08
-17.64618682861328
-8.14816951751709
-11.020730018615723
1.999999987845058e-08
-8.282552719116211
-1.6978070735931396
-4.37045955657959
-1.999999987845058e-08
-14.187435150146484
-3.3283653259277344
-10.277839660644531
1.999999987845058e-08
-23.212112426757812
-7.217057228088379
-19.439422607421875
-1.999999987845058e-08
-14.927447319030762
-1.7450323104858398
-14.197622299194336
1.999999987845058e-08
13.760749816894531
14.99863052368164
8.582576751708984
-1.999999987845058e-08
42.925174713134766
31.87952423095703
33.11591339111328
1.999999987845058e-08
6.922560214996338
9.280096054077148
4.715449333190918
-1.999999987845058e-08
-15.002456665039062
-5.316329002380371
-16.714773178100586
1.999999987845058e-08
-20.622150421142578
-10.481849670410156
-23.12519645690918
-1.999999987845058e-08
-13.778312683105469
-8.270499229431152
-17.06264305114746
1.999999987845058e-08
-8.9913330078125
-6.642446041107178
-11.81004810333252
-1.999999987845058e-08
-14.271525382995605
-9.999272346496582
-15.011305809020996
1.999999987845058e-08
-23.401769638061523
-15.731741905212402
-22.481801986694336
-1.999999987845058e-08
-26.21600341796875
-19.305580139160156
-26.30763816833496
1.999999987845058e-08
-22.301137924194336
-20.035659790039062
-24.533323287963867
-1.999999987845058e-08
-21.631593704223633
-21.25027084350586
-23.65617561340332
1.999999987845058e-08
-21.631593704223633
-21.25027084350586
-23.65617561340332
-1.999999987845058e-08
-28.634418487548828
-23.675552368164062
-28.236618041992188
1.999999987845058e-08
-31.285146713256836
-21.0001220703125
-29.522592544555664
-1.999999987845058e-08
-14.25368881225586
-6.5485310554504395
-13.223124504089355
1.999999987845058e-08
19.473718643188477
16.15952491760254
20.464176177978516
-1.999999987845058e-08
46.65824508666992
33.82090377807617
51.166160583496094
1.999999987845058e-08
44.600433349609375
34.80008316040039
55.02090072631836
-1.999999987845058e-08
12.977384567260742
19.080158233642578
26.99324607849121
1.999999987845058e-08
-25.344158172607422
-1.6870417594909668
-12.842626571655273
-1.999999987845058e-08
-45.5642204284668
-14.068258285522461
-37.07180404663086
1.999999987845058e-08
-23.0777587890625
-4.9220170974731445
-18.431110382080078
-1.999999987845058e-08
-5.846386432647705
3.7272238731384277
-3.432912588119507
1.999999987845058e-08
1.398725986480713
6.543840408325195
1.8058745861053467
-1.999999987845058e-08
-6.386460304260254
0.7040177583694458
-5.119235992431641
1.999999987845058e-08
-22.433046340942383
-8.608500480651855
-18.964820861816406
-1.999999987845058e-08
-25.82623291015625
-9.061673164367676
-22.464927673339844
1.999999987845058e-08
-7.416893482208252
3.3273441791534424
-6.311981201171875
-1.999999987845058e-08
14.226017951965332
16.602352142333984
14.074155807495117
1.999999987845058e-08
18.469945907592773
17.972087860107422
19.441444396972656
-1.999999987845058e-08
5.46437931060791
7.5333757400512695
9.177103996276855
1.999999987845058e-08
-13.974761962890625
-6.194828033447266
-6.754622936248779
-1.999999987845058e-08
-30.372114181518555
-15.298303604125977
-20.151031494140625
1.999999987845058e-08
-35.510501861572266
-15.75471019744873
-24.531002044677734
-1.999999987845058e-08
-26.942487716674805
-8.82596206665039
-17.832998275756836
1.999999987845058e-08
-13.429740905761719
-0.986741304397583
-6.950540542602539
-1.999999987845058e-08
-7.694642066955566
1.0451940298080444
-1.6941864490509033
1.999999987845058e-08
-10.175874710083008
-1.333689570426941
-1.996777892112732
-1.999999987845058e-08
-5.366031169891357
2.1408913135528564
4.285950660705566
1.999999987845058e-08
16.64306640625
17.112903594970703
24.32188606262207
-1.999999987845058e-08
44.11113357543945
35.30218505859375
47.76728820800781
1.999999987845058e-08
56.067447662353516
42.81810760498047
57.100303649902344
-1.999999987845058e-08
39.928165435791016
31.571392059326172
41.977142333984375
1.999999987845058e-08
3.3153605461120605
6.731559753417969
8.133761405944824
-1.999999987845058e-08
-25.29886245727539
-13.064078330993652
-20.79294776916504
1.999999987845058e-08
-24.872526168823242
-14.306487083435059
-24.15993309020996
-1.999999987845058e-08
-6.756478786468506
-5.007755756378174
-7.817199230194092
1.999999987845058e-08
4.766142845153809
-0.7686781883239746
6.775504112243652
-1.999999987845058e-08
1.8776817321777344
-4.653409481048584
8.226876258850098
1.999999987845058e-08
-8.298089981079102
-10.55044937133789
-0.3045279085636139
-1.999999987845058e-08
-16.628204345703125
-13.991897583007812
-9.977041244506836
1.999999987845058e-08
-15.600502967834473
-12.805337905883789
-12.136191368103027
-1.999999987845058e-08
-5.150493144989014
-7.300296306610107
-5.607022285461426
1.999999987845058e-08
4.207041263580322
-1.432741403579712
0.837901771068573
-1.999999987845058e-08
7.23901891708374
3.718120813369751
2.7944259643554688
1.999999987845058e-08
11.698078155517578
11.394262313842773
7.386707782745361
-1.999999987845058e-08
21.862281799316406
20.560962677001953
18.60283088684082
1.999999987845058e-08
