0
12.951988220214844
10.504054069519043
4.405023574829102
1.999999987845058e-08
12.125528335571289
7.5882487297058105
6.5339860916137695
-1.999999987845058e-08
6.239770889282227
0.3218851387500763
3.9537851810455322
1.999999987845058e-08
0.5230264663696289
-5.072630882263184
1.1950418949127197
-1.999999987845058e-08
-2.0521209239959717
-6.55319881439209
0.572213351726532
1.999999987845058e-08
-2.094982385635376
-7.273771286010742
1.1344645023345947
-1.999999987845058e-08
-2.5330991744995117
-9.548310279846191
1.0298174619674683
1.999999987845058e-08
-3.9000625610351562
-11.761066436767578
-0.6921918392181396
-1.999999987845058e-08
-3.7622687816619873
-12.087782859802246
-3.2559337615966797
1.999999987845058e-08
-1.8768761157989502
-11.095507621765137
-4.935609817504883
-1.999999987845058e-08
-0.3500737249851227
-9.730915069580078
-4.885979652404785
1.999999987845058e-08
-0.11712850630283356
-8.575980186462402
-4.3027753829956055
-1.999999987845058e-08
-0.6276413798332214
-8.019822120666504
-4.5597968101501465
1.999999987845058e-08
-0.7064833045005798
-6.587872505187988
-4.766335487365723
-1.999999987845058e-08
0.24408729374408722
-2.490687131881714
-3.893397808074951
1.999999987845058e-08
1.3672102689743042
2.557050943374634
-3.373047113418579
-1.999999987845058e-08
1.7428314685821533
5.024670600891113
-4.680284023284912
1.999999987845058e-08
0.5573747754096985
3.312051773071289
-7.144527435302734
-1.999999987845058e-08
-3.284796953201294
-2.4974896907806396
-9.70004940032959
1.999999987845058e-08
-10.435243606567383
-17.694395065307617
-13.714303016662598
-1.999999987845058e-08
-7.19846248626709
-19.720705032348633
-13.330920219421387
1.999999987845058e-08
0.1686038225889206
-16.48127555847168
-10.206324577331543
-1.999999987845058e-08
7.1490373611450195
-11.044358253479004
-5.724291801452637
1.999999987845058e-08
9.159819602966309
-7.429258823394775
-2.0179078578948975
-1.999999987845058e-08
7.36354398727417
-6.738921165466309
0.20865237712860107
1.999999987845058e-08
7.188962936401367
-6.499117851257324
1.6516008377075195
-1.999999987845058e-08
9.955410957336426
-4.347396373748779
3.107461452484131
1.999999987845058e-08
11.666165351867676
-0.9369795918464661
4.455113887786865
-1.999999987845058e-08
9.902632713317871
1.2705962657928467
4.833861351013184
1.999999987845058e-08
9.902632713317871
1.2705961465835571
4.833861351013184
-1.999999987845058e-08
6.774633407592773
1.186616063117981
4.314043045043945
1.999999987845058e-08
5.636878490447998
0.5255265831947327
4.518746852874756
-1.999999987845058e-08
7.505828380584717
1.4385557174682617
5.895641803741455
1.999999987845058e-08
10.262361526489258
3.3344943523406982
6.351637363433838
-1.999999987845058e-08
11.354255676269531
4.03205680847168
4.515984535217285
1.999999987845058e-08
10.644166946411133
2.7815520763397217
1.494101643562317
-1.999999987845058e-08
9.277236938476562
0.19494973123073578
-1.0221515893936157
1.999999987845058e-08
7.746860504150391
-2.554356336593628
-1.841577172279358
-1.999999987845058e-08
7.111783504486084
-3.510704278945923
-0.20442324876785278
1.999999987845058e-08
19.621700286865234
5.438834190368652
15.461122512817383
-1.999999987845058e-08
17.4148006439209
4.952029228210449
16.419776916503906
1.999999987845058e-08
9.438325881958008
0.46596914529800415
12.34323501586914
-1.999999987845058e-08
0.008919134736061096
-6.827105522155762
5.2816033363342285
1.999999987845058e-08
-6.797213554382324
-13.002640724182129
-1.1497557163238525
-1.999999987845058e-08
-8.960570335388184
-13.894489288330078
-4.332147121429443
1.999999987845058e-08
-6.376739978790283
-9.68509292602539
-4.124214172363281
-1.999999987845058e-08
0.4390825033187866
-3.8932058811187744
-0.7923806309700012
1.999999987845058e-08
10.435870170593262
1.8936164379119873
6.2422194480896
-1.999999987845058e-08
20.265167236328125
7.782277584075928
15.400444984436035
1.999999987845058e-08
16.039226531982422
7.261889934539795
14.648848533630371
-1.999999987845058e-08
7.916431427001953
2.003519058227539
5.241427898406982
1.999999987845058e-08
2.8354334831237793
-1.1286545991897583
-2.8965024948120117
-1.999999987845058e-08
1.8999830484390259
-1.1744194030761719
-6.891974449157715
1.999999987845058e-08
3.6472513675689697
-0.24279959499835968
-6.20416259765625
-1.999999987845058e-08
5.294116497039795
-1.5584592819213867
-3.4295763969421387
1.999999987845058e-08
4.243051528930664
-5.863485336303711
-1.9342650175094604
-1.999999987845058e-08
0.2308288961648941
-11.003376007080078
-3.3559045791625977
1.999999987845058e-08
-3.6828885078430176
-14.418354988098145
-6.8077874183654785
-1.999999987845058e-08
-4.121460437774658
-14.905067443847656
-9.122119903564453
1.999999987845058e-08
4.243051528930664
-5.863485336303711
-1.9342650175094604
-1.999999987845058e-08
0.2308288961648941
-11.003376007080078
-3.3559045791625977
1.999999987845058e-08
-3.6828885078430176
-14.418354988098145
-6.8077874183654785
-1.999999987845058e-08
-4.121460437774658
-14.905067443847656
-9.122119903564453
1.999999987845058e-08
-1.457763671875
-12.919805526733398
-7.942690372467041
-1.999999987845058e-08
1.2743877172470093
-10.02115535736084
-3.9242517948150635
1.999999987845058e-08
2.739130973815918
-7.331902027130127
1.6647367477416992
-1.999999987845058e-08
4.057375907897949
-4.2239274978637695
8.243206977844238
1.999999987845058e-08
6.05926513671875
0.13977183401584625
14.003524780273438
-1.999999987845058e-08
7.932821750640869
4.000324249267578
16.136028289794922
1.999999987845058e-08
7.024702548980713
-1.464605689048767
8.859609603881836
-1.999999987845058e-08
9.245796203613281
-2.4598891735076904
11.75446891784668
1.999999987845058e-08
14.954622268676758
0.31711724400520325
16.897483825683594
-1.999999987845058e-08
22.849477767944336
7.643359661102295
21.901674270629883
1.999999987845058e-08
29.872968673706055
16.371042251586914
25.03549575805664
-1.999999987845058e-08
33.0671501159668
21.043663024902344
25.692798614501953
1.999999987845058e-08
30.32926368713379
18.997621536254883
23.75790786743164
-1.999999987845058e-08
21.969253540039062
11.263035774230957
18.595407485961914
1.999999987845058e-08
11.4304838180542
0.3637547791004181
10.270149230957031
-1.999999987845058e-08
1.278978943824768
-10.950023651123047
0.37235721945762634
1.999999987845058e-08
1.2789788246154785
-10.950023651123047
0.37235718965530396
-1.999999987845058e-08
-8.902146339416504
-20.721099853515625
-9.3284912109375
1.999999987845058e-08
-19.073026657104492
-28.67861557006836
-17.97657012939453
-1.999999987845058e-08
-27.016773223876953
-34.903076171875
-25.374217987060547
1.999999987845058e-08
-31.391151428222656
-38.534576416015625
-31.102272033691406
-1.999999987845058e-08
-33.19953536987305
-39.22633743286133
-34.307106018066406
1.999999987845058e-08
-32.80173873901367
-37.89353561401367
-34.37798309326172
-1.999999987845058e-08
-28.778417587280273
-34.78260803222656
-30.86907386779785
1.999999987845058e-08
-20.84088897705078
-28.678909301757812
-23.121028900146484
-1.999999987845058e-08
-11.29571533203125
-19.273967742919922
-12.162190437316895
1.999999987845058e-08
-11.29571533203125
-19.273967742919922
-12.162190437316895
-1.999999987845058e-08
-3.5337610244750977
-9.228265762329102
-2.233048677444458
1.999999987845058e-08
0.5190739035606384
-2.075759172439575
3.063377857208252
-1.999999987845058e-08
2.720182180404663
2.0709214210510254
5.124617099761963
1.999999987845058e-08
6.685729503631592
6.270390510559082
7.621089458465576
-1.999999987845058e-08
12.132365226745605
11.591010093688965
11.053139686584473
1.999999987845058e-08
14.492557525634766
15.026165008544922
12.379783630371094
-1.999999987845058e-08
11.06679630279541
13.28824520111084
8.914102554321289
1.999999987845058e-08
4.626171112060547
7.420511722564697
1.639482855796814
-1.999999987845058e-08
0.06464661657810211
2.782074213027954
-5.117934226989746
1.999999987845058e-08
4.53574800491333
9.154120445251465
-4.817266941070557
-1.999999987845058e-08
3.861152172088623
8.016459465026855
-5.12790584564209
1.999999987845058e-08
1.4952492713928223
5.844867706298828
-4.542820453643799
-1.999999987845058e-08
-0.5139055252075195
3.699563980102539
-1.0980530977249146
1.999999987845058e-08
-0.42089778184890747
2.2586894035339355
4.628139495849609
-1.999999987845058e-08
3.6818807125091553
3.87760329246521
11.641483306884766
1.999999987845058e-08
10.416356086730957
8.693243026733398
17.633499145507812
-1.999999987845058e-08
13.698593139648438
12.248457908630371
18.5582218170166
1.999999987845058e-08
9.916361808776855
11.07099437713623
12.891000747680664
-1.999999987845058e-08
3.3560755252838135
6.793508529663086
4.353360652923584
1.999999987845058e-08
0.6761921644210815
3.3094863891601562
-1.3811476230621338
-1.999999987845058e-08
2.9469640254974365
3.3894731998443604
-1.6820111274719238
1.999999987845058e-08
6.261623382568359
7.0912394523620605
1.8342941999435425
-1.999999987845058e-08
7.342667102813721
11.042872428894043
5.498527526855469
1.999999987845058e-08
5.763931751251221
11.63120174407959
6.416440010070801
-1.999999987845058e-08
3.343515157699585
9.730612754821777
4.743351459503174
1.999999987845058e-08
1.6772174835205078
8.449012756347656
2.244957208633423
-1.999999987845058e-08
-1.0351802110671997
6.9627203941345215
-1.6409395933151245
1.999999987845058e-08
-6.911797523498535
2.528662919998169
-8.033697128295898
-1.999999987845058e-08
-12.901082992553711
-2.92214298248291
-14.04890251159668
1.999999987845058e-08
-6.911797523498535
2.528662919998169
-8.033697128295898
-1.999999987845058e-08
-12.901082992553711
-2.92214298248291
-14.04890251159668
1.999999987845058e-08
-13.997394561767578
-4.83425760269165
-15.484382629394531
-1.999999987845058e-08
-9.842283248901367
-2.5807130336761475
-12.350119590759277
1.999999987845058e-08
-3.739398956298828
1.5778403282165527
-7.9271416664123535
-1.999999987845058e-08
1.8631620407104492
6.6864013671875
-4.379082679748535
1.999999987845058e-08
5.56295108795166
11.898140907287598
-2.0115931034088135
-1.999999987845058e-08
6.187371253967285
15.224631309509277
-0.6495924592018127
1.999999987845058e-08
4.385344982147217
15.931230545043945
0.3826444447040558
-1.999999987845058e-08
2.1520156860351562
14.791489601135254
1.6426351070404053
1.999999987845058e-08
-1.3642913103103638
9.956117630004883
4.896298885345459
-1.999999987845058e-08
-2.267158269882202
9.17994499206543
7.755155086517334
1.999999987845058e-08
-2.6354472637176514
9.891661643981934
9.719283103942871
-1.999999987845058e-08
-4.094656944274902
9.761907577514648
8.445691108703613
1.999999987845058e-08
-6.0760393142700195
8.924456596374512
5.177120208740234
-1.999999987845058e-08
-5.560627460479736
10.334041595458984
3.832859754562378
1.999999987845058e-08
-2.62860369682312
14.22695255279541
5.71171236038208
-1.999999987845058e-08
-0.08224693685770035
17.869571685791016
8.934405326843262
1.999999987845058e-08
1.636866807937622
19.77022933959961
12.156606674194336
-1.999999987845058e-08
2.8885908126831055
19.349681854248047
14.612785339355469
1.999999987845058e-08
1.7099462747573853
16.120136260986328
14.809526443481445
-1.999999987845058e-08
-3.0951130390167236
11.626911163330078
12.103133201599121
1.999999987845058e-08
-8.393437385559082
8.725135803222656
8.167750358581543
-1.999999987845058e-08
-9.520281791687012
8.705663681030273
5.767421245574951
1.999999987845058e-08
-6.035597801208496
10.660102844238281
6.193671703338623
-1.999999987845058e-08
-1.5529296398162842
13.218632698059082
8.454821586608887
1.999999987845058e-08
1.2314425706863403
15.66937255859375
10.657885551452637
-1.999999987845058e-08
1.7794053554534912
17.237089157104492
11.598366737365723
1.999999987845058e-08
0.4510613679885864
17.617355346679688
11.427506446838379
-1.999999987845058e-08
-1.15144681930542
18.09503746032715
10.733088493347168
1.999999987845058e-08
-0.43117010593414307
20.494333267211914
5.3585662841796875
-1.999999987845058e-08
-2.225569725036621
18.832738876342773
3.9404377937316895
1.999999987845058e-08
-3.3816041946411133
17.046293258666992
3.709123373031616
-1.999999987845058e-08
-1.940699577331543
16.410737991333008
5.371321201324463
1.999999987845058e-08
1.1991219520568848
16.97153091430664
9.007821083068848
-1.999999987845058e-08
3.3928682804107666
16.713348388671875
12.44726848602295
1.999999987845058e-08
3.588972806930542
13.856866836547852
13.236271858215332
-1.999999987845058e-08
2.4064693450927734
9.105670928955078
11.133033752441406
1.999999987845058e-08
-0.6231874227523804
4.006461143493652
6.205440521240234
-1.999999987845058e-08
-5.499574661254883
-0.382407546043396
-1.15061616897583
1.999999987845058e-08
-0.6231874227523804
4.006461143493652
6.205440521240234
-1.999999987845058e-08
-5.499574661254883
-0.382407546043396
-1.15061616897583
1.999999987845058e-08
-9.232959747314453
-2.6189544200897217
-7.411386013031006
-1.999999987845058e-08
-9.112214088439941
-1.6468091011047363
-8.876696586608887
1.999999987845058e-08
-6.097241401672363
1.2179137468338013
-6.659073829650879
-1.999999987845058e-08
-3.233522653579712
3.0903451442718506
-4.826080799102783
1.999999987845058e-08
-2.918301582336426
2.2866909503936768
-5.763672351837158
-1.999999987845058e-08
-5.8416900634765625
-0.9605385065078735
-9.079414367675781
1.999999987845058e-08
-10.651997566223145
-5.20106840133667
-12.578868865966797
-1.999999987845058e-08
-14.315942764282227
-7.950042724609375
-13.555020332336426
1.999999987845058e-08
-6.843783855438232
-2.222944736480713
-4.699281215667725
-1.999999987845058e-08
-2.3079731464385986
-0.35065758228302
-3.388399124145508
1.999999987845058e-08
3.2892556190490723
2.400052309036255
-0.3988237679004669
-1.999999987845058e-08
8.73565673828125
5.125689506530762
4.008714199066162
1.999999987845058e-08
10.691642761230469
5.410615921020508
6.054841041564941
-1.999999987845058e-08
8.102187156677246
2.9386849403381348
3.395127058029175
1.999999987845058e-08
3.734414577484131
-0.21383517980575562
-1.9327038526535034
-1.999999987845058e-08
0.3522275984287262
-2.217127561569214
-6.152100086212158
1.999999987845058e-08
-1.9575254917144775
-2.9191274642944336
-7.219635963439941
-1.999999987845058e-08
-3.7308239936828613
-3.1201682090759277
-5.444009304046631
1.999999987845058e-08
0.3522275388240814
-2.217127561569214
-6.152100086212158
-1.999999987845058e-08
-1.9575254917144775
-2.9191274642944336
-7.219635963439941
1.999999987845058e-08
-3.7308239936828613
-3.120168447494507
-5.444009304046631
-1.999999987845058e-08
-3.7863218784332275
-3.4845526218414307
-2.137066602706909
1.999999987845058e-08
-1.136278748512268
-4.1065287590026855
1.4529356956481934
-1.999999987845058e-08
2.575227975845337
-4.586102485656738
3.902834177017212
1.999999987845058e-08
5.288573741912842
-4.824943542480469
3.98813796043396
-1.999999987845058e-08
6.789849758148193
-5.7442803382873535
2.156890630722046
1.999999987845058e-08
6.40765380859375
-8.081814765930176
0.3895959258079529
-1.999999987845058e-08
2.7144384384155273
-10.833531379699707
-0.03152093291282654
1.999999987845058e-08
0.5071051716804504
-11.084563255310059
1.7302680015563965
-1.999999987845058e-08
-2.9538676738739014
-15.174675941467285
-0.9554547071456909
1.999999987845058e-08
-5.937924861907959
-20.43416404724121
-4.486981391906738
-1.999999987845058e-08
-5.185887336730957
-22.460641860961914
-6.210904121398926
1.999999987845058e-08
-0.7808186411857605
-18.645313262939453
-4.228682518005371
-1.999999987845058e-08
3.4351606369018555
-12.090373992919922
-0.1819949746131897
1.999999987845058e-08
4.360141754150391
-6.737722873687744
2.586681842803955
-1.999999987845058e-08
2.7223002910614014
-3.8744142055511475
2.474794864654541
1.999999987845058e-08
1.6120736598968506
-3.674849033355713
0.9049403071403503
-1.999999987845058e-08
3.5470149517059326
-4.43138313293457
1.0253243446350098
1.999999987845058e-08
4.360141754150391
-6.737722873687744
2.586681842803955
-1.999999987845058e-08
2.7223002910614014
-3.8744142055511475
2.474794864654541
1.999999987845058e-08
1.6120736598968506
-3.674849033355713
0.9049403071403503
-1.999999987845058e-08
3.5470149517059326
-4.43138313293457
1.0253243446350098
1.999999987845058e-08
8.126567840576172
-3.432013750076294
4.1251301765441895
-1.999999987845058e-08
11.747660636901855
-0.9787095785140991
8.028091430664062
1.999999987845058e-08
11.084467887878418
0.1811821460723877
9.78933334350586
-1.999999987845058e-08
6.7505621910095215
-1.199262022972107
8.341651916503906
1.999999987845058e-08
1.8614939451217651
-5.2011637687683105
3.8503854274749756
-1.999999987845058e-08
-1.1941941976547241
-11.643970489501953
-2.714722156524658
1.999999987845058e-08
-1.2143124341964722
-17.217941284179688
-8.56432056427002
-1.999999987845058e-08
1.491568684577942
-17.018400192260742
-10.86227035522461
1.999999987845058e-08
3.8904953002929688
-11.596983909606934
-10.224237442016602
-1.999999987845058e-08
2.340449094772339
-7.275230407714844
-10.037317276000977
1.999999987845058e-08
-2.4725143909454346
-7.818413734436035
-11.976699829101562
-1.999999987845058e-08
-5.900312900543213
-10.457721710205078
-14.118721961975098
1.999999987845058e-08
-6.151495933532715
-11.532691955566406
-13.702651977539062
-1.999999987845058e-08
-6.299656867980957
-11.453192710876465
-10.771977424621582
1.999999987845058e-08
-7.960692882537842
-11.927128791809082
-8.464151382446289
-1.999999987845058e-08
-9.066973686218262
-12.653669357299805
-9.236824035644531
1.999999987845058e-08
-4.294564247131348
-7.983386993408203
-6.212400913238525
-1.999999987845058e-08
1.0880881547927856
-3.512295722961426
-1.8952800035476685
1.999999987845058e-08
6.036401748657227
1.4763143062591553
1.7270703315734863
-1.999999987845058e-08
9.509529113769531
4.780182838439941
4.77234411239624
1.999999987845058e-08
10.749016761779785
4.62315559387207
6.6427435874938965
-1.999999987845058e-08
8.81879711151123
1.1593741178512573
6.34544563293457
1.999999987845058e-08
4.4492621421813965
-3.7305243015289307
3.611327886581421
-1.999999987845058e-08
-1.0199300050735474
-8.793197631835938
-1.2824467420578003
1.999999987845058e-08
-6.40761137008667
-13.86435317993164
-6.713699817657471
-1.999999987845058e-08
-8.925030708312988
-17.242536544799805
-8.841647148132324
1.999999987845058e-08
-6.40761137008667
-13.86435317993164
-6.713699817657471
-1.999999987845058e-08
-8.925030708312988
-17.242536544799805
-8.841647148132324
1.999999987845058e-08
-6.5486159324646
-16.59528350830078
-5.742835998535156
-1.999999987845058e-08
-2.188631296157837
-13.323156356811523
-1.0313650369644165
1.999999987845058e-08
-1.0427323579788208
-11.991321563720703
0.31432679295539856
-1.999999987845058e-08
-4.499166011810303
-14.926786422729492
-3.0624706745147705
1.999999987845058e-08
-9.167943000793457
-19.360610961914062
-9.319149017333984
-1.999999987845058e-08
-10.800741195678711
-19.93709945678711
-15.342056274414062
1.999999987845058e-08
-8.567854881286621
-14.848318099975586
-18.79753303527832
-1.999999987845058e-08
-5.840575695037842
-9.00631046295166
-20.11231803894043
1.999999987845058e-08
-5.996551036834717
-8.414755821228027
-18.68354034423828
-1.999999987845058e-08
-5.923416614532471
-7.1116042137146
-14.543124198913574
1.999999987845058e-08
-5.206226348876953
-3.693725347518921
-9.579702377319336
-1.999999987845058e-08
-4.0112810134887695
-0.5620630979537964
-4.977141380310059
1.999999987845058e-08
-2.0759990215301514
1.7915464639663696
-1.3436861038208008
-1.999999987845058e-08
0.940403401851654
3.9295263290405273
0.6887272000312805
1.999999987845058e-08
4.705760478973389
6.139338970184326
2.000910997390747
-1.999999987845058e-08
7.464925765991211
8.299723625183105
4.039377212524414
1.999999987845058e-08
7.777697563171387
9.413522720336914
6.359604358673096
-1.999999987845058e-08
6.301180839538574
8.530815124511719
7.481945037841797
1.999999987845058e-08
6.301180839538574
8.530815124511719
7.481945037841797
-1.999999987845058e-08
4.593813896179199
6.222855567932129
7.101253509521484
1.999999987845058e-08
3.456385850906372
3.6973392963409424
5.92209005355835
-1.999999987845058e-08
2.3178212642669678
1.2589516639709473
3.943718194961548
1.999999987845058e-08
0.38206642866134644
-0.8756365180015564
0.9088078737258911
-1.999999987845058e-08
-1.2052761316299438
-1.5694763660430908
-1.70102059841156
1.999999987845058e-08
-1.54035484790802
-0.696215033531189
-2.2876334190368652
-1.999999987845058e-08
-1.9365869760513306
0.010831658728420734
-1.4770876169204712
1.999999987845058e-08
-1.6262003183364868
0.20016811788082123
-0.0530327670276165
-1.999999987845058e-08
1.890899896621704
1.5670963525772095
1.9329419136047363
1.999999987845058e-08
6.422466278076172
4.254648685455322
-2.6791844367980957
-1.999999987845058e-08
7.048806190490723
4.35441255569458
-1.9537861347198486
1.999999987845058e-08
9.142351150512695
5.592844009399414
2.1642794609069824
-1.999999987845058e-08
9.96096134185791
6.501688003540039
5.605460166931152
1.999999987845058e-08
8.968265533447266
6.040613651275635
6.463231563568115
-1.999999987845058e-08
6.809299468994141
3.796989679336548
5.621353626251221
1.999999987845058e-08
4.210019111633301
0.13239218294620514
4.226593494415283
-1.999999987845058e-08
1.9870039224624634
-3.29817533493042
2.4724338054656982
1.999999987845058e-08
0.018473418429493904
-5.132100582122803
0.26642242074012756
-1.999999987845058e-08
-2.395583391189575
-5.771649360656738
-1.8595726490020752
1.999999987845058e-08
1.9870038032531738
-3.29817533493042
2.4724338054656982
-1.999999987845058e-08
0.018473459407687187
-5.132100582122803
0.26642245054244995
1.999999987845058e-08
-2.3955836296081543
-5.771649360656738
-1.8595726490020752
-1.999999987845058e-08
-5.389253616333008
-6.3312506675720215
-3.7389516830444336
1.999999987845058e-08
-8.593170166015625
-7.284292221069336
-6.172568321228027
-1.999999987845058e-08
-11.506462097167969
-8.708874702453613
-9.663814544677734
1.999999987845058e-08
-14.183087348937988
-11.076128005981445
-14.443113327026367
-1.999999987845058e-08
-17.480785369873047
-14.854467391967773
-20.737031936645508
1.999999987845058e-08
-21.486711502075195
-19.03802490234375
-26.886476516723633
-1.999999987845058e-08
-24.752904891967773
-21.347272872924805
-29.84600830078125
1.999999987845058e-08
-3.8819222450256348
-2.7642340660095215
-5.838313579559326
-1.999999987845058e-08
8.498543739318848
6.965355396270752
5.501762390136719
1.999999987845058e-08
16.336244583129883
14.840699195861816
13.433135032653809
-1.999999987845058e-08
17.82953453063965
17.86653709411621
15.547994613647461
1.999999987845058e-08
14.619514465332031
15.054475784301758
10.934097290039062
-1.999999987845058e-08
10.269177436828613
9.579182624816895
2.5067336559295654
1.999999987845058e-08
7.647462844848633
5.8622283935546875
-3.5432207584381104
-1.999999987845058e-08
7.034332752227783
4.843289375305176
-4.159638404846191
1.999999987845058e-08
7.143495082855225
4.884739398956299
-1.879855990409851
-1.999999987845058e-08
6.971331596374512
4.838365077972412
-0.2719631791114807
1.999999987845058e-08
7.034332752227783
4.843289375305176
-4.159638404846191
-1.999999987845058e-08
7.143495082855225
4.884739398956299
-1.8798558712005615
1.999999987845058e-08
6.971331596374512
4.838365077972412
-0.2719632089138031
-1.999999987845058e-08
5.762630462646484
3.9373772144317627
-0.6892457604408264
1.999999987845058e-08
3.373581647872925
1.7344740629196167
-2.586458683013916
-1.999999987845058e-08
1.584810733795166
-0.3890286087989807
-3.693079948425293
1.999999987845058e-08
2.111119508743286
-0.31386062502861023
-1.8710113763809204
-1.999999987845058e-08
4.109954357147217
2.2828822135925293
2.014284133911133
1.999999987845058e-08
6.607058525085449
6.592855930328369
5.92612886428833
-1.999999987845058e-08
10.676697731018066
12.525842666625977
9.97980785369873
1.999999987845058e-08
29.074262619018555
33.22169876098633
25.651723861694336
-1.999999987845058e-08
27.801259994506836
35.725990295410156
24.416227340698242
1.999999987845058e-08
21.75251579284668
32.972991943359375
17.888755798339844
-1.999999987845058e-08
15.811026573181152
26.694263458251953
11.006688117980957
1.999999987845058e-08
13.684350967407227
22.339664459228516
8.852972984313965
-1.999999987845058e-08
15.350980758666992
22.67494010925293
11.291651725769043
1.999999987845058e-08
17.420814514160156
23.610538482666016
13.403369903564453
-1.999999987845058e-08
15.566702842712402
19.32038116455078
11.185256004333496
1.999999987845058e-08
9.215309143066406
9.985688209533691
5.79456090927124
-1.999999987845058e-08
2.95477032661438
1.8255398273468018
1.720841407775879
1.999999987845058e-08
2.95477032661438
1.8255398273468018
1.720841407775879
-1.999999987845058e-08
0.613248884677887
-0.6152795553207397
1.2525582313537598
1.999999987845058e-08
0.2092500925064087
0.49822989106178284
2.1214942932128906
-1.999999987845058e-08
-1.2459871768951416
1.1692010164260864
1.7727972269058228
1.999999987845058e-08
-1.527885913848877
2.0579190254211426
1.7182828187942505
-1.999999987845058e-08
2.4999451637268066
5.653432846069336
4.709379196166992
1.999999987845058e-08
7.889676094055176
10.319947242736816
9.507769584655762
-1.999999987845058e-08
8.895465850830078
12.025163650512695
12.040423393249512
1.999999987845058e-08
4.496648788452148
9.732237815856934
10.633384704589844
-1.999999987845058e-08
-1.6561403274536133
5.796013355255127
7.027738094329834
1.999999987845058e-08
-1.6561403274536133
5.796013355255127
7.027738094329834
-1.999999987845058e-08
-6.196865558624268
2.2003254890441895
3.4051287174224854
1.999999987845058e-08
-7.860436916351318
-0.6523852348327637
1.5071567296981812
-1.999999987845058e-08
-6.524468421936035
-1.3585880994796753
3.1275453567504883
1.999999987845058e-08
-3.082395315170288
2.2244067192077637
8.031088829040527
-1.999999987845058e-08
0.939473032951355
9.372962951660156
13.055405616760254
1.999999987845058e-08
4.501594543457031
16.74539566040039
15.792438507080078
-1.999999987845058e-08
6.771271705627441
21.48072624206543
16.76383399963379
1.999999987845058e-08
6.5067949295043945
21.932512283325195
16.58401870727539
-1.999999987845058e-08
3.266937017440796
17.97382164001465
14.359162330627441
1.999999987845058e-08
-10.97402572631836
1.7138988971710205
5.169412612915039
-1.999999987845058e-08
-13.238332748413086
-1.902320146560669
5.419751167297363
1.999999987845058e-08
-13.027050971984863
-4.141468048095703
5.443403244018555
-1.999999987845058e-08
-11.628203392028809
-4.744786739349365
3.9102296829223633
1.999999987845058e-08
-11.5542573928833
-5.249838829040527
1.1882389783859253
-1.999999987845058e-08
-13.820564270019531
-6.660545825958252
-0.8618682026863098
1.999999987845058e-08
-15.419394493103027
-6.290461540222168
-0.5468394756317139
-1.999999987845058e-08
-13.108744621276855
-1.9348481893539429
1.0167818069458008
1.999999987845058e-08
-9.432543754577637
2.623366594314575
-0.13285532593727112
-1.999999987845058e-08
-9.327530860900879
2.6805484294891357
-5.444209098815918
1.999999987845058e-08
-13.424339294433594
-1.3991949558258057
-11.184853553771973
-1.999999987845058e-08
-18.532182693481445
-7.08220911026001
-13.649731636047363
1.999999987845058e-08
-21.248886108398438
-11.75981330871582
-12.727266311645508
-1.999999987845058e-08
-20.90769386291504
-12.490850448608398
-10.23949146270752
1.999999987845058e-08
-19.36549186706543
-9.140767097473145
-8.629894256591797
-1.999999987845058e-08
-17.31040382385254
-4.898324012756348
-9.37112808227539
1.999999987845058e-08
-13.911277770996094
-1.7266446352005005
-10.80196475982666
-1.999999987845058e-08
-9.663962364196777
1.0520075559616089
-10.025611877441406
1.999999987845058e-08
-6.549297332763672
3.4404618740081787
-7.258604526519775
-1.999999987845058e-08
-5.239995002746582
4.360655307769775
-5.304347991943359
1.999999987845058e-08
1.2050215005874634
6.363135814666748
-1.9927191734313965
-1.999999987845058e-08
5.051674842834473
7.711404323577881
1.785913109779358
1.999999987845058e-08
4.504825115203857
6.671109199523926
3.5550639629364014
-1.999999987845058e-08
-0.009440980851650238
3.4602155685424805
1.4469058513641357
1.999999987845058e-08
-6.462170600891113
-1.0727779865264893
-3.833620071411133
-1.999999987845058e-08
-12.424629211425781
-5.402152061462402
-9.509832382202148
1.999999987845058e-08
-14.08749771118164
-6.5175275802612305
-11.232260704040527
-1.999999987845058e-08
-10.176932334899902
-4.001285076141357
-7.72339391708374
1.999999987845058e-08
-4.185051441192627
-1.233834147453308
-2.762903928756714
-1.999999987845058e-08
0.5239165425300598
0.33671775460243225
0.7817204594612122
1.999999987845058e-08
-10.176932334899902
-4.001285076141357
-7.723394393920898
-1.999999987845058e-08
-4.185051441192627
-1.233834147453308
-2.762903928756714
1.999999987845058e-08
0.523916482925415
0.33671772480010986
0.7817203998565674
-1.999999987845058e-08
2.929743528366089
2.464301347732544
3.573819875717163
1.999999987845058e-08
1.7447115182876587
4.453280448913574
5.221921443939209
-1.999999987845058e-08
-3.141404151916504
3.0335800647735596
3.6536262035369873
1.999999987845058e-08
-8.165581703186035
-1.612536907196045
-0.4232337176799774
-1.999999987845058e-08
-9.352609634399414
-5.5806684494018555
-3.2295749187469482
1.999999987845058e-08
-6.363529205322266
-6.547736167907715
-2.5534756183624268
-1.999999987845058e-08
-2.1628012657165527
-5.715353965759277
-0.003557629184797406
1.999999987845058e-08
2.0502331256866455
-5.775928974151611
7.627857685089111
-1.999999987845058e-08
1.5591907501220703
-5.048253536224365
7.222430229187012
1.999999987845058e-08
0.519080638885498
-4.648105621337891
3.345120429992676
-1.999999987845058e-08
0.6834670305252075
-4.924504280090332
1.1270620822906494
1.999999987845058e-08
1.7751870155334473
-4.721334457397461
3.8919637203216553
-1.999999987845058e-08
1.5877639055252075
-3.6150667667388916
7.58657169342041
1.999999987845058e-08
-0.01614038459956646
-2.9560816287994385
6.573118686676025
-1.999999987845058e-08
-0.6689199805259705
-3.4512856006622314
1.5452040433883667
1.999999987845058e-08
0.8359231948852539
-3.4899702072143555
-1.6966603994369507
-1.999999987845058e-08
3.9931514263153076
-0.9053873419761658
0.7004204988479614
1.999999987845058e-08
3.9931514263153076
-0.9053874015808105
0.7004204392433167
-1.999999987845058e-08
8.238800048828125
3.83859920501709
6.848004341125488
1.999999987845058e-08
11.642165184020996
7.2841267585754395
11.78869342803955
-1.999999987845058e-08
11.565155029296875
7.184460639953613
12.802632331848145
1.999999987845058e-08
8.163883209228516
4.471587181091309
10.34918212890625
-1.999999987845058e-08
3.8495044708251953
0.27219700813293457
5.406014442443848
1.999999987845058e-08
0.629304826259613
-4.599998474121094
-0.3238953649997711
-1.999999987845058e-08
-0.6177998781204224
-7.9263997077941895
-3.7495779991149902
1.999999987845058e-08
-0.1532733142375946
-8.158334732055664
-3.768768072128296
-1.999999987845058e-08
1.1884511709213257
-6.465452671051025
-2.6443352699279785
1.999999987845058e-08
1.1884510517120361
-6.465452671051025
-2.6443352699279785
-1.999999987845058e-08
2.779468536376953
-4.569343566894531
-2.2316417694091797
1.999999987845058e-08
3.9801104068756104
-3.3773322105407715
-2.5552897453308105
-1.999999987845058e-08
3.9298412799835205
-3.968909502029419
-3.8167030811309814
1.999999987845058e-08
1.7230360507965088
-7.179104328155518
-6.389106750488281
-1.999999987845058e-08
-3.336381673812866
-12.612235069274902
-10.178250312805176
1.999999987845058e-08
-10.239105224609375
-19.016952514648438
-15.249338150024414
-1.999999987845058e-08
-15.481586456298828
-24.586490631103516
-20.562028884887695
1.999999987845058e-08
-15.98923397064209
-26.84839630126953
-22.371501922607422
-1.999999987845058e-08
-12.21524429321289
-24.087158203125
-18.047752380371094
1.999999987845058e-08
-7.0690717697143555
-17.6080322265625
-11.175372123718262
-1.999999987845058e-08
-2.820524215698242
-10.945752143859863
-7.7848405838012695
1.999999987845058e-08
-0.22579464316368103
-6.559170246124268
-8.32315731048584
-1.999999987845058e-08
0.6227672100067139
-4.753813743591309
-8.613105773925781
1.999999987845058e-08
0.6141175627708435
-4.802800178527832
-6.846546649932861
-1.999999987845058e-08
1.08446204662323
-5.5645270347595215
-4.701145648956299
1.999999987845058e-08
1.7112536430358887
-6.232338905334473
-3.436357259750366
-1.999999987845058e-08
1.47030770778656
-6.915154933929443
-2.6178884506225586
1.999999987845058e-08
0.5397146344184875
-8.071219444274902
-2.2743325233459473
-1.999999987845058e-08
-0.7601773142814636
-10.344995498657227
-3.505063533782959
1.999999987845058e-08
-1.619208812713623
-13.845714569091797
-5.547395706176758
-1.999999987845058e-08
-0.28390735387802124
-16.545612335205078
-5.468262672424316
1.999999987845058e-08
2.589336633682251
-16.121875762939453
-2.864346981048584
-1.999999987845058e-08
3.899759292602539
-13.58855152130127
-0.7757901549339294
1.999999987845058e-08
2.993206262588501
-11.509922981262207
-0.4915369153022766
-1.999999987845058e-08
2.1064846515655518
-9.717070579528809
0.19480638206005096
1.999999987845058e-08
1.8300883769989014
-7.0410051345825195
2.2532424926757812
-1.999999987845058e-08
0.2973839342594147
-5.208611965179443
2.978827953338623
1.999999987845058e-08
-2.834198474884033
-6.579512119293213
0.3207193613052368
-1.999999987845058e-08
-4.876967906951904
-9.483498573303223
-3.4472200870513916
1.999999987845058e-08
-0.014392673969268799
-6.638241291046143
-3.066617727279663
-1.999999987845058e-08
2.6716599464416504
-3.5195095539093018
-0.8934818506240845
1.999999987845058e-08
4.499210834503174
-0.7160749435424805
1.6029421091079712
-1.999999987845058e-08
7.731391906738281
4.593526840209961
5.732290267944336
1.999999987845058e-08
12.720736503601074
11.662507057189941
10.316323280334473
-1.999999987845058e-08
17.25782012939453
16.21570587158203
12.846739768981934
1.999999987845058e-08
18.43964385986328
16.460189819335938
13.153751373291016
-1.999999987845058e-08
15.70730972290039
14.245162010192871
12.705550193786621
1.999999987845058e-08
12.371102333068848
11.681046485900879
12.278745651245117
-1.999999987845058e-08
10.936501502990723
8.88078784942627
11.758122444152832
1.999999987845058e-08
9.049835205078125
1.0704575777053833
11.590435981750488
-1.999999987845058e-08
7.662346363067627
-1.934740662574768
12.441247940063477
1.999999987845058e-08
6.200862884521484
-3.1746010780334473
12.446168899536133
-1.999999987845058e-08
3.4891748428344727
-3.6965229511260986
10.112689971923828
1.999999987845058e-08
-1.4749377965927124
-5.779485702514648
4.975271224975586
-1.999999987845058e-08
-6.155655384063721
-9.385894775390625
-0.7368072867393494
1.999999987845058e-08
-6.14188289642334
-11.196388244628906
-3.202983856201172
-1.999999987845058e-08
-1.2428779602050781
-9.204838752746582
-1.8834891319274902
1.999999987845058e-08
4.108339309692383
-4.880702972412109
0.013886548578739166
-1.999999987845058e-08
6.377162933349609
-0.11891691386699677
0.5696691870689392
1.999999987845058e-08
5.845561504364014
4.212549686431885
0.5841611623764038
-1.999999987845058e-08
4.268688201904297
6.878709316253662
0.5930225849151611
1.999999987845058e-08
2.675496816635132
7.117254257202148
0.37666770815849304
-1.999999987845058e-08
2.281238317489624
6.458769798278809
0.8784887194633484
1.999999987845058e-08
4.216670513153076
6.802778720855713
3.264146566390991
-1.999999987845058e-08
7.777434825897217
8.014762878417969
6.312230110168457
1.999999987845058e-08
10.746712684631348
8.61005687713623
6.893464088439941
-1.999999987845058e-08
11.118307113647461
7.105072498321533
3.2609708309173584
1.999999987845058e-08
9.433775901794434
4.137086868286133
-1.8552589416503906
-1.999999987845058e-08
8.898735046386719
3.6108219623565674
-2.962705612182617
1.999999987845058e-08
11.117218017578125
7.9282307624816895
1.1046254634857178
-1.999999987845058e-08
13.577391624450684
13.179555892944336
4.882033824920654
1.999999987845058e-08
12.529583930969238
13.492958068847656
3.2392890453338623
-1.999999987845058e-08
7.541152000427246
8.703893661499023
-2.546635627746582
1.999999987845058e-08
2.810213565826416
3.725764751434326
-7.120874404907227
-1.999999987845058e-08
2.3888988494873047
1.6604338884353638
-7.423373699188232
1.999999987845058e-08
5.067971706390381
1.397725224494934
-4.7860307693481445
-1.999999987845058e-08
7.278844833374023
1.2956174612045288
-1.3597652912139893
1.999999987845058e-08
8.138020515441895
0.9493628740310669
1.6623433828353882
-1.999999987845058e-08
7.658807277679443
-0.49638375639915466
2.0550622940063477
1.999999987845058e-08
7.658807277679443
-0.49638378620147705
2.0550622940063477
-1.999999987845058e-08
5.384280681610107
-2.874363660812378
-1.6266061067581177
1.999999987845058e-08
3.4084644317626953
-2.8569862842559814
-6.2320556640625
-1.999999987845058e-08
4.4590582847595215
1.7710297107696533
-7.251345634460449
1.999999987845058e-08
7.817011833190918
8.342637062072754
-4.16433048248291
-1.999999987845058e-08
11.414010047912598
13.07437515258789
0.7997878789901733
1.999999987845058e-08
13.634471893310547
14.253166198730469
5.406556129455566
-1.999999987845058e-08
12.001676559448242
10.81910514831543
7.281249523162842
1.999999987845058e-08
5.2049994468688965
2.750276803970337
4.9669189453125
-1.999999987845058e-08
-5.030871391296387
-7.8608198165893555
-0.9184859991073608
1.999999987845058e-08
-16.1744441986084
-18.86007308959961
-9.288784980773926
-1.999999987845058e-08
-25.63959503173828
-28.324403762817383
-18.577608108520508
1.999999987845058e-08
-30.31024932861328
-32.765174865722656
-24.799196243286133
-1.999999987845058e-08
-28.466930389404297
-29.276647567749023
-23.86655044555664
1.999999987845058e-08
-20.970962524414062
-18.780466079711914
-16.376354217529297
-1.999999987845058e-08
-9.96924114227295
-4.8765106201171875
-6.908275127410889
1.999999987845058e-08
1.6988215446472168
8.235421180725098
0.7512732744216919
-1.999999987845058e-08
10.259875297546387
16.43602752685547
4.9170308113098145
1.999999987845058e-08
13.5200834274292
18.475440979003906
5.343724250793457
-1.999999987845058e-08
13.26927375793457
17.81201934814453
4.34052038192749
1.999999987845058e-08
13.26927375793457
17.81201934814453
4.34052038192749
-1.999999987845058e-08
12.304037094116211
18.102563858032227
4.892850875854492
1.999999987845058e-08
10.976656913757324
18.947044372558594
6.401580810546875
-1.999999987845058e-08
8.761494636535645
18.613475799560547
6.387411594390869
1.999999987845058e-08
6.524654865264893
17.305978775024414
4.872161865234375
-1.999999987845058e-08
5.591940879821777
15.576905250549316
3.1336898803710938
1.999999987845058e-08
6.342981338500977
13.14606761932373
1.5058643817901611
-1.999999987845058e-08
8.226395606994629
10.655317306518555
0.7803701162338257
1.999999987845058e-08
9.887999534606934
9.290571212768555
1.8557296991348267
-1.999999987845058e-08
9.700536727905273
8.519135475158691
3.3075156211853027
1.999999987845058e-08
7.489427089691162
7.266862392425537
2.902064561843872
-1.999999987845058e-08
5.025618076324463
6.331881523132324
1.52424955368042
1.999999987845058e-08
4.323533535003662
6.930748462677002
2.5162413120269775
-1.999999987845058e-08
5.854319095611572
8.39354133605957
7.034994602203369
1.999999987845058e-08
7.4442338943481445
8.640626907348633
12.124112129211426
-1.999999987845058e-08
5.970157146453857
5.863103866577148
13.482986450195312
1.999999987845058e-08
