0
-5.425003528594971
-17.309009552001953
-12.968990325927734
1.999999987845058e-08
1.303354263305664
-16.205795288085938
-7.586313247680664
-1.999999987845058e-08
11.09173583984375
-10.619498252868652
-1.2206114530563354
1.999999987845058e-08
16.806066513061523
-4.5913166999816895
1.8748486042022705
-1.999999987845058e-08
14.393304824829102
-1.7060716152191162
0.40145766735076904
1.999999987845058e-08
8.353641510009766
-1.68904709815979
-2.531121253967285
-1.999999987845058e-08
5.399430274963379
-2.992918014526367
-3.511448860168457
1.999999987845058e-08
6.284732818603516
-5.441328048706055
-2.307722806930542
-1.999999987845058e-08
7.077103614807129
-9.301271438598633
-1.5721598863601685
1.999999987845058e-08
4.703817844390869
-14.113639831542969
-4.674304962158203
-1.999999987845058e-08
-0.6476060748100281
-18.54752540588379
-12.081576347351074
1.999999987845058e-08
-5.811244487762451
-20.787492752075195
-18.971147537231445
-1.999999987845058e-08
-6.703982353210449
-19.928991317749023
-19.25241470336914
1.999999987845058e-08
-3.066859245300293
-17.029504776000977
-13.098872184753418
-1.999999987845058e-08
0.23663105070590973
-13.673578262329102
-7.151823043823242
1.999999987845058e-08
0.23751544952392578
-9.849849700927734
-5.909540176391602
-1.999999987845058e-08
0.519610583782196
-4.961241722106934
-6.677884101867676
1.999999987845058e-08
4.970837593078613
-0.37698015570640564
-4.4210052490234375
-1.999999987845058e-08
11.347506523132324
1.3634659051895142
1.6731921434402466
1.999999987845058e-08
11.347506523132324
1.3634657859802246
1.6731921434402466
-1.999999987845058e-08
14.127799034118652
-0.6973598003387451
7.404603004455566
1.999999987845058e-08
10.489022254943848
-5.51393985748291
7.555603981018066
-1.999999987845058e-08
2.9171295166015625
-10.701302528381348
1.328547477722168
1.999999987845058e-08
-2.5093655586242676
-13.513028144836426
-5.976109504699707
-1.999999987845058e-08
-2.0571422576904297
-13.414140701293945
-8.860118865966797
1.999999987845058e-08
1.1110106706619263
-12.788670539855957
-7.914280414581299
-1.999999987845058e-08
0.8694562315940857
-13.985756874084473
-7.4946722984313965
1.999999987845058e-08
-3.968111991882324
-16.906452178955078
-9.481331825256348
-1.999999987845058e-08
-8.51002311706543
-18.961877822875977
-12.033320426940918
1.999999987845058e-08
-7.344012260437012
-16.46865463256836
-12.216313362121582
-1.999999987845058e-08
0.42009058594703674
-8.424479484558105
-8.411247253417969
1.999999987845058e-08
9.467081069946289
0.0861528068780899
-2.643071174621582
-1.999999987845058e-08
12.146897315979004
2.0965566635131836
0.0917547345161438
1.999999987845058e-08
7.097218036651611
-2.5589587688446045
-1.9514724016189575
-1.999999987845058e-08
1.3776589632034302
-7.090142726898193
-4.32356595993042
1.999999987845058e-08
1.517099380493164
-6.608651161193848
-2.7054476737976074
-1.999999987845058e-08
6.721905708312988
-2.597172737121582
2.09070086479187
1.999999987845058e-08
11.882513046264648
1.0738656520843506
6.617817401885986
-1.999999987845058e-08
13.456016540527344
2.450986623764038
8.089167594909668
1.999999987845058e-08
9.719260215759277
3.0332231521606445
3.6417953968048096
-1.999999987845058e-08
8.195327758789062
2.1244657039642334
4.559539794921875
1.999999987845058e-08
5.143677234649658
-1.1372311115264893
3.8928470611572266
-1.999999987845058e-08
3.137418270111084
-4.736699104309082
1.7095003128051758
1.999999987845058e-08
4.855679512023926
-6.353772163391113
0.8763183355331421
-1.999999987845058e-08
9.4260892868042
-5.248510360717773
3.2451419830322266
1.999999987845058e-08
14.126545906066895
-1.6641290187835693
7.672430992126465
-1.999999987845058e-08
16.74864959716797
2.686405897140503
11.245006561279297
1.999999987845058e-08
15.469491004943848
4.190011024475098
11.768353462219238
-1.999999987845058e-08
10.035964012145996
0.7831973433494568
9.304798126220703
1.999999987845058e-08
3.498863458633423
-4.91618013381958
5.762122631072998
-1.999999987845058e-08
-0.21169675886631012
-8.390442848205566
3.118180513381958
1.999999987845058e-08
0.058555830270051956
-7.604211807250977
2.365072250366211
-1.999999987845058e-08
2.6613752841949463
-3.773369073867798
3.8133976459503174
1.999999987845058e-08
4.829113006591797
-0.08987952023744583
6.519996643066406
-1.999999987845058e-08
4.761594772338867
0.7574150562286377
8.32703971862793
1.999999987845058e-08
3.123523235321045
-0.6696199178695679
8.141565322875977
-1.999999987845058e-08
1.799130916595459
-1.6627835035324097
6.970412254333496
1.999999987845058e-08
2.1474545001983643
-0.9302654266357422
6.915541172027588
-1.999999987845058e-08
4.4619059562683105
0.8205901980400085
9.189010620117188
1.999999987845058e-08
4.4619059562683105
0.8205901384353638
9.189010620117188
-1.999999987845058e-08
7.7401275634765625
2.7538082599639893
12.321086883544922
1.999999987845058e-08
9.945646286010742
4.28546142578125
13.345306396484375
-1.999999987845058e-08
8.985583305358887
4.154619216918945
10.689322471618652
1.999999987845058e-08
4.466192245483398
1.3206597566604614
5.536077976226807
-1.999999987845058e-08
-0.7205512523651123
-2.7939040660858154
1.3521122932434082
1.999999987845058e-08
-2.003279685974121
-4.89030122756958
1.4881983995437622
-1.999999987845058e-08
2.235100030899048
-3.21972918510437
6.160246849060059
1.999999987845058e-08
8.76636791229248
1.1081459522247314
12.723003387451172
-1.999999987845058e-08
13.185011863708496
6.176483631134033
18.729846954345703
1.999999987845058e-08
13.993749618530273
10.405842781066895
22.52681541442871
-1.999999987845058e-08
11.937292098999023
11.904194831848145
21.92376136779785
1.999999987845058e-08
7.387132167816162
9.668146133422852
16.111400604248047
-1.999999987845058e-08
0.6367312669754028
5.016819477081299
7.995150089263916
1.999999987845058e-08
-6.777482986450195
-0.2185647040605545
0.8616728186607361
-1.999999987845058e-08
-13.383857727050781
-5.576142311096191
-5.881011009216309
1.999999987845058e-08
-18.821977615356445
-10.86560344696045
-14.075140953063965
-1.999999987845058e-08
-22.08041763305664
-14.56644058227539
-21.802406311035156
1.999999987845058e-08
-22.208419799804688
-14.882823944091797
-25.162675857543945
-1.999999987845058e-08
-20.548112869262695
-11.858835220336914
-23.414562225341797
1.999999987845058e-08
-18.32576560974121
-7.165907382965088
-18.688535690307617
-1.999999987845058e-08
-15.617816925048828
-3.321298122406006
-13.313776969909668
1.999999987845058e-08
-13.203116416931152
-2.65021014213562
-9.176883697509766
-1.999999987845058e-08
-10.332076072692871
-3.9803733825683594
-5.789236545562744
1.999999987845058e-08
-4.852572917938232
-3.1323559284210205
-0.37823235988616943
-1.999999987845058e-08
2.0575296878814697
1.3625121116638184
6.843209266662598
1.999999987845058e-08
7.378804683685303
7.437735557556152
12.141608238220215
-1.999999987845058e-08
10.792271614074707
13.046669006347656
13.963678359985352
1.999999987845058e-08
12.959515571594238
16.53119468688965
13.632307052612305
-1.999999987845058e-08
13.464716911315918
17.231834411621094
12.242697715759277
1.999999987845058e-08
12.855280876159668
17.143712997436523
11.133925437927246
-1.999999987845058e-08
12.308701515197754
17.8306884765625
12.040356636047363
1.999999987845058e-08
11.531991958618164
17.75784683227539
14.844404220581055
-1.999999987845058e-08
9.65095329284668
15.560046195983887
17.51589012145996
1.999999987845058e-08
6.700936794281006
12.209181785583496
17.867103576660156
-1.999999987845058e-08
3.8864893913269043
9.473753929138184
15.310917854309082
1.999999987845058e-08
2.790578603744507
8.907636642456055
12.022435188293457
-1.999999987845058e-08
3.093567371368408
10.479717254638672
10.368181228637695
1.999999987845058e-08
2.283531665802002
11.480779647827148
8.884164810180664
-1.999999987845058e-08
-0.8063744902610779
9.440319061279297
4.582614421844482
1.999999987845058e-08
-4.684478282928467
5.194095134735107
-1.4182485342025757
-1.999999987845058e-08
-7.141425132751465
1.8936052322387695
-4.388331890106201
1.999999987845058e-08
-6.224853992462158
2.5793910026550293
-1.3453665971755981
-1.999999987845058e-08
-2.518467903137207
7.370982646942139
5.040536880493164
1.999999987845058e-08
0.7969760894775391
13.126518249511719
8.86699390411377
-1.999999987845058e-08
3.353386402130127
17.936800003051758
8.623581886291504
1.999999987845058e-08
6.900168418884277
22.203062057495117
7.689055442810059
-1.999999987845058e-08
9.7106351852417
24.940515518188477
7.185182094573975
1.999999987845058e-08
8.631474494934082
24.017906188964844
5.0585737228393555
-1.999999987845058e-08
2.933755397796631
18.683637619018555
-0.35969051718711853
1.999999987845058e-08
2.933755397796631
18.683637619018555
-0.3596905469894409
-1.999999987845058e-08
-6.270315647125244
10.130528450012207
-9.310057640075684
1.999999987845058e-08
-15.826322555541992
1.7299673557281494
-18.67995262145996
-1.999999987845058e-08
-20.939990997314453
-2.614502429962158
-22.669240951538086
1.999999987845058e-08
-19.342021942138672
-2.0827245712280273
-19.1843318939209
-1.999999987845058e-08
-14.264483451843262
0.41106510162353516
-12.26296615600586
1.999999987845058e-08
-10.848095893859863
1.754727840423584
-6.733558177947998
-1.999999987845058e-08
-10.138614654541016
1.6893616914749146
-3.654606342315674
1.999999987845058e-08
-9.540228843688965
2.047146797180176
-1.4803416728973389
-1.999999987845058e-08
-7.428773403167725
4.439184665679932
0.9494933485984802
1.999999987845058e-08
-1.9738178253173828
14.196035385131836
5.773175239562988
-1.999999987845058e-08
-4.712210655212402
14.551447868347168
5.474351406097412
1.999999987845058e-08
-6.203653812408447
15.219125747680664
5.964470386505127
-1.999999987845058e-08
-4.725764274597168
15.887482643127441
7.533566474914551
1.999999987845058e-08
-3.5445969104766846
15.96945571899414
8.734872817993164
-1.999999987845058e-08
-5.9982805252075195
15.621892929077148
8.081998825073242
1.999999987845058e-08
-10.574468612670898
14.623993873596191
5.697571277618408
-1.999999987845058e-08
-13.991524696350098
12.640692710876465
2.8370344638824463
1.999999987845058e-08
-16.159914016723633
9.713719367980957
0.21386098861694336
-1.999999987845058e-08
-18.756378173828125
5.847830295562744
-2.5222578048706055
1.999999987845058e-08
-18.756378173828125
5.847830295562744
-2.5222578048706055
-1.999999987845058e-08
-21.215808868408203
1.9091109037399292
-5.946900367736816
1.999999987845058e-08
-21.518373489379883
0.28901076316833496
-9.349455833435059
-1.999999987845058e-08
-19.20461654663086
2.5051448345184326
-10.620489120483398
1.999999987845058e-08
-14.535329818725586
7.123349189758301
-8.70356559753418
-1.999999987845058e-08
-7.70253324508667
11.993459701538086
-4.451355457305908
1.999999987845058e-08
-0.8705508708953857
16.639406204223633
0.8270267844200134
-1.999999987845058e-08
2.792996406555176
20.05144691467285
4.681285858154297
1.999999987845058e-08
1.8363006114959717
19.429359436035156
3.8619673252105713
-1.999999987845058e-08
-3.4615399837493896
14.02065372467041
-1.273263692855835
1.999999987845058e-08
-3.4615399837493896
14.02065372467041
-1.2732638120651245
-1.999999987845058e-08
-10.625940322875977
6.877119064331055
-6.185267925262451
1.999999987845058e-08
-15.607876777648926
1.0500730276107788
-8.208833694458008
-1.999999987845058e-08
-17.64068603515625
-3.076676845550537
-9.61192798614502
1.999999987845058e-08
-19.263710021972656
-5.627830982208252
-12.669614791870117
-1.999999987845058e-08
-20.21841049194336
-5.71933126449585
-15.38510513305664
1.999999987845058e-08
-18.429054260253906
-3.9530906677246094
-15.314064025878906
-1.999999987845058e-08
-15.017762184143066
-2.5643727779388428
-13.314080238342285
1.999999987845058e-08
-12.160913467407227
-2.0441746711730957
-10.593655586242676
-1.999999987845058e-08
-10.16894817352295
-1.6046210527420044
-7.2530670166015625
1.999999987845058e-08
-4.499088764190674
3.4192116260528564
-0.3067294657230377
-1.999999987845058e-08
-0.8115905523300171
6.465523719787598
2.187171459197998
1.999999987845058e-08
1.4247567653656006
7.334725379943848
4.271491527557373
-1.999999987845058e-08
3.351731300354004
7.962681770324707
6.432257652282715
1.999999987845058e-08
7.308135509490967
10.489143371582031
9.51113510131836
-1.999999987845058e-08
10.413097381591797
11.926733016967773
11.317207336425781
1.999999987845058e-08
7.724903106689453
8.432908058166504
9.308613777160645
-1.999999987845058e-08
0.6522216796875
1.891619086265564
5.646514892578125
1.999999987845058e-08
-4.5620622634887695
-2.774614095687866
4.623121738433838
-1.999999987845058e-08
-5.14054536819458
-3.8936996459960938
6.15932559967041
1.999999987845058e-08
-3.568950653076172
-4.891294002532959
1.8926944732666016
-1.999999987845058e-08
-4.417802333831787
-7.681326866149902
-4.105655193328857
1.999999987845058e-08
-2.885409116744995
-8.85215950012207
-7.127005100250244
-1.999999987845058e-08
2.1084539890289307
-6.186659812927246
-4.789953231811523
1.999999987845058e-08
7.098093509674072
-1.9400068521499634
0.28529447317123413
-1.999999987845058e-08
8.1012601852417
0.09992831945419312
3.0514230728149414
1.999999987845058e-08
5.212577819824219
-1.0431057214736938
1.2028135061264038
-1.999999987845058e-08
2.2395670413970947
-3.543426513671875
-2.810253620147705
1.999999987845058e-08
1.4041107892990112
-5.480508327484131
-5.54692268371582
-1.999999987845058e-08
0.8879091739654541
-6.420378684997559
-6.7493181228637695
1.999999987845058e-08
2.2395670413970947
-3.543426513671875
-2.810253620147705
-1.999999987845058e-08
1.4041107892990112
-5.480508327484131
-5.54692268371582
1.999999987845058e-08
0.8879091739654541
-6.420379161834717
-6.7493181228637695
-1.999999987845058e-08
-1.1799784898757935
-6.958640098571777
-8.152355194091797
1.999999987845058e-08
-4.342055320739746
-8.107804298400879
-10.41010570526123
-1.999999987845058e-08
-7.1506781578063965
-10.34544849395752
-12.39397144317627
1.999999987845058e-08
-7.587032794952393
-12.15245246887207
-11.902307510375977
-1.999999987845058e-08
-4.220705032348633
-11.70721435546875
-7.948483467102051
1.999999987845058e-08
1.7333532571792603
-9.562795639038086
-2.7566516399383545
-1.999999987845058e-08
6.893352031707764
-6.9950995445251465
0.37961530685424805
1.999999987845058e-08
5.725940227508545
-2.7919042110443115
-1.5373914241790771
-1.999999987845058e-08
1.6317936182022095
-3.789865493774414
-3.8149588108062744
1.999999987845058e-08
-0.11099912971258163
-5.494054317474365
-3.697735548019409
-1.999999987845058e-08
2.2290549278259277
-4.573827743530273
0.3694644868373871
1.999999987845058e-08
5.26885986328125
-2.550025701522827
4.932321548461914
-1.999999987845058e-08
4.4041666984558105
-4.0212321281433105
5.146577835083008
1.999999987845058e-08
0.10411559790372849
-9.314482688903809
1.9682999849319458
-1.999999987845058e-08
-3.4644248485565186
-15.087440490722656
0.10211045295000076
1.999999987845058e-08
-4.169952869415283
-19.227155685424805
0.8200298547744751
-1.999999987845058e-08
-3.8324568271636963
-21.294219970703125
0.9942942261695862
1.999999987845058e-08
-4.989386558532715
-22.007122039794922
-8.18337631225586
-1.999999987845058e-08
-1.9478975534439087
-21.735074996948242
-11.022138595581055
1.999999987845058e-08
3.3476874828338623
-19.68688201904297
-7.425241470336914
-1.999999987845058e-08
6.639520168304443
-16.042499542236328
-0.4154311418533325
1.999999987845058e-08
5.490198612213135
-13.126155853271484
3.6421470642089844
-1.999999987845058e-08
1.2194247245788574
-12.134299278259277
2.3838069438934326
1.999999987845058e-08
-2.605910301208496
-11.351838111877441
-0.6439170837402344
-1.999999987845058e-08
-4.027059078216553
-9.92597770690918
-1.6402751207351685
1.999999987845058e-08
-5.136715412139893
-10.734766006469727
-1.241467833518982
-1.999999987845058e-08
-8.383703231811523
-15.828229904174805
-1.5824413299560547
1.999999987845058e-08
-5.136715412139893
-10.734766006469727
-1.241467833518982
-1.999999987845058e-08
-8.383703231811523
-15.828229904174805
-1.5824413299560547
1.999999987845058e-08
-12.31247615814209
-22.008527755737305
-2.490534543991089
-1.999999987845058e-08
-14.403364181518555
-25.029722213745117
-4.052540302276611
1.999999987845058e-08
-15.057283401489258
-24.7078857421875
-8.011000633239746
-1.999999987845058e-08
-14.73978042602539
-22.4704532623291
-13.238448143005371
1.999999987845058e-08
-11.098287582397461
-18.082292556762695
-14.775107383728027
-1.999999987845058e-08
-3.0688538551330566
-11.35657787322998
-9.636495590209961
1.999999987845058e-08
6.174607753753662
-3.750537395477295
-0.5971803665161133
-1.999999987845058e-08
12.406920433044434
2.0514018535614014
6.442149639129639
1.999999987845058e-08
2.182297706604004
-7.119518756866455
-1.4560916423797607
-1.999999987845058e-08
-1.2170088291168213
-9.640768051147461
-2.9553794860839844
1.999999987845058e-08
-1.3071143627166748
-9.424589157104492
-1.9264767169952393
-1.999999987845058e-08
-0.22210122644901276
-8.683979034423828
-0.012664222158491611
1.999999987845058e-08
0.283193439245224
-8.548945426940918
2.0631775856018066
-1.999999987845058e-08
-0.47724083065986633
-9.761202812194824
2.399606943130493
1.999999987845058e-08
-1.6753441095352173
-12.232231140136719
-0.3640846610069275
-1.999999987845058e-08
-1.2585099935531616
-13.769862174987793
-3.418910264968872
1.999999987845058e-08
1.6398054361343384
-12.55509090423584
-3.2387335300445557
-1.999999987845058e-08
5.296644687652588
-9.67049503326416
-0.5253428816795349
1.999999987845058e-08
5.296644687652588
-9.67049503326416
-0.5253429412841797
-1.999999987845058e-08
6.9645304679870605
-7.284595489501953
1.8108623027801514
1.999999987845058e-08
4.9243621826171875
-6.963647365570068
1.7653371095657349
-1.999999987845058e-08
0.1807233989238739
-9.275763511657715
-0.9361401200294495
1.999999987845058e-08
-3.8692944049835205
-12.29566764831543
-3.574707508087158
-1.999999987845058e-08
-5.351547718048096
-13.022161483764648
-2.9213342666625977
1.999999987845058e-08
-5.660154342651367
-11.251296997070312
-0.32291319966316223
-1.999999987845058e-08
-7.000714302062988
-9.549875259399414
-0.38026151061058044
1.999999987845058e-08
-9.937213897705078
-9.94989013671875
-4.690310478210449
-1.999999987845058e-08
-12.34494686126709
-12.085641860961914
-10.226433753967285
1.999999987845058e-08
-12.34494686126709
-12.085641860961914
-10.226433753967285
-1.999999987845058e-08
-11.27295970916748
-13.976892471313477
-13.053335189819336
1.999999987845058e-08
-6.812926292419434
-13.85278034210205
-10.92872142791748
-1.999999987845058e-08
-2.2926137447357178
-11.509743690490723
-4.589001178741455
1.999999987845058e-08
0.07698867470026016
-8.333588600158691
1.7038058042526245
-1.999999987845058e-08
1.5742261409759521
-5.600399017333984
4.045874118804932
1.999999987845058e-08
4.06758975982666
-2.927290916442871
3.1451148986816406
-1.999999987845058e-08
7.641724109649658
0.8677839040756226
2.477691650390625
1.999999987845058e-08
11.377668380737305
5.519007682800293
3.9609999656677246
-1.999999987845058e-08
12.955302238464355
8.557526588439941
6.1767191886901855
1.999999987845058e-08
-0.9000781178474426
0.035953305661678314
-0.9832093119621277
-1.999999987845058e-08
-4.588138580322266
-4.1754655838012695
-4.458303928375244
1.999999987845058e-08
-8.19666576385498
-7.774789333343506
-7.053170680999756
-1.999999987845058e-08
-9.631285667419434
-8.906302452087402
-7.885284900665283
1.999999987845058e-08
-7.716731071472168
-7.176105499267578
-7.357378005981445
-1.999999987845058e-08
-5.06216287612915
-4.278656482696533
-7.199288368225098
1.999999987845058e-08
-3.249638557434082
-1.376538872718811
-7.483245372772217
-1.999999987845058e-08
-0.36932262778282166
1.7170737981796265
-6.3779401779174805
1.999999987845058e-08
4.643485069274902
5.312693119049072
-2.6417737007141113
-1.999999987845058e-08
9.292229652404785
8.859884262084961
2.2589080333709717
1.999999987845058e-08
10.963445663452148
10.601181030273438
4.7976531982421875
-1.999999987845058e-08
10.237640380859375
9.219829559326172
3.7202672958374023
1.999999987845058e-08
9.089712142944336
6.602763652801514
2.2517316341400146
-1.999999987845058e-08
7.415012359619141
5.766969203948975
2.743037700653076
1.999999987845058e-08
2.579627752304077
5.163664817810059
1.1974942684173584
-1.999999987845058e-08
-7.082459449768066
0.03539072722196579
-7.893504619598389
1.999999987845058e-08
-18.57767105102539
-9.78315258026123
-22.473447799682617
-1.999999987845058e-08
-26.631675720214844
-19.121501922607422
-34.06297302246094
1.999999987845058e-08
-29.292476654052734
-24.17436981201172
-37.18029022216797
-1.999999987845058e-08
-27.041290283203125
-23.851181030273438
-32.69150161743164
1.999999987845058e-08
-19.685274124145508
-17.73770523071289
-23.783432006835938
-1.999999987845058e-08
-9.569645881652832
-8.575922966003418
-14.173186302185059
1.999999987845058e-08
-1.5234838724136353
-1.0526771545410156
-7.7092366218566895
-1.999999987845058e-08
3.826617956161499
3.905233383178711
-4.883093357086182
1.999999987845058e-08
9.576010704040527
7.9568586349487305
-2.3598203659057617
-1.999999987845058e-08
16.391008377075195
11.417174339294434
2.2903623580932617
1.999999987845058e-08
21.825138092041016
13.955058097839355
8.133648872375488
-1.999999987845058e-08
23.60214614868164
15.403658866882324
12.607298851013184
1.999999987845058e-08
21.756227493286133
15.170231819152832
13.875577926635742
-1.999999987845058e-08
17.98704719543457
13.242382049560547
12.425638198852539
1.999999987845058e-08
12.606093406677246
9.81443977355957
12.399397850036621
-1.999999987845058e-08
12.508703231811523
8.246376037597656
15.185293197631836
1.999999987845058e-08
11.63587760925293
5.967146396636963
16.291168212890625
-1.999999987845058e-08
9.734633445739746
4.933796405792236
15.506656646728516
1.999999987845058e-08
9.84578800201416
6.690099239349365
16.21605682373047
-1.999999987845058e-08
13.041980743408203
10.264948844909668
20.298715591430664
1.999999987845058e-08
16.640718460083008
13.652923583984375
25.31648063659668
-1.999999987845058e-08
19.180389404296875
15.737714767456055
27.831314086914062
1.999999987845058e-08
21.656993865966797
16.60503387451172
27.174280166625977
-1.999999987845058e-08
23.987077713012695
17.053070068359375
25.369853973388672
1.999999987845058e-08
23.987077713012695
17.053070068359375
25.369853973388672
-1.999999987845058e-08
25.447620391845703
18.04034996032715
24.51726531982422
1.999999987845058e-08
27.11168670654297
19.601470947265625
25.099103927612305
-1.999999987845058e-08
29.627120971679688
20.43199348449707
26.969913482666016
1.999999987845058e-08
29.90505599975586
19.479087829589844
29.2082576751709
-1.999999987845058e-08
24.553363800048828
17.039915084838867
28.835407257080078
1.999999987845058e-08
16.1314640045166
14.146552085876465
24.24403953552246
-1.999999987845058e-08
10.534485816955566
11.972977638244629
18.50556182861328
1.999999987845058e-08
8.328824996948242
10.572188377380371
14.766839981079102
-1.999999987845058e-08
4.731088638305664
7.968255043029785
11.50304126739502
1.999999987845058e-08
-1.5049901008605957
3.169811487197876
6.2329325675964355
-1.999999987845058e-08
-5.107814788818359
-0.7261102199554443
1.072570562362671
1.999999987845058e-08
-1.735917568206787
0.3455534875392914
0.6487545371055603
-1.999999987845058e-08
5.987986087799072
5.896218299865723
5.339544296264648
1.999999987845058e-08
12.357767105102539
11.464526176452637
10.757715225219727
-1.999999987845058e-08
14.44225788116455
13.816027641296387
13.412013053894043
1.999999987845058e-08
11.587830543518066
12.486452102661133
12.47022533416748
-1.999999987845058e-08
4.762032508850098
8.101607322692871
8.183345794677734
1.999999987845058e-08
-2.0547432899475098
2.563668966293335
2.776350736618042
-1.999999987845058e-08
-4.635427951812744
-0.793870210647583
0.19140926003456116
1.999999987845058e-08
-2.0508310794830322
0.4534984827041626
2.9524123668670654
-1.999999987845058e-08
3.310926914215088
5.439578056335449
9.966751098632812
1.999999987845058e-08
7.070528984069824
10.334473609924316
16.79900550842285
-1.999999987845058e-08
5.845278263092041
11.08165454864502
18.948991775512695
1.999999987845058e-08
0.4061219096183777
6.603860378265381
15.662775993347168
-1.999999987845058e-08
-5.525920867919922
0.46347346901893616
10.167147636413574
1.999999987845058e-08
-9.685836791992188
-2.426257610321045
6.213675022125244
-1.999999987845058e-08
-12.01557731628418
-1.1812021732330322
5.074237823486328
1.999999987845058e-08
-11.559980392456055
2.1530702114105225
6.407344341278076
-1.999999987845058e-08
-7.83387565612793
6.336813926696777
9.36771011352539
1.999999987845058e-08
-4.123502731323242
9.558636665344238
11.687618255615234
-1.999999987845058e-08
-3.968064069747925
9.381851196289062
11.198174476623535
1.999999987845058e-08
-6.6119465827941895
7.040933609008789
8.586942672729492
-1.999999987845058e-08
-9.003338813781738
6.535562038421631
6.312415599822998
1.999999987845058e-08
-9.736635208129883
8.473042488098145
5.6345624923706055
-1.999999987845058e-08
-9.709641456604004
9.74219036102295
5.673233509063721
1.999999987845058e-08
-10.595010757446289
8.677779197692871
4.465078830718994
-1.999999987845058e-08
-12.693230628967285
6.29578971862793
1.0410922765731812
1.999999987845058e-08
-13.811588287353516
4.041091442108154
-2.857787609100342
-1.999999987845058e-08
-11.736961364746094
3.3403310775756836
-3.918834924697876
1.999999987845058e-08
-11.736961364746094
3.3403310775756836
-3.918835163116455
-1.999999987845058e-08
-7.329896450042725
5.161067485809326
-1.4165796041488647
1.999999987845058e-08
-3.2051191329956055
8.411809921264648
1.2727333307266235
-1.999999987845058e-08
-0.12325162440538406
11.205618858337402
1.6432671546936035
1.999999987845058e-08
2.9046669006347656
13.457134246826172
1.5053813457489014
-1.999999987845058e-08
5.319205284118652
15.29859447479248
2.6575000286102295
1.999999987845058e-08
5.159692287445068
14.746438980102539
3.180999755859375
-1.999999987845058e-08
2.448967933654785
10.393406867980957
0.9707192778587341
1.999999987845058e-08
-0.4938494861125946
4.5558953285217285
-2.4392194747924805
-1.999999987845058e-08
-2.0739517211914062
0.8593734502792358
-4.775229454040527
1.999999987845058e-08
-2.0739517211914062
0.8593734502792358
-4.775229454040527
-1.999999987845058e-08
-2.833043098449707
0.23451633751392365
-6.432214736938477
1.999999987845058e-08
-3.543440103530884
1.2254893779754639
-7.759028911590576
-1.999999987845058e-08
-3.796964168548584
2.4974148273468018
-7.413851737976074
1.999999987845058e-08
-3.6891896724700928
3.0753040313720703
-5.702364921569824
-1.999999987845058e-08
-4.212997913360596
2.1174635887145996
-4.753018379211426
1.999999987845058e-08
-4.299531936645508
0.7765055298805237
-4.727535724639893
-1.999999987845058e-08
-1.5956928730010986
1.5213192701339722
-4.0310797691345215
1.999999987845058e-08
2.71601939201355
3.9518115520477295
-2.9393131732940674
-1.999999987845058e-08
4.638554573059082
4.865829944610596
-3.6325838565826416
1.999999987845058e-08
0.7440887093544006
-0.5576075911521912
-14.397682189941406
-1.999999987845058e-08
2.997093677520752
2.36525297164917
-11.661190032958984
1.999999987845058e-08
3.7541768550872803
3.46220064163208
-8.563862800598145
-1.999999987845058e-08
2.416318655014038
1.0739266872406006
-7.169735431671143
1.999999987845058e-08
0.5499946475028992
-2.130373239517212
-7.555425643920898
-1.999999987845058e-08
-0.2420121282339096
-3.3548073768615723
-8.797919273376465
1.999999987845058e-08
-0.43713587522506714
-3.4344046115875244
-10.772348403930664
-1.999999987845058e-08
-1.661752462387085
-4.3979573249816895
-13.900748252868652
1.999999987845058e-08
-3.912493944168091
-6.596263885498047
-17.268678665161133
-1.999999987845058e-08
-4.818228721618652
-9.04858112335205
-18.66701889038086
1.999999987845058e-08
-3.912493944168091
-6.596263885498047
-17.268678665161133
-1.999999987845058e-08
-4.818228721618652
-9.04858112335205
-18.66701889038086
1.999999987845058e-08
-2.1744496822357178
-9.775426864624023
-17.00993537902832
-1.999999987845058e-08
3.4490489959716797
-6.583336353302002
-13.674891471862793
1.999999987845058e-08
9.168405532836914
-0.12462691962718964
-11.051077842712402
-1.999999987845058e-08
12.153696060180664
5.242903709411621
-10.341730117797852
1.999999987845058e-08
11.325502395629883
5.771801948547363
-11.305026054382324
-1.999999987845058e-08
7.883391857147217
1.7949576377868652
-13.238712310791016
1.999999987845058e-08
4.1687188148498535
-3.8989460468292236
-15.36161994934082
-1.999999987845058e-08
1.4971938133239746
-8.681819915771484
-17.094484329223633
1.999999987845058e-08
1.497193694114685
-8.681819915771484
-17.094484329223633
-1.999999987845058e-08
-0.08987974375486374
-11.28406810760498
-18.05452537536621
1.999999987845058e-08
-0.26120951771736145
-12.298233032226562
-17.4346866607666
-1.999999987845058e-08
0.9126988053321838
-13.149480819702148
-15.040117263793945
1.999999987845058e-08
1.5150113105773926
-14.142345428466797
-12.674407958984375
-1.999999987845058e-08
1.029002070426941
-13.685623168945312
-11.876845359802246
1.999999987845058e-08
1.961761236190796
-10.630622863769531
-12.169983863830566
-1.999999987845058e-08
4.520873069763184
-6.911387920379639
-13.042911529541016
1.999999987845058e-08
5.995716571807861
-4.823192596435547
-13.800033569335938
-1.999999987845058e-08
6.609564304351807
-3.675705909729004
-12.411632537841797
1.999999987845058e-08
8.751893997192383
-2.236300230026245
-8.640089988708496
-1.999999987845058e-08
12.1837158203125
-0.5522251725196838
-5.2116265296936035
1.999999987845058e-08
14.75544548034668
1.6728969812393188
-3.905298948287964
-1.999999987845058e-08
14.71234130859375
4.035444736480713
-4.650516510009766
1.999999987845058e-08
11.133213996887207
4.2021403312683105
-7.738774299621582
-1.999999987845058e-08
5.121452808380127
0.879368007183075
-12.744107246398926
1.999999987845058e-08
-0.45086607336997986
-4.688065528869629
-17.369525909423828
-1.999999987845058e-08
-4.120068073272705
-10.785672187805176
-19.977558135986328
1.999999987845058e-08
-6.920738220214844
-15.758975982666016
-20.706439971923828
-1.999999987845058e-08
-9.717779159545898
-17.866270065307617
-19.67568016052246
1.999999987845058e-08
-6.728644371032715
-12.740374565124512
-10.639892578125
-1.999999987845058e-08
-1.0819815397262573
-8.242518424987793
-8.57103443145752
1.999999987845058e-08
5.964670181274414
-1.5032340288162231
-5.413708686828613
-1.999999987845058e-08
11.50197696685791
4.614477157592773
-1.2967934608459473
1.999999987845058e-08
12.002668380737305
6.793485164642334
1.027992606163025
-1.999999987845058e-08
7.758203506469727
3.9109697341918945
-0.33235064148902893
1.999999987845058e-08
2.6149935722351074
-2.4409666061401367
-4.209415912628174
-1.999999987845058e-08
0.3699130713939667
-8.055745124816895
-7.027410984039307
1.999999987845058e-08
1.5280474424362183
-9.215994834899902
-5.996006488800049
-1.999999987845058e-08
2.80320405960083
-6.715412139892578
-2.5974843502044678
1.999999987845058e-08
2.80320405960083
-6.715412139892578
-2.5974843502044678
-1.999999987845058e-08
2.0342302322387695
-3.8576011657714844
-0.06368918716907501
1.999999987845058e-08
0.9445751905441284
-2.618133544921875
1.2167612314224243
-1.999999987845058e-08
0.9405227303504944
-4.083328723907471
2.2039928436279297
1.999999987845058e-08
0.579615592956543
-8.647452354431152
2.4768877029418945
-1.999999987845058e-08
-1.470428228378296
-14.071598052978516
1.7279962301254272
1.999999987845058e-08
-3.843270778656006
-16.68832015991211
0.7628993988037109
-1.999999987845058e-08
-4.346821308135986
-15.445503234863281
-0.20850947499275208
1.999999987845058e-08
-2.7074437141418457
-12.130247116088867
-1.3783555030822754
-1.999999987845058e-08
0.2488502562046051
-7.915770530700684
-1.5125904083251953
1.999999987845058e-08
0.24885022640228271
-7.915770530700684
-1.5125904083251953
-1.999999987845058e-08
3.8390841484069824
-3.047839641571045
0.6816940903663635
1.999999987845058e-08
6.530515193939209
0.934195339679718
3.7299187183380127
-1.999999987845058e-08
6.526034355163574
1.8746147155761719
4.397919178009033
1.999999987845058e-08
3.9168901443481445
-1.2120449542999268
1.5354104042053223
-1.999999987845058e-08
-0.17635570466518402
-7.669492721557617
-2.856886148452759
1.999999987845058e-08
-5.596701145172119
-14.65805721282959
-6.366472244262695
-1.999999987845058e-08
-11.762826919555664
-18.788593292236328
-8.253619194030762
1.999999987845058e-08
-15.883135795593262
-19.649065017700195
-9.150221824645996
-1.999999987845058e-08
-15.335482597351074
-18.849645614624023
-9.660240173339844
1.999999987845058e-08
11.070916175842285
4.26711893081665
12.006072044372559
-1.999999987845058e-08
14.343531608581543
5.731104373931885
16.81454849243164
1.999999987845058e-08
14.822545051574707
5.920773983001709
19.523738861083984
-1.999999987845058e-08
14.510908126831055
6.595448017120361
21.50590705871582
1.999999987845058e-08
13.571235656738281
6.528231143951416
22.433008193969727
-1.999999987845058e-08
10.222923278808594
4.181917190551758
20.940080642700195
1.999999987845058e-08
5.2435994148254395
0.9598475694656372
17.213706970214844
-1.999999987845058e-08
1.5178412199020386
-0.46683013439178467
12.794918060302734
1.999999987845058e-08
-0.15393280982971191
0.045838698744773865
8.383572578430176
-1.999999987845058e-08
-0.076530322432518
1.2166332006454468
4.965233325958252
1.999999987845058e-08
-0.07653036713600159
1.2166332006454468
4.965233325958252
-1.999999987845058e-08
1.9799230098724365
2.9347641468048096
4.403329849243164
1.999999987845058e-08
4.145391941070557
4.580926418304443
5.748606204986572
-1.999999987845058e-08
3.135972738265991
4.010237216949463
5.028331279754639
1.999999987845058e-08
-0.4440326690673828
0.8258920907974243
1.1578112840652466
-1.999999987845058e-08
-2.5229079723358154
-1.9259527921676636
-1.7153784036636353
1.999999987845058e-08
-1.4264445304870605
-0.6045141816139221
0.6382981538772583
-1.999999987845058e-08
1.1850532293319702
5.004289627075195
7.1110148429870605
1.999999987845058e-08
3.905082941055298
10.650690078735352
12.39993953704834
-1.999999987845058e-08
6.142982006072998
11.947202682495117
13.12389087677002
1.999999987845058e-08
6.142982006072998
11.947202682495117
13.12389087677002
-1.999999987845058e-08
6.574768543243408
9.222020149230957
10.810121536254883
1.999999987845058e-08
3.788964033126831
5.570765018463135
8.266190528869629
-1.999999987845058e-08
-2.1258625984191895
1.7144547700881958
5.57933235168457
1.999999987845058e-08
-8.319825172424316
-3.2112913131713867
1.8080943822860718
-1.999999987845058e-08
-10.274555206298828
-7.250051975250244
-1.4865957498550415
1.999999987845058e-08
-6.986131191253662
-7.037716388702393
-1.6456587314605713
-1.999999987845058e-08
-2.511388063430786
-3.0202584266662598
1.1808229684829712
1.999999987845058e-08
-0.10186539590358734
0.755449652671814
4.158240795135498
-1.999999987845058e-08
1.2880481481552124
1.7929563522338867
5.773281574249268
1.999999987845058e-08
1.2880480289459229
1.7929563522338867
5.773281574249268
-1.999999987845058e-08
4.039200305938721
2.2352287769317627
7.89542293548584
1.999999987845058e-08
9.350052833557129
6.4824957847595215
12.659878730773926
-1.999999987845058e-08
17.018640518188477
14.914703369140625
18.60315704345703
1.999999987845058e-08
23.957712173461914
21.6884708404541
22.092283248901367
-1.999999987845058e-08
25.113622665405273
22.203365325927734
22.177186965942383
1.999999987845058e-08
18.706707000732422
18.82577133178711
20.841899871826172
-1.999999987845058e-08
7.05275297164917
14.125282287597656
17.533395767211914
1.999999987845058e-08
-6.9815449714660645
5.800262451171875
8.881567001342773
-1.999999987845058e-08
-20.063573837280273
-5.731137752532959
-3.5902369022369385
1.999999987845058e-08
-23.568750381469727
-10.658541679382324
-15.240551948547363
-1.999999987845058e-08
-17.3408145904541
-9.169900894165039
-12.622377395629883
1.999999987845058e-08
-8.512417793273926
-3.8670804500579834
-2.843531370162964
-1.999999987845058e-08
0.01797102391719818
2.8111963272094727
8.436904907226562
1.999999987845058e-08
4.196099758148193
5.634434700012207
13.690781593322754
-1.999999987845058e-08
3.863370895385742
4.640562534332275
13.658930778503418
1.999999987845058e-08
3.146005392074585
5.380555152893066
14.347451210021973
-1.999999987845058e-08
5.965061664581299
11.267963409423828
18.108381271362305
1.999999987845058e-08
11.238566398620605
18.48147964477539
21.74503517150879
-1.999999987845058e-08
13.919060707092285
20.420276641845703
21.287418365478516
1.999999987845058e-08
11.238566398620605
18.48147964477539
21.74503517150879
-1.999999987845058e-08
13.919060707092285
20.420276641845703
21.287418365478516
1.999999987845058e-08
11.011999130249023
15.908620834350586
15.959879875183105
-1.999999987845058e-08
3.778273344039917
8.810277938842773
7.6484293937683105
1.999999987845058e-08
-4.515387058258057
1.5925031900405884
-1.2582597732543945
-1.999999987845058e-08
-10.084089279174805
-4.796047210693359
-8.184173583984375
1.999999987845058e-08
-10.085119247436523
-7.086016654968262
-9.87745189666748
-1.999999987845058e-08
-4.586418151855469
-2.098029136657715
-4.690697193145752
1.999999987845058e-08
3.9390175342559814
7.886960983276367
4.268677234649658
-1.999999987845058e-08
12.170726776123047
16.694622039794922
11.24923038482666
1.999999987845058e-08
16.74796485900879
20.814952850341797
13.481255531311035
-1.999999987845058e-08
16.83091926574707
21.56377410888672
12.819623947143555
1.999999987845058e-08
15.146674156188965
21.612613677978516
12.1878023147583
-1.999999987845058e-08
13.977754592895508
21.692533493041992
12.264684677124023
1.999999987845058e-08
12.558635711669922
20.299468994140625
11.659619331359863
-1.999999987845058e-08
9.19632625579834
16.02194595336914
9.211723327636719
1.999999987845058e-08
4.39788293838501
10.572006225585938
6.353296279907227
-1.999999987845058e-08
1.4889382123947144
7.973869323730469
6.214366436004639
1.999999987845058e-08
2.1885805130004883
9.457215309143066
8.980629920959473
-1.999999987845058e-08
2.7347664833068848
11.548046112060547
10.66452693939209
1.999999987845058e-08
-1.0033406019210815
10.726446151733398
8.508183479309082
-1.999999987845058e-08
-6.421988487243652
7.373505115509033
4.477090835571289
1.999999987845058e-08
-7.9163103103637695
3.7539196014404297
1.3054181337356567
-1.999999987845058e-08
-5.8222856521606445
1.047891616821289
-1.1659754514694214
1.999999987845058e-08
-5.424966335296631
-0.5900675654411316
-4.104949474334717
-1.999999987845058e-08
-8.70182991027832
-1.9591654539108276
-7.682559013366699
1.999999987845058e-08
-12.633570671081543
-4.146014213562012
-10.787360191345215
-1.999999987845058e-08
-14.342378616333008
-5.789360523223877
-11.019132614135742
1.999999987845058e-08
-13.617788314819336
-4.175722599029541
-7.4448065757751465
-1.999999987845058e-08
-10.93777847290039
0.28436538577079773
-2.8156490325927734
1.999999987845058e-08
-10.93777847290039
0.28436535596847534
-2.8156490325927734
-1.999999987845058e-08
-6.702119827270508
4.412878513336182
-0.21057496964931488
1.999999987845058e-08
-2.4853835105895996
6.460205078125
0.5023899078369141
-1.999999987845058e-08
-0.5686153769493103
6.923758029937744
0.6733222603797913
1.999999987845058e-08
-2.545072317123413
5.985449314117432
-0.38692688941955566
-1.999999987845058e-08
-7.549594879150391
3.460574150085449
-3.6905574798583984
1.999999987845058e-08
